Dict(
	[10, 22, 21, 25, 17, 25] => QQFieldElem[-2//3, 0, 0, 0, 1//3, 0, 0, 0],
	[10, 22, 21, 25, 13, 25] => QQFieldElem[-1//3, 0, 0, 0, 1//6, 0, 0, 0],
	[10, 22, 21, 25, 22, 16] => QQFieldElem[3//2, 0, 0, 0, 3//2, 0, 0, 0],
	[10, 22, 21, 25, 23, 16] => QQFieldElem[9//2, 0, 0, 0, -3//2, 0, 0, 0],
	[10, 22, 21, 25, 22, 24] => QQFieldElem[-1//14, 0, 0, 0, -2//7, 0, 0, 0],
	[10, 22, 21, 25, 17, 16] => QQFieldElem[3, 0, 0, 0, 0, 0, 0, 0],
	[10, 22, 21, 25, 23, 24] => QQFieldElem[1//2, 0, 0, 0, 0, 0, 0, 0],
	[10, 22, 21, 25, 22, 19] => QQFieldElem[-1//4, 0, 0, 0, -1//4, 0, 0, 0],
	[10, 22, 21, 25, 23, 19] => QQFieldElem[-3//4, 0, 0, 0, 1//4, 0, 0, 0],
	[10, 22, 21, 25, 17, 24] => QQFieldElem[-2//7, 0, 0, 0, -1//7, 0, 0, 0],
	[10, 22, 21, 25, 17, 19] => QQFieldElem[1//2, 0, 0, 0, 0, 0, 0, 0],
	[10, 22, 21, 25, 13, 16] => QQFieldElem[-3//2, 0, 0, 0, 0, 0, 0, 0],
	[10, 22, 21, 25, 22, 25] => QQFieldElem[1//2, 0, 0, 0, 0, 0, 0, 0],
	[10, 22, 21, 25, 13, 24] => QQFieldElem[-1//7, 0, 0, 0, -1//14, 0, 0, 0],
	[10, 22, 21, 25, 23, 25] => QQFieldElem[-5//6, 0, 0, 0, 2//3, 0, 0, 0],
	[10, 22, 21, 25, 13, 19] => QQFieldElem[-1//4, 0, 0, 0, 0, 0, 0, 0])