Dict(
	[10, 9, 12, 12, 7, 7] => QQFieldElem[1//3, 0, 0, 0, 0, 0, 0, 0],
	[10, 9, 12, 12, 7, 21] => QQFieldElem[2//3, 0, 0, 0, 0, 0, 0, 0],
	[10, 9, 12, 12, 5, 8] => QQFieldElem[1//3, 0, 0, 0, 0, 0, 0, 0],
	[10, 9, 12, 12, 3, 7] => QQFieldElem[4//3, 0, 0, 0, 0, 0, 0, 0],
	[10, 9, 12, 12, 21, 7] => QQFieldElem[1//3, 0, 0, 0, 0, 0, 0, 0],
	[10, 9, 12, 12, 5, 1] => QQFieldElem[1//18, 0, 0, 0, 0, 0, 0, 0],
	[10, 9, 12, 12, 21, 21] => QQFieldElem[-1//3, 0, 0, 0, 0, 0, 0, 0],
	[10, 9, 12, 12, 3, 21] => QQFieldElem[8//3, 0, 0, 0, 0, 0, 0, 0],
	[10, 9, 12, 12, 7, 8] => QQFieldElem[-2//3, 0, 0, 0, 0, 0, 0, 0],
	[10, 9, 12, 12, 5, 7] => QQFieldElem[-2//3, 0, 0, 0, 0, 0, 0, 0],
	[10, 9, 12, 12, 7, 1] => QQFieldElem[1//18, 0, 0, 0, 0, 0, 0, 0],
	[10, 9, 12, 12, 21, 8] => QQFieldElem[1//3, 0, 0, 0, 0, 0, 0, 0],
	[10, 9, 12, 12, 5, 21] => QQFieldElem[2//3, 0, 0, 0, 0, 0, 0, 0],
	[10, 9, 12, 12, 3, 8] => QQFieldElem[4//3, 0, 0, 0, 0, 0, 0, 0],
	[10, 9, 12, 12, 21, 1] => QQFieldElem[1//18, 0, 0, 0, 0, 0, 0, 0],
	[10, 9, 12, 12, 3, 1] => QQFieldElem[-1//9, 0, 0, 0, 0, 0, 0, 0])