Dict(
	[10, 12, 24, 25, 22, 8] => QQFieldElem[0, 0, -4//7, 0, 0, 0, -2//7, 0],
	[10, 12, 24, 25, 13, 4] => QQFieldElem[-2, 0, 0, 0, 4, 0, 0, 0],
	[10, 12, 24, 25, 13, 21] => QQFieldElem[8//3, 0, 0, 0, 0, 0, 0, 0],
	[10, 12, 24, 25, 23, 8] => QQFieldElem[0, 0, 8//21, 0, 0, 0, -10//21, 0],
	[10, 12, 24, 25, 22, 6] => QQFieldElem[0, 0, 0, 0, 0, 0, -1, 0],
	[10, 12, 24, 25, 17, 8] => QQFieldElem[0, 0, 16//21, 0, 0, 0, -20//21, 0],
	[10, 12, 24, 25, 23, 6] => QQFieldElem[0, 0, 2//3, 0, 0, 0, -1//3, 0],
	[10, 12, 24, 25, 17, 6] => QQFieldElem[0, 0, -2//3, 0, 0, 0, 1//3, 0],
	[10, 12, 24, 25, 13, 8] => QQFieldElem[-8//21, 0, 0, 0, -32//21, 0, 0, 0],
	[10, 12, 24, 25, 13, 6] => QQFieldElem[-2//3, 0, 0, 0, 4//3, 0, 0, 0],
	[10, 12, 24, 25, 22, 4] => QQFieldElem[0, 0, 0, 0, 0, 0, -3, 0],
	[10, 12, 24, 25, 22, 21] => QQFieldElem[0, 0, 4//3, 0, 0, 0, -2//3, 0],
	[10, 12, 24, 25, 23, 4] => QQFieldElem[0, 0, -2, 0, 0, 0, 1, 0],
	[10, 12, 24, 25, 23, 21] => QQFieldElem[0, 0, 0, 0, 0, 0, -2//3, 0],
	[10, 12, 24, 25, 17, 4] => QQFieldElem[0, 0, 2, 0, 0, 0, -1, 0],
	[10, 12, 24, 25, 17, 21] => QQFieldElem[0, 0, 0, 0, 0, 0, -4//3, 0])