Dict(
	[10, 9, 21, 21, 10, 7] => QQFieldElem[0, 0, 6, 0, 0, 0, 6, 0],
	[10, 9, 21, 21, 9, 8] => QQFieldElem[2, 0, 0, 0, 0, 0, 0, 0],
	[10, 9, 21, 21, 9, 1] => QQFieldElem[2, 0, 0, 0, 0, 0, 0, 0],
	[10, 9, 21, 21, 12, 7] => QQFieldElem[1, 0, 0, 0, 0, 0, 0, 0],
	[10, 9, 21, 21, 11, 8] => QQFieldElem[0, 0, 6, 0, 0, 0, -12, 0],
	[10, 9, 21, 21, 11, 1] => QQFieldElem[0, 0, 6, 0, 0, 0, -12, 0],
	[10, 9, 21, 21, 10, 21] => QQFieldElem[0, 0, -6, 0, 0, 0, -6, 0],
	[10, 9, 21, 21, 12, 21] => QQFieldElem[-1, 0, 0, 0, 0, 0, 0, 0],
	[10, 9, 21, 21, 9, 7] => QQFieldElem[2, 0, 0, 0, 0, 0, 0, 0],
	[10, 9, 21, 21, 11, 7] => QQFieldElem[0, 0, -6, 0, 0, 0, 12, 0],
	[10, 9, 21, 21, 10, 8] => QQFieldElem[0, 0, 6, 0, 0, 0, 6, 0],
	[10, 9, 21, 21, 9, 21] => QQFieldElem[2, 0, 0, 0, 0, 0, 0, 0],
	[10, 9, 21, 21, 10, 1] => QQFieldElem[0, 0, -6, 0, 0, 0, -6, 0],
	[10, 9, 21, 21, 12, 8] => QQFieldElem[-1, 0, 0, 0, 0, 0, 0, 0],
	[10, 9, 21, 21, 12, 1] => QQFieldElem[1, 0, 0, 0, 0, 0, 0, 0],
	[10, 9, 21, 21, 11, 21] => QQFieldElem[0, 0, -6, 0, 0, 0, 12, 0])