Dict(
	[10, 9, 24, 24, 18, 21] => QQFieldElem[0, 0, 0, 0, 0, 0, -4//7, 0],
	[10, 9, 24, 24, 14, 7] => QQFieldElem[-4, 0, 0, 0, 0, 0, 0, 0],
	[10, 9, 24, 24, 22, 8] => QQFieldElem[0, 0, 0, 0, 0, 0, -2//3, 0],
	[10, 9, 24, 24, 22, 1] => QQFieldElem[0, 0, 0, 0, 0, 0, -1, 0],
	[10, 9, 24, 24, 23, 8] => QQFieldElem[0, 0, 0, 0, 0, 0, -2//3, 0],
	[10, 9, 24, 24, 14, 21] => QQFieldElem[-16//7, 0, 0, 0, 0, 0, 0, 0],
	[10, 9, 24, 24, 23, 1] => QQFieldElem[0, 0, 0, 0, 0, 0, -1, 0],
	[10, 9, 24, 24, 18, 8] => QQFieldElem[0, 0, 0, 0, 0, 0, 4//3, 0],
	[10, 9, 24, 24, 18, 1] => QQFieldElem[0, 0, 0, 0, 0, 0, -1, 0],
	[10, 9, 24, 24, 22, 7] => QQFieldElem[0, 0, 0, 0, 0, 0, 1, 0],
	[10, 9, 24, 24, 23, 7] => QQFieldElem[0, 0, 0, 0, 0, 0, -1, 0],
	[10, 9, 24, 24, 14, 8] => QQFieldElem[-16//3, 0, 0, 0, 0, 0, 0, 0],
	[10, 9, 24, 24, 14, 1] => QQFieldElem[4, 0, 0, 0, 0, 0, 0, 0],
	[10, 9, 24, 24, 18, 7] => QQFieldElem[0, 0, 0, 0, 0, 0, -1, 0],
	[10, 9, 24, 24, 22, 21] => QQFieldElem[0, 0, 0, 0, 0, 0, -2//7, 0],
	[10, 9, 24, 24, 23, 21] => QQFieldElem[0, 0, 0, 0, 0, 0, 2//7, 0])