Dict(
	[10, 10, 25, 24, 23, 6] => QQFieldElem[0, 0, 0, 0, 0, 0, -2//3, 0],
	[10, 10, 25, 24, 14, 5] => QQFieldElem[-4, 0, 0, 0, 0, 0, 0, 0],
	[10, 10, 25, 24, 18, 6] => QQFieldElem[0, 0, 0, 0, 0, 0, -2//3, 0],
	[10, 10, 25, 24, 14, 6] => QQFieldElem[-16//3, 0, 0, 0, 0, 0, 0, 0],
	[10, 10, 25, 24, 22, 21] => QQFieldElem[0, 0, 0, 0, 0, 0, -4//7, 0],
	[10, 10, 25, 24, 22, 2] => QQFieldElem[0, 0, 0, 0, 0, 0, -1, 0],
	[10, 10, 25, 24, 23, 21] => QQFieldElem[0, 0, 0, 0, 0, 0, 2//7, 0],
	[10, 10, 25, 24, 23, 2] => QQFieldElem[0, 0, 0, 0, 0, 0, -1, 0],
	[10, 10, 25, 24, 22, 5] => QQFieldElem[0, 0, 0, 0, 0, 0, -1, 0],
	[10, 10, 25, 24, 18, 21] => QQFieldElem[0, 0, 0, 0, 0, 0, -2//7, 0],
	[10, 10, 25, 24, 18, 2] => QQFieldElem[0, 0, 0, 0, 0, 0, -1, 0],
	[10, 10, 25, 24, 23, 5] => QQFieldElem[0, 0, 0, 0, 0, 0, -1, 0],
	[10, 10, 25, 24, 18, 5] => QQFieldElem[0, 0, 0, 0, 0, 0, 1, 0],
	[10, 10, 25, 24, 14, 21] => QQFieldElem[-16//7, 0, 0, 0, 0, 0, 0, 0],
	[10, 10, 25, 24, 14, 2] => QQFieldElem[4, 0, 0, 0, 0, 0, 0, 0],
	[10, 10, 25, 24, 22, 6] => QQFieldElem[0, 0, 0, 0, 0, 0, 4//3, 0])