Dict(
	[10, 21, 21, 11, 21, 11] => QQFieldElem[0, 0, -1//72, 0, 0, 0, 1//36, 0],
	[10, 21, 21, 11, 21, 9] => QQFieldElem[1//24, 0, 0, 0, 0, 0, 0, 0],
	[10, 21, 21, 11, 6, 10] => QQFieldElem[0, 0, -1//72, 0, 0, 0, -1//72, 0],
	[10, 21, 21, 11, 4, 11] => QQFieldElem[0, 0, 1//72, 0, 0, 0, -1//36, 0],
	[10, 21, 21, 11, 4, 9] => QQFieldElem[1//24, 0, 0, 0, 0, 0, 0, 0],
	[10, 21, 21, 11, 6, 12] => QQFieldElem[-1//4, 0, 0, 0, 0, 0, 0, 0],
	[10, 21, 21, 11, 8, 10] => QQFieldElem[0, 0, -1//72, 0, 0, 0, -1//72, 0],
	[10, 21, 21, 11, 21, 10] => QQFieldElem[0, 0, 1//72, 0, 0, 0, 1//72, 0],
	[10, 21, 21, 11, 6, 11] => QQFieldElem[0, 0, -1//72, 0, 0, 0, 1//36, 0],
	[10, 21, 21, 11, 6, 9] => QQFieldElem[1//24, 0, 0, 0, 0, 0, 0, 0],
	[10, 21, 21, 11, 4, 10] => QQFieldElem[0, 0, 1//72, 0, 0, 0, 1//72, 0],
	[10, 21, 21, 11, 8, 12] => QQFieldElem[1//4, 0, 0, 0, 0, 0, 0, 0],
	[10, 21, 21, 11, 21, 12] => QQFieldElem[1//4, 0, 0, 0, 0, 0, 0, 0],
	[10, 21, 21, 11, 8, 11] => QQFieldElem[0, 0, 1//72, 0, 0, 0, -1//36, 0],
	[10, 21, 21, 11, 4, 12] => QQFieldElem[-1//4, 0, 0, 0, 0, 0, 0, 0],
	[10, 21, 21, 11, 8, 9] => QQFieldElem[1//24, 0, 0, 0, 0, 0, 0, 0])