Dict(
	[10, 22, 23, 9, 21, 25] => QQFieldElem[0, 0, -1//3, 0, 0, 0, -1//12, 0],
	[10, 22, 23, 9, 6, 16] => QQFieldElem[-1//24, 0, 0, 0, 0, 0, 0, 0],
	[10, 22, 23, 9, 5, 19] => QQFieldElem[0, 0, 1//3, 0, 0, 0, -1//6, 0],
	[10, 22, 23, 9, 6, 24] => QQFieldElem[0, 0, -1//6, 0, 0, 0, 1//12, 0],
	[10, 22, 23, 9, 6, 19] => QQFieldElem[0, 0, 0, 0, 0, 0, -1//4, 0],
	[10, 22, 23, 9, 5, 25] => QQFieldElem[0, 0, -2//3, 0, 0, 0, 1//3, 0],
	[10, 22, 23, 9, 2, 16] => QQFieldElem[1//36, 0, 0, 0, -1//18, 0, 0, 0],
	[10, 22, 23, 9, 21, 16] => QQFieldElem[5//72, 0, 0, 0, -1//18, 0, 0, 0],
	[10, 22, 23, 9, 2, 24] => QQFieldElem[0, 0, 0, 0, 0, 0, 1//3, 0],
	[10, 22, 23, 9, 6, 25] => QQFieldElem[0, 0, 0, 0, 0, 0, -1//4, 0],
	[10, 22, 23, 9, 21, 24] => QQFieldElem[0, 0, 1//6, 0, 0, 0, -1//4, 0],
	[10, 22, 23, 9, 2, 19] => QQFieldElem[0, 0, 1//3, 0, 0, 0, -1//6, 0],
	[10, 22, 23, 9, 21, 19] => QQFieldElem[0, 0, -1//3, 0, 0, 0, -1//12, 0],
	[10, 22, 23, 9, 5, 16] => QQFieldElem[-1//36, 0, 0, 0, 1//18, 0, 0, 0],
	[10, 22, 23, 9, 2, 25] => QQFieldElem[0, 0, -2//3, 0, 0, 0, 1//3, 0],
	[10, 22, 23, 9, 5, 24] => QQFieldElem[0, 0, 0, 0, 0, 0, -1//3, 0])