Dict(
	[10, 25, 21, 23, 25, 14] => QQFieldElem[3, 0, 0, 0, 3//2, 0, 0, 0],
	[10, 25, 21, 23, 16, 18] => QQFieldElem[-1//4, 0, 0, 0, 0, 0, 0, 0],
	[10, 25, 21, 23, 24, 23] => QQFieldElem[-5//14, 0, 0, 0, 2//7, 0, 0, 0],
	[10, 25, 21, 23, 24, 22] => QQFieldElem[1//2, 0, 0, 0, 0, 0, 0, 0],
	[10, 25, 21, 23, 24, 14] => QQFieldElem[3, 0, 0, 0, -3//2, 0, 0, 0],
	[10, 25, 21, 23, 16, 23] => QQFieldElem[-3//14, 0, 0, 0, 1//14, 0, 0, 0],
	[10, 25, 21, 23, 19, 18] => QQFieldElem[1//2, 0, 0, 0, 0, 0, 0, 0],
	[10, 25, 21, 23, 25, 18] => QQFieldElem[-1//2, 0, 0, 0, -1//4, 0, 0, 0],
	[10, 25, 21, 23, 16, 22] => QQFieldElem[-1//6, 0, 0, 0, -1//6, 0, 0, 0],
	[10, 25, 21, 23, 16, 14] => QQFieldElem[-3//2, 0, 0, 0, 0, 0, 0, 0],
	[10, 25, 21, 23, 24, 18] => QQFieldElem[-1//2, 0, 0, 0, 1//4, 0, 0, 0],
	[10, 25, 21, 23, 19, 23] => QQFieldElem[-3//7, 0, 0, 0, 1//7, 0, 0, 0],
	[10, 25, 21, 23, 25, 23] => QQFieldElem[1//2, 0, 0, 0, 0, 0, 0, 0],
	[10, 25, 21, 23, 19, 22] => QQFieldElem[-1//3, 0, 0, 0, -1//3, 0, 0, 0],
	[10, 25, 21, 23, 25, 22] => QQFieldElem[-1//6, 0, 0, 0, -2//3, 0, 0, 0],
	[10, 25, 21, 23, 19, 14] => QQFieldElem[3, 0, 0, 0, 0, 0, 0, 0])