Dict(
	[10, 11, 24, 24, 18, 7] => QQFieldElem[0, 0, 4//3, 0, 0, 0, -2//3, 0],
	[10, 11, 24, 24, 22, 21] => QQFieldElem[0, 0, 16//21, 0, 0, 0, -20//21, 0],
	[10, 11, 24, 24, 23, 21] => QQFieldElem[0, 0, 8//21, 0, 0, 0, -10//21, 0],
	[10, 11, 24, 24, 14, 3] => QQFieldElem[-2, 0, 0, 0, 4, 0, 0, 0],
	[10, 11, 24, 24, 22, 5] => QQFieldElem[0, 0, -2//3, 0, 0, 0, 1//3, 0],
	[10, 11, 24, 24, 18, 21] => QQFieldElem[0, 0, -4//7, 0, 0, 0, -2//7, 0],
	[10, 11, 24, 24, 14, 7] => QQFieldElem[8//3, 0, 0, 0, 0, 0, 0, 0],
	[10, 11, 24, 24, 23, 5] => QQFieldElem[0, 0, 2//3, 0, 0, 0, -1//3, 0],
	[10, 11, 24, 24, 18, 5] => QQFieldElem[0, 0, 0, 0, 0, 0, -1, 0],
	[10, 11, 24, 24, 14, 21] => QQFieldElem[-8//21, 0, 0, 0, -32//21, 0, 0, 0],
	[10, 11, 24, 24, 22, 3] => QQFieldElem[0, 0, 2, 0, 0, 0, -1, 0],
	[10, 11, 24, 24, 14, 5] => QQFieldElem[-2//3, 0, 0, 0, 4//3, 0, 0, 0],
	[10, 11, 24, 24, 22, 7] => QQFieldElem[0, 0, 0, 0, 0, 0, -4//3, 0],
	[10, 11, 24, 24, 23, 3] => QQFieldElem[0, 0, -2, 0, 0, 0, 1, 0],
	[10, 11, 24, 24, 23, 7] => QQFieldElem[0, 0, 0, 0, 0, 0, -2//3, 0],
	[10, 11, 24, 24, 18, 3] => QQFieldElem[0, 0, 0, 0, 0, 0, -3, 0])