Dict(
	[10, 25, 24, 11, 8, 18] => QQFieldElem[0, 0, 0, 0, 0, 0, 1//4, 0],
	[10, 25, 24, 11, 6, 23] => QQFieldElem[0, 0, 0, 0, 0, 0, -1//3, 0],
	[10, 25, 24, 11, 6, 22] => QQFieldElem[0, 0, 0, 0, 0, 0, 1//3, 0],
	[10, 25, 24, 11, 21, 18] => QQFieldElem[0, 0, 0, 0, 0, 0, -7//12, 0],
	[10, 25, 24, 11, 4, 18] => QQFieldElem[0, 0, 0, 0, 0, 0, 1//2, 0],
	[10, 25, 24, 11, 6, 14] => QQFieldElem[-1//216, 0, 0, 0, 0, 0, 0, 0],
	[10, 25, 24, 11, 8, 23] => QQFieldElem[0, 0, 0, 0, 0, 0, -1//4, 0],
	[10, 25, 24, 11, 8, 22] => QQFieldElem[0, 0, 0, 0, 0, 0, -1//4, 0],
	[10, 25, 24, 11, 21, 23] => QQFieldElem[0, 0, 0, 0, 0, 0, 7//12, 0],
	[10, 25, 24, 11, 21, 22] => QQFieldElem[0, 0, 0, 0, 0, 0, -7//12, 0],
	[10, 25, 24, 11, 8, 14] => QQFieldElem[-1//144, 0, 0, 0, 0, 0, 0, 0],
	[10, 25, 24, 11, 4, 23] => QQFieldElem[0, 0, 0, 0, 0, 0, 1, 0],
	[10, 25, 24, 11, 4, 22] => QQFieldElem[0, 0, 0, 0, 0, 0, 1, 0],
	[10, 25, 24, 11, 6, 18] => QQFieldElem[0, 0, 0, 0, 0, 0, -1//6, 0],
	[10, 25, 24, 11, 21, 14] => QQFieldElem[-7//432, 0, 0, 0, 0, 0, 0, 0],
	[10, 25, 24, 11, 4, 14] => QQFieldElem[-1//72, 0, 0, 0, 0, 0, 0, 0])