Dict(
	[10, 24, 21, 22, 20, 13] => QQFieldElem[3, 0, 0, 0, 0, 0, 0, 0],
	[10, 24, 21, 22, 24, 17] => QQFieldElem[-1//2, 0, 0, 0, -1//4, 0, 0, 0],
	[10, 24, 21, 22, 24, 23] => QQFieldElem[-1//6, 0, 0, 0, -2//3, 0, 0, 0],
	[10, 24, 21, 22, 24, 22] => QQFieldElem[1//2, 0, 0, 0, 0, 0, 0, 0],
	[10, 24, 21, 22, 15, 17] => QQFieldElem[-1//4, 0, 0, 0, 0, 0, 0, 0],
	[10, 24, 21, 22, 15, 23] => QQFieldElem[-1//6, 0, 0, 0, -1//6, 0, 0, 0],
	[10, 24, 21, 22, 15, 22] => QQFieldElem[-3//14, 0, 0, 0, 1//14, 0, 0, 0],
	[10, 24, 21, 22, 20, 17] => QQFieldElem[1//2, 0, 0, 0, 0, 0, 0, 0],
	[10, 24, 21, 22, 20, 23] => QQFieldElem[-1//3, 0, 0, 0, -1//3, 0, 0, 0],
	[10, 24, 21, 22, 25, 13] => QQFieldElem[3, 0, 0, 0, -3//2, 0, 0, 0],
	[10, 24, 21, 22, 20, 22] => QQFieldElem[-3//7, 0, 0, 0, 1//7, 0, 0, 0],
	[10, 24, 21, 22, 24, 13] => QQFieldElem[3, 0, 0, 0, 3//2, 0, 0, 0],
	[10, 24, 21, 22, 15, 13] => QQFieldElem[-3//2, 0, 0, 0, 0, 0, 0, 0],
	[10, 24, 21, 22, 25, 17] => QQFieldElem[-1//2, 0, 0, 0, 1//4, 0, 0, 0],
	[10, 24, 21, 22, 25, 23] => QQFieldElem[1//2, 0, 0, 0, 0, 0, 0, 0],
	[10, 24, 21, 22, 25, 22] => QQFieldElem[-5//14, 0, 0, 0, 2//7, 0, 0, 0])