Dict(
	[11, 23, 23, 11, 1, 25] => QQFieldElem[0, 0, 2//3, 0, 0, 0, -1//3, 0],
	[11, 23, 23, 11, 7, 25] => QQFieldElem[0, 0, 2//3, 0, 0, 0, -1//3, 0],
	[11, 23, 23, 11, 8, 25] => QQFieldElem[0, 0, 1//3, 0, 0, 0, -5//12, 0],
	[11, 23, 23, 11, 1, 15] => QQFieldElem[-1//36, 0, 0, 0, 1//18, 0, 0, 0],
	[11, 23, 23, 11, 7, 15] => QQFieldElem[1//36, 0, 0, 0, -1//18, 0, 0, 0],
	[11, 23, 23, 11, 21, 25] => QQFieldElem[0, 0, 0, 0, 0, 0, -1//4, 0],
	[11, 23, 23, 11, 8, 15] => QQFieldElem[1//72, 0, 0, 0, 1//18, 0, 0, 0],
	[11, 23, 23, 11, 1, 20] => QQFieldElem[0, 0, 0, 0, 0, 0, 1//3, 0],
	[11, 23, 23, 11, 7, 20] => QQFieldElem[0, 0, 0, 0, 0, 0, -1//3, 0],
	[11, 23, 23, 11, 21, 15] => QQFieldElem[-1//24, 0, 0, 0, 0, 0, 0, 0],
	[11, 23, 23, 11, 1, 24] => QQFieldElem[0, 0, -1//3, 0, 0, 0, 1//6, 0],
	[11, 23, 23, 11, 7, 24] => QQFieldElem[0, 0, -1//3, 0, 0, 0, 1//6, 0],
	[11, 23, 23, 11, 8, 20] => QQFieldElem[0, 0, -1//6, 0, 0, 0, -1//12, 0],
	[11, 23, 23, 11, 8, 24] => QQFieldElem[0, 0, 1//3, 0, 0, 0, -5//12, 0],
	[11, 23, 23, 11, 21, 20] => QQFieldElem[0, 0, 1//6, 0, 0, 0, -1//12, 0],
	[11, 23, 23, 11, 21, 24] => QQFieldElem[0, 0, 0, 0, 0, 0, -1//4, 0])