Dict(
	[11, 23, 25, 21, 12, 24] => QQFieldElem[0, 0, -1//2, 0, 0, 0, 1//4, 0],
	[11, 23, 25, 21, 11, 15] => QQFieldElem[0, 0, 0, 0, 0, 0, -1//4, 0],
	[11, 23, 25, 21, 9, 20] => QQFieldElem[0, 0, 1//6, 0, 0, 0, 1//6, 0],
	[11, 23, 25, 21, 9, 24] => QQFieldElem[0, 0, -1//2, 0, 0, 0, 1//2, 0],
	[11, 23, 25, 21, 10, 25] => QQFieldElem[0, 0, 3//14, 0, 0, 0, -9//14, 0],
	[11, 23, 25, 21, 11, 20] => QQFieldElem[0, 0, 1//2, 0, 0, 0, -1//4, 0],
	[11, 23, 25, 21, 12, 25] => QQFieldElem[0, 0, 1//7, 0, 0, 0, -5//28, 0],
	[11, 23, 25, 21, 11, 24] => QQFieldElem[0, 0, 0, 0, 0, 0, -1//4, 0],
	[11, 23, 25, 21, 10, 15] => QQFieldElem[0, 0, 1//2, 0, 0, 0, -1//2, 0],
	[11, 23, 25, 21, 12, 15] => QQFieldElem[0, 0, -1//2, 0, 0, 0, 1//4, 0],
	[11, 23, 25, 21, 9, 25] => QQFieldElem[0, 0, -1//14, 0, 0, 0, 3//14, 0],
	[11, 23, 25, 21, 10, 20] => QQFieldElem[0, 0, -1//2, 0, 0, 0, -1//2, 0],
	[11, 23, 25, 21, 11, 25] => QQFieldElem[0, 0, -3//14, 0, 0, 0, -3//28, 0],
	[11, 23, 25, 21, 10, 24] => QQFieldElem[0, 0, -1//2, 0, 0, 0, 1//2, 0],
	[11, 23, 25, 21, 12, 20] => QQFieldElem[0, 0, 0, 0, 0, 0, 1//4, 0],
	[11, 23, 25, 21, 9, 15] => QQFieldElem[0, 0, 1//2, 0, 0, 0, -1//2, 0])