Dict(
	[11, 22, 12, 22, 25, 16] => QQFieldElem[9//2, 0, 0, 0, -9, 0, 0, 0],
	[11, 22, 12, 22, 20, 25] => QQFieldElem[-2, 0, 0, 0, 0, 0, 0, 0],
	[11, 22, 12, 22, 25, 24] => QQFieldElem[-1//3, 0, 0, 0, 1//6, 0, 0, 0],
	[11, 22, 12, 22, 25, 19] => QQFieldElem[-1//12, 0, 0, 0, 1//6, 0, 0, 0],
	[11, 22, 12, 22, 24, 16] => QQFieldElem[-9//2, 0, 0, 0, 0, 0, 0, 0],
	[11, 22, 12, 22, 15, 16] => QQFieldElem[-1//2, 0, 0, 0, -1//2, 0, 0, 0],
	[11, 22, 12, 22, 24, 24] => QQFieldElem[0, 0, 0, 0, -1//2, 0, 0, 0],
	[11, 22, 12, 22, 15, 24] => QQFieldElem[-1//9, 0, 0, 0, 2//9, 0, 0, 0],
	[11, 22, 12, 22, 24, 19] => QQFieldElem[-1//4, 0, 0, 0, 0, 0, 0, 0],
	[11, 22, 12, 22, 25, 25] => QQFieldElem[0, 0, 0, 0, -1//2, 0, 0, 0],
	[11, 22, 12, 22, 15, 19] => QQFieldElem[-1//36, 0, 0, 0, -1//36, 0, 0, 0],
	[11, 22, 12, 22, 20, 16] => QQFieldElem[9, 0, 0, 0, 9, 0, 0, 0],
	[11, 22, 12, 22, 20, 24] => QQFieldElem[-2//3, 0, 0, 0, 4//3, 0, 0, 0],
	[11, 22, 12, 22, 20, 19] => QQFieldElem[-1//6, 0, 0, 0, -1//6, 0, 0, 0],
	[11, 22, 12, 22, 24, 25] => QQFieldElem[-1//3, 0, 0, 0, 1//6, 0, 0, 0],
	[11, 22, 12, 22, 15, 25] => QQFieldElem[1//9, 0, 0, 0, 0, 0, 0, 0])