Dict(
	[11, 9, 10, 11, 21, 6] => QQFieldElem[1//3, 0, 0, 0, 0, 0, 0, 0],
	[11, 9, 10, 11, 1, 4] => QQFieldElem[1//3, 0, 0, 0, 0, 0, 0, 0],
	[11, 9, 10, 11, 7, 4] => QQFieldElem[1//6, 0, 0, 0, 0, 0, 0, 0],
	[11, 9, 10, 11, 1, 21] => QQFieldElem[-8//3, 0, 0, 0, 0, 0, 0, 0],
	[11, 9, 10, 11, 7, 21] => QQFieldElem[2//3, 0, 0, 0, 0, 0, 0, 0],
	[11, 9, 10, 11, 8, 4] => QQFieldElem[1//6, 0, 0, 0, 0, 0, 0, 0],
	[11, 9, 10, 11, 8, 21] => QQFieldElem[2//3, 0, 0, 0, 0, 0, 0, 0],
	[11, 9, 10, 11, 21, 4] => QQFieldElem[1//6, 0, 0, 0, 0, 0, 0, 0],
	[11, 9, 10, 11, 21, 21] => QQFieldElem[-1//3, 0, 0, 0, 0, 0, 0, 0],
	[11, 9, 10, 11, 1, 8] => QQFieldElem[-4//3, 0, 0, 0, 0, 0, 0, 0],
	[11, 9, 10, 11, 7, 8] => QQFieldElem[-2//3, 0, 0, 0, 0, 0, 0, 0],
	[11, 9, 10, 11, 1, 6] => QQFieldElem[-4//3, 0, 0, 0, 0, 0, 0, 0],
	[11, 9, 10, 11, 7, 6] => QQFieldElem[1//3, 0, 0, 0, 0, 0, 0, 0],
	[11, 9, 10, 11, 8, 8] => QQFieldElem[1//3, 0, 0, 0, 0, 0, 0, 0],
	[11, 9, 10, 11, 8, 6] => QQFieldElem[-2//3, 0, 0, 0, 0, 0, 0, 0],
	[11, 9, 10, 11, 21, 8] => QQFieldElem[1//3, 0, 0, 0, 0, 0, 0, 0])