Dict(
	[11, 24, 9, 25, 18, 22] => QQFieldElem[2//3, 0, 0, 0, 0, 0, 0, 0],
	[11, 24, 9, 25, 23, 14] => QQFieldElem[9//2, 0, 0, 0, -3, 0, 0, 0],
	[11, 24, 9, 25, 18, 14] => QQFieldElem[0, 0, 0, 0, 3, 0, 0, 0],
	[11, 24, 9, 25, 14, 23] => QQFieldElem[-1//7, 0, 0, 0, 2//21, 0, 0, 0],
	[11, 24, 9, 25, 14, 22] => QQFieldElem[-1//3, 0, 0, 0, 0, 0, 0, 0],
	[11, 24, 9, 25, 22, 18] => QQFieldElem[1//4, 0, 0, 0, 0, 0, 0, 0],
	[11, 24, 9, 25, 14, 14] => QQFieldElem[0, 0, 0, 0, -3//2, 0, 0, 0],
	[11, 24, 9, 25, 23, 18] => QQFieldElem[-3//4, 0, 0, 0, 1//2, 0, 0, 0],
	[11, 24, 9, 25, 18, 18] => QQFieldElem[0, 0, 0, 0, -1//2, 0, 0, 0],
	[11, 24, 9, 25, 22, 23] => QQFieldElem[-1//14, 0, 0, 0, 3//14, 0, 0, 0],
	[11, 24, 9, 25, 22, 22] => QQFieldElem[-1//2, 0, 0, 0, 1//2, 0, 0, 0],
	[11, 24, 9, 25, 23, 23] => QQFieldElem[-3//14, 0, 0, 0, -5//14, 0, 0, 0],
	[11, 24, 9, 25, 14, 18] => QQFieldElem[0, 0, 0, 0, -1//12, 0, 0, 0],
	[11, 24, 9, 25, 23, 22] => QQFieldElem[-1//6, 0, 0, 0, 1//2, 0, 0, 0],
	[11, 24, 9, 25, 22, 14] => QQFieldElem[9//2, 0, 0, 0, 0, 0, 0, 0],
	[11, 24, 9, 25, 18, 23] => QQFieldElem[-6//7, 0, 0, 0, 4//7, 0, 0, 0])