Dict(
	[11, 10, 9, 11, 8, 21] => QQFieldElem[2//3, 0, 0, 0, 0, 0, 0, 0],
	[11, 10, 9, 11, 1, 5] => QQFieldElem[-4//3, 0, 0, 0, 0, 0, 0, 0],
	[11, 10, 9, 11, 7, 5] => QQFieldElem[-2//3, 0, 0, 0, 0, 0, 0, 0],
	[11, 10, 9, 11, 21, 21] => QQFieldElem[-1//3, 0, 0, 0, 0, 0, 0, 0],
	[11, 10, 9, 11, 8, 5] => QQFieldElem[1//3, 0, 0, 0, 0, 0, 0, 0],
	[11, 10, 9, 11, 21, 5] => QQFieldElem[1//3, 0, 0, 0, 0, 0, 0, 0],
	[11, 10, 9, 11, 1, 3] => QQFieldElem[1//3, 0, 0, 0, 0, 0, 0, 0],
	[11, 10, 9, 11, 7, 3] => QQFieldElem[1//6, 0, 0, 0, 0, 0, 0, 0],
	[11, 10, 9, 11, 1, 7] => QQFieldElem[-4//3, 0, 0, 0, 0, 0, 0, 0],
	[11, 10, 9, 11, 7, 7] => QQFieldElem[1//3, 0, 0, 0, 0, 0, 0, 0],
	[11, 10, 9, 11, 8, 3] => QQFieldElem[1//6, 0, 0, 0, 0, 0, 0, 0],
	[11, 10, 9, 11, 8, 7] => QQFieldElem[-2//3, 0, 0, 0, 0, 0, 0, 0],
	[11, 10, 9, 11, 21, 3] => QQFieldElem[1//6, 0, 0, 0, 0, 0, 0, 0],
	[11, 10, 9, 11, 1, 21] => QQFieldElem[-8//3, 0, 0, 0, 0, 0, 0, 0],
	[11, 10, 9, 11, 7, 21] => QQFieldElem[2//3, 0, 0, 0, 0, 0, 0, 0],
	[11, 10, 9, 11, 21, 7] => QQFieldElem[1//3, 0, 0, 0, 0, 0, 0, 0])