Dict(
	[11, 24, 22, 21, 10, 23] => QQFieldElem[0, 0, -3//14, 0, 0, 0, -3//7, 0],
	[11, 24, 22, 21, 9, 18] => QQFieldElem[0, 0, -1//2, 0, 0, 0, 0, 0],
	[11, 24, 22, 21, 10, 22] => QQFieldElem[0, 0, 1//2, 0, 0, 0, 0, 0],
	[11, 24, 22, 21, 12, 23] => QQFieldElem[0, 0, 3//14, 0, 0, 0, -9//28, 0],
	[11, 24, 22, 21, 12, 22] => QQFieldElem[0, 0, 0, 0, 0, 0, -1//4, 0],
	[11, 24, 22, 21, 11, 18] => QQFieldElem[0, 0, 1//2, 0, 0, 0, -1//4, 0],
	[11, 24, 22, 21, 10, 14] => QQFieldElem[0, 0, 1//2, 0, 0, 0, -1, 0],
	[11, 24, 22, 21, 12, 14] => QQFieldElem[0, 0, -1//2, 0, 0, 0, 1//4, 0],
	[11, 24, 22, 21, 9, 23] => QQFieldElem[0, 0, 1//14, 0, 0, 0, 1//7, 0],
	[11, 24, 22, 21, 9, 22] => QQFieldElem[0, 0, 1//2, 0, 0, 0, 0, 0],
	[11, 24, 22, 21, 11, 23] => QQFieldElem[0, 0, -1//7, 0, 0, 0, -1//28, 0],
	[11, 24, 22, 21, 11, 22] => QQFieldElem[0, 0, 1//2, 0, 0, 0, -1//4, 0],
	[11, 24, 22, 21, 9, 14] => QQFieldElem[0, 0, -1//6, 0, 0, 0, 1//3, 0],
	[11, 24, 22, 21, 10, 18] => QQFieldElem[0, 0, -1//2, 0, 0, 0, 0, 0],
	[11, 24, 22, 21, 12, 18] => QQFieldElem[0, 0, 0, 0, 0, 0, -1//4, 0],
	[11, 24, 22, 21, 11, 14] => QQFieldElem[0, 0, 0, 0, 0, 0, 1//4, 0])