Dict(
	[11, 11, 9, 10, 21, 21] => QQFieldElem[-1//3, 0, 0, 0, 0, 0, 0, 0],
	[11, 11, 9, 10, 21, 2] => QQFieldElem[1//18, 0, 0, 0, 0, 0, 0, 0],
	[11, 11, 9, 10, 6, 6] => QQFieldElem[1//3, 0, 0, 0, 0, 0, 0, 0],
	[11, 11, 9, 10, 8, 5] => QQFieldElem[1//3, 0, 0, 0, 0, 0, 0, 0],
	[11, 11, 9, 10, 4, 21] => QQFieldElem[8//3, 0, 0, 0, 0, 0, 0, 0],
	[11, 11, 9, 10, 4, 2] => QQFieldElem[-1//9, 0, 0, 0, 0, 0, 0, 0],
	[11, 11, 9, 10, 21, 5] => QQFieldElem[1//3, 0, 0, 0, 0, 0, 0, 0],
	[11, 11, 9, 10, 4, 5] => QQFieldElem[4//3, 0, 0, 0, 0, 0, 0, 0],
	[11, 11, 9, 10, 8, 6] => QQFieldElem[-2//3, 0, 0, 0, 0, 0, 0, 0],
	[11, 11, 9, 10, 21, 6] => QQFieldElem[1//3, 0, 0, 0, 0, 0, 0, 0],
	[11, 11, 9, 10, 6, 21] => QQFieldElem[2//3, 0, 0, 0, 0, 0, 0, 0],
	[11, 11, 9, 10, 6, 2] => QQFieldElem[1//18, 0, 0, 0, 0, 0, 0, 0],
	[11, 11, 9, 10, 4, 6] => QQFieldElem[4//3, 0, 0, 0, 0, 0, 0, 0],
	[11, 11, 9, 10, 6, 5] => QQFieldElem[-2//3, 0, 0, 0, 0, 0, 0, 0],
	[11, 11, 9, 10, 8, 21] => QQFieldElem[2//3, 0, 0, 0, 0, 0, 0, 0],
	[11, 11, 9, 10, 8, 2] => QQFieldElem[1//18, 0, 0, 0, 0, 0, 0, 0])