Dict(
	[11, 21, 24, 23, 16, 10] => QQFieldElem[0, 0, 1//4, 0, 0, 0, -3//4, 0],
	[11, 21, 24, 23, 24, 11] => QQFieldElem[0, 0, 0, 0, 0, 0, 1//2, 0],
	[11, 21, 24, 23, 24, 9] => QQFieldElem[0, 0, -3//4, 0, 0, 0, -3//4, 0],
	[11, 21, 24, 23, 16, 12] => QQFieldElem[0, 0, -1, 0, 0, 0, -1//2, 0],
	[11, 21, 24, 23, 19, 10] => QQFieldElem[0, 0, -1//4, 0, 0, 0, 1//4, 0],
	[11, 21, 24, 23, 25, 10] => QQFieldElem[0, 0, 1//4, 0, 0, 0, -1//4, 0],
	[11, 21, 24, 23, 16, 11] => QQFieldElem[0, 0, 2//3, 0, 0, 0, -5//6, 0],
	[11, 21, 24, 23, 16, 9] => QQFieldElem[0, 0, 3//4, 0, 0, 0, -9//4, 0],
	[11, 21, 24, 23, 24, 10] => QQFieldElem[0, 0, -1//4, 0, 0, 0, -1//4, 0],
	[11, 21, 24, 23, 19, 12] => QQFieldElem[0, 0, 0, 0, 0, 0, -1//2, 0],
	[11, 21, 24, 23, 25, 12] => QQFieldElem[0, 0, 0, 0, 0, 0, -1//2, 0],
	[11, 21, 24, 23, 19, 11] => QQFieldElem[0, 0, -1, 0, 0, 0, 1//2, 0],
	[11, 21, 24, 23, 25, 11] => QQFieldElem[0, 0, -1, 0, 0, 0, 1//2, 0],
	[11, 21, 24, 23, 19, 9] => QQFieldElem[0, 0, 9//4, 0, 0, 0, -9//4, 0],
	[11, 21, 24, 23, 25, 9] => QQFieldElem[0, 0, -9//4, 0, 0, 0, 9//4, 0],
	[11, 21, 24, 23, 24, 12] => QQFieldElem[0, 0, 1, 0, 0, 0, -1//2, 0])