Dict(
	[11, 24, 11, 25, 22, 23] => QQFieldElem[-1//2, 0, 0, 0, 1//2, 0, 0, 0],
	[11, 24, 11, 25, 22, 22] => QQFieldElem[-1//6, 0, 0, 0, -1//6, 0, 0, 0],
	[11, 24, 11, 25, 23, 23] => QQFieldElem[-1//6, 0, 0, 0, -1//6, 0, 0, 0],
	[11, 24, 11, 25, 14, 18] => QQFieldElem[-1//18, 0, 0, 0, 1//36, 0, 0, 0],
	[11, 24, 11, 25, 23, 22] => QQFieldElem[-1//2, 0, 0, 0, 1//2, 0, 0, 0],
	[11, 24, 11, 25, 22, 14] => QQFieldElem[-9//2, 0, 0, 0, 0, 0, 0, 0],
	[11, 24, 11, 25, 18, 23] => QQFieldElem[2//3, 0, 0, 0, -4//3, 0, 0, 0],
	[11, 24, 11, 25, 18, 22] => QQFieldElem[-2, 0, 0, 0, 0, 0, 0, 0],
	[11, 24, 11, 25, 23, 14] => QQFieldElem[-9//2, 0, 0, 0, 9, 0, 0, 0],
	[11, 24, 11, 25, 18, 14] => QQFieldElem[18, 0, 0, 0, -9, 0, 0, 0],
	[11, 24, 11, 25, 14, 23] => QQFieldElem[1//9, 0, 0, 0, -2//9, 0, 0, 0],
	[11, 24, 11, 25, 14, 22] => QQFieldElem[1//9, 0, 0, 0, 0, 0, 0, 0],
	[11, 24, 11, 25, 22, 18] => QQFieldElem[-1//4, 0, 0, 0, 0, 0, 0, 0],
	[11, 24, 11, 25, 14, 14] => QQFieldElem[-1, 0, 0, 0, 1//2, 0, 0, 0],
	[11, 24, 11, 25, 23, 18] => QQFieldElem[1//12, 0, 0, 0, -1//6, 0, 0, 0],
	[11, 24, 11, 25, 18, 18] => QQFieldElem[-1//3, 0, 0, 0, 1//6, 0, 0, 0])