Dict(
	[11, 25, 24, 10, 8, 13] => QQFieldElem[-1//144, 0, 0, 0, 0, 0, 0, 0],
	[11, 25, 24, 10, 6, 17] => QQFieldElem[0, 0, 0, 0, 0, 0, -1//2, 0],
	[11, 25, 24, 10, 6, 23] => QQFieldElem[0, 0, 0, 0, 0, 0, -1, 0],
	[11, 25, 24, 10, 21, 13] => QQFieldElem[-1//144, 0, 0, 0, 0, 0, 0, 0],
	[11, 25, 24, 10, 6, 22] => QQFieldElem[0, 0, 0, 0, 0, 0, -1, 0],
	[11, 25, 24, 10, 4, 13] => QQFieldElem[-1//216, 0, 0, 0, 0, 0, 0, 0],
	[11, 25, 24, 10, 8, 17] => QQFieldElem[0, 0, 0, 0, 0, 0, -1//4, 0],
	[11, 25, 24, 10, 8, 23] => QQFieldElem[0, 0, 0, 0, 0, 0, 1//4, 0],
	[11, 25, 24, 10, 8, 22] => QQFieldElem[0, 0, 0, 0, 0, 0, 1//4, 0],
	[11, 25, 24, 10, 21, 17] => QQFieldElem[0, 0, 0, 0, 0, 0, 1//4, 0],
	[11, 25, 24, 10, 21, 23] => QQFieldElem[0, 0, 0, 0, 0, 0, -1//4, 0],
	[11, 25, 24, 10, 21, 22] => QQFieldElem[0, 0, 0, 0, 0, 0, 1//4, 0],
	[11, 25, 24, 10, 4, 17] => QQFieldElem[0, 0, 0, 0, 0, 0, 1//6, 0],
	[11, 25, 24, 10, 6, 13] => QQFieldElem[-1//72, 0, 0, 0, 0, 0, 0, 0],
	[11, 25, 24, 10, 4, 23] => QQFieldElem[0, 0, 0, 0, 0, 0, 1//3, 0],
	[11, 25, 24, 10, 4, 22] => QQFieldElem[0, 0, 0, 0, 0, 0, -1//3, 0])