Dict(
	[11, 9, 9, 12, 6, 4] => QQFieldElem[1//6, 0, 0, 0, 0, 0, 0, 0],
	[11, 9, 9, 12, 6, 21] => QQFieldElem[2//3, 0, 0, 0, 0, 0, 0, 0],
	[11, 9, 9, 12, 5, 8] => QQFieldElem[1//3, 0, 0, 0, 0, 0, 0, 0],
	[11, 9, 9, 12, 5, 6] => QQFieldElem[-2//3, 0, 0, 0, 0, 0, 0, 0],
	[11, 9, 9, 12, 6, 8] => QQFieldElem[-2//3, 0, 0, 0, 0, 0, 0, 0],
	[11, 9, 9, 12, 2, 4] => QQFieldElem[1//3, 0, 0, 0, 0, 0, 0, 0],
	[11, 9, 9, 12, 2, 21] => QQFieldElem[-8//3, 0, 0, 0, 0, 0, 0, 0],
	[11, 9, 9, 12, 21, 4] => QQFieldElem[1//6, 0, 0, 0, 0, 0, 0, 0],
	[11, 9, 9, 12, 21, 21] => QQFieldElem[-1//3, 0, 0, 0, 0, 0, 0, 0],
	[11, 9, 9, 12, 6, 6] => QQFieldElem[1//3, 0, 0, 0, 0, 0, 0, 0],
	[11, 9, 9, 12, 2, 8] => QQFieldElem[-4//3, 0, 0, 0, 0, 0, 0, 0],
	[11, 9, 9, 12, 5, 4] => QQFieldElem[1//6, 0, 0, 0, 0, 0, 0, 0],
	[11, 9, 9, 12, 21, 8] => QQFieldElem[1//3, 0, 0, 0, 0, 0, 0, 0],
	[11, 9, 9, 12, 5, 21] => QQFieldElem[2//3, 0, 0, 0, 0, 0, 0, 0],
	[11, 9, 9, 12, 2, 6] => QQFieldElem[-4//3, 0, 0, 0, 0, 0, 0, 0],
	[11, 9, 9, 12, 21, 6] => QQFieldElem[1//3, 0, 0, 0, 0, 0, 0, 0])