Dict(
	[11, 22, 23, 12, 5, 16] => QQFieldElem[1//36, 0, 0, 0, -1//18, 0, 0, 0],
	[11, 22, 23, 12, 2, 25] => QQFieldElem[0, 0, 2//3, 0, 0, 0, -1//3, 0],
	[11, 22, 23, 12, 5, 24] => QQFieldElem[0, 0, 0, 0, 0, 0, -1//3, 0],
	[11, 22, 23, 12, 21, 25] => QQFieldElem[0, 0, 1//3, 0, 0, 0, -5//12, 0],
	[11, 22, 23, 12, 6, 16] => QQFieldElem[-1//24, 0, 0, 0, 0, 0, 0, 0],
	[11, 22, 23, 12, 5, 19] => QQFieldElem[0, 0, -1//3, 0, 0, 0, 1//6, 0],
	[11, 22, 23, 12, 6, 24] => QQFieldElem[0, 0, 1//6, 0, 0, 0, -1//12, 0],
	[11, 22, 23, 12, 6, 19] => QQFieldElem[0, 0, 0, 0, 0, 0, -1//4, 0],
	[11, 22, 23, 12, 5, 25] => QQFieldElem[0, 0, 2//3, 0, 0, 0, -1//3, 0],
	[11, 22, 23, 12, 2, 16] => QQFieldElem[-1//36, 0, 0, 0, 1//18, 0, 0, 0],
	[11, 22, 23, 12, 21, 16] => QQFieldElem[1//72, 0, 0, 0, 1//18, 0, 0, 0],
	[11, 22, 23, 12, 2, 24] => QQFieldElem[0, 0, 0, 0, 0, 0, 1//3, 0],
	[11, 22, 23, 12, 6, 25] => QQFieldElem[0, 0, 0, 0, 0, 0, -1//4, 0],
	[11, 22, 23, 12, 21, 24] => QQFieldElem[0, 0, -1//6, 0, 0, 0, -1//12, 0],
	[11, 22, 23, 12, 2, 19] => QQFieldElem[0, 0, -1//3, 0, 0, 0, 1//6, 0],
	[11, 22, 23, 12, 21, 19] => QQFieldElem[0, 0, 1//3, 0, 0, 0, -5//12, 0])