Dict(
	[12, 23, 21, 25, 17, 19] => QQFieldElem[-1//2, 0, 0, 0, 0, 0, 0, 0],
	[12, 23, 21, 25, 13, 16] => QQFieldElem[3//2, 0, 0, 0, 0, 0, 0, 0],
	[12, 23, 21, 25, 22, 25] => QQFieldElem[-1//2, 0, 0, 0, 0, 0, 0, 0],
	[12, 23, 21, 25, 13, 24] => QQFieldElem[0, 0, 0, 0, -1//6, 0, 0, 0],
	[12, 23, 21, 25, 23, 25] => QQFieldElem[-1//2, 0, 0, 0, 0, 0, 0, 0],
	[12, 23, 21, 25, 13, 19] => QQFieldElem[-1//12, 0, 0, 0, 0, 0, 0, 0],
	[12, 23, 21, 25, 17, 25] => QQFieldElem[0, 0, 0, 0, -1, 0, 0, 0],
	[12, 23, 21, 25, 13, 25] => QQFieldElem[0, 0, 0, 0, 1//6, 0, 0, 0],
	[12, 23, 21, 25, 22, 16] => QQFieldElem[-9//2, 0, 0, 0, 9//2, 0, 0, 0],
	[12, 23, 21, 25, 23, 16] => QQFieldElem[9//2, 0, 0, 0, -9//2, 0, 0, 0],
	[12, 23, 21, 25, 22, 24] => QQFieldElem[-1//2, 0, 0, 0, 0, 0, 0, 0],
	[12, 23, 21, 25, 17, 16] => QQFieldElem[9, 0, 0, 0, 0, 0, 0, 0],
	[12, 23, 21, 25, 23, 24] => QQFieldElem[-1//2, 0, 0, 0, 0, 0, 0, 0],
	[12, 23, 21, 25, 22, 19] => QQFieldElem[-1//4, 0, 0, 0, 1//4, 0, 0, 0],
	[12, 23, 21, 25, 23, 19] => QQFieldElem[1//4, 0, 0, 0, -1//4, 0, 0, 0],
	[12, 23, 21, 25, 17, 24] => QQFieldElem[0, 0, 0, 0, 1, 0, 0, 0])