Dict(
	[12, 21, 21, 11, 5, 12] => QQFieldElem[1//4, 0, 0, 0, 0, 0, 0, 0],
	[12, 21, 21, 11, 6, 12] => QQFieldElem[-1//4, 0, 0, 0, 0, 0, 0, 0],
	[12, 21, 21, 11, 5, 11] => QQFieldElem[0, 0, -1//72, 0, 0, 0, -1//72, 0],
	[12, 21, 21, 11, 5, 9] => QQFieldElem[1//8, 0, 0, 0, 0, 0, 0, 0],
	[12, 21, 21, 11, 2, 10] => QQFieldElem[0, 0, 1//72, 0, 0, 0, -1//36, 0],
	[12, 21, 21, 11, 21, 10] => QQFieldElem[0, 0, -1//72, 0, 0, 0, 1//36, 0],
	[12, 21, 21, 11, 6, 11] => QQFieldElem[0, 0, -1//72, 0, 0, 0, -1//72, 0],
	[12, 21, 21, 11, 6, 9] => QQFieldElem[1//8, 0, 0, 0, 0, 0, 0, 0],
	[12, 21, 21, 11, 2, 12] => QQFieldElem[1//4, 0, 0, 0, 0, 0, 0, 0],
	[12, 21, 21, 11, 21, 12] => QQFieldElem[-1//4, 0, 0, 0, 0, 0, 0, 0],
	[12, 21, 21, 11, 5, 10] => QQFieldElem[0, 0, -1//72, 0, 0, 0, 1//36, 0],
	[12, 21, 21, 11, 2, 11] => QQFieldElem[0, 0, 1//72, 0, 0, 0, 1//72, 0],
	[12, 21, 21, 11, 21, 11] => QQFieldElem[0, 0, 1//72, 0, 0, 0, 1//72, 0],
	[12, 21, 21, 11, 2, 9] => QQFieldElem[1//8, 0, 0, 0, 0, 0, 0, 0],
	[12, 21, 21, 11, 21, 9] => QQFieldElem[1//8, 0, 0, 0, 0, 0, 0, 0],
	[12, 21, 21, 11, 6, 10] => QQFieldElem[0, 0, 1//72, 0, 0, 0, -1//36, 0])