Dict(
	[12, 25, 21, 22, 19, 14] => QQFieldElem[9, 0, 0, 0, 0, 0, 0, 0],
	[12, 25, 21, 22, 25, 14] => QQFieldElem[0, 0, 0, 0, 9//2, 0, 0, 0],
	[12, 25, 21, 22, 16, 18] => QQFieldElem[-1//12, 0, 0, 0, 0, 0, 0, 0],
	[12, 25, 21, 22, 24, 23] => QQFieldElem[-1//2, 0, 0, 0, 0, 0, 0, 0],
	[12, 25, 21, 22, 24, 22] => QQFieldElem[-1//2, 0, 0, 0, 0, 0, 0, 0],
	[12, 25, 21, 22, 24, 14] => QQFieldElem[0, 0, 0, 0, -9//2, 0, 0, 0],
	[12, 25, 21, 22, 16, 23] => QQFieldElem[-1//6, 0, 0, 0, 1//6, 0, 0, 0],
	[12, 25, 21, 22, 19, 18] => QQFieldElem[-1//2, 0, 0, 0, 0, 0, 0, 0],
	[12, 25, 21, 22, 16, 22] => QQFieldElem[1//6, 0, 0, 0, -1//6, 0, 0, 0],
	[12, 25, 21, 22, 25, 18] => QQFieldElem[0, 0, 0, 0, 1//4, 0, 0, 0],
	[12, 25, 21, 22, 16, 14] => QQFieldElem[3//2, 0, 0, 0, 0, 0, 0, 0],
	[12, 25, 21, 22, 24, 18] => QQFieldElem[0, 0, 0, 0, -1//4, 0, 0, 0],
	[12, 25, 21, 22, 19, 23] => QQFieldElem[1, 0, 0, 0, -1, 0, 0, 0],
	[12, 25, 21, 22, 25, 23] => QQFieldElem[-1//2, 0, 0, 0, 0, 0, 0, 0],
	[12, 25, 21, 22, 19, 22] => QQFieldElem[-1, 0, 0, 0, 1, 0, 0, 0],
	[12, 25, 21, 22, 25, 22] => QQFieldElem[-1//2, 0, 0, 0, 0, 0, 0, 0])