Dict(
	[12, 22, 21, 24, 23, 25] => QQFieldElem[-1//2, 0, 0, 0, 0, 0, 0, 0],
	[12, 22, 21, 24, 22, 15] => QQFieldElem[9//2, 0, 0, 0, -9//2, 0, 0, 0],
	[12, 22, 21, 24, 18, 25] => QQFieldElem[0, 0, 0, 0, 1, 0, 0, 0],
	[12, 22, 21, 24, 23, 15] => QQFieldElem[-9//2, 0, 0, 0, 9//2, 0, 0, 0],
	[12, 22, 21, 24, 18, 15] => QQFieldElem[9, 0, 0, 0, 0, 0, 0, 0],
	[12, 22, 21, 24, 22, 20] => QQFieldElem[1//4, 0, 0, 0, -1//4, 0, 0, 0],
	[12, 22, 21, 24, 14, 25] => QQFieldElem[0, 0, 0, 0, -1//6, 0, 0, 0],
	[12, 22, 21, 24, 23, 20] => QQFieldElem[-1//4, 0, 0, 0, 1//4, 0, 0, 0],
	[12, 22, 21, 24, 22, 24] => QQFieldElem[-1//2, 0, 0, 0, 0, 0, 0, 0],
	[12, 22, 21, 24, 23, 24] => QQFieldElem[-1//2, 0, 0, 0, 0, 0, 0, 0],
	[12, 22, 21, 24, 18, 20] => QQFieldElem[-1//2, 0, 0, 0, 0, 0, 0, 0],
	[12, 22, 21, 24, 14, 15] => QQFieldElem[3//2, 0, 0, 0, 0, 0, 0, 0],
	[12, 22, 21, 24, 18, 24] => QQFieldElem[0, 0, 0, 0, -1, 0, 0, 0],
	[12, 22, 21, 24, 14, 20] => QQFieldElem[-1//12, 0, 0, 0, 0, 0, 0, 0],
	[12, 22, 21, 24, 22, 25] => QQFieldElem[-1//2, 0, 0, 0, 0, 0, 0, 0],
	[12, 22, 21, 24, 14, 24] => QQFieldElem[0, 0, 0, 0, 1//6, 0, 0, 0])