Dict(
	[12, 24, 25, 11, 6, 13] => QQFieldElem[-5//72, 0, 0, 0, 1//18, 0, 0, 0],
	[12, 24, 25, 11, 5, 17] => QQFieldElem[0, 0, 0, 0, 0, 0, -1//3, 0],
	[12, 24, 25, 11, 5, 23] => QQFieldElem[0, 0, -2//3, 0, 0, 0, 1//3, 0],
	[12, 24, 25, 11, 5, 22] => QQFieldElem[0, 0, 1//3, 0, 0, 0, -1//6, 0],
	[12, 24, 25, 11, 2, 13] => QQFieldElem[-1//36, 0, 0, 0, 1//18, 0, 0, 0],
	[12, 24, 25, 11, 6, 17] => QQFieldElem[0, 0, 1//6, 0, 0, 0, -1//4, 0],
	[12, 24, 25, 11, 6, 23] => QQFieldElem[0, 0, -1//3, 0, 0, 0, -1//12, 0],
	[12, 24, 25, 11, 21, 13] => QQFieldElem[1//24, 0, 0, 0, 0, 0, 0, 0],
	[12, 24, 25, 11, 6, 22] => QQFieldElem[0, 0, -1//3, 0, 0, 0, -1//12, 0],
	[12, 24, 25, 11, 2, 17] => QQFieldElem[0, 0, 0, 0, 0, 0, 1//3, 0],
	[12, 24, 25, 11, 5, 13] => QQFieldElem[1//36, 0, 0, 0, -1//18, 0, 0, 0],
	[12, 24, 25, 11, 2, 23] => QQFieldElem[0, 0, -2//3, 0, 0, 0, 1//3, 0],
	[12, 24, 25, 11, 21, 17] => QQFieldElem[0, 0, -1//6, 0, 0, 0, 1//12, 0],
	[12, 24, 25, 11, 2, 22] => QQFieldElem[0, 0, 1//3, 0, 0, 0, -1//6, 0],
	[12, 24, 25, 11, 21, 23] => QQFieldElem[0, 0, 0, 0, 0, 0, -1//4, 0],
	[12, 24, 25, 11, 21, 22] => QQFieldElem[0, 0, 0, 0, 0, 0, -1//4, 0])