Dict(
	[12, 11, 9, 9, 21, 7] => QQFieldElem[1//3, 0, 0, 0, 0, 0, 0, 0],
	[12, 11, 9, 9, 4, 7] => QQFieldElem[4//3, 0, 0, 0, 0, 0, 0, 0],
	[12, 11, 9, 9, 8, 21] => QQFieldElem[2//3, 0, 0, 0, 0, 0, 0, 0],
	[12, 11, 9, 9, 6, 8] => QQFieldElem[-2//3, 0, 0, 0, 0, 0, 0, 0],
	[12, 11, 9, 9, 6, 1] => QQFieldElem[1//18, 0, 0, 0, 0, 0, 0, 0],
	[12, 11, 9, 9, 21, 21] => QQFieldElem[-1//3, 0, 0, 0, 0, 0, 0, 0],
	[12, 11, 9, 9, 4, 21] => QQFieldElem[8//3, 0, 0, 0, 0, 0, 0, 0],
	[12, 11, 9, 9, 8, 8] => QQFieldElem[1//3, 0, 0, 0, 0, 0, 0, 0],
	[12, 11, 9, 9, 6, 7] => QQFieldElem[1//3, 0, 0, 0, 0, 0, 0, 0],
	[12, 11, 9, 9, 8, 1] => QQFieldElem[1//18, 0, 0, 0, 0, 0, 0, 0],
	[12, 11, 9, 9, 21, 8] => QQFieldElem[1//3, 0, 0, 0, 0, 0, 0, 0],
	[12, 11, 9, 9, 21, 1] => QQFieldElem[1//18, 0, 0, 0, 0, 0, 0, 0],
	[12, 11, 9, 9, 4, 8] => QQFieldElem[4//3, 0, 0, 0, 0, 0, 0, 0],
	[12, 11, 9, 9, 4, 1] => QQFieldElem[-1//9, 0, 0, 0, 0, 0, 0, 0],
	[12, 11, 9, 9, 6, 21] => QQFieldElem[2//3, 0, 0, 0, 0, 0, 0, 0],
	[12, 11, 9, 9, 8, 7] => QQFieldElem[-2//3, 0, 0, 0, 0, 0, 0, 0])