Dict(
	[12, 12, 22, 23, 24, 5] => QQFieldElem[0, 0, 0, 0, 0, 0, -1//3, 0],
	[12, 12, 22, 23, 25, 6] => QQFieldElem[0, 0, 0, 0, 0, 0, 2//3, 0],
	[12, 12, 22, 23, 20, 21] => QQFieldElem[0, 0, 0, 0, 0, 0, 4//3, 0],
	[12, 12, 22, 23, 20, 2] => QQFieldElem[0, 0, 0, 0, 0, 0, -3, 0],
	[12, 12, 22, 23, 15, 5] => QQFieldElem[-4//3, 0, 0, 0, 0, 0, 0, 0],
	[12, 12, 22, 23, 20, 5] => QQFieldElem[0, 0, 0, 0, 0, 0, -1//3, 0],
	[12, 12, 22, 23, 24, 6] => QQFieldElem[0, 0, 0, 0, 0, 0, 2//3, 0],
	[12, 12, 22, 23, 15, 6] => QQFieldElem[-16//3, 0, 0, 0, 0, 0, 0, 0],
	[12, 12, 22, 23, 25, 21] => QQFieldElem[0, 0, 0, 0, 0, 0, -2//3, 0],
	[12, 12, 22, 23, 25, 2] => QQFieldElem[0, 0, 0, 0, 0, 0, -3, 0],
	[12, 12, 22, 23, 20, 6] => QQFieldElem[0, 0, 0, 0, 0, 0, -4//3, 0],
	[12, 12, 22, 23, 25, 5] => QQFieldElem[0, 0, 0, 0, 0, 0, -1//3, 0],
	[12, 12, 22, 23, 24, 21] => QQFieldElem[0, 0, 0, 0, 0, 0, 2//3, 0],
	[12, 12, 22, 23, 24, 2] => QQFieldElem[0, 0, 0, 0, 0, 0, 3, 0],
	[12, 12, 22, 23, 15, 21] => QQFieldElem[-16//3, 0, 0, 0, 0, 0, 0, 0],
	[12, 12, 22, 23, 15, 2] => QQFieldElem[12, 0, 0, 0, 0, 0, 0, 0])