Dict(
	[12, 24, 24, 12, 8, 13] => QQFieldElem[-5//72, 0, 0, 0, 1//18, 0, 0, 0],
	[12, 24, 24, 12, 21, 13] => QQFieldElem[1//24, 0, 0, 0, 0, 0, 0, 0],
	[12, 24, 24, 12, 1, 17] => QQFieldElem[0, 0, 1//3, 0, 0, 0, -1//6, 0],
	[12, 24, 24, 12, 7, 17] => QQFieldElem[0, 0, 1//3, 0, 0, 0, -1//6, 0],
	[12, 24, 24, 12, 1, 23] => QQFieldElem[0, 0, -2//3, 0, 0, 0, 1//3, 0],
	[12, 24, 24, 12, 7, 23] => QQFieldElem[0, 0, -2//3, 0, 0, 0, 1//3, 0],
	[12, 24, 24, 12, 1, 22] => QQFieldElem[0, 0, 0, 0, 0, 0, 1//3, 0],
	[12, 24, 24, 12, 7, 22] => QQFieldElem[0, 0, 0, 0, 0, 0, -1//3, 0],
	[12, 24, 24, 12, 8, 17] => QQFieldElem[0, 0, -1//3, 0, 0, 0, -1//12, 0],
	[12, 24, 24, 12, 8, 23] => QQFieldElem[0, 0, -1//3, 0, 0, 0, -1//12, 0],
	[12, 24, 24, 12, 8, 22] => QQFieldElem[0, 0, 1//6, 0, 0, 0, -1//4, 0],
	[12, 24, 24, 12, 21, 17] => QQFieldElem[0, 0, 0, 0, 0, 0, -1//4, 0],
	[12, 24, 24, 12, 21, 23] => QQFieldElem[0, 0, 0, 0, 0, 0, -1//4, 0],
	[12, 24, 24, 12, 21, 22] => QQFieldElem[0, 0, -1//6, 0, 0, 0, 1//12, 0],
	[12, 24, 24, 12, 1, 13] => QQFieldElem[-1//36, 0, 0, 0, 1//18, 0, 0, 0],
	[12, 24, 24, 12, 7, 13] => QQFieldElem[1//36, 0, 0, 0, -1//18, 0, 0, 0])