Dict(
	[21, 22, 12, 24, 20, 23] => QQFieldElem[-1, 0, 0, 0, 1, 0, 0, 0],
	[21, 22, 12, 24, 15, 14] => QQFieldElem[3//2, 0, 0, 0, 0, 0, 0, 0],
	[21, 22, 12, 24, 20, 22] => QQFieldElem[1, 0, 0, 0, -1, 0, 0, 0],
	[21, 22, 12, 24, 25, 18] => QQFieldElem[0, 0, 0, 0, 1//4, 0, 0, 0],
	[21, 22, 12, 24, 20, 14] => QQFieldElem[9, 0, 0, 0, 0, 0, 0, 0],
	[21, 22, 12, 24, 24, 18] => QQFieldElem[0, 0, 0, 0, -1//4, 0, 0, 0],
	[21, 22, 12, 24, 15, 18] => QQFieldElem[-1//12, 0, 0, 0, 0, 0, 0, 0],
	[21, 22, 12, 24, 25, 23] => QQFieldElem[-1//2, 0, 0, 0, 0, 0, 0, 0],
	[21, 22, 12, 24, 25, 22] => QQFieldElem[-1//2, 0, 0, 0, 0, 0, 0, 0],
	[21, 22, 12, 24, 20, 18] => QQFieldElem[-1//2, 0, 0, 0, 0, 0, 0, 0],
	[21, 22, 12, 24, 25, 14] => QQFieldElem[0, 0, 0, 0, 9//2, 0, 0, 0],
	[21, 22, 12, 24, 24, 23] => QQFieldElem[-1//2, 0, 0, 0, 0, 0, 0, 0],
	[21, 22, 12, 24, 24, 22] => QQFieldElem[-1//2, 0, 0, 0, 0, 0, 0, 0],
	[21, 22, 12, 24, 15, 23] => QQFieldElem[1//6, 0, 0, 0, -1//6, 0, 0, 0],
	[21, 22, 12, 24, 15, 22] => QQFieldElem[-1//6, 0, 0, 0, 1//6, 0, 0, 0],
	[21, 22, 12, 24, 24, 14] => QQFieldElem[0, 0, 0, 0, -9//2, 0, 0, 0])