Dict(
	[21, 12, 23, 24, 25, 9] => QQFieldElem[0, 0, 3//4, 0, 0, 0, -3//2, 0],
	[21, 12, 23, 24, 24, 12] => QQFieldElem[0, 0, 0, 0, 0, 0, -1//2, 0],
	[21, 12, 23, 24, 16, 10] => QQFieldElem[0, 0, 1//4, 0, 0, 0, 0, 0],
	[21, 12, 23, 24, 24, 11] => QQFieldElem[0, 0, 1, 0, 0, 0, -1//2, 0],
	[21, 12, 23, 24, 24, 9] => QQFieldElem[0, 0, 9//4, 0, 0, 0, 0, 0],
	[21, 12, 23, 24, 16, 12] => QQFieldElem[0, 0, 0, 0, 0, 0, -1//2, 0],
	[21, 12, 23, 24, 19, 10] => QQFieldElem[0, 0, -1//4, 0, 0, 0, -1//2, 0],
	[21, 12, 23, 24, 25, 10] => QQFieldElem[0, 0, 1//4, 0, 0, 0, -1//2, 0],
	[21, 12, 23, 24, 16, 11] => QQFieldElem[0, 0, 1, 0, 0, 0, -1//2, 0],
	[21, 12, 23, 24, 16, 9] => QQFieldElem[0, 0, -9//4, 0, 0, 0, 0, 0],
	[21, 12, 23, 24, 24, 10] => QQFieldElem[0, 0, -1//4, 0, 0, 0, 0, 0],
	[21, 12, 23, 24, 19, 12] => QQFieldElem[0, 0, 1, 0, 0, 0, -3//2, 0],
	[21, 12, 23, 24, 25, 12] => QQFieldElem[0, 0, -1, 0, 0, 0, 1//2, 0],
	[21, 12, 23, 24, 19, 11] => QQFieldElem[0, 0, -2//3, 0, 0, 0, -1//6, 0],
	[21, 12, 23, 24, 25, 11] => QQFieldElem[0, 0, 0, 0, 0, 0, 1//2, 0],
	[21, 12, 23, 24, 19, 9] => QQFieldElem[0, 0, -3//4, 0, 0, 0, -3//2, 0])