Dict(
	[21, 21, 25, 25, 19, 3] => QQFieldElem[0, 0, 0, 0, 27, 0, 0, 0],
	[21, 21, 25, 25, 25, 3] => QQFieldElem[0, 0, 0, 0, 0, 0, -3, 0],
	[21, 21, 25, 25, 24, 8] => QQFieldElem[-12, 0, 0, 0, 6, 0, 0, 0],
	[21, 21, 25, 25, 24, 1] => QQFieldElem[-18, 0, 0, 0, 9, 0, 0, 0],
	[21, 21, 25, 25, 15, 8] => QQFieldElem[-4, 0, 0, 0, 0, 0, 0, 0],
	[21, 21, 25, 25, 19, 7] => QQFieldElem[0, 0, 0, 0, -9, 0, 0, 0],
	[21, 21, 25, 25, 25, 7] => QQFieldElem[0, 0, 0, 0, 0, 0, -1, 0],
	[21, 21, 25, 25, 20, 5] => QQFieldElem[-6, 0, 0, 0, -6, 0, 0, 0],
	[21, 21, 25, 25, 15, 1] => QQFieldElem[6, 0, 0, 0, 0, 0, 0, 0],
	[21, 21, 25, 25, 16, 5] => QQFieldElem[1, 0, 0, 0, 0, 0, 0, 0],
	[21, 21, 25, 25, 20, 8] => QQFieldElem[0, 0, 0, 0, 0, 0, 0, 0],
	[21, 21, 25, 25, 24, 3] => QQFieldElem[18, 0, 0, 0, -9, 0, 0, 0],
	[21, 21, 25, 25, 16, 8] => QQFieldElem[-2, 0, 0, 0, 0, 0, 0, 0],
	[21, 21, 25, 25, 19, 21] => QQFieldElem[0, 0, 0, 0, -18, 0, 0, 0],
	[21, 21, 25, 25, 20, 1] => QQFieldElem[-18, 0, 0, 0, -18, 0, 0, 0],
	[21, 21, 25, 25, 16, 1] => QQFieldElem[-3, 0, 0, 0, 0, 0, 0, 0],
	[21, 21, 25, 25, 15, 3] => QQFieldElem[6, 0, 0, 0, 0, 0, 0, 0],
	[21, 21, 25, 25, 25, 21] => QQFieldElem[0, 0, 0, 0, 0, 0, 0, 0],
	[21, 21, 25, 25, 24, 7] => QQFieldElem[-6, 0, 0, 0, 3, 0, 0, 0],
	[21, 21, 25, 25, 15, 7] => QQFieldElem[-2, 0, 0, 0, 0, 0, 0, 0],
	[21, 21, 25, 25, 19, 5] => QQFieldElem[0, 0, 0, 0, 9, 0, 0, 0],
	[21, 21, 25, 25, 20, 3] => QQFieldElem[18, 0, 0, 0, 18, 0, 0, 0],
	[21, 21, 25, 25, 25, 5] => QQFieldElem[0, 0, 0, 0, 0, 0, -1, 0],
	[21, 21, 25, 25, 16, 3] => QQFieldElem[-3, 0, 0, 0, 0, 0, 0, 0],
	[21, 21, 25, 25, 24, 21] => QQFieldElem[12, 0, 0, 0, -6, 0, 0, 0],
	[21, 21, 25, 25, 20, 7] => QQFieldElem[6, 0, 0, 0, 6, 0, 0, 0],
	[21, 21, 25, 25, 16, 7] => QQFieldElem[1, 0, 0, 0, 0, 0, 0, 0],
	[21, 21, 25, 25, 15, 21] => QQFieldElem[-4, 0, 0, 0, 0, 0, 0, 0],
	[21, 21, 25, 25, 19, 8] => QQFieldElem[0, 0, 0, 0, 18, 0, 0, 0],
	[21, 21, 25, 25, 25, 8] => QQFieldElem[0, 0, 0, 0, 0, 0, 0, 0],
	[21, 21, 25, 25, 19, 1] => QQFieldElem[0, 0, 0, 0, -27, 0, 0, 0],
	[21, 21, 25, 25, 25, 1] => QQFieldElem[0, 0, 0, 0, 0, 0, -3, 0],
	[21, 21, 25, 25, 24, 5] => QQFieldElem[6, 0, 0, 0, -3, 0, 0, 0],
	[21, 21, 25, 25, 15, 5] => QQFieldElem[-2, 0, 0, 0, 0, 0, 0, 0],
	[21, 21, 25, 25, 20, 21] => QQFieldElem[0, 0, 0, 0, 0, 0, 0, 0],
	[21, 21, 25, 25, 16, 21] => QQFieldElem[-2, 0, 0, 0, 0, 0, 0, 0])