Dict(
	[21, 11, 25, 23, 13, 9] => QQFieldElem[0, 0, 9//4, 0, 0, 0, -9//4, 0],
	[21, 11, 25, 23, 22, 10] => QQFieldElem[0, 0, -1//4, 0, 0, 0, -1//4, 0],
	[21, 11, 25, 23, 23, 10] => QQFieldElem[0, 0, 1//4, 0, 0, 0, -1//4, 0],
	[21, 11, 25, 23, 17, 10] => QQFieldElem[0, 0, 1//4, 0, 0, 0, -3//4, 0],
	[21, 11, 25, 23, 22, 12] => QQFieldElem[0, 0, 0, 0, 0, 0, 1//2, 0],
	[21, 11, 25, 23, 23, 12] => QQFieldElem[0, 0, -1, 0, 0, 0, 1//2, 0],
	[21, 11, 25, 23, 13, 10] => QQFieldElem[0, 0, -1//4, 0, 0, 0, 1//4, 0],
	[21, 11, 25, 23, 22, 11] => QQFieldElem[0, 0, 1, 0, 0, 0, -1//2, 0],
	[21, 11, 25, 23, 17, 12] => QQFieldElem[0, 0, 2//3, 0, 0, 0, -5//6, 0],
	[21, 11, 25, 23, 22, 9] => QQFieldElem[0, 0, -3//4, 0, 0, 0, -3//4, 0],
	[21, 11, 25, 23, 23, 11] => QQFieldElem[0, 0, 0, 0, 0, 0, -1//2, 0],
	[21, 11, 25, 23, 23, 9] => QQFieldElem[0, 0, -9//4, 0, 0, 0, 9//4, 0],
	[21, 11, 25, 23, 17, 11] => QQFieldElem[0, 0, -1, 0, 0, 0, -1//2, 0],
	[21, 11, 25, 23, 17, 9] => QQFieldElem[0, 0, 3//4, 0, 0, 0, -9//4, 0],
	[21, 11, 25, 23, 13, 12] => QQFieldElem[0, 0, -1, 0, 0, 0, 1//2, 0],
	[21, 11, 25, 23, 13, 11] => QQFieldElem[0, 0, 0, 0, 0, 0, -1//2, 0])