Dict(
	[21, 25, 9, 23, 23, 20] => QQFieldElem[-1//4, 0, 0, 0, -1//4, 0, 0, 0],
	[21, 25, 9, 23, 22, 24] => QQFieldElem[1//2, 0, 0, 0, 0, 0, 0, 0],
	[21, 25, 9, 23, 13, 15] => QQFieldElem[-3//2, 0, 0, 0, 0, 0, 0, 0],
	[21, 25, 9, 23, 23, 24] => QQFieldElem[-1//14, 0, 0, 0, -2//7, 0, 0, 0],
	[21, 25, 9, 23, 17, 20] => QQFieldElem[1//2, 0, 0, 0, 0, 0, 0, 0],
	[21, 25, 9, 23, 17, 24] => QQFieldElem[-2//7, 0, 0, 0, -1//7, 0, 0, 0],
	[21, 25, 9, 23, 13, 20] => QQFieldElem[-1//4, 0, 0, 0, 0, 0, 0, 0],
	[21, 25, 9, 23, 22, 25] => QQFieldElem[-5//6, 0, 0, 0, 2//3, 0, 0, 0],
	[21, 25, 9, 23, 13, 24] => QQFieldElem[-1//7, 0, 0, 0, -1//14, 0, 0, 0],
	[21, 25, 9, 23, 23, 25] => QQFieldElem[1//2, 0, 0, 0, 0, 0, 0, 0],
	[21, 25, 9, 23, 17, 25] => QQFieldElem[-2//3, 0, 0, 0, 1//3, 0, 0, 0],
	[21, 25, 9, 23, 22, 15] => QQFieldElem[9//2, 0, 0, 0, -3//2, 0, 0, 0],
	[21, 25, 9, 23, 23, 15] => QQFieldElem[3//2, 0, 0, 0, 3//2, 0, 0, 0],
	[21, 25, 9, 23, 17, 15] => QQFieldElem[3, 0, 0, 0, 0, 0, 0, 0],
	[21, 25, 9, 23, 13, 25] => QQFieldElem[-1//3, 0, 0, 0, 1//6, 0, 0, 0],
	[21, 25, 9, 23, 22, 20] => QQFieldElem[-3//4, 0, 0, 0, 1//4, 0, 0, 0])