Dict(
	[21, 23, 25, 11, 12, 17] => QQFieldElem[0, 0, 0, 0, 0, 0, -1//4, 0],
	[21, 23, 25, 11, 11, 13] => QQFieldElem[0, 0, -1//3, 0, 0, 0, -1//12, 0],
	[21, 23, 25, 11, 12, 23] => QQFieldElem[0, 0, -3//14, 0, 0, 0, -3//28, 0],
	[21, 23, 25, 11, 12, 22] => QQFieldElem[0, 0, 0, 0, 0, 0, -1//4, 0],
	[21, 23, 25, 11, 9, 17] => QQFieldElem[0, 0, -1//2, 0, 0, 0, 1//2, 0],
	[21, 23, 25, 11, 9, 23] => QQFieldElem[0, 0, -3//14, 0, 0, 0, 9//14, 0],
	[21, 23, 25, 11, 9, 22] => QQFieldElem[0, 0, 1//2, 0, 0, 0, -1//2, 0],
	[21, 23, 25, 11, 11, 17] => QQFieldElem[0, 0, 1//2, 0, 0, 0, -3//4, 0],
	[21, 23, 25, 11, 11, 23] => QQFieldElem[0, 0, 0, 0, 0, 0, 1//4, 0],
	[21, 23, 25, 11, 10, 13] => QQFieldElem[0, 0, -1//6, 0, 0, 0, -1//6, 0],
	[21, 23, 25, 11, 11, 22] => QQFieldElem[0, 0, 1//2, 0, 0, 0, -3//4, 0],
	[21, 23, 25, 11, 12, 13] => QQFieldElem[0, 0, 1//2, 0, 0, 0, -1//4, 0],
	[21, 23, 25, 11, 9, 13] => QQFieldElem[0, 0, 1//2, 0, 0, 0, 1//2, 0],
	[21, 23, 25, 11, 10, 17] => QQFieldElem[0, 0, -1//2, 0, 0, 0, 1//2, 0],
	[21, 23, 25, 11, 10, 23] => QQFieldElem[0, 0, 1//14, 0, 0, 0, -3//14, 0],
	[21, 23, 25, 11, 10, 22] => QQFieldElem[0, 0, 1//2, 0, 0, 0, -1//2, 0])