Dict(
	[21, 12, 22, 25, 15, 12] => QQFieldElem[0, 0, 1, 0, 0, 0, -1//2, 0],
	[21, 12, 22, 25, 24, 11] => QQFieldElem[0, 0, 0, 0, 0, 0, -1//2, 0],
	[21, 12, 22, 25, 24, 9] => QQFieldElem[0, 0, 9//4, 0, 0, 0, 0, 0],
	[21, 12, 22, 25, 15, 11] => QQFieldElem[0, 0, 0, 0, 0, 0, -1//2, 0],
	[21, 12, 22, 25, 20, 12] => QQFieldElem[0, 0, -2//3, 0, 0, 0, -1//6, 0],
	[21, 12, 22, 25, 15, 9] => QQFieldElem[0, 0, -9//4, 0, 0, 0, 0, 0],
	[21, 12, 22, 25, 25, 10] => QQFieldElem[0, 0, 1//4, 0, 0, 0, -1//2, 0],
	[21, 12, 22, 25, 20, 11] => QQFieldElem[0, 0, 1, 0, 0, 0, -3//2, 0],
	[21, 12, 22, 25, 20, 9] => QQFieldElem[0, 0, -3//4, 0, 0, 0, -3//2, 0],
	[21, 12, 22, 25, 24, 10] => QQFieldElem[0, 0, -1//4, 0, 0, 0, 0, 0],
	[21, 12, 22, 25, 25, 12] => QQFieldElem[0, 0, 0, 0, 0, 0, 1//2, 0],
	[21, 12, 22, 25, 15, 10] => QQFieldElem[0, 0, 1//4, 0, 0, 0, 0, 0],
	[21, 12, 22, 25, 25, 11] => QQFieldElem[0, 0, -1, 0, 0, 0, 1//2, 0],
	[21, 12, 22, 25, 25, 9] => QQFieldElem[0, 0, 3//4, 0, 0, 0, -3//2, 0],
	[21, 12, 22, 25, 20, 10] => QQFieldElem[0, 0, -1//4, 0, 0, 0, -1//2, 0],
	[21, 12, 22, 25, 24, 12] => QQFieldElem[0, 0, 1, 0, 0, 0, -1//2, 0])