Dict(
	[21, 10, 24, 22, 23, 11] => QQFieldElem[0, 0, 3//7, 0, 0, 0, -9//14, 0],
	[21, 10, 24, 22, 23, 9] => QQFieldElem[0, 0, 3//4, 0, 0, 0, -3//4, 0],
	[21, 10, 24, 22, 17, 11] => QQFieldElem[0, 0, 0, 0, 0, 0, 1//2, 0],
	[21, 10, 24, 22, 17, 9] => QQFieldElem[0, 0, 3//4, 0, 0, 0, -9//4, 0],
	[21, 10, 24, 22, 13, 12] => QQFieldElem[0, 0, 0, 0, 0, 0, -1//2, 0],
	[21, 10, 24, 22, 13, 11] => QQFieldElem[0, 0, 3//7, 0, 0, 0, -9//14, 0],
	[21, 10, 24, 22, 13, 9] => QQFieldElem[0, 0, -3//4, 0, 0, 0, 3//4, 0],
	[21, 10, 24, 22, 22, 10] => QQFieldElem[0, 0, -1//4, 0, 0, 0, -1//4, 0],
	[21, 10, 24, 22, 23, 10] => QQFieldElem[0, 0, -3//4, 0, 0, 0, 3//4, 0],
	[21, 10, 24, 22, 17, 10] => QQFieldElem[0, 0, 1//4, 0, 0, 0, -3//4, 0],
	[21, 10, 24, 22, 22, 12] => QQFieldElem[0, 0, 1, 0, 0, 0, -1//2, 0],
	[21, 10, 24, 22, 23, 12] => QQFieldElem[0, 0, 0, 0, 0, 0, -1//2, 0],
	[21, 10, 24, 22, 13, 10] => QQFieldElem[0, 0, 3//4, 0, 0, 0, -3//4, 0],
	[21, 10, 24, 22, 17, 12] => QQFieldElem[0, 0, -1, 0, 0, 0, -1//2, 0],
	[21, 10, 24, 22, 22, 11] => QQFieldElem[0, 0, -2//7, 0, 0, 0, -1//14, 0],
	[21, 10, 24, 22, 22, 9] => QQFieldElem[0, 0, -3//4, 0, 0, 0, -3//4, 0])