Dict(
	[21, 21, 10, 9, 9, 2] => QQFieldElem[2, 0, 0, 0, 0, 0, 0, 0],
	[21, 21, 10, 9, 10, 6] => QQFieldElem[0, 0, 6, 0, 0, 0, 6, 0],
	[21, 21, 10, 9, 11, 21] => QQFieldElem[0, 0, -6, 0, 0, 0, 12, 0],
	[21, 21, 10, 9, 11, 2] => QQFieldElem[0, 0, -6, 0, 0, 0, 12, 0],
	[21, 21, 10, 9, 12, 6] => QQFieldElem[-1, 0, 0, 0, 0, 0, 0, 0],
	[21, 21, 10, 9, 9, 5] => QQFieldElem[2, 0, 0, 0, 0, 0, 0, 0],
	[21, 21, 10, 9, 11, 5] => QQFieldElem[0, 0, 6, 0, 0, 0, -12, 0],
	[21, 21, 10, 9, 9, 6] => QQFieldElem[2, 0, 0, 0, 0, 0, 0, 0],
	[21, 21, 10, 9, 10, 21] => QQFieldElem[0, 0, -6, 0, 0, 0, -6, 0],
	[21, 21, 10, 9, 10, 2] => QQFieldElem[0, 0, 6, 0, 0, 0, 6, 0],
	[21, 21, 10, 9, 11, 6] => QQFieldElem[0, 0, 6, 0, 0, 0, -12, 0],
	[21, 21, 10, 9, 12, 21] => QQFieldElem[-1, 0, 0, 0, 0, 0, 0, 0],
	[21, 21, 10, 9, 12, 2] => QQFieldElem[1, 0, 0, 0, 0, 0, 0, 0],
	[21, 21, 10, 9, 10, 5] => QQFieldElem[0, 0, -6, 0, 0, 0, -6, 0],
	[21, 21, 10, 9, 12, 5] => QQFieldElem[1, 0, 0, 0, 0, 0, 0, 0],
	[21, 21, 10, 9, 9, 21] => QQFieldElem[2, 0, 0, 0, 0, 0, 0, 0])