Dict(
	[21, 22, 22, 21, 1, 17] => QQFieldElem[1//12, 0, 0, 0, -1//24, 0, 0, 0],
	[21, 22, 22, 21, 7, 17] => QQFieldElem[1//12, 0, 0, 0, -1//24, 0, 0, 0],
	[21, 22, 22, 21, 4, 18] => QQFieldElem[0, 0, 0, 0, -1//24, 0, 0, 0],
	[21, 22, 22, 21, 7, 23] => QQFieldElem[0, 0, 0, 0, 0, 0, -1//4, 0],
	[21, 22, 22, 21, 1, 22] => QQFieldElem[1//24, 0, 0, 0, 1//24, 0, 0, 0],
	[21, 22, 22, 21, 7, 22] => QQFieldElem[-1//24, 0, 0, 0, -1//24, 0, 0, 0],
	[21, 22, 22, 21, 6, 14] => QQFieldElem[-1//144, 0, 0, 0, 0, 0, 0, 0],
	[21, 22, 22, 21, 1, 23] => QQFieldElem[0, 0, 0, 0, 0, 0, 1//4, 0],
	[21, 22, 22, 21, 8, 17] => QQFieldElem[-1//12, 0, 0, 0, 1//24, 0, 0, 0],
	[21, 22, 22, 21, 8, 23] => QQFieldElem[0, 0, 0, 0, 0, 0, 0, 0],
	[21, 22, 22, 21, 8, 22] => QQFieldElem[0, 0, 0, 0, 0, 0, 0, 0],
	[21, 22, 22, 21, 1, 14] => QQFieldElem[-1//144, 0, 0, 0, 0, 0, 0, 0],
	[21, 22, 22, 21, 7, 14] => QQFieldElem[-1//144, 0, 0, 0, 0, 0, 0, 0],
	[21, 22, 22, 21, 21, 17] => QQFieldElem[1//12, 0, 0, 0, -1//24, 0, 0, 0],
	[21, 22, 22, 21, 21, 23] => QQFieldElem[0, 0, 0, 0, 0, 0, 0, 0],
	[21, 22, 22, 21, 21, 22] => QQFieldElem[0, 0, 0, 0, 0, 0, 0, 0],
	[21, 22, 22, 21, 4, 17] => QQFieldElem[-1//12, 0, 0, 0, 1//24, 0, 0, 0],
	[21, 22, 22, 21, 8, 14] => QQFieldElem[-1//144, 0, 0, 0, 0, 0, 0, 0],
	[21, 22, 22, 21, 6, 13] => QQFieldElem[-1//24, 0, 0, 0, 0, 0, 0, 0],
	[21, 22, 22, 21, 4, 23] => QQFieldElem[0, 0, 0, 0, 0, 0, 1//4, 0],
	[21, 22, 22, 21, 4, 22] => QQFieldElem[-1//24, 0, 0, 0, -1//24, 0, 0, 0],
	[21, 22, 22, 21, 6, 18] => QQFieldElem[0, 0, 0, 0, -1//24, 0, 0, 0],
	[21, 22, 22, 21, 21, 14] => QQFieldElem[-1//144, 0, 0, 0, 0, 0, 0, 0],
	[21, 22, 22, 21, 1, 13] => QQFieldElem[-1//24, 0, 0, 0, 0, 0, 0, 0],
	[21, 22, 22, 21, 4, 14] => QQFieldElem[-1//144, 0, 0, 0, 0, 0, 0, 0],
	[21, 22, 22, 21, 7, 13] => QQFieldElem[-1//24, 0, 0, 0, 0, 0, 0, 0],
	[21, 22, 22, 21, 1, 18] => QQFieldElem[0, 0, 0, 0, 1//24, 0, 0, 0],
	[21, 22, 22, 21, 7, 18] => QQFieldElem[0, 0, 0, 0, 1//24, 0, 0, 0],
	[21, 22, 22, 21, 8, 13] => QQFieldElem[1//24, 0, 0, 0, 0, 0, 0, 0],
	[21, 22, 22, 21, 8, 18] => QQFieldElem[0, 0, 0, 0, 1//24, 0, 0, 0],
	[21, 22, 22, 21, 6, 17] => QQFieldElem[-1//12, 0, 0, 0, 1//24, 0, 0, 0],
	[21, 22, 22, 21, 6, 23] => QQFieldElem[0, 0, 0, 0, 0, 0, -1//4, 0],
	[21, 22, 22, 21, 21, 13] => QQFieldElem[1//24, 0, 0, 0, 0, 0, 0, 0],
	[21, 22, 22, 21, 6, 22] => QQFieldElem[1//24, 0, 0, 0, 1//24, 0, 0, 0],
	[21, 22, 22, 21, 21, 18] => QQFieldElem[0, 0, 0, 0, -1//24, 0, 0, 0],
	[21, 22, 22, 21, 4, 13] => QQFieldElem[-1//24, 0, 0, 0, 0, 0, 0, 0])