Dict(
	[21, 23, 25, 9, 12, 13] => QQFieldElem[0, 0, 0, 0, 0, 0, 1//4, 0],
	[21, 23, 25, 9, 9, 13] => QQFieldElem[0, 0, 1//6, 0, 0, 0, 1//6, 0],
	[21, 23, 25, 9, 10, 17] => QQFieldElem[0, 0, 1//2, 0, 0, 0, -1//2, 0],
	[21, 23, 25, 9, 10, 23] => QQFieldElem[0, 0, 3//14, 0, 0, 0, -9//14, 0],
	[21, 23, 25, 9, 10, 22] => QQFieldElem[0, 0, -1//2, 0, 0, 0, 1//2, 0],
	[21, 23, 25, 9, 12, 17] => QQFieldElem[0, 0, -1//2, 0, 0, 0, 1//4, 0],
	[21, 23, 25, 9, 11, 13] => QQFieldElem[0, 0, 1//2, 0, 0, 0, -1//4, 0],
	[21, 23, 25, 9, 12, 23] => QQFieldElem[0, 0, 1//7, 0, 0, 0, -5//28, 0],
	[21, 23, 25, 9, 12, 22] => QQFieldElem[0, 0, -1//2, 0, 0, 0, 1//4, 0],
	[21, 23, 25, 9, 9, 17] => QQFieldElem[0, 0, 1//2, 0, 0, 0, -1//2, 0],
	[21, 23, 25, 9, 9, 23] => QQFieldElem[0, 0, -1//14, 0, 0, 0, 3//14, 0],
	[21, 23, 25, 9, 9, 22] => QQFieldElem[0, 0, -1//2, 0, 0, 0, 1//2, 0],
	[21, 23, 25, 9, 11, 17] => QQFieldElem[0, 0, 0, 0, 0, 0, -1//4, 0],
	[21, 23, 25, 9, 11, 23] => QQFieldElem[0, 0, -3//14, 0, 0, 0, -3//28, 0],
	[21, 23, 25, 9, 10, 13] => QQFieldElem[0, 0, -1//2, 0, 0, 0, -1//2, 0],
	[21, 23, 25, 9, 11, 22] => QQFieldElem[0, 0, 0, 0, 0, 0, -1//4, 0])