Dict(
	[21, 12, 9, 21, 7, 11] => QQFieldElem[0, 0, -1//24, 0, 0, 0, -1//24, 0],
	[21, 12, 9, 21, 7, 9] => QQFieldElem[1//24, 0, 0, 0, 0, 0, 0, 0],
	[21, 12, 9, 21, 21, 12] => QQFieldElem[1//4, 0, 0, 0, 0, 0, 0, 0],
	[21, 12, 9, 21, 3, 12] => QQFieldElem[-1//4, 0, 0, 0, 0, 0, 0, 0],
	[21, 12, 9, 21, 5, 10] => QQFieldElem[0, 0, -1//24, 0, 0, 0, 1//12, 0],
	[21, 12, 9, 21, 21, 11] => QQFieldElem[0, 0, 1//24, 0, 0, 0, 1//24, 0],
	[21, 12, 9, 21, 3, 11] => QQFieldElem[0, 0, 1//24, 0, 0, 0, 1//24, 0],
	[21, 12, 9, 21, 21, 9] => QQFieldElem[1//24, 0, 0, 0, 0, 0, 0, 0],
	[21, 12, 9, 21, 3, 9] => QQFieldElem[1//24, 0, 0, 0, 0, 0, 0, 0],
	[21, 12, 9, 21, 5, 12] => QQFieldElem[-1//4, 0, 0, 0, 0, 0, 0, 0],
	[21, 12, 9, 21, 7, 10] => QQFieldElem[0, 0, 1//24, 0, 0, 0, -1//12, 0],
	[21, 12, 9, 21, 5, 11] => QQFieldElem[0, 0, -1//24, 0, 0, 0, -1//24, 0],
	[21, 12, 9, 21, 5, 9] => QQFieldElem[1//24, 0, 0, 0, 0, 0, 0, 0],
	[21, 12, 9, 21, 21, 10] => QQFieldElem[0, 0, -1//24, 0, 0, 0, 1//12, 0],
	[21, 12, 9, 21, 3, 10] => QQFieldElem[0, 0, 1//24, 0, 0, 0, -1//12, 0],
	[21, 12, 9, 21, 7, 12] => QQFieldElem[1//4, 0, 0, 0, 0, 0, 0, 0])