Dict(
	[21, 22, 10, 25, 24, 13] => QQFieldElem[3, 0, 0, 0, 3//2, 0, 0, 0],
	[21, 22, 10, 25, 19, 17] => QQFieldElem[1//2, 0, 0, 0, 0, 0, 0, 0],
	[21, 22, 10, 25, 25, 17] => QQFieldElem[-1//2, 0, 0, 0, 1//4, 0, 0, 0],
	[21, 22, 10, 25, 19, 23] => QQFieldElem[-3//7, 0, 0, 0, 1//7, 0, 0, 0],
	[21, 22, 10, 25, 25, 23] => QQFieldElem[-5//14, 0, 0, 0, 2//7, 0, 0, 0],
	[21, 22, 10, 25, 19, 22] => QQFieldElem[-1//3, 0, 0, 0, -1//3, 0, 0, 0],
	[21, 22, 10, 25, 25, 22] => QQFieldElem[1//2, 0, 0, 0, 0, 0, 0, 0],
	[21, 22, 10, 25, 16, 13] => QQFieldElem[-3//2, 0, 0, 0, 0, 0, 0, 0],
	[21, 22, 10, 25, 24, 17] => QQFieldElem[-1//2, 0, 0, 0, -1//4, 0, 0, 0],
	[21, 22, 10, 25, 24, 23] => QQFieldElem[1//2, 0, 0, 0, 0, 0, 0, 0],
	[21, 22, 10, 25, 24, 22] => QQFieldElem[-1//6, 0, 0, 0, -2//3, 0, 0, 0],
	[21, 22, 10, 25, 19, 13] => QQFieldElem[3, 0, 0, 0, 0, 0, 0, 0],
	[21, 22, 10, 25, 25, 13] => QQFieldElem[3, 0, 0, 0, -3//2, 0, 0, 0],
	[21, 22, 10, 25, 16, 17] => QQFieldElem[-1//4, 0, 0, 0, 0, 0, 0, 0],
	[21, 22, 10, 25, 16, 23] => QQFieldElem[-3//14, 0, 0, 0, 1//14, 0, 0, 0],
	[21, 22, 10, 25, 16, 22] => QQFieldElem[-1//6, 0, 0, 0, -1//6, 0, 0, 0])