Dict(
	[21, 23, 24, 10, 12, 17] => QQFieldElem[0, 0, 0, 0, 0, 0, 1//4, 0],
	[21, 23, 24, 10, 11, 13] => QQFieldElem[0, 0, 0, 0, 0, 0, -1//4, 0],
	[21, 23, 24, 10, 12, 23] => QQFieldElem[0, 0, -1//2, 0, 0, 0, 1//4, 0],
	[21, 23, 24, 10, 12, 22] => QQFieldElem[0, 0, 1//7, 0, 0, 0, -5//28, 0],
	[21, 23, 24, 10, 9, 17] => QQFieldElem[0, 0, 1//6, 0, 0, 0, 1//6, 0],
	[21, 23, 24, 10, 9, 23] => QQFieldElem[0, 0, -1//2, 0, 0, 0, 1//2, 0],
	[21, 23, 24, 10, 9, 22] => QQFieldElem[0, 0, -1//14, 0, 0, 0, 3//14, 0],
	[21, 23, 24, 10, 11, 17] => QQFieldElem[0, 0, 1//2, 0, 0, 0, -1//4, 0],
	[21, 23, 24, 10, 11, 23] => QQFieldElem[0, 0, 0, 0, 0, 0, -1//4, 0],
	[21, 23, 24, 10, 10, 13] => QQFieldElem[0, 0, 1//2, 0, 0, 0, -1//2, 0],
	[21, 23, 24, 10, 11, 22] => QQFieldElem[0, 0, -3//14, 0, 0, 0, -3//28, 0],
	[21, 23, 24, 10, 12, 13] => QQFieldElem[0, 0, -1//2, 0, 0, 0, 1//4, 0],
	[21, 23, 24, 10, 9, 13] => QQFieldElem[0, 0, 1//2, 0, 0, 0, -1//2, 0],
	[21, 23, 24, 10, 10, 17] => QQFieldElem[0, 0, -1//2, 0, 0, 0, -1//2, 0],
	[21, 23, 24, 10, 10, 23] => QQFieldElem[0, 0, -1//2, 0, 0, 0, 1//2, 0],
	[21, 23, 24, 10, 10, 22] => QQFieldElem[0, 0, 3//14, 0, 0, 0, -9//14, 0])