Dict(
	[22, 22, 21, 21, 22, 8] => QQFieldElem[0, 0, 0, 0, 0, 0, 0, 0],
	[22, 22, 21, 21, 13, 4] => QQFieldElem[0, 0, -3, 0, 0, 0, 3//2, 0],
	[22, 22, 21, 21, 22, 1] => QQFieldElem[0, 0, 9, 0, 0, 0, 0, 0],
	[22, 22, 21, 21, 14, 4] => QQFieldElem[0, 0, 6, 0, 0, 0, -3, 0],
	[22, 22, 21, 21, 13, 21] => QQFieldElem[0, 0, 0, 0, 0, 0, 3//2, 0],
	[22, 22, 21, 21, 22, 6] => QQFieldElem[0, 0, -3//2, 0, 0, 0, 3, 0],
	[22, 22, 21, 21, 23, 8] => QQFieldElem[0, 0, 0, 0, 0, 0, 0, 0],
	[22, 22, 21, 21, 23, 1] => QQFieldElem[-1//2, 0, 0, 0, 1, 0, 0, 0],
	[22, 22, 21, 21, 14, 21] => QQFieldElem[0, 0, 0, 0, 0, 0, 3, 0],
	[22, 22, 21, 21, 17, 8] => QQFieldElem[0, 0, -3//2, 0, 0, 0, -3//2, 0],
	[22, 22, 21, 21, 23, 6] => QQFieldElem[1//4, 0, 0, 0, 0, 0, 0, 0],
	[22, 22, 21, 21, 18, 8] => QQFieldElem[0, 0, -9//2, 0, 0, 0, 9//2, 0],
	[22, 22, 21, 21, 17, 1] => QQFieldElem[0, 0, 9//2, 0, 0, 0, -9//2, 0],
	[22, 22, 21, 21, 18, 1] => QQFieldElem[0, 0, 9//2, 0, 0, 0, 9//2, 0],
	[22, 22, 21, 21, 17, 6] => QQFieldElem[0, 0, -3//4, 0, 0, 0, -3//4, 0],
	[22, 22, 21, 21, 18, 6] => QQFieldElem[0, 0, 9//4, 0, 0, 0, -9//4, 0],
	[22, 22, 21, 21, 22, 7] => QQFieldElem[0, 0, 3//2, 0, 0, 0, -3, 0],
	[22, 22, 21, 21, 13, 8] => QQFieldElem[0, 0, 0, 0, 0, 0, 3//2, 0],
	[22, 22, 21, 21, 23, 7] => QQFieldElem[1//4, 0, 0, 0, 0, 0, 0, 0],
	[22, 22, 21, 21, 14, 8] => QQFieldElem[0, 0, 0, 0, 0, 0, 3, 0],
	[22, 22, 21, 21, 13, 1] => QQFieldElem[0, 0, -3, 0, 0, 0, 3//2, 0],
	[22, 22, 21, 21, 14, 1] => QQFieldElem[0, 0, 6, 0, 0, 0, -3, 0],
	[22, 22, 21, 21, 13, 6] => QQFieldElem[0, 0, 0, 0, 0, 0, -3//4, 0],
	[22, 22, 21, 21, 17, 7] => QQFieldElem[0, 0, 3//4, 0, 0, 0, 3//4, 0],
	[22, 22, 21, 21, 22, 4] => QQFieldElem[0, 0, -9, 0, 0, 0, 0, 0],
	[22, 22, 21, 21, 14, 6] => QQFieldElem[0, 0, 0, 0, 0, 0, 3//2, 0],
	[22, 22, 21, 21, 18, 7] => QQFieldElem[0, 0, -9//4, 0, 0, 0, 9//4, 0],
	[22, 22, 21, 21, 22, 21] => QQFieldElem[0, 0, 0, 0, 0, 0, 0, 0],
	[22, 22, 21, 21, 23, 4] => QQFieldElem[-1//2, 0, 0, 0, 1, 0, 0, 0],
	[22, 22, 21, 21, 23, 21] => QQFieldElem[0, 0, 0, 0, 0, 0, 0, 0],
	[22, 22, 21, 21, 17, 4] => QQFieldElem[0, 0, -9//2, 0, 0, 0, 9//2, 0],
	[22, 22, 21, 21, 17, 21] => QQFieldElem[0, 0, 3//2, 0, 0, 0, 3//2, 0],
	[22, 22, 21, 21, 18, 4] => QQFieldElem[0, 0, -9//2, 0, 0, 0, -9//2, 0],
	[22, 22, 21, 21, 18, 21] => QQFieldElem[0, 0, 9//2, 0, 0, 0, -9//2, 0],
	[22, 22, 21, 21, 14, 7] => QQFieldElem[0, 0, 0, 0, 0, 0, 3//2, 0],
	[22, 22, 21, 21, 13, 7] => QQFieldElem[0, 0, 0, 0, 0, 0, -3//4, 0])