Dict(
	[22, 11, 12, 22, 21, 25] => QQFieldElem[1, 0, 0, 0, 0, 0, 0, 0],
	[22, 11, 12, 22, 1, 16] => QQFieldElem[1//18, 0, 0, 0, 0, 0, 0, 0],
	[22, 11, 12, 22, 7, 16] => QQFieldElem[2, 0, 0, 0, 0, 0, 0, 0],
	[22, 11, 12, 22, 1, 24] => QQFieldElem[1//18, 0, 0, 0, 0, 0, 0, 0],
	[22, 11, 12, 22, 7, 24] => QQFieldElem[-2, 0, 0, 0, 0, 0, 0, 0],
	[22, 11, 12, 22, 8, 16] => QQFieldElem[1, 0, 0, 0, 0, 0, 0, 0],
	[22, 11, 12, 22, 1, 19] => QQFieldElem[-1//9, 0, 0, 0, 0, 0, 0, 0],
	[22, 11, 12, 22, 7, 19] => QQFieldElem[-4, 0, 0, 0, 0, 0, 0, 0],
	[22, 11, 12, 22, 8, 24] => QQFieldElem[1, 0, 0, 0, 0, 0, 0, 0],
	[22, 11, 12, 22, 21, 16] => QQFieldElem[1, 0, 0, 0, 0, 0, 0, 0],
	[22, 11, 12, 22, 8, 19] => QQFieldElem[1, 0, 0, 0, 0, 0, 0, 0],
	[22, 11, 12, 22, 21, 24] => QQFieldElem[-1, 0, 0, 0, 0, 0, 0, 0],
	[22, 11, 12, 22, 21, 19] => QQFieldElem[1, 0, 0, 0, 0, 0, 0, 0],
	[22, 11, 12, 22, 1, 25] => QQFieldElem[1//9, 0, 0, 0, 0, 0, 0, 0],
	[22, 11, 12, 22, 7, 25] => QQFieldElem[-4, 0, 0, 0, 0, 0, 0, 0],
	[22, 11, 12, 22, 8, 25] => QQFieldElem[-1, 0, 0, 0, 0, 0, 0, 0])