Dict(
	[22, 9, 11, 22, 21, 15] => QQFieldElem[-2, 0, 0, 0, 0, 0, 0, 0],
	[22, 9, 11, 22, 4, 15] => QQFieldElem[-1//9, 0, 0, 0, 2//9, 0, 0, 0],
	[22, 9, 11, 22, 8, 20] => QQFieldElem[-1, 0, 0, 0, 2//3, 0, 0, 0],
	[22, 9, 11, 22, 8, 24] => QQFieldElem[-1//3, 0, 0, 0, -4//3, 0, 0, 0],
	[22, 9, 11, 22, 21, 20] => QQFieldElem[1//3, 0, 0, 0, -2//3, 0, 0, 0],
	[22, 9, 11, 22, 6, 25] => QQFieldElem[4//3, 0, 0, 0, -8//3, 0, 0, 0],
	[22, 9, 11, 22, 21, 24] => QQFieldElem[-1, 0, 0, 0, 0, 0, 0, 0],
	[22, 9, 11, 22, 4, 20] => QQFieldElem[1//9, 0, 0, 0, 0, 0, 0, 0],
	[22, 9, 11, 22, 4, 24] => QQFieldElem[-1//18, 0, 0, 0, 1//9, 0, 0, 0],
	[22, 9, 11, 22, 6, 15] => QQFieldElem[4//3, 0, 0, 0, -8//3, 0, 0, 0],
	[22, 9, 11, 22, 8, 25] => QQFieldElem[-1//3, 0, 0, 0, -4//3, 0, 0, 0],
	[22, 9, 11, 22, 21, 25] => QQFieldElem[-1, 0, 0, 0, 0, 0, 0, 0],
	[22, 9, 11, 22, 6, 20] => QQFieldElem[-4//3, 0, 0, 0, 0, 0, 0, 0],
	[22, 9, 11, 22, 8, 15] => QQFieldElem[2//3, 0, 0, 0, 8//3, 0, 0, 0],
	[22, 9, 11, 22, 4, 25] => QQFieldElem[1//9, 0, 0, 0, -2//9, 0, 0, 0],
	[22, 9, 11, 22, 6, 24] => QQFieldElem[-2//3, 0, 0, 0, 4//3, 0, 0, 0])