Dict(
	[22, 22, 9, 9, 25, 8] => QQFieldElem[5//42, 0, 0, 0, -2//21, 0, 0, 0],
	[22, 22, 9, 9, 25, 1] => QQFieldElem[-1//2, 0, 0, 0, 0, 0, 0, 0],
	[22, 22, 9, 9, 20, 21] => QQFieldElem[1//6, 0, 0, 0, -1//3, 0, 0, 0],
	[22, 22, 9, 9, 24, 8] => QQFieldElem[5//21, 0, 0, 0, -4//21, 0, 0, 0],
	[22, 22, 9, 9, 24, 1] => QQFieldElem[1//2, 0, 0, 0, 0, 0, 0, 0],
	[22, 22, 9, 9, 15, 8] => QQFieldElem[0, 0, 8//7, 0, 0, 0, 2//7, 0],
	[22, 22, 9, 9, 25, 7] => QQFieldElem[1//12, 0, 0, 0, -1//6, 0, 0, 0],
	[22, 22, 9, 9, 15, 1] => QQFieldElem[0, 0, 0, 0, 0, 0, -3, 0],
	[22, 22, 9, 9, 20, 8] => QQFieldElem[1//14, 0, 0, 0, 1//7, 0, 0, 0],
	[22, 22, 9, 9, 20, 1] => QQFieldElem[-1//2, 0, 0, 0, 1, 0, 0, 0],
	[22, 22, 9, 9, 25, 21] => QQFieldElem[1//6, 0, 0, 0, 0, 0, 0, 0],
	[22, 22, 9, 9, 24, 7] => QQFieldElem[-1//12, 0, 0, 0, 1//6, 0, 0, 0],
	[22, 22, 9, 9, 15, 7] => QQFieldElem[0, 0, -1, 0, 0, 0, 1//2, 0],
	[22, 22, 9, 9, 24, 21] => QQFieldElem[1//3, 0, 0, 0, 0, 0, 0, 0],
	[22, 22, 9, 9, 20, 7] => QQFieldElem[1//4, 0, 0, 0, 0, 0, 0, 0],
	[22, 22, 9, 9, 15, 21] => QQFieldElem[0, 0, 0, 0, 0, 0, -2, 0])