Dict(
	[22, 12, 11, 22, 1, 20] => QQFieldElem[-1//9, 0, 0, 0, 0, 0, 0, 0],
	[22, 12, 11, 22, 7, 20] => QQFieldElem[-4, 0, 0, 0, 0, 0, 0, 0],
	[22, 12, 11, 22, 21, 15] => QQFieldElem[1, 0, 0, 0, 0, 0, 0, 0],
	[22, 12, 11, 22, 1, 24] => QQFieldElem[1//18, 0, 0, 0, 0, 0, 0, 0],
	[22, 12, 11, 22, 7, 24] => QQFieldElem[-2, 0, 0, 0, 0, 0, 0, 0],
	[22, 12, 11, 22, 8, 20] => QQFieldElem[1, 0, 0, 0, 0, 0, 0, 0],
	[22, 12, 11, 22, 8, 24] => QQFieldElem[-1, 0, 0, 0, 0, 0, 0, 0],
	[22, 12, 11, 22, 21, 20] => QQFieldElem[1, 0, 0, 0, 0, 0, 0, 0],
	[22, 12, 11, 22, 21, 24] => QQFieldElem[1, 0, 0, 0, 0, 0, 0, 0],
	[22, 12, 11, 22, 1, 25] => QQFieldElem[1//9, 0, 0, 0, 0, 0, 0, 0],
	[22, 12, 11, 22, 7, 25] => QQFieldElem[-4, 0, 0, 0, 0, 0, 0, 0],
	[22, 12, 11, 22, 8, 25] => QQFieldElem[1, 0, 0, 0, 0, 0, 0, 0],
	[22, 12, 11, 22, 1, 15] => QQFieldElem[1//18, 0, 0, 0, 0, 0, 0, 0],
	[22, 12, 11, 22, 7, 15] => QQFieldElem[2, 0, 0, 0, 0, 0, 0, 0],
	[22, 12, 11, 22, 21, 25] => QQFieldElem[-1, 0, 0, 0, 0, 0, 0, 0],
	[22, 12, 11, 22, 8, 15] => QQFieldElem[1, 0, 0, 0, 0, 0, 0, 0])