Dict(
	[22, 11, 25, 21, 17, 25] => QQFieldElem[0, 0, -4, 0, 0, 0, 0, 0],
	[22, 11, 25, 21, 13, 25] => QQFieldElem[0, 0, 2//3, 0, 0, 0, 0, 0],
	[22, 11, 25, 21, 22, 16] => QQFieldElem[0, 0, 1, 0, 0, 0, 1, 0],
	[22, 11, 25, 21, 23, 16] => QQFieldElem[0, 0, -1, 0, 0, 0, -1, 0],
	[22, 11, 25, 21, 22, 24] => QQFieldElem[0, 0, 0, 0, 0, 0, -2, 0],
	[22, 11, 25, 21, 17, 16] => QQFieldElem[0, 0, -4, 0, 0, 0, 2, 0],
	[22, 11, 25, 21, 23, 24] => QQFieldElem[0, 0, 0, 0, 0, 0, -2, 0],
	[22, 11, 25, 21, 22, 19] => QQFieldElem[0, 0, 1, 0, 0, 0, -1, 0],
	[22, 11, 25, 21, 23, 19] => QQFieldElem[0, 0, -1, 0, 0, 0, 1, 0],
	[22, 11, 25, 21, 17, 24] => QQFieldElem[0, 0, 4, 0, 0, 0, 0, 0],
	[22, 11, 25, 21, 17, 19] => QQFieldElem[0, 0, 0, 0, 0, 0, -2, 0],
	[22, 11, 25, 21, 13, 16] => QQFieldElem[0, 0, -2//3, 0, 0, 0, 1//3, 0],
	[22, 11, 25, 21, 22, 25] => QQFieldElem[0, 0, 0, 0, 0, 0, -2, 0],
	[22, 11, 25, 21, 13, 24] => QQFieldElem[0, 0, -2//3, 0, 0, 0, 0, 0],
	[22, 11, 25, 21, 23, 25] => QQFieldElem[0, 0, 0, 0, 0, 0, -2, 0],
	[22, 11, 25, 21, 13, 19] => QQFieldElem[0, 0, 0, 0, 0, 0, -1//3, 0])