Dict(
	[22, 23, 11, 9, 25, 3] => QQFieldElem[-1//2, 0, 0, 0, 1, 0, 0, 0],
	[22, 23, 11, 9, 20, 5] => QQFieldElem[1//12, 0, 0, 0, 0, 0, 0, 0],
	[22, 23, 11, 9, 25, 7] => QQFieldElem[-1//6, 0, 0, 0, 0, 0, 0, 0],
	[22, 23, 11, 9, 24, 3] => QQFieldElem[1//2, 0, 0, 0, -1, 0, 0, 0],
	[22, 23, 11, 9, 25, 21] => QQFieldElem[1//6, 0, 0, 0, 0, 0, 0, 0],
	[22, 23, 11, 9, 24, 7] => QQFieldElem[-1//6, 0, 0, 0, 0, 0, 0, 0],
	[22, 23, 11, 9, 15, 3] => QQFieldElem[0, 0, 12, 0, 0, 0, -6, 0],
	[22, 23, 11, 9, 15, 7] => QQFieldElem[0, 0, 0, 0, 0, 0, 4, 0],
	[22, 23, 11, 9, 25, 5] => QQFieldElem[1//12, 0, 0, 0, 0, 0, 0, 0],
	[22, 23, 11, 9, 20, 3] => QQFieldElem[-1//2, 0, 0, 0, 1, 0, 0, 0],
	[22, 23, 11, 9, 24, 21] => QQFieldElem[-1//6, 0, 0, 0, 0, 0, 0, 0],
	[22, 23, 11, 9, 20, 7] => QQFieldElem[1//3, 0, 0, 0, 0, 0, 0, 0],
	[22, 23, 11, 9, 15, 21] => QQFieldElem[0, 0, 0, 0, 0, 0, 4, 0],
	[22, 23, 11, 9, 24, 5] => QQFieldElem[1//12, 0, 0, 0, 0, 0, 0, 0],
	[22, 23, 11, 9, 15, 5] => QQFieldElem[0, 0, 0, 0, 0, 0, 1, 0],
	[22, 23, 11, 9, 20, 21] => QQFieldElem[-1//3, 0, 0, 0, 0, 0, 0, 0])