Dict(
	[22, 23, 24, 25, 10, 21] => QQFieldElem[1//12, 0, 0, 0, -1//6, 0, 0, 0],
	[22, 23, 24, 25, 10, 2] => QQFieldElem[-1//12, 0, 0, 0, 1//6, 0, 0, 0],
	[22, 23, 24, 25, 11, 6] => QQFieldElem[1//28, 0, 0, 0, 1//7, 0, 0, 0],
	[22, 23, 24, 25, 12, 21] => QQFieldElem[-1//12, 0, 0, 0, 1//6, 0, 0, 0],
	[22, 23, 24, 25, 12, 2] => QQFieldElem[1//12, 0, 0, 0, -1//6, 0, 0, 0],
	[22, 23, 24, 25, 10, 5] => QQFieldElem[1//28, 0, 0, 0, 1//14, 0, 0, 0],
	[22, 23, 24, 25, 12, 5] => QQFieldElem[1//28, 0, 0, 0, 1//14, 0, 0, 0],
	[22, 23, 24, 25, 9, 21] => QQFieldElem[1, 0, 0, 0, -2, 0, 0, 0],
	[22, 23, 24, 25, 9, 2] => QQFieldElem[1, 0, 0, 0, -2, 0, 0, 0],
	[22, 23, 24, 25, 10, 6] => QQFieldElem[3//28, 0, 0, 0, -1//14, 0, 0, 0],
	[22, 23, 24, 25, 11, 21] => QQFieldElem[1//4, 0, 0, 0, 0, 0, 0, 0],
	[22, 23, 24, 25, 11, 2] => QQFieldElem[1//4, 0, 0, 0, 0, 0, 0, 0],
	[22, 23, 24, 25, 12, 6] => QQFieldElem[3//28, 0, 0, 0, -1//14, 0, 0, 0],
	[22, 23, 24, 25, 9, 5] => QQFieldElem[3//7, 0, 0, 0, 6//7, 0, 0, 0],
	[22, 23, 24, 25, 11, 5] => QQFieldElem[5//28, 0, 0, 0, -1//7, 0, 0, 0],
	[22, 23, 24, 25, 9, 6] => QQFieldElem[-9//7, 0, 0, 0, 6//7, 0, 0, 0])