Dict(
	[22, 11, 11, 23, 5, 25] => QQFieldElem[-4, 0, 0, 0, 0, 0, 0, 0],
	[22, 11, 11, 23, 2, 16] => QQFieldElem[1//18, 0, 0, 0, 0, 0, 0, 0],
	[22, 11, 11, 23, 21, 16] => QQFieldElem[1, 0, 0, 0, 0, 0, 0, 0],
	[22, 11, 11, 23, 2, 24] => QQFieldElem[-1//9, 0, 0, 0, 0, 0, 0, 0],
	[22, 11, 11, 23, 6, 25] => QQFieldElem[-1, 0, 0, 0, 0, 0, 0, 0],
	[22, 11, 11, 23, 21, 24] => QQFieldElem[1, 0, 0, 0, 0, 0, 0, 0],
	[22, 11, 11, 23, 2, 19] => QQFieldElem[1//18, 0, 0, 0, 0, 0, 0, 0],
	[22, 11, 11, 23, 21, 19] => QQFieldElem[-1, 0, 0, 0, 0, 0, 0, 0],
	[22, 11, 11, 23, 5, 16] => QQFieldElem[2, 0, 0, 0, 0, 0, 0, 0],
	[22, 11, 11, 23, 2, 25] => QQFieldElem[1//9, 0, 0, 0, 0, 0, 0, 0],
	[22, 11, 11, 23, 5, 24] => QQFieldElem[-4, 0, 0, 0, 0, 0, 0, 0],
	[22, 11, 11, 23, 21, 25] => QQFieldElem[1, 0, 0, 0, 0, 0, 0, 0],
	[22, 11, 11, 23, 6, 16] => QQFieldElem[1, 0, 0, 0, 0, 0, 0, 0],
	[22, 11, 11, 23, 5, 19] => QQFieldElem[-2, 0, 0, 0, 0, 0, 0, 0],
	[22, 11, 11, 23, 6, 24] => QQFieldElem[1, 0, 0, 0, 0, 0, 0, 0],
	[22, 11, 11, 23, 6, 19] => QQFieldElem[1, 0, 0, 0, 0, 0, 0, 0])