Dict(
	[22, 21, 11, 25, 9, 23] => QQFieldElem[-1//6, 0, 0, 0, 1//6, 0, 0, 0],
	[22, 21, 11, 25, 9, 22] => QQFieldElem[1//18, 0, 0, 0, 1//18, 0, 0, 0],
	[22, 21, 11, 25, 11, 23] => QQFieldElem[1, 0, 0, 0, -2, 0, 0, 0],
	[22, 21, 11, 25, 11, 22] => QQFieldElem[1, 0, 0, 0, 0, 0, 0, 0],
	[22, 21, 11, 25, 9, 14] => QQFieldElem[1//6, 0, 0, 0, -1//6, 0, 0, 0],
	[22, 21, 11, 25, 10, 18] => QQFieldElem[-18//7, 0, 0, 0, 6//7, 0, 0, 0],
	[22, 21, 11, 25, 12, 18] => QQFieldElem[-3//7, 0, 0, 0, -6//7, 0, 0, 0],
	[22, 21, 11, 25, 11, 14] => QQFieldElem[1, 0, 0, 0, -2, 0, 0, 0],
	[22, 21, 11, 25, 10, 23] => QQFieldElem[-2, 0, 0, 0, 2, 0, 0, 0],
	[22, 21, 11, 25, 9, 18] => QQFieldElem[1//14, 0, 0, 0, -1//42, 0, 0, 0],
	[22, 21, 11, 25, 10, 22] => QQFieldElem[-2, 0, 0, 0, -2, 0, 0, 0],
	[22, 21, 11, 25, 12, 23] => QQFieldElem[-1, 0, 0, 0, 0, 0, 0, 0],
	[22, 21, 11, 25, 12, 22] => QQFieldElem[-1, 0, 0, 0, 2, 0, 0, 0],
	[22, 21, 11, 25, 11, 18] => QQFieldElem[-5//7, 0, 0, 0, 4//7, 0, 0, 0],
	[22, 21, 11, 25, 10, 14] => QQFieldElem[2, 0, 0, 0, -2, 0, 0, 0],
	[22, 21, 11, 25, 12, 14] => QQFieldElem[-1, 0, 0, 0, 0, 0, 0, 0])