Dict(
	[22, 10, 9, 22, 21, 16] => QQFieldElem[7//3, 0, 0, 0, 0, 0, 0, 0],
	[22, 10, 9, 22, 8, 19] => QQFieldElem[-1, 0, 0, 0, 0, 0, 0, 0],
	[22, 10, 9, 22, 21, 24] => QQFieldElem[-7//3, 0, 0, 0, 0, 0, 0, 0],
	[22, 10, 9, 22, 21, 19] => QQFieldElem[-7//3, 0, 0, 0, 0, 0, 0, 0],
	[22, 10, 9, 22, 1, 25] => QQFieldElem[1//3, 0, 0, 0, 0, 0, 0, 0],
	[22, 10, 9, 22, 7, 25] => QQFieldElem[-4//3, 0, 0, 0, 0, 0, 0, 0],
	[22, 10, 9, 22, 8, 25] => QQFieldElem[-1, 0, 0, 0, 0, 0, 0, 0],
	[22, 10, 9, 22, 21, 25] => QQFieldElem[7//3, 0, 0, 0, 0, 0, 0, 0],
	[22, 10, 9, 22, 1, 16] => QQFieldElem[1//6, 0, 0, 0, 0, 0, 0, 0],
	[22, 10, 9, 22, 7, 16] => QQFieldElem[2//3, 0, 0, 0, 0, 0, 0, 0],
	[22, 10, 9, 22, 1, 24] => QQFieldElem[1//6, 0, 0, 0, 0, 0, 0, 0],
	[22, 10, 9, 22, 7, 24] => QQFieldElem[-2//3, 0, 0, 0, 0, 0, 0, 0],
	[22, 10, 9, 22, 8, 16] => QQFieldElem[1, 0, 0, 0, 0, 0, 0, 0],
	[22, 10, 9, 22, 1, 19] => QQFieldElem[1//3, 0, 0, 0, 0, 0, 0, 0],
	[22, 10, 9, 22, 7, 19] => QQFieldElem[4//3, 0, 0, 0, 0, 0, 0, 0],
	[22, 10, 9, 22, 8, 24] => QQFieldElem[1, 0, 0, 0, 0, 0, 0, 0])