Dict(
	[22, 21, 21, 23, 2, 13] => QQFieldElem[1//12, 0, 0, 0, 0, 0, 0, 0],
	[22, 21, 21, 23, 6, 17] => QQFieldElem[0, 0, 1//18, 0, 0, 0, -1//9, 0],
	[22, 21, 21, 23, 6, 23] => QQFieldElem[-1, 0, 0, 0, 0, 0, 0, 0],
	[22, 21, 21, 23, 21, 13] => QQFieldElem[1, 0, 0, 0, 0, 0, 0, 0],
	[22, 21, 21, 23, 6, 22] => QQFieldElem[0, 0, -1//18, 0, 0, 0, 1//18, 0],
	[22, 21, 21, 23, 5, 14] => QQFieldElem[-2, 0, 0, 0, 0, 0, 0, 0],
	[22, 21, 21, 23, 2, 18] => QQFieldElem[0, 0, 1//216, 0, 0, 0, 1//216, 0],
	[22, 21, 21, 23, 3, 13] => QQFieldElem[1//12, 0, 0, 0, 0, 0, 0, 0],
	[22, 21, 21, 23, 21, 18] => QQFieldElem[0, 0, 1//18, 0, 0, 0, 1//18, 0],
	[22, 21, 21, 23, 3, 18] => QQFieldElem[0, 0, -1//216, 0, 0, 0, -1//216, 0],
	[22, 21, 21, 23, 7, 17] => QQFieldElem[0, 0, 0, 0, 0, 0, 0, 0],
	[22, 21, 21, 23, 7, 23] => QQFieldElem[0, 0, 0, 0, 0, 0, 0, 0],
	[22, 21, 21, 23, 6, 14] => QQFieldElem[-2, 0, 0, 0, 0, 0, 0, 0],
	[22, 21, 21, 23, 7, 22] => QQFieldElem[0, 0, -1//18, 0, 0, 0, 1//18, 0],
	[22, 21, 21, 23, 2, 17] => QQFieldElem[0, 0, -1//216, 0, 0, 0, 1//108, 0],
	[22, 21, 21, 23, 5, 13] => QQFieldElem[1, 0, 0, 0, 0, 0, 0, 0],
	[22, 21, 21, 23, 2, 23] => QQFieldElem[1//12, 0, 0, 0, 0, 0, 0, 0],
	[22, 21, 21, 23, 7, 14] => QQFieldElem[2, 0, 0, 0, 0, 0, 0, 0],
	[22, 21, 21, 23, 21, 17] => QQFieldElem[0, 0, 0, 0, 0, 0, 0, 0],
	[22, 21, 21, 23, 3, 17] => QQFieldElem[0, 0, 1//216, 0, 0, 0, -1//108, 0],
	[22, 21, 21, 23, 5, 18] => QQFieldElem[0, 0, -1//18, 0, 0, 0, -1//18, 0],
	[22, 21, 21, 23, 21, 23] => QQFieldElem[0, 0, 0, 0, 0, 0, 0, 0],
	[22, 21, 21, 23, 2, 22] => QQFieldElem[0, 0, -1//216, 0, 0, 0, 1//216, 0],
	[22, 21, 21, 23, 3, 22] => QQFieldElem[0, 0, 1//216, 0, 0, 0, -1//216, 0],
	[22, 21, 21, 23, 3, 23] => QQFieldElem[1//12, 0, 0, 0, 0, 0, 0, 0],
	[22, 21, 21, 23, 6, 13] => QQFieldElem[1, 0, 0, 0, 0, 0, 0, 0],
	[22, 21, 21, 23, 21, 22] => QQFieldElem[0, 0, 1//18, 0, 0, 0, -1//18, 0],
	[22, 21, 21, 23, 2, 14] => QQFieldElem[-1//6, 0, 0, 0, 0, 0, 0, 0],
	[22, 21, 21, 23, 6, 18] => QQFieldElem[0, 0, 1//18, 0, 0, 0, 1//18, 0],
	[22, 21, 21, 23, 21, 14] => QQFieldElem[2, 0, 0, 0, 0, 0, 0, 0],
	[22, 21, 21, 23, 3, 14] => QQFieldElem[-1//6, 0, 0, 0, 0, 0, 0, 0],
	[22, 21, 21, 23, 7, 13] => QQFieldElem[1, 0, 0, 0, 0, 0, 0, 0],
	[22, 21, 21, 23, 5, 17] => QQFieldElem[0, 0, -1//18, 0, 0, 0, 1//9, 0],
	[22, 21, 21, 23, 7, 18] => QQFieldElem[0, 0, -1//18, 0, 0, 0, -1//18, 0],
	[22, 21, 21, 23, 5, 23] => QQFieldElem[-1, 0, 0, 0, 0, 0, 0, 0],
	[22, 21, 21, 23, 5, 22] => QQFieldElem[0, 0, 1//18, 0, 0, 0, -1//18, 0])