Dict(
	[22, 9, 22, 12, 15, 24] => QQFieldElem[0, 0, 8//49, 0, 0, 0, -52//49, 0],
	[22, 9, 22, 12, 25, 25] => QQFieldElem[0, 0, 2//3, 0, 0, 0, -4//3, 0],
	[22, 9, 22, 12, 20, 20] => QQFieldElem[0, 0, -2//3, 0, 0, 0, -2//3, 0],
	[22, 9, 22, 12, 20, 24] => QQFieldElem[0, 0, 16//147, 0, 0, 0, -104//147, 0],
	[22, 9, 22, 12, 25, 15] => QQFieldElem[0, 0, -2//3, 0, 0, 0, 1//3, 0],
	[22, 9, 22, 12, 24, 25] => QQFieldElem[0, 0, 10//3, 0, 0, 0, -16//3, 0],
	[22, 9, 22, 12, 15, 25] => QQFieldElem[0, 0, 0, 0, 0, 0, -4//3, 0],
	[22, 9, 22, 12, 25, 20] => QQFieldElem[0, 0, 0, 0, 0, 0, 3, 0],
	[22, 9, 22, 12, 24, 15] => QQFieldElem[0, 0, -8//3, 0, 0, 0, 1, 0],
	[22, 9, 22, 12, 20, 25] => QQFieldElem[0, 0, 0, 0, 0, 0, 8//3, 0],
	[22, 9, 22, 12, 15, 15] => QQFieldElem[0, 0, 1//3, 0, 0, 0, -1//3, 0],
	[22, 9, 22, 12, 25, 24] => QQFieldElem[0, 0, 30//49, 0, 0, 0, -48//49, 0],
	[22, 9, 22, 12, 24, 20] => QQFieldElem[0, 0, 2//3, 0, 0, 0, -13//3, 0],
	[22, 9, 22, 12, 20, 15] => QQFieldElem[0, 0, -2//3, 0, 0, 0, 2//3, 0],
	[22, 9, 22, 12, 15, 20] => QQFieldElem[0, 0, -1, 0, 0, 0, -1, 0],
	[22, 9, 22, 12, 24, 24] => QQFieldElem[0, 0, -142//147, 0, 0, 0, 188//147, 0])