Dict(
	[22, 9, 21, 24, 12, 15] => QQFieldElem[-3//7, 0, 0, 0, -6//7, 0, 0, 0],
	[22, 9, 21, 24, 9, 25] => QQFieldElem[1//6, 0, 0, 0, -1//6, 0, 0, 0],
	[22, 9, 21, 24, 10, 20] => QQFieldElem[-2, 0, 0, 0, 2, 0, 0, 0],
	[22, 9, 21, 24, 11, 25] => QQFieldElem[-3, 0, 0, 0, 2, 0, 0, 0],
	[22, 9, 21, 24, 10, 24] => QQFieldElem[-2//3, 0, 0, 0, -2//3, 0, 0, 0],
	[22, 9, 21, 24, 12, 20] => QQFieldElem[-1, 0, 0, 0, 0, 0, 0, 0],
	[22, 9, 21, 24, 9, 15] => QQFieldElem[3//14, 0, 0, 0, -1//14, 0, 0, 0],
	[22, 9, 21, 24, 12, 24] => QQFieldElem[-1, 0, 0, 0, 2, 0, 0, 0],
	[22, 9, 21, 24, 11, 15] => QQFieldElem[1, 0, 0, 0, 0, 0, 0, 0],
	[22, 9, 21, 24, 9, 20] => QQFieldElem[-1//6, 0, 0, 0, 1//6, 0, 0, 0],
	[22, 9, 21, 24, 9, 24] => QQFieldElem[1//6, 0, 0, 0, 1//6, 0, 0, 0],
	[22, 9, 21, 24, 10, 25] => QQFieldElem[2, 0, 0, 0, -2, 0, 0, 0],
	[22, 9, 21, 24, 11, 20] => QQFieldElem[-3, 0, 0, 0, 2, 0, 0, 0],
	[22, 9, 21, 24, 12, 25] => QQFieldElem[-1, 0, 0, 0, 0, 0, 0, 0],
	[22, 9, 21, 24, 11, 24] => QQFieldElem[-1//3, 0, 0, 0, -4//3, 0, 0, 0],
	[22, 9, 21, 24, 10, 15] => QQFieldElem[-6//7, 0, 0, 0, 2//7, 0, 0, 0])