Dict(
	[22, 21, 24, 10, 19, 13] => QQFieldElem[0, 0, -4, 0, 0, 0, 2, 0],
	[22, 21, 24, 10, 25, 13] => QQFieldElem[0, 0, 1, 0, 0, 0, -2, 0],
	[22, 21, 24, 10, 16, 17] => QQFieldElem[0, 0, 0, 0, 0, 0, -1//3, 0],
	[22, 21, 24, 10, 16, 23] => QQFieldElem[0, 0, 2//3, 0, 0, 0, -2//3, 0],
	[22, 21, 24, 10, 16, 22] => QQFieldElem[0, 0, -2//3, 0, 0, 0, 2//3, 0],
	[22, 21, 24, 10, 24, 13] => QQFieldElem[0, 0, -1, 0, 0, 0, 2, 0],
	[22, 21, 24, 10, 19, 17] => QQFieldElem[0, 0, 0, 0, 0, 0, -2, 0],
	[22, 21, 24, 10, 25, 17] => QQFieldElem[0, 0, -1, 0, 0, 0, 0, 0],
	[22, 21, 24, 10, 19, 23] => QQFieldElem[0, 0, -4, 0, 0, 0, 4, 0],
	[22, 21, 24, 10, 25, 23] => QQFieldElem[0, 0, 0, 0, 0, 0, -2, 0],
	[22, 21, 24, 10, 19, 22] => QQFieldElem[0, 0, 4, 0, 0, 0, -4, 0],
	[22, 21, 24, 10, 25, 22] => QQFieldElem[0, 0, 0, 0, 0, 0, -2, 0],
	[22, 21, 24, 10, 16, 13] => QQFieldElem[0, 0, -2//3, 0, 0, 0, 1//3, 0],
	[22, 21, 24, 10, 24, 17] => QQFieldElem[0, 0, 1, 0, 0, 0, 0, 0],
	[22, 21, 24, 10, 24, 23] => QQFieldElem[0, 0, 0, 0, 0, 0, -2, 0],
	[22, 21, 24, 10, 24, 22] => QQFieldElem[0, 0, 0, 0, 0, 0, -2, 0])