Dict(
	[23, 11, 23, 10, 25, 25] => QQFieldElem[0, 0, 2//3, 0, 0, 0, -4//3, 0],
	[23, 11, 23, 10, 20, 20] => QQFieldElem[0, 0, -2//3, 0, 0, 0, -2//3, 0],
	[23, 11, 23, 10, 20, 24] => QQFieldElem[0, 0, 16//3, 0, 0, 0, -8//3, 0],
	[23, 11, 23, 10, 25, 15] => QQFieldElem[0, 0, 2, 0, 0, 0, -1, 0],
	[23, 11, 23, 10, 24, 25] => QQFieldElem[0, 0, -2, 0, 0, 0, 0, 0],
	[23, 11, 23, 10, 15, 25] => QQFieldElem[0, 0, 0, 0, 0, 0, 4//9, 0],
	[23, 11, 23, 10, 24, 15] => QQFieldElem[0, 0, 0, 0, 0, 0, -3, 0],
	[23, 11, 23, 10, 25, 20] => QQFieldElem[0, 0, 0, 0, 0, 0, -1, 0],
	[23, 11, 23, 10, 20, 25] => QQFieldElem[0, 0, 0, 0, 0, 0, -8, 0],
	[23, 11, 23, 10, 15, 15] => QQFieldElem[0, 0, 1//3, 0, 0, 0, -1//3, 0],
	[23, 11, 23, 10, 25, 24] => QQFieldElem[0, 0, -2, 0, 0, 0, 0, 0],
	[23, 11, 23, 10, 24, 20] => QQFieldElem[0, 0, 2//3, 0, 0, 0, -1//3, 0],
	[23, 11, 23, 10, 20, 15] => QQFieldElem[0, 0, -6, 0, 0, 0, 6, 0],
	[23, 11, 23, 10, 15, 20] => QQFieldElem[0, 0, -1//9, 0, 0, 0, -1//9, 0],
	[23, 11, 23, 10, 24, 24] => QQFieldElem[0, 0, 2//3, 0, 0, 0, -4//3, 0],
	[23, 11, 23, 10, 15, 24] => QQFieldElem[0, 0, 8//9, 0, 0, 0, -4//9, 0])