Dict(
	[23, 12, 12, 22, 2, 24] => QQFieldElem[-1//9, 0, 0, 0, 0, 0, 0, 0],
	[23, 12, 12, 22, 6, 25] => QQFieldElem[-1, 0, 0, 0, 0, 0, 0, 0],
	[23, 12, 12, 22, 21, 24] => QQFieldElem[1, 0, 0, 0, 0, 0, 0, 0],
	[23, 12, 12, 22, 2, 19] => QQFieldElem[1//18, 0, 0, 0, 0, 0, 0, 0],
	[23, 12, 12, 22, 21, 19] => QQFieldElem[-1, 0, 0, 0, 0, 0, 0, 0],
	[23, 12, 12, 22, 5, 16] => QQFieldElem[2, 0, 0, 0, 0, 0, 0, 0],
	[23, 12, 12, 22, 2, 25] => QQFieldElem[1//9, 0, 0, 0, 0, 0, 0, 0],
	[23, 12, 12, 22, 5, 24] => QQFieldElem[-4, 0, 0, 0, 0, 0, 0, 0],
	[23, 12, 12, 22, 21, 25] => QQFieldElem[1, 0, 0, 0, 0, 0, 0, 0],
	[23, 12, 12, 22, 6, 16] => QQFieldElem[1, 0, 0, 0, 0, 0, 0, 0],
	[23, 12, 12, 22, 5, 19] => QQFieldElem[-2, 0, 0, 0, 0, 0, 0, 0],
	[23, 12, 12, 22, 6, 24] => QQFieldElem[1, 0, 0, 0, 0, 0, 0, 0],
	[23, 12, 12, 22, 6, 19] => QQFieldElem[1, 0, 0, 0, 0, 0, 0, 0],
	[23, 12, 12, 22, 5, 25] => QQFieldElem[-4, 0, 0, 0, 0, 0, 0, 0],
	[23, 12, 12, 22, 2, 16] => QQFieldElem[1//18, 0, 0, 0, 0, 0, 0, 0],
	[23, 12, 12, 22, 21, 16] => QQFieldElem[1, 0, 0, 0, 0, 0, 0, 0])