Dict(
	[23, 9, 23, 9, 19, 16] => QQFieldElem[0, 0, -2//3, 0, 0, 0, -2//3, 0],
	[23, 9, 23, 9, 25, 16] => QQFieldElem[0, 0, -4//3, 0, 0, 0, 5//3, 0],
	[23, 9, 23, 9, 19, 24] => QQFieldElem[0, 0, 0, 0, 0, 0, 8//3, 0],
	[23, 9, 23, 9, 25, 24] => QQFieldElem[0, 0, -2, 0, 0, 0, 4//3, 0],
	[23, 9, 23, 9, 16, 25] => QQFieldElem[0, 0, -8//21, 0, 0, 0, -4//21, 0],
	[23, 9, 23, 9, 19, 19] => QQFieldElem[0, 0, 2, 0, 0, 0, -2, 0],
	[23, 9, 23, 9, 25, 19] => QQFieldElem[0, 0, -2, 0, 0, 0, -1, 0],
	[23, 9, 23, 9, 24, 16] => QQFieldElem[0, 0, -2, 0, 0, 0, 1, 0],
	[23, 9, 23, 9, 24, 24] => QQFieldElem[0, 0, -2, 0, 0, 0, 0, 0],
	[23, 9, 23, 9, 24, 19] => QQFieldElem[0, 0, 0, 0, 0, 0, 1, 0],
	[23, 9, 23, 9, 19, 25] => QQFieldElem[0, 0, -16//7, 0, 0, 0, -8//7, 0],
	[23, 9, 23, 9, 25, 25] => QQFieldElem[0, 0, 10//7, 0, 0, 0, -16//7, 0],
	[23, 9, 23, 9, 16, 16] => QQFieldElem[0, 0, 1//3, 0, 0, 0, 1//3, 0],
	[23, 9, 23, 9, 16, 24] => QQFieldElem[0, 0, 0, 0, 0, 0, -4//3, 0],
	[23, 9, 23, 9, 16, 19] => QQFieldElem[0, 0, 1//3, 0, 0, 0, -1//3, 0],
	[23, 9, 23, 9, 24, 25] => QQFieldElem[0, 0, -6//7, 0, 0, 0, 4//7, 0])