Dict(
	[23, 22, 10, 12, 16, 21] => QQFieldElem[0, 0, 0, 0, 0, 0, 12//7, 0],
	[23, 22, 10, 12, 19, 3] => QQFieldElem[-1//6, 0, 0, 0, 1//3, 0, 0, 0],
	[23, 22, 10, 12, 25, 3] => QQFieldElem[-1//6, 0, 0, 0, 1//3, 0, 0, 0],
	[23, 22, 10, 12, 19, 7] => QQFieldElem[-1//3, 0, 0, 0, 0, 0, 0, 0],
	[23, 22, 10, 12, 25, 7] => QQFieldElem[1//6, 0, 0, 0, 0, 0, 0, 0],
	[23, 22, 10, 12, 16, 5] => QQFieldElem[0, 0, 0, 0, 0, 0, 3, 0],
	[23, 22, 10, 12, 24, 3] => QQFieldElem[-1//6, 0, 0, 0, 1//3, 0, 0, 0],
	[23, 22, 10, 12, 19, 21] => QQFieldElem[1//7, 0, 0, 0, 0, 0, 0, 0],
	[23, 22, 10, 12, 25, 21] => QQFieldElem[-1//14, 0, 0, 0, 0, 0, 0, 0],
	[23, 22, 10, 12, 24, 7] => QQFieldElem[1//6, 0, 0, 0, 0, 0, 0, 0],
	[23, 22, 10, 12, 19, 5] => QQFieldElem[1//4, 0, 0, 0, 0, 0, 0, 0],
	[23, 22, 10, 12, 25, 5] => QQFieldElem[1//4, 0, 0, 0, 0, 0, 0, 0],
	[23, 22, 10, 12, 16, 3] => QQFieldElem[0, 0, 4, 0, 0, 0, -2, 0],
	[23, 22, 10, 12, 24, 21] => QQFieldElem[1//14, 0, 0, 0, 0, 0, 0, 0],
	[23, 22, 10, 12, 16, 7] => QQFieldElem[0, 0, 0, 0, 0, 0, 4, 0],
	[23, 22, 10, 12, 24, 5] => QQFieldElem[-1//4, 0, 0, 0, 0, 0, 0, 0])