Dict(
	[23, 21, 9, 24, 9, 13] => QQFieldElem[-1//6, 0, 0, 0, 1//6, 0, 0, 0],
	[23, 21, 9, 24, 10, 17] => QQFieldElem[-6//7, 0, 0, 0, 2//7, 0, 0, 0],
	[23, 21, 9, 24, 10, 23] => QQFieldElem[2, 0, 0, 0, -2, 0, 0, 0],
	[23, 21, 9, 24, 10, 22] => QQFieldElem[-2//3, 0, 0, 0, -2//3, 0, 0, 0],
	[23, 21, 9, 24, 12, 17] => QQFieldElem[-3//7, 0, 0, 0, -6//7, 0, 0, 0],
	[23, 21, 9, 24, 11, 13] => QQFieldElem[-3, 0, 0, 0, 2, 0, 0, 0],
	[23, 21, 9, 24, 12, 23] => QQFieldElem[-1, 0, 0, 0, 0, 0, 0, 0],
	[23, 21, 9, 24, 12, 22] => QQFieldElem[-1, 0, 0, 0, 2, 0, 0, 0],
	[23, 21, 9, 24, 9, 17] => QQFieldElem[3//14, 0, 0, 0, -1//14, 0, 0, 0],
	[23, 21, 9, 24, 9, 23] => QQFieldElem[1//6, 0, 0, 0, -1//6, 0, 0, 0],
	[23, 21, 9, 24, 9, 22] => QQFieldElem[1//6, 0, 0, 0, 1//6, 0, 0, 0],
	[23, 21, 9, 24, 11, 17] => QQFieldElem[1, 0, 0, 0, 0, 0, 0, 0],
	[23, 21, 9, 24, 11, 23] => QQFieldElem[-3, 0, 0, 0, 2, 0, 0, 0],
	[23, 21, 9, 24, 10, 13] => QQFieldElem[-2, 0, 0, 0, 2, 0, 0, 0],
	[23, 21, 9, 24, 11, 22] => QQFieldElem[-1//3, 0, 0, 0, -4//3, 0, 0, 0],
	[23, 21, 9, 24, 12, 13] => QQFieldElem[-1, 0, 0, 0, 0, 0, 0, 0])