Dict(
	[23, 23, 25, 24, 12, 6] => QQFieldElem[1//28, 0, 0, 0, 1//14, 0, 0, 0],
	[23, 23, 25, 24, 9, 8] => QQFieldElem[1, 0, 0, 0, -2, 0, 0, 0],
	[23, 23, 25, 24, 9, 6] => QQFieldElem[3//7, 0, 0, 0, 6//7, 0, 0, 0],
	[23, 23, 25, 24, 11, 8] => QQFieldElem[1//4, 0, 0, 0, 0, 0, 0, 0],
	[23, 23, 25, 24, 10, 4] => QQFieldElem[-1//12, 0, 0, 0, 1//6, 0, 0, 0],
	[23, 23, 25, 24, 10, 21] => QQFieldElem[3//28, 0, 0, 0, -1//14, 0, 0, 0],
	[23, 23, 25, 24, 11, 6] => QQFieldElem[5//28, 0, 0, 0, -1//7, 0, 0, 0],
	[23, 23, 25, 24, 12, 4] => QQFieldElem[1//12, 0, 0, 0, -1//6, 0, 0, 0],
	[23, 23, 25, 24, 12, 21] => QQFieldElem[3//28, 0, 0, 0, -1//14, 0, 0, 0],
	[23, 23, 25, 24, 10, 8] => QQFieldElem[1//12, 0, 0, 0, -1//6, 0, 0, 0],
	[23, 23, 25, 24, 9, 4] => QQFieldElem[1, 0, 0, 0, -2, 0, 0, 0],
	[23, 23, 25, 24, 9, 21] => QQFieldElem[-9//7, 0, 0, 0, 6//7, 0, 0, 0],
	[23, 23, 25, 24, 12, 8] => QQFieldElem[-1//12, 0, 0, 0, 1//6, 0, 0, 0],
	[23, 23, 25, 24, 10, 6] => QQFieldElem[1//28, 0, 0, 0, 1//14, 0, 0, 0],
	[23, 23, 25, 24, 11, 4] => QQFieldElem[1//4, 0, 0, 0, 0, 0, 0, 0],
	[23, 23, 25, 24, 11, 21] => QQFieldElem[1//28, 0, 0, 0, 1//7, 0, 0, 0])