Dict(
	[23, 23, 11, 11, 20, 21] => QQFieldElem[-1//6, 0, 0, 0, 1//3, 0, 0, 0],
	[23, 23, 11, 11, 24, 8] => QQFieldElem[1//21, 0, 0, 0, 4//21, 0, 0, 0],
	[23, 23, 11, 11, 24, 1] => QQFieldElem[-1//2, 0, 0, 0, 0, 0, 0, 0],
	[23, 23, 11, 11, 15, 8] => QQFieldElem[0, 0, -8//7, 0, 0, 0, 10//7, 0],
	[23, 23, 11, 11, 25, 7] => QQFieldElem[-1//12, 0, 0, 0, 1//6, 0, 0, 0],
	[23, 23, 11, 11, 15, 1] => QQFieldElem[0, 0, 0, 0, 0, 0, 3, 0],
	[23, 23, 11, 11, 20, 8] => QQFieldElem[3//14, 0, 0, 0, -1//7, 0, 0, 0],
	[23, 23, 11, 11, 20, 1] => QQFieldElem[-1//2, 0, 0, 0, 1, 0, 0, 0],
	[23, 23, 11, 11, 25, 21] => QQFieldElem[1//6, 0, 0, 0, 0, 0, 0, 0],
	[23, 23, 11, 11, 24, 7] => QQFieldElem[1//12, 0, 0, 0, -1//6, 0, 0, 0],
	[23, 23, 11, 11, 15, 7] => QQFieldElem[0, 0, 1, 0, 0, 0, -1//2, 0],
	[23, 23, 11, 11, 24, 21] => QQFieldElem[1//3, 0, 0, 0, 0, 0, 0, 0],
	[23, 23, 11, 11, 20, 7] => QQFieldElem[1//4, 0, 0, 0, 0, 0, 0, 0],
	[23, 23, 11, 11, 15, 21] => QQFieldElem[0, 0, 0, 0, 0, 0, -2, 0],
	[23, 23, 11, 11, 25, 8] => QQFieldElem[1//42, 0, 0, 0, 2//21, 0, 0, 0],
	[23, 23, 11, 11, 25, 1] => QQFieldElem[1//2, 0, 0, 0, 0, 0, 0, 0])