Dict(
	[23, 12, 22, 11, 25, 19] => QQFieldElem[0, 0, -2, 0, 0, 0, -1, 0],
	[23, 12, 22, 11, 24, 16] => QQFieldElem[0, 0, -2, 0, 0, 0, 1, 0],
	[23, 12, 22, 11, 15, 16] => QQFieldElem[0, 0, 1//3, 0, 0, 0, 1//3, 0],
	[23, 12, 22, 11, 24, 24] => QQFieldElem[0, 0, -6//7, 0, 0, 0, 4//7, 0],
	[23, 12, 22, 11, 15, 24] => QQFieldElem[0, 0, -8//21, 0, 0, 0, -4//21, 0],
	[23, 12, 22, 11, 24, 19] => QQFieldElem[0, 0, 0, 0, 0, 0, 1, 0],
	[23, 12, 22, 11, 25, 25] => QQFieldElem[0, 0, -2, 0, 0, 0, 4//3, 0],
	[23, 12, 22, 11, 15, 19] => QQFieldElem[0, 0, 1//3, 0, 0, 0, -1//3, 0],
	[23, 12, 22, 11, 20, 16] => QQFieldElem[0, 0, -2//3, 0, 0, 0, -2//3, 0],
	[23, 12, 22, 11, 20, 24] => QQFieldElem[0, 0, -16//7, 0, 0, 0, -8//7, 0],
	[23, 12, 22, 11, 20, 19] => QQFieldElem[0, 0, 2, 0, 0, 0, -2, 0],
	[23, 12, 22, 11, 24, 25] => QQFieldElem[0, 0, -2, 0, 0, 0, 0, 0],
	[23, 12, 22, 11, 15, 25] => QQFieldElem[0, 0, 0, 0, 0, 0, -4//3, 0],
	[23, 12, 22, 11, 25, 16] => QQFieldElem[0, 0, -4//3, 0, 0, 0, 5//3, 0],
	[23, 12, 22, 11, 20, 25] => QQFieldElem[0, 0, 0, 0, 0, 0, 8//3, 0],
	[23, 12, 22, 11, 25, 24] => QQFieldElem[0, 0, 10//7, 0, 0, 0, -16//7, 0])