Dict(
	[23, 10, 25, 21, 18, 24] => QQFieldElem[0, 0, 4//3, 0, 0, 0, -8//3, 0],
	[23, 10, 25, 21, 14, 20] => QQFieldElem[0, 0, 0, 0, 0, 0, -1, 0],
	[23, 10, 25, 21, 22, 25] => QQFieldElem[0, 0, 0, 0, 0, 0, 2, 0],
	[23, 10, 25, 21, 14, 24] => QQFieldElem[0, 0, 2//3, 0, 0, 0, -4//3, 0],
	[23, 10, 25, 21, 23, 25] => QQFieldElem[0, 0, -8//7, 0, 0, 0, -2//7, 0],
	[23, 10, 25, 21, 22, 15] => QQFieldElem[0, 0, -5//3, 0, 0, 0, 1//3, 0],
	[23, 10, 25, 21, 18, 25] => QQFieldElem[0, 0, -4//7, 0, 0, 0, -8//7, 0],
	[23, 10, 25, 21, 23, 15] => QQFieldElem[0, 0, -1, 0, 0, 0, 1, 0],
	[23, 10, 25, 21, 18, 15] => QQFieldElem[0, 0, -4//3, 0, 0, 0, 2//3, 0],
	[23, 10, 25, 21, 14, 25] => QQFieldElem[0, 0, -2//7, 0, 0, 0, -4//7, 0],
	[23, 10, 25, 21, 22, 20] => QQFieldElem[0, 0, 1, 0, 0, 0, -3, 0],
	[23, 10, 25, 21, 23, 20] => QQFieldElem[0, 0, -1, 0, 0, 0, -1, 0],
	[23, 10, 25, 21, 22, 24] => QQFieldElem[0, 0, 8//3, 0, 0, 0, -10//3, 0],
	[23, 10, 25, 21, 23, 24] => QQFieldElem[0, 0, 0, 0, 0, 0, 2, 0],
	[23, 10, 25, 21, 14, 15] => QQFieldElem[0, 0, 2//3, 0, 0, 0, -1//3, 0],
	[23, 10, 25, 21, 18, 20] => QQFieldElem[0, 0, 0, 0, 0, 0, 2, 0])