Dict(
	[23, 22, 22, 23, 1, 2] => QQFieldElem[0, 0, 1//3, 0, 0, 0, -1//6, 0],
	[23, 22, 22, 23, 21, 7] => QQFieldElem[0, 0, 0, 0, 0, 0, 0, 0],
	[23, 22, 22, 23, 7, 21] => QQFieldElem[1//8, 0, 0, 0, 0, 0, 0, 0],
	[23, 22, 22, 23, 4, 7] => QQFieldElem[-1//2, 0, 0, 0, 1, 0, 0, 0],
	[23, 22, 22, 23, 8, 21] => QQFieldElem[1//8, 0, 0, 0, 0, 0, 0, 0],
	[23, 22, 22, 23, 8, 2] => QQFieldElem[0, 0, 0, 0, 0, 0, -1//24, 0],
	[23, 22, 22, 23, 1, 5] => QQFieldElem[1, 0, 0, 0, 0, 0, 0, 0],
	[23, 22, 22, 23, 7, 5] => QQFieldElem[1//24, 0, 0, 0, -1//12, 0, 0, 0],
	[23, 22, 22, 23, 21, 21] => QQFieldElem[0, 0, 0, 0, 0, 0, 0, 0],
	[23, 22, 22, 23, 21, 2] => QQFieldElem[0, 0, 1//18, 0, 0, 0, -1//36, 0],
	[23, 22, 22, 23, 6, 6] => QQFieldElem[1//6, 0, 0, 0, 0, 0, 0, 0],
	[23, 22, 22, 23, 8, 5] => QQFieldElem[-1//24, 0, 0, 0, 1//12, 0, 0, 0],
	[23, 22, 22, 23, 4, 21] => QQFieldElem[1, 0, 0, 0, -2, 0, 0, 0],
	[23, 22, 22, 23, 4, 2] => QQFieldElem[0, 0, 1//3, 0, 0, 0, -1//6, 0],
	[23, 22, 22, 23, 6, 3] => QQFieldElem[0, 0, 1//18, 0, 0, 0, -1//36, 0],
	[23, 22, 22, 23, 21, 5] => QQFieldElem[1//12, 0, 0, 0, 0, 0, 0, 0],
	[23, 22, 22, 23, 7, 6] => QQFieldElem[-1//24, 0, 0, 0, 1//12, 0, 0, 0],
	[23, 22, 22, 23, 1, 6] => QQFieldElem[-1, 0, 0, 0, 0, 0, 0, 0],
	[23, 22, 22, 23, 6, 7] => QQFieldElem[0, 0, 0, 0, 0, 0, 0, 0],
	[23, 22, 22, 23, 4, 5] => QQFieldElem[1, 0, 0, 0, 0, 0, 0, 0],
	[23, 22, 22, 23, 8, 6] => QQFieldElem[1//24, 0, 0, 0, -1//12, 0, 0, 0],
	[23, 22, 22, 23, 1, 3] => QQFieldElem[0, 0, 1//3, 0, 0, 0, -1//6, 0],
	[23, 22, 22, 23, 7, 3] => QQFieldElem[0, 0, 0, 0, 0, 0, 1//24, 0],
	[23, 22, 22, 23, 21, 6] => QQFieldElem[1//12, 0, 0, 0, 0, 0, 0, 0],
	[23, 22, 22, 23, 1, 7] => QQFieldElem[1//2, 0, 0, 0, -1, 0, 0, 0],
	[23, 22, 22, 23, 7, 7] => QQFieldElem[1//8, 0, 0, 0, 0, 0, 0, 0],
	[23, 22, 22, 23, 8, 3] => QQFieldElem[0, 0, 0, 0, 0, 0, -1//24, 0],
	[23, 22, 22, 23, 6, 21] => QQFieldElem[0, 0, 0, 0, 0, 0, 0, 0],
	[23, 22, 22, 23, 6, 2] => QQFieldElem[0, 0, -1//18, 0, 0, 0, 1//36, 0],
	[23, 22, 22, 23, 4, 6] => QQFieldElem[-1, 0, 0, 0, 0, 0, 0, 0],
	[23, 22, 22, 23, 8, 7] => QQFieldElem[1//8, 0, 0, 0, 0, 0, 0, 0],
	[23, 22, 22, 23, 21, 3] => QQFieldElem[0, 0, -1//18, 0, 0, 0, 1//36, 0],
	[23, 22, 22, 23, 1, 21] => QQFieldElem[-1, 0, 0, 0, 2, 0, 0, 0],
	[23, 22, 22, 23, 6, 5] => QQFieldElem[1//6, 0, 0, 0, 0, 0, 0, 0],
	[23, 22, 22, 23, 7, 2] => QQFieldElem[0, 0, 0, 0, 0, 0, 1//24, 0],
	[23, 22, 22, 23, 4, 3] => QQFieldElem[0, 0, 1//3, 0, 0, 0, -1//6, 0])