Dict(
	[23, 25, 21, 11, 24, 11] => QQFieldElem[9//56, 0, 0, 0, -3//28, 0, 0, 0],
	[23, 25, 21, 11, 24, 9] => QQFieldElem[-1//8, 0, 0, 0, -1//8, 0, 0, 0],
	[23, 25, 21, 11, 15, 11] => QQFieldElem[9//56, 0, 0, 0, -3//28, 0, 0, 0],
	[23, 25, 21, 11, 20, 12] => QQFieldElem[1//8, 0, 0, 0, -1//4, 0, 0, 0],
	[23, 25, 21, 11, 15, 9] => QQFieldElem[1//8, 0, 0, 0, 1//8, 0, 0, 0],
	[23, 25, 21, 11, 25, 10] => QQFieldElem[3//16, 0, 0, 0, -1//16, 0, 0, 0],
	[23, 25, 21, 11, 20, 11] => QQFieldElem[1//56, 0, 0, 0, 1//14, 0, 0, 0],
	[23, 25, 21, 11, 20, 9] => QQFieldElem[-3//8, 0, 0, 0, 3//8, 0, 0, 0],
	[23, 25, 21, 11, 24, 10] => QQFieldElem[3//16, 0, 0, 0, -3//16, 0, 0, 0],
	[23, 25, 21, 11, 25, 12] => QQFieldElem[1//8, 0, 0, 0, 1//4, 0, 0, 0],
	[23, 25, 21, 11, 15, 10] => QQFieldElem[-3//16, 0, 0, 0, 3//16, 0, 0, 0],
	[23, 25, 21, 11, 25, 11] => QQFieldElem[-1//8, 0, 0, 0, 0, 0, 0, 0],
	[23, 25, 21, 11, 25, 9] => QQFieldElem[-1//8, 0, 0, 0, 5//8, 0, 0, 0],
	[23, 25, 21, 11, 20, 10] => QQFieldElem[1//16, 0, 0, 0, 1//16, 0, 0, 0],
	[23, 25, 21, 11, 24, 12] => QQFieldElem[1//8, 0, 0, 0, 0, 0, 0, 0],
	[23, 25, 21, 11, 15, 12] => QQFieldElem[1//8, 0, 0, 0, 0, 0, 0, 0])