Dict(
	[24, 10, 23, 21, 24, 13] => QQFieldElem[0, 0, -5//3, 0, 0, 0, 4//3, 0],
	[24, 10, 23, 21, 15, 13] => QQFieldElem[0, 0, 2//3, 0, 0, 0, -1//3, 0],
	[24, 10, 23, 21, 25, 17] => QQFieldElem[0, 0, 1, 0, 0, 0, -2, 0],
	[24, 10, 23, 21, 25, 23] => QQFieldElem[0, 0, 0, 0, 0, 0, 2, 0],
	[24, 10, 23, 21, 25, 22] => QQFieldElem[0, 0, 8//7, 0, 0, 0, -10//7, 0],
	[24, 10, 23, 21, 20, 13] => QQFieldElem[0, 0, -4//3, 0, 0, 0, 2//3, 0],
	[24, 10, 23, 21, 24, 17] => QQFieldElem[0, 0, -1, 0, 0, 0, -2, 0],
	[24, 10, 23, 21, 24, 23] => QQFieldElem[0, 0, -8//3, 0, 0, 0, -2//3, 0],
	[24, 10, 23, 21, 24, 22] => QQFieldElem[0, 0, 0, 0, 0, 0, 2, 0],
	[24, 10, 23, 21, 15, 17] => QQFieldElem[0, 0, 0, 0, 0, 0, -1, 0],
	[24, 10, 23, 21, 15, 23] => QQFieldElem[0, 0, -2//3, 0, 0, 0, -2//3, 0],
	[24, 10, 23, 21, 15, 22] => QQFieldElem[0, 0, 2//7, 0, 0, 0, -6//7, 0],
	[24, 10, 23, 21, 20, 17] => QQFieldElem[0, 0, 0, 0, 0, 0, 2, 0],
	[24, 10, 23, 21, 25, 13] => QQFieldElem[0, 0, -1, 0, 0, 0, 0, 0],
	[24, 10, 23, 21, 20, 23] => QQFieldElem[0, 0, -4//3, 0, 0, 0, -4//3, 0],
	[24, 10, 23, 21, 20, 22] => QQFieldElem[0, 0, 4//7, 0, 0, 0, -12//7, 0])