Dict(
	[24, 23, 23, 25, 4, 12] => QQFieldElem[1//16, 0, 0, 0, 1//8, 0, 0, 0],
	[24, 23, 23, 25, 8, 9] => QQFieldElem[0, 0, -1//24, 0, 0, 0, -1//48, 0],
	[24, 23, 23, 25, 21, 11] => QQFieldElem[1//16, 0, 0, 0, 0, 0, 0, 0],
	[24, 23, 23, 25, 21, 9] => QQFieldElem[0, 0, 1//24, 0, 0, 0, -1//48, 0],
	[24, 23, 23, 25, 6, 10] => QQFieldElem[-1//16, 0, 0, 0, 1//8, 0, 0, 0],
	[24, 23, 23, 25, 4, 11] => QQFieldElem[5//48, 0, 0, 0, -1//12, 0, 0, 0],
	[24, 23, 23, 25, 4, 9] => QQFieldElem[0, 0, -1//24, 0, 0, 0, 1//16, 0],
	[24, 23, 23, 25, 6, 12] => QQFieldElem[1//16, 0, 0, 0, -1//8, 0, 0, 0],
	[24, 23, 23, 25, 8, 10] => QQFieldElem[3//16, 0, 0, 0, -1//8, 0, 0, 0],
	[24, 23, 23, 25, 21, 10] => QQFieldElem[1//16, 0, 0, 0, -1//8, 0, 0, 0],
	[24, 23, 23, 25, 6, 11] => QQFieldElem[1//16, 0, 0, 0, 0, 0, 0, 0],
	[24, 23, 23, 25, 6, 9] => QQFieldElem[0, 0, 1//24, 0, 0, 0, -1//48, 0],
	[24, 23, 23, 25, 4, 10] => QQFieldElem[1//16, 0, 0, 0, 1//8, 0, 0, 0],
	[24, 23, 23, 25, 8, 12] => QQFieldElem[3//16, 0, 0, 0, -1//8, 0, 0, 0],
	[24, 23, 23, 25, 21, 12] => QQFieldElem[-1//16, 0, 0, 0, 1//8, 0, 0, 0],
	[24, 23, 23, 25, 8, 11] => QQFieldElem[1//48, 0, 0, 0, 1//12, 0, 0, 0])