Dict(
	[24, 25, 21, 21, 19, 8] => QQFieldElem[0, 0, -9//2, 0, 0, 0, 0, 0],
	[24, 25, 21, 21, 25, 8] => QQFieldElem[0, 0, 0, 0, 0, 0, 0, 0],
	[24, 25, 21, 21, 15, 2] => QQFieldElem[0, 0, 3, 0, 0, 0, -3//2, 0],
	[24, 25, 21, 21, 19, 6] => QQFieldElem[0, 0, 9//4, 0, 0, 0, 0, 0],
	[24, 25, 21, 21, 25, 6] => QQFieldElem[1//4, 0, 0, 0, 0, 0, 0, 0],
	[24, 25, 21, 21, 24, 5] => QQFieldElem[0, 0, 3//4, 0, 0, 0, -3//2, 0],
	[24, 25, 21, 21, 20, 4] => QQFieldElem[0, 0, 9, 0, 0, 0, -9, 0],
	[24, 25, 21, 21, 20, 21] => QQFieldElem[0, 0, 0, 0, 0, 0, 0, 0],
	[24, 25, 21, 21, 20, 2] => QQFieldElem[0, 0, -9, 0, 0, 0, 9, 0],
	[24, 25, 21, 21, 16, 4] => QQFieldElem[0, 0, 6, 0, 0, 0, -3, 0],
	[24, 25, 21, 21, 16, 21] => QQFieldElem[0, 0, 0, 0, 0, 0, 3, 0],
	[24, 25, 21, 21, 16, 2] => QQFieldElem[0, 0, 6, 0, 0, 0, -3, 0],
	[24, 25, 21, 21, 15, 5] => QQFieldElem[0, 0, 0, 0, 0, 0, 3//4, 0],
	[24, 25, 21, 21, 24, 8] => QQFieldElem[0, 0, -3//2, 0, 0, 0, 3, 0],
	[24, 25, 21, 21, 15, 8] => QQFieldElem[0, 0, 0, 0, 0, 0, -3//2, 0],
	[24, 25, 21, 21, 24, 6] => QQFieldElem[0, 0, -3//4, 0, 0, 0, 3//2, 0],
	[24, 25, 21, 21, 20, 5] => QQFieldElem[0, 0, 3//2, 0, 0, 0, 3//2, 0],
	[24, 25, 21, 21, 16, 5] => QQFieldElem[0, 0, 0, 0, 0, 0, 3//2, 0],
	[24, 25, 21, 21, 15, 6] => QQFieldElem[0, 0, 0, 0, 0, 0, 3//4, 0],
	[24, 25, 21, 21, 20, 8] => QQFieldElem[0, 0, 0, 0, 0, 0, 0, 0],
	[24, 25, 21, 21, 19, 4] => QQFieldElem[0, 0, 9//2, 0, 0, 0, -9, 0],
	[24, 25, 21, 21, 25, 4] => QQFieldElem[-1//2, 0, 0, 0, 1, 0, 0, 0],
	[24, 25, 21, 21, 16, 8] => QQFieldElem[0, 0, 0, 0, 0, 0, 3, 0],
	[24, 25, 21, 21, 19, 2] => QQFieldElem[0, 0, -9//2, 0, 0, 0, 9, 0],
	[24, 25, 21, 21, 25, 21] => QQFieldElem[0, 0, 0, 0, 0, 0, 0, 0],
	[24, 25, 21, 21, 20, 6] => QQFieldElem[0, 0, -3//2, 0, 0, 0, -3//2, 0],
	[24, 25, 21, 21, 25, 2] => QQFieldElem[-1//2, 0, 0, 0, 1, 0, 0, 0],
	[24, 25, 21, 21, 19, 21] => QQFieldElem[0, 0, 9//2, 0, 0, 0, 0, 0],
	[24, 25, 21, 21, 16, 6] => QQFieldElem[0, 0, 0, 0, 0, 0, 3//2, 0],
	[24, 25, 21, 21, 19, 5] => QQFieldElem[0, 0, -9//4, 0, 0, 0, 0, 0],
	[24, 25, 21, 21, 25, 5] => QQFieldElem[1//4, 0, 0, 0, 0, 0, 0, 0],
	[24, 25, 21, 21, 24, 4] => QQFieldElem[0, 0, 9//2, 0, 0, 0, 0, 0],
	[24, 25, 21, 21, 24, 21] => QQFieldElem[0, 0, 3//2, 0, 0, 0, -3, 0],
	[24, 25, 21, 21, 24, 2] => QQFieldElem[0, 0, -9//2, 0, 0, 0, 0, 0],
	[24, 25, 21, 21, 15, 4] => QQFieldElem[0, 0, 3, 0, 0, 0, -3//2, 0],
	[24, 25, 21, 21, 15, 21] => QQFieldElem[0, 0, 0, 0, 0, 0, -3//2, 0])