Dict(
	[24, 12, 11, 24, 8, 22] => QQFieldElem[1, 0, 0, 0, 0, 0, 0, 0],
	[24, 12, 11, 24, 21, 17] => QQFieldElem[1, 0, 0, 0, 0, 0, 0, 0],
	[24, 12, 11, 24, 21, 23] => QQFieldElem[-1, 0, 0, 0, 0, 0, 0, 0],
	[24, 12, 11, 24, 21, 22] => QQFieldElem[1, 0, 0, 0, 0, 0, 0, 0],
	[24, 12, 11, 24, 1, 13] => QQFieldElem[1//18, 0, 0, 0, 0, 0, 0, 0],
	[24, 12, 11, 24, 7, 13] => QQFieldElem[2, 0, 0, 0, 0, 0, 0, 0],
	[24, 12, 11, 24, 8, 13] => QQFieldElem[1, 0, 0, 0, 0, 0, 0, 0],
	[24, 12, 11, 24, 21, 13] => QQFieldElem[1, 0, 0, 0, 0, 0, 0, 0],
	[24, 12, 11, 24, 1, 17] => QQFieldElem[1//18, 0, 0, 0, 0, 0, 0, 0],
	[24, 12, 11, 24, 7, 17] => QQFieldElem[-2, 0, 0, 0, 0, 0, 0, 0],
	[24, 12, 11, 24, 1, 23] => QQFieldElem[1//9, 0, 0, 0, 0, 0, 0, 0],
	[24, 12, 11, 24, 7, 23] => QQFieldElem[-4, 0, 0, 0, 0, 0, 0, 0],
	[24, 12, 11, 24, 1, 22] => QQFieldElem[-1//9, 0, 0, 0, 0, 0, 0, 0],
	[24, 12, 11, 24, 7, 22] => QQFieldElem[-4, 0, 0, 0, 0, 0, 0, 0],
	[24, 12, 11, 24, 8, 17] => QQFieldElem[-1, 0, 0, 0, 0, 0, 0, 0],
	[24, 12, 11, 24, 8, 23] => QQFieldElem[1, 0, 0, 0, 0, 0, 0, 0])