Dict(
	[24, 21, 22, 12, 22, 25] => QQFieldElem[0, 0, 8//3, 0, 0, 0, -10//3, 0],
	[24, 21, 22, 12, 13, 24] => QQFieldElem[0, 0, -2//7, 0, 0, 0, -4//7, 0],
	[24, 21, 22, 12, 23, 25] => QQFieldElem[0, 0, 0, 0, 0, 0, 2, 0],
	[24, 21, 22, 12, 17, 25] => QQFieldElem[0, 0, 4//3, 0, 0, 0, -8//3, 0],
	[24, 21, 22, 12, 22, 15] => QQFieldElem[0, 0, -5//3, 0, 0, 0, 1//3, 0],
	[24, 21, 22, 12, 23, 15] => QQFieldElem[0, 0, -1, 0, 0, 0, 1, 0],
	[24, 21, 22, 12, 17, 15] => QQFieldElem[0, 0, -4//3, 0, 0, 0, 2//3, 0],
	[24, 21, 22, 12, 13, 25] => QQFieldElem[0, 0, 2//3, 0, 0, 0, -4//3, 0],
	[24, 21, 22, 12, 22, 20] => QQFieldElem[0, 0, 1, 0, 0, 0, -3, 0],
	[24, 21, 22, 12, 23, 20] => QQFieldElem[0, 0, -1, 0, 0, 0, -1, 0],
	[24, 21, 22, 12, 22, 24] => QQFieldElem[0, 0, 0, 0, 0, 0, 2, 0],
	[24, 21, 22, 12, 23, 24] => QQFieldElem[0, 0, -8//7, 0, 0, 0, -2//7, 0],
	[24, 21, 22, 12, 17, 20] => QQFieldElem[0, 0, 0, 0, 0, 0, 2, 0],
	[24, 21, 22, 12, 13, 15] => QQFieldElem[0, 0, 2//3, 0, 0, 0, -1//3, 0],
	[24, 21, 22, 12, 17, 24] => QQFieldElem[0, 0, -4//7, 0, 0, 0, -8//7, 0],
	[24, 21, 22, 12, 13, 20] => QQFieldElem[0, 0, 0, 0, 0, 0, -1, 0])