Dict(
	[24, 11, 21, 23, 10, 14] => QQFieldElem[-12//7, 0, 0, 0, -6//7, 0, 0, 0],
	[24, 11, 21, 23, 12, 14] => QQFieldElem[-9//7, 0, 0, 0, 6//7, 0, 0, 0],
	[24, 11, 21, 23, 9, 23] => QQFieldElem[1//9, 0, 0, 0, -1//18, 0, 0, 0],
	[24, 11, 21, 23, 9, 22] => QQFieldElem[0, 0, 0, 0, -1//6, 0, 0, 0],
	[24, 11, 21, 23, 11, 23] => QQFieldElem[1, 0, 0, 0, 0, 0, 0, 0],
	[24, 11, 21, 23, 11, 22] => QQFieldElem[-1, 0, 0, 0, 2, 0, 0, 0],
	[24, 11, 21, 23, 9, 14] => QQFieldElem[1//21, 0, 0, 0, 1//42, 0, 0, 0],
	[24, 11, 21, 23, 10, 18] => QQFieldElem[0, 0, 0, 0, 2, 0, 0, 0],
	[24, 11, 21, 23, 12, 18] => QQFieldElem[-1, 0, 0, 0, 0, 0, 0, 0],
	[24, 11, 21, 23, 11, 14] => QQFieldElem[-1//7, 0, 0, 0, -4//7, 0, 0, 0],
	[24, 11, 21, 23, 10, 23] => QQFieldElem[-4, 0, 0, 0, 2, 0, 0, 0],
	[24, 11, 21, 23, 9, 18] => QQFieldElem[0, 0, 0, 0, 1//6, 0, 0, 0],
	[24, 11, 21, 23, 10, 22] => QQFieldElem[0, 0, 0, 0, -2, 0, 0, 0],
	[24, 11, 21, 23, 12, 23] => QQFieldElem[1, 0, 0, 0, -2, 0, 0, 0],
	[24, 11, 21, 23, 12, 22] => QQFieldElem[-1, 0, 0, 0, 0, 0, 0, 0],
	[24, 11, 21, 23, 11, 18] => QQFieldElem[-1, 0, 0, 0, 2, 0, 0, 0])