Dict(
	[25, 12, 10, 24, 8, 18] => QQFieldElem[-1, 0, 0, 0, 0, 0, 0, 0],
	[25, 12, 10, 24, 6, 23] => QQFieldElem[4//3, 0, 0, 0, -8//3, 0, 0, 0],
	[25, 12, 10, 24, 6, 22] => QQFieldElem[-4//3, 0, 0, 0, 0, 0, 0, 0],
	[25, 12, 10, 24, 21, 18] => QQFieldElem[-1//3, 0, 0, 0, -4//3, 0, 0, 0],
	[25, 12, 10, 24, 4, 18] => QQFieldElem[-1//18, 0, 0, 0, 1//9, 0, 0, 0],
	[25, 12, 10, 24, 6, 14] => QQFieldElem[-4//3, 0, 0, 0, 8//3, 0, 0, 0],
	[25, 12, 10, 24, 8, 23] => QQFieldElem[-1, 0, 0, 0, 0, 0, 0, 0],
	[25, 12, 10, 24, 8, 22] => QQFieldElem[1//3, 0, 0, 0, -2//3, 0, 0, 0],
	[25, 12, 10, 24, 21, 23] => QQFieldElem[-1//3, 0, 0, 0, -4//3, 0, 0, 0],
	[25, 12, 10, 24, 21, 22] => QQFieldElem[-1, 0, 0, 0, 2//3, 0, 0, 0],
	[25, 12, 10, 24, 8, 14] => QQFieldElem[2, 0, 0, 0, 0, 0, 0, 0],
	[25, 12, 10, 24, 4, 23] => QQFieldElem[1//9, 0, 0, 0, -2//9, 0, 0, 0],
	[25, 12, 10, 24, 4, 22] => QQFieldElem[1//9, 0, 0, 0, 0, 0, 0, 0],
	[25, 12, 10, 24, 6, 18] => QQFieldElem[-2//3, 0, 0, 0, 4//3, 0, 0, 0],
	[25, 12, 10, 24, 21, 14] => QQFieldElem[-2//3, 0, 0, 0, -8//3, 0, 0, 0],
	[25, 12, 10, 24, 4, 14] => QQFieldElem[1//9, 0, 0, 0, -2//9, 0, 0, 0])