Dict(
	[25, 9, 10, 25, 1, 17] => QQFieldElem[1//6, 0, 0, 0, 0, 0, 0, 0],
	[25, 9, 10, 25, 7, 17] => QQFieldElem[-2//3, 0, 0, 0, 0, 0, 0, 0],
	[25, 9, 10, 25, 1, 23] => QQFieldElem[1//3, 0, 0, 0, 0, 0, 0, 0],
	[25, 9, 10, 25, 7, 23] => QQFieldElem[-4//3, 0, 0, 0, 0, 0, 0, 0],
	[25, 9, 10, 25, 1, 22] => QQFieldElem[1//3, 0, 0, 0, 0, 0, 0, 0],
	[25, 9, 10, 25, 7, 22] => QQFieldElem[4//3, 0, 0, 0, 0, 0, 0, 0],
	[25, 9, 10, 25, 8, 17] => QQFieldElem[-7//3, 0, 0, 0, 0, 0, 0, 0],
	[25, 9, 10, 25, 8, 23] => QQFieldElem[7//3, 0, 0, 0, 0, 0, 0, 0],
	[25, 9, 10, 25, 8, 22] => QQFieldElem[-7//3, 0, 0, 0, 0, 0, 0, 0],
	[25, 9, 10, 25, 21, 17] => QQFieldElem[1, 0, 0, 0, 0, 0, 0, 0],
	[25, 9, 10, 25, 21, 23] => QQFieldElem[-1, 0, 0, 0, 0, 0, 0, 0],
	[25, 9, 10, 25, 21, 22] => QQFieldElem[-1, 0, 0, 0, 0, 0, 0, 0],
	[25, 9, 10, 25, 1, 13] => QQFieldElem[1//6, 0, 0, 0, 0, 0, 0, 0],
	[25, 9, 10, 25, 7, 13] => QQFieldElem[2//3, 0, 0, 0, 0, 0, 0, 0],
	[25, 9, 10, 25, 8, 13] => QQFieldElem[7//3, 0, 0, 0, 0, 0, 0, 0],
	[25, 9, 10, 25, 21, 13] => QQFieldElem[1, 0, 0, 0, 0, 0, 0, 0])