Dict(
	[25, 21, 11, 23, 9, 19] => QQFieldElem[1//21, 0, 0, 0, 1//42, 0, 0, 0],
	[25, 21, 11, 23, 12, 25] => QQFieldElem[1, 0, 0, 0, -2, 0, 0, 0],
	[25, 21, 11, 23, 11, 24] => QQFieldElem[-1, 0, 0, 0, 2, 0, 0, 0],
	[25, 21, 11, 23, 11, 19] => QQFieldElem[-1//7, 0, 0, 0, -4//7, 0, 0, 0],
	[25, 21, 11, 23, 9, 25] => QQFieldElem[1//9, 0, 0, 0, -1//18, 0, 0, 0],
	[25, 21, 11, 23, 10, 16] => QQFieldElem[0, 0, 0, 0, 2, 0, 0, 0],
	[25, 21, 11, 23, 11, 25] => QQFieldElem[1, 0, 0, 0, 0, 0, 0, 0],
	[25, 21, 11, 23, 12, 16] => QQFieldElem[-1, 0, 0, 0, 0, 0, 0, 0],
	[25, 21, 11, 23, 10, 24] => QQFieldElem[0, 0, 0, 0, -2, 0, 0, 0],
	[25, 21, 11, 23, 10, 19] => QQFieldElem[-12//7, 0, 0, 0, -6//7, 0, 0, 0],
	[25, 21, 11, 23, 12, 24] => QQFieldElem[-1, 0, 0, 0, 0, 0, 0, 0],
	[25, 21, 11, 23, 12, 19] => QQFieldElem[-9//7, 0, 0, 0, 6//7, 0, 0, 0],
	[25, 21, 11, 23, 9, 16] => QQFieldElem[0, 0, 0, 0, 1//6, 0, 0, 0],
	[25, 21, 11, 23, 9, 24] => QQFieldElem[0, 0, 0, 0, -1//6, 0, 0, 0],
	[25, 21, 11, 23, 10, 25] => QQFieldElem[-4, 0, 0, 0, 2, 0, 0, 0],
	[25, 21, 11, 23, 11, 16] => QQFieldElem[-1, 0, 0, 0, 2, 0, 0, 0])