Dict(
	[25, 25, 12, 12, 23, 7] => QQFieldElem[1//12, 0, 0, 0, -1//6, 0, 0, 0],
	[25, 25, 12, 12, 14, 8] => QQFieldElem[0, 0, 0, 0, 0, 0, 2, 0],
	[25, 25, 12, 12, 14, 1] => QQFieldElem[0, 0, 0, 0, 0, 0, 3, 0],
	[25, 25, 12, 12, 18, 7] => QQFieldElem[-1//12, 0, 0, 0, 1//6, 0, 0, 0],
	[25, 25, 12, 12, 22, 21] => QQFieldElem[1//14, 0, 0, 0, 1//7, 0, 0, 0],
	[25, 25, 12, 12, 23, 21] => QQFieldElem[5//42, 0, 0, 0, -2//21, 0, 0, 0],
	[25, 25, 12, 12, 18, 21] => QQFieldElem[5//21, 0, 0, 0, -4//21, 0, 0, 0],
	[25, 25, 12, 12, 14, 7] => QQFieldElem[0, 0, 1, 0, 0, 0, -1//2, 0],
	[25, 25, 12, 12, 22, 8] => QQFieldElem[1//6, 0, 0, 0, -1//3, 0, 0, 0],
	[25, 25, 12, 12, 22, 1] => QQFieldElem[-1//2, 0, 0, 0, 1, 0, 0, 0],
	[25, 25, 12, 12, 23, 8] => QQFieldElem[1//6, 0, 0, 0, 0, 0, 0, 0],
	[25, 25, 12, 12, 14, 21] => QQFieldElem[0, 0, -8//7, 0, 0, 0, -2//7, 0],
	[25, 25, 12, 12, 23, 1] => QQFieldElem[-1//2, 0, 0, 0, 0, 0, 0, 0],
	[25, 25, 12, 12, 18, 8] => QQFieldElem[1//3, 0, 0, 0, 0, 0, 0, 0],
	[25, 25, 12, 12, 18, 1] => QQFieldElem[1//2, 0, 0, 0, 0, 0, 0, 0],
	[25, 25, 12, 12, 22, 7] => QQFieldElem[1//4, 0, 0, 0, 0, 0, 0, 0])