Dict(
	[25, 25, 12, 10, 22, 3] => QQFieldElem[-1//2, 0, 0, 0, 1, 0, 0, 0],
	[25, 25, 12, 10, 14, 5] => QQFieldElem[0, 0, 0, 0, 0, 0, 1, 0],
	[25, 25, 12, 10, 22, 7] => QQFieldElem[-1//3, 0, 0, 0, 0, 0, 0, 0],
	[25, 25, 12, 10, 23, 3] => QQFieldElem[-1//2, 0, 0, 0, 1, 0, 0, 0],
	[25, 25, 12, 10, 23, 7] => QQFieldElem[1//6, 0, 0, 0, 0, 0, 0, 0],
	[25, 25, 12, 10, 18, 3] => QQFieldElem[1//2, 0, 0, 0, -1, 0, 0, 0],
	[25, 25, 12, 10, 18, 7] => QQFieldElem[-1//6, 0, 0, 0, 0, 0, 0, 0],
	[25, 25, 12, 10, 22, 21] => QQFieldElem[1//3, 0, 0, 0, 0, 0, 0, 0],
	[25, 25, 12, 10, 23, 21] => QQFieldElem[-1//6, 0, 0, 0, 0, 0, 0, 0],
	[25, 25, 12, 10, 14, 3] => QQFieldElem[0, 0, 12, 0, 0, 0, -6, 0],
	[25, 25, 12, 10, 22, 5] => QQFieldElem[1//12, 0, 0, 0, 0, 0, 0, 0],
	[25, 25, 12, 10, 18, 21] => QQFieldElem[-1//6, 0, 0, 0, 0, 0, 0, 0],
	[25, 25, 12, 10, 14, 7] => QQFieldElem[0, 0, 0, 0, 0, 0, 4, 0],
	[25, 25, 12, 10, 23, 5] => QQFieldElem[1//12, 0, 0, 0, 0, 0, 0, 0],
	[25, 25, 12, 10, 18, 5] => QQFieldElem[1//12, 0, 0, 0, 0, 0, 0, 0],
	[25, 25, 12, 10, 14, 21] => QQFieldElem[0, 0, 0, 0, 0, 0, 4, 0])