Dict(
	[25, 21, 22, 9, 17, 15] => QQFieldElem[0, 0, -4, 0, 0, 0, 2, 0],
	[25, 21, 22, 9, 13, 25] => QQFieldElem[0, 0, 2//3, 0, 0, 0, 0, 0],
	[25, 21, 22, 9, 22, 20] => QQFieldElem[0, 0, -1, 0, 0, 0, 1, 0],
	[25, 21, 22, 9, 23, 20] => QQFieldElem[0, 0, 1, 0, 0, 0, -1, 0],
	[25, 21, 22, 9, 22, 24] => QQFieldElem[0, 0, 0, 0, 0, 0, -2, 0],
	[25, 21, 22, 9, 13, 15] => QQFieldElem[0, 0, -2//3, 0, 0, 0, 1//3, 0],
	[25, 21, 22, 9, 23, 24] => QQFieldElem[0, 0, 0, 0, 0, 0, -2, 0],
	[25, 21, 22, 9, 17, 20] => QQFieldElem[0, 0, 0, 0, 0, 0, -2, 0],
	[25, 21, 22, 9, 17, 24] => QQFieldElem[0, 0, 4, 0, 0, 0, 0, 0],
	[25, 21, 22, 9, 13, 20] => QQFieldElem[0, 0, 0, 0, 0, 0, -1//3, 0],
	[25, 21, 22, 9, 22, 25] => QQFieldElem[0, 0, 0, 0, 0, 0, -2, 0],
	[25, 21, 22, 9, 13, 24] => QQFieldElem[0, 0, -2//3, 0, 0, 0, 0, 0],
	[25, 21, 22, 9, 23, 25] => QQFieldElem[0, 0, 0, 0, 0, 0, -2, 0],
	[25, 21, 22, 9, 17, 25] => QQFieldElem[0, 0, -4, 0, 0, 0, 0, 0],
	[25, 21, 22, 9, 22, 15] => QQFieldElem[0, 0, -1, 0, 0, 0, -1, 0],
	[25, 21, 22, 9, 23, 15] => QQFieldElem[0, 0, 1, 0, 0, 0, 1, 0])