Dict(
	[25, 25, 9, 11, 13, 5] => QQFieldElem[0, 0, 0, 0, 0, 0, 3, 0],
	[25, 25, 9, 11, 22, 3] => QQFieldElem[-1//6, 0, 0, 0, 1//3, 0, 0, 0],
	[25, 25, 9, 11, 22, 7] => QQFieldElem[1//7, 0, 0, 0, 0, 0, 0, 0],
	[25, 25, 9, 11, 23, 3] => QQFieldElem[-1//6, 0, 0, 0, 1//3, 0, 0, 0],
	[25, 25, 9, 11, 17, 3] => QQFieldElem[-1//6, 0, 0, 0, 1//3, 0, 0, 0],
	[25, 25, 9, 11, 23, 7] => QQFieldElem[-1//14, 0, 0, 0, 0, 0, 0, 0],
	[25, 25, 9, 11, 17, 7] => QQFieldElem[1//14, 0, 0, 0, 0, 0, 0, 0],
	[25, 25, 9, 11, 22, 21] => QQFieldElem[-1//3, 0, 0, 0, 0, 0, 0, 0],
	[25, 25, 9, 11, 23, 21] => QQFieldElem[1//6, 0, 0, 0, 0, 0, 0, 0],
	[25, 25, 9, 11, 13, 3] => QQFieldElem[0, 0, 4, 0, 0, 0, -2, 0],
	[25, 25, 9, 11, 17, 21] => QQFieldElem[1//6, 0, 0, 0, 0, 0, 0, 0],
	[25, 25, 9, 11, 13, 7] => QQFieldElem[0, 0, 0, 0, 0, 0, 12//7, 0],
	[25, 25, 9, 11, 22, 5] => QQFieldElem[1//4, 0, 0, 0, 0, 0, 0, 0],
	[25, 25, 9, 11, 23, 5] => QQFieldElem[1//4, 0, 0, 0, 0, 0, 0, 0],
	[25, 25, 9, 11, 17, 5] => QQFieldElem[-1//4, 0, 0, 0, 0, 0, 0, 0],
	[25, 25, 9, 11, 13, 21] => QQFieldElem[0, 0, 0, 0, 0, 0, 4, 0])