Dict(
	[25, 12, 9, 25, 7, 14] => QQFieldElem[2, 0, 0, 0, 0, 0, 0, 0],
	[25, 12, 9, 25, 21, 23] => QQFieldElem[-1//3, 0, 0, 0, -4//3, 0, 0, 0],
	[25, 12, 9, 25, 5, 18] => QQFieldElem[-4//3, 0, 0, 0, 0, 0, 0, 0],
	[25, 12, 9, 25, 3, 23] => QQFieldElem[1//9, 0, 0, 0, -2//9, 0, 0, 0],
	[25, 12, 9, 25, 21, 22] => QQFieldElem[-1//3, 0, 0, 0, -4//3, 0, 0, 0],
	[25, 12, 9, 25, 3, 22] => QQFieldElem[-1//18, 0, 0, 0, 1//9, 0, 0, 0],
	[25, 12, 9, 25, 21, 14] => QQFieldElem[-2//3, 0, 0, 0, -8//3, 0, 0, 0],
	[25, 12, 9, 25, 3, 14] => QQFieldElem[1//9, 0, 0, 0, -2//9, 0, 0, 0],
	[25, 12, 9, 25, 7, 18] => QQFieldElem[1//3, 0, 0, 0, -2//3, 0, 0, 0],
	[25, 12, 9, 25, 5, 23] => QQFieldElem[4//3, 0, 0, 0, -8//3, 0, 0, 0],
	[25, 12, 9, 25, 5, 22] => QQFieldElem[-2//3, 0, 0, 0, 4//3, 0, 0, 0],
	[25, 12, 9, 25, 5, 14] => QQFieldElem[-4//3, 0, 0, 0, 8//3, 0, 0, 0],
	[25, 12, 9, 25, 21, 18] => QQFieldElem[-1, 0, 0, 0, 2//3, 0, 0, 0],
	[25, 12, 9, 25, 3, 18] => QQFieldElem[1//9, 0, 0, 0, 0, 0, 0, 0],
	[25, 12, 9, 25, 7, 23] => QQFieldElem[-1, 0, 0, 0, 0, 0, 0, 0],
	[25, 12, 9, 25, 7, 22] => QQFieldElem[-1, 0, 0, 0, 0, 0, 0, 0])