Dict(
	[25, 10, 25, 10, 18, 14] => QQFieldElem[0, 0, -2//3, 0, 0, 0, 4//3, 0],
	[25, 10, 25, 10, 14, 23] => QQFieldElem[0, 0, 8//21, 0, 0, 0, -4//7, 0],
	[25, 10, 25, 10, 14, 22] => QQFieldElem[0, 0, 0, 0, 0, 0, -4//3, 0],
	[25, 10, 25, 10, 22, 18] => QQFieldElem[0, 0, 0, 0, 0, 0, 1, 0],
	[25, 10, 25, 10, 14, 14] => QQFieldElem[0, 0, 1//3, 0, 0, 0, -2//3, 0],
	[25, 10, 25, 10, 23, 18] => QQFieldElem[0, 0, 2, 0, 0, 0, -3, 0],
	[25, 10, 25, 10, 18, 18] => QQFieldElem[0, 0, -2, 0, 0, 0, 0, 0],
	[25, 10, 25, 10, 22, 23] => QQFieldElem[0, 0, 6//7, 0, 0, 0, -2//7, 0],
	[25, 10, 25, 10, 22, 22] => QQFieldElem[0, 0, 2, 0, 0, 0, -2, 0],
	[25, 10, 25, 10, 23, 23] => QQFieldElem[0, 0, -10//7, 0, 0, 0, -6//7, 0],
	[25, 10, 25, 10, 14, 18] => QQFieldElem[0, 0, -1//3, 0, 0, 0, 0, 0],
	[25, 10, 25, 10, 23, 22] => QQFieldElem[0, 0, 2, 0, 0, 0, -2//3, 0],
	[25, 10, 25, 10, 22, 14] => QQFieldElem[0, 0, -2, 0, 0, 0, 1, 0],
	[25, 10, 25, 10, 18, 23] => QQFieldElem[0, 0, 16//7, 0, 0, 0, -24//7, 0],
	[25, 10, 25, 10, 18, 22] => QQFieldElem[0, 0, 0, 0, 0, 0, 8//3, 0],
	[25, 10, 25, 10, 23, 14] => QQFieldElem[0, 0, -4//3, 0, 0, 0, -1//3, 0])