Dict(
	[25, 21, 23, 9, 23, 16] => QQFieldElem[0, 0, -1, 0, 0, 0, -1, 0],
	[25, 21, 23, 9, 22, 24] => QQFieldElem[0, 0, 0, 0, 0, 0, -2, 0],
	[25, 21, 23, 9, 17, 16] => QQFieldElem[0, 0, -4, 0, 0, 0, 2, 0],
	[25, 21, 23, 9, 23, 24] => QQFieldElem[0, 0, 0, 0, 0, 0, -2, 0],
	[25, 21, 23, 9, 22, 19] => QQFieldElem[0, 0, 1, 0, 0, 0, -1, 0],
	[25, 21, 23, 9, 23, 19] => QQFieldElem[0, 0, -1, 0, 0, 0, 1, 0],
	[25, 21, 23, 9, 17, 24] => QQFieldElem[0, 0, 4, 0, 0, 0, 0, 0],
	[25, 21, 23, 9, 17, 19] => QQFieldElem[0, 0, 0, 0, 0, 0, -2, 0],
	[25, 21, 23, 9, 13, 16] => QQFieldElem[0, 0, -2//3, 0, 0, 0, 1//3, 0],
	[25, 21, 23, 9, 22, 25] => QQFieldElem[0, 0, 0, 0, 0, 0, -2, 0],
	[25, 21, 23, 9, 13, 24] => QQFieldElem[0, 0, -2//3, 0, 0, 0, 0, 0],
	[25, 21, 23, 9, 23, 25] => QQFieldElem[0, 0, 0, 0, 0, 0, -2, 0],
	[25, 21, 23, 9, 13, 19] => QQFieldElem[0, 0, 0, 0, 0, 0, -1//3, 0],
	[25, 21, 23, 9, 17, 25] => QQFieldElem[0, 0, -4, 0, 0, 0, 0, 0],
	[25, 21, 23, 9, 13, 25] => QQFieldElem[0, 0, 2//3, 0, 0, 0, 0, 0],
	[25, 21, 23, 9, 22, 16] => QQFieldElem[0, 0, 1, 0, 0, 0, 1, 0])