Dict(
	[25, 10, 23, 21, 15, 23] => QQFieldElem[0, 0, -2//3, 0, 0, 0, -2//3, 0],
	[25, 10, 23, 21, 15, 22] => QQFieldElem[0, 0, 2//7, 0, 0, 0, -6//7, 0],
	[25, 10, 23, 21, 24, 14] => QQFieldElem[0, 0, -1, 0, 0, 0, 0, 0],
	[25, 10, 23, 21, 20, 23] => QQFieldElem[0, 0, -4//3, 0, 0, 0, -4//3, 0],
	[25, 10, 23, 21, 15, 14] => QQFieldElem[0, 0, 2//3, 0, 0, 0, -1//3, 0],
	[25, 10, 23, 21, 20, 22] => QQFieldElem[0, 0, 4//7, 0, 0, 0, -12//7, 0],
	[25, 10, 23, 21, 25, 18] => QQFieldElem[0, 0, -1, 0, 0, 0, -2, 0],
	[25, 10, 23, 21, 20, 14] => QQFieldElem[0, 0, -4//3, 0, 0, 0, 2//3, 0],
	[25, 10, 23, 21, 24, 18] => QQFieldElem[0, 0, 1, 0, 0, 0, -2, 0],
	[25, 10, 23, 21, 15, 18] => QQFieldElem[0, 0, 0, 0, 0, 0, -1, 0],
	[25, 10, 23, 21, 25, 23] => QQFieldElem[0, 0, -8//3, 0, 0, 0, -2//3, 0],
	[25, 10, 23, 21, 25, 22] => QQFieldElem[0, 0, 0, 0, 0, 0, 2, 0],
	[25, 10, 23, 21, 20, 18] => QQFieldElem[0, 0, 0, 0, 0, 0, 2, 0],
	[25, 10, 23, 21, 25, 14] => QQFieldElem[0, 0, -5//3, 0, 0, 0, 4//3, 0],
	[25, 10, 23, 21, 24, 23] => QQFieldElem[0, 0, 0, 0, 0, 0, 2, 0],
	[25, 10, 23, 21, 24, 22] => QQFieldElem[0, 0, 8//7, 0, 0, 0, -10//7, 0])