Dict(
	[25, 24, 9, 12, 22, 8] => QQFieldElem[1//6, 0, 0, 0, 0, 0, 0, 0],
	[25, 24, 9, 12, 14, 4] => QQFieldElem[0, 0, 4, 0, 0, 0, -2, 0],
	[25, 24, 9, 12, 23, 8] => QQFieldElem[1//6, 0, 0, 0, 0, 0, 0, 0],
	[25, 24, 9, 12, 14, 21] => QQFieldElem[0, 0, 0, 0, 0, 0, 12//7, 0],
	[25, 24, 9, 12, 22, 6] => QQFieldElem[-1//4, 0, 0, 0, 0, 0, 0, 0],
	[25, 24, 9, 12, 23, 6] => QQFieldElem[1//4, 0, 0, 0, 0, 0, 0, 0],
	[25, 24, 9, 12, 18, 8] => QQFieldElem[-1//3, 0, 0, 0, 0, 0, 0, 0],
	[25, 24, 9, 12, 18, 6] => QQFieldElem[1//4, 0, 0, 0, 0, 0, 0, 0],
	[25, 24, 9, 12, 14, 8] => QQFieldElem[0, 0, 0, 0, 0, 0, 4, 0],
	[25, 24, 9, 12, 22, 4] => QQFieldElem[-1//6, 0, 0, 0, 1//3, 0, 0, 0],
	[25, 24, 9, 12, 14, 6] => QQFieldElem[0, 0, 0, 0, 0, 0, 3, 0],
	[25, 24, 9, 12, 22, 21] => QQFieldElem[1//14, 0, 0, 0, 0, 0, 0, 0],
	[25, 24, 9, 12, 23, 4] => QQFieldElem[-1//6, 0, 0, 0, 1//3, 0, 0, 0],
	[25, 24, 9, 12, 23, 21] => QQFieldElem[-1//14, 0, 0, 0, 0, 0, 0, 0],
	[25, 24, 9, 12, 18, 4] => QQFieldElem[-1//6, 0, 0, 0, 1//3, 0, 0, 0],
	[25, 24, 9, 12, 18, 21] => QQFieldElem[1//7, 0, 0, 0, 0, 0, 0, 0])