Dict(
	[25, 25, 11, 9, 17, 3] => QQFieldElem[1//2, 0, 0, 0, -1, 0, 0, 0],
	[25, 25, 11, 9, 23, 7] => QQFieldElem[-1//6, 0, 0, 0, 0, 0, 0, 0],
	[25, 25, 11, 9, 17, 7] => QQFieldElem[-1//6, 0, 0, 0, 0, 0, 0, 0],
	[25, 25, 11, 9, 22, 21] => QQFieldElem[-1//3, 0, 0, 0, 0, 0, 0, 0],
	[25, 25, 11, 9, 23, 21] => QQFieldElem[1//6, 0, 0, 0, 0, 0, 0, 0],
	[25, 25, 11, 9, 13, 3] => QQFieldElem[0, 0, 12, 0, 0, 0, -6, 0],
	[25, 25, 11, 9, 17, 21] => QQFieldElem[-1//6, 0, 0, 0, 0, 0, 0, 0],
	[25, 25, 11, 9, 13, 7] => QQFieldElem[0, 0, 0, 0, 0, 0, 4, 0],
	[25, 25, 11, 9, 22, 5] => QQFieldElem[1//12, 0, 0, 0, 0, 0, 0, 0],
	[25, 25, 11, 9, 23, 5] => QQFieldElem[1//12, 0, 0, 0, 0, 0, 0, 0],
	[25, 25, 11, 9, 17, 5] => QQFieldElem[1//12, 0, 0, 0, 0, 0, 0, 0],
	[25, 25, 11, 9, 13, 21] => QQFieldElem[0, 0, 0, 0, 0, 0, 4, 0],
	[25, 25, 11, 9, 13, 5] => QQFieldElem[0, 0, 0, 0, 0, 0, 1, 0],
	[25, 25, 11, 9, 22, 3] => QQFieldElem[-1//2, 0, 0, 0, 1, 0, 0, 0],
	[25, 25, 11, 9, 22, 7] => QQFieldElem[1//3, 0, 0, 0, 0, 0, 0, 0],
	[25, 25, 11, 9, 23, 3] => QQFieldElem[-1//2, 0, 0, 0, 1, 0, 0, 0])