Dict(
	[25, 12, 12, 24, 5, 23] => QQFieldElem[-4, 0, 0, 0, 0, 0, 0, 0],
	[25, 12, 12, 24, 5, 22] => QQFieldElem[-2, 0, 0, 0, 0, 0, 0, 0],
	[25, 12, 12, 24, 6, 23] => QQFieldElem[-1, 0, 0, 0, 0, 0, 0, 0],
	[25, 12, 12, 24, 2, 18] => QQFieldElem[-1//9, 0, 0, 0, 0, 0, 0, 0],
	[25, 12, 12, 24, 6, 22] => QQFieldElem[1, 0, 0, 0, 0, 0, 0, 0],
	[25, 12, 12, 24, 5, 14] => QQFieldElem[2, 0, 0, 0, 0, 0, 0, 0],
	[25, 12, 12, 24, 21, 18] => QQFieldElem[1, 0, 0, 0, 0, 0, 0, 0],
	[25, 12, 12, 24, 6, 14] => QQFieldElem[1, 0, 0, 0, 0, 0, 0, 0],
	[25, 12, 12, 24, 2, 23] => QQFieldElem[1//9, 0, 0, 0, 0, 0, 0, 0],
	[25, 12, 12, 24, 2, 22] => QQFieldElem[1//18, 0, 0, 0, 0, 0, 0, 0],
	[25, 12, 12, 24, 21, 23] => QQFieldElem[1, 0, 0, 0, 0, 0, 0, 0],
	[25, 12, 12, 24, 5, 18] => QQFieldElem[-4, 0, 0, 0, 0, 0, 0, 0],
	[25, 12, 12, 24, 21, 22] => QQFieldElem[-1, 0, 0, 0, 0, 0, 0, 0],
	[25, 12, 12, 24, 2, 14] => QQFieldElem[1//18, 0, 0, 0, 0, 0, 0, 0],
	[25, 12, 12, 24, 6, 18] => QQFieldElem[1, 0, 0, 0, 0, 0, 0, 0],
	[25, 12, 12, 24, 21, 14] => QQFieldElem[1, 0, 0, 0, 0, 0, 0, 0])