Dict(
	[25, 11, 25, 9, 13, 17] => QQFieldElem[0, 0, 1//9, 0, 0, 0, -2//9, 0],
	[25, 11, 25, 9, 13, 23] => QQFieldElem[0, 0, 0, 0, 0, 0, 4//9, 0],
	[25, 11, 25, 9, 13, 22] => QQFieldElem[0, 0, -8//9, 0, 0, 0, 4//9, 0],
	[25, 11, 25, 9, 22, 13] => QQFieldElem[0, 0, 0, 0, 0, 0, 3, 0],
	[25, 11, 25, 9, 23, 13] => QQFieldElem[0, 0, 2, 0, 0, 0, -1, 0],
	[25, 11, 25, 9, 17, 13] => QQFieldElem[0, 0, -6, 0, 0, 0, 0, 0],
	[25, 11, 25, 9, 22, 17] => QQFieldElem[0, 0, -2//3, 0, 0, 0, 1//3, 0],
	[25, 11, 25, 9, 13, 13] => QQFieldElem[0, 0, 1//3, 0, 0, 0, 0, 0],
	[25, 11, 25, 9, 22, 23] => QQFieldElem[0, 0, 2, 0, 0, 0, -2, 0],
	[25, 11, 25, 9, 22, 22] => QQFieldElem[0, 0, -2//3, 0, 0, 0, -2//3, 0],
	[25, 11, 25, 9, 23, 17] => QQFieldElem[0, 0, 0, 0, 0, 0, -1, 0],
	[25, 11, 25, 9, 23, 23] => QQFieldElem[0, 0, -2//3, 0, 0, 0, -2//3, 0],
	[25, 11, 25, 9, 23, 22] => QQFieldElem[0, 0, 2, 0, 0, 0, -2, 0],
	[25, 11, 25, 9, 17, 17] => QQFieldElem[0, 0, 2//3, 0, 0, 0, -4//3, 0],
	[25, 11, 25, 9, 17, 23] => QQFieldElem[0, 0, 0, 0, 0, 0, -8, 0],
	[25, 11, 25, 9, 17, 22] => QQFieldElem[0, 0, -16//3, 0, 0, 0, 8//3, 0])