Dict(
	[9, 10, 9, 9, 8, 21] => QQFieldElem[-2//3, 0, 0, 0, 0, 0, 0, 0],
	[9, 10, 9, 9, 21, 21] => QQFieldElem[1//3, 0, 0, 0, 0, 0, 0, 0],
	[9, 10, 9, 9, 1, 8] => QQFieldElem[4//3, 0, 0, 0, 0, 0, 0, 0],
	[9, 10, 9, 9, 7, 8] => QQFieldElem[2//3, 0, 0, 0, 0, 0, 0, 0],
	[9, 10, 9, 9, 1, 1] => QQFieldElem[1//3, 0, 0, 0, 0, 0, 0, 0],
	[9, 10, 9, 9, 7, 1] => QQFieldElem[1//6, 0, 0, 0, 0, 0, 0, 0],
	[9, 10, 9, 9, 8, 8] => QQFieldElem[-1//3, 0, 0, 0, 0, 0, 0, 0],
	[9, 10, 9, 9, 8, 1] => QQFieldElem[1//6, 0, 0, 0, 0, 0, 0, 0],
	[9, 10, 9, 9, 21, 8] => QQFieldElem[-1//3, 0, 0, 0, 0, 0, 0, 0],
	[9, 10, 9, 9, 21, 1] => QQFieldElem[1//6, 0, 0, 0, 0, 0, 0, 0],
	[9, 10, 9, 9, 1, 7] => QQFieldElem[4//3, 0, 0, 0, 0, 0, 0, 0],
	[9, 10, 9, 9, 7, 7] => QQFieldElem[-1//3, 0, 0, 0, 0, 0, 0, 0],
	[9, 10, 9, 9, 8, 7] => QQFieldElem[2//3, 0, 0, 0, 0, 0, 0, 0],
	[9, 10, 9, 9, 1, 21] => QQFieldElem[8//3, 0, 0, 0, 0, 0, 0, 0],
	[9, 10, 9, 9, 21, 7] => QQFieldElem[-1//3, 0, 0, 0, 0, 0, 0, 0],
	[9, 10, 9, 9, 7, 21] => QQFieldElem[-2//3, 0, 0, 0, 0, 0, 0, 0])