Dict(
	[9, 23, 22, 10, 5, 25] => QQFieldElem[0, 0, -2//3, 0, 0, 0, 1//3, 0],
	[9, 23, 22, 10, 2, 16] => QQFieldElem[1//36, 0, 0, 0, -1//18, 0, 0, 0],
	[9, 23, 22, 10, 21, 16] => QQFieldElem[5//72, 0, 0, 0, -1//18, 0, 0, 0],
	[9, 23, 22, 10, 2, 24] => QQFieldElem[0, 0, 0, 0, 0, 0, 1//3, 0],
	[9, 23, 22, 10, 6, 25] => QQFieldElem[0, 0, 0, 0, 0, 0, -1//4, 0],
	[9, 23, 22, 10, 21, 24] => QQFieldElem[0, 0, 1//6, 0, 0, 0, -1//4, 0],
	[9, 23, 22, 10, 2, 19] => QQFieldElem[0, 0, 1//3, 0, 0, 0, -1//6, 0],
	[9, 23, 22, 10, 21, 19] => QQFieldElem[0, 0, -1//3, 0, 0, 0, -1//12, 0],
	[9, 23, 22, 10, 5, 16] => QQFieldElem[-1//36, 0, 0, 0, 1//18, 0, 0, 0],
	[9, 23, 22, 10, 2, 25] => QQFieldElem[0, 0, -2//3, 0, 0, 0, 1//3, 0],
	[9, 23, 22, 10, 5, 24] => QQFieldElem[0, 0, 0, 0, 0, 0, -1//3, 0],
	[9, 23, 22, 10, 21, 25] => QQFieldElem[0, 0, -1//3, 0, 0, 0, -1//12, 0],
	[9, 23, 22, 10, 6, 16] => QQFieldElem[-1//24, 0, 0, 0, 0, 0, 0, 0],
	[9, 23, 22, 10, 5, 19] => QQFieldElem[0, 0, 1//3, 0, 0, 0, -1//6, 0],
	[9, 23, 22, 10, 6, 24] => QQFieldElem[0, 0, -1//6, 0, 0, 0, 1//12, 0],
	[9, 23, 22, 10, 6, 19] => QQFieldElem[0, 0, 0, 0, 0, 0, -1//4, 0])