Dict(
	[9, 23, 24, 21, 10, 19] => QQFieldElem[0, 0, -1//2, 0, 0, 0, 1//2, 0],
	[9, 23, 24, 21, 12, 24] => QQFieldElem[0, 0, 0, 0, 0, 0, 1//4, 0],
	[9, 23, 24, 21, 12, 19] => QQFieldElem[0, 0, 1//2, 0, 0, 0, -3//4, 0],
	[9, 23, 24, 21, 9, 16] => QQFieldElem[0, 0, 1//2, 0, 0, 0, 1//2, 0],
	[9, 23, 24, 21, 9, 24] => QQFieldElem[0, 0, -3//14, 0, 0, 0, 9//14, 0],
	[9, 23, 24, 21, 10, 25] => QQFieldElem[0, 0, 1//2, 0, 0, 0, -1//2, 0],
	[9, 23, 24, 21, 11, 16] => QQFieldElem[0, 0, 1//2, 0, 0, 0, -1//4, 0],
	[9, 23, 24, 21, 9, 19] => QQFieldElem[0, 0, -1//2, 0, 0, 0, 1//2, 0],
	[9, 23, 24, 21, 12, 25] => QQFieldElem[0, 0, 1//2, 0, 0, 0, -3//4, 0],
	[9, 23, 24, 21, 11, 24] => QQFieldElem[0, 0, -3//14, 0, 0, 0, -3//28, 0],
	[9, 23, 24, 21, 11, 19] => QQFieldElem[0, 0, 0, 0, 0, 0, -1//4, 0],
	[9, 23, 24, 21, 9, 25] => QQFieldElem[0, 0, 1//2, 0, 0, 0, -1//2, 0],
	[9, 23, 24, 21, 10, 16] => QQFieldElem[0, 0, -1//6, 0, 0, 0, -1//6, 0],
	[9, 23, 24, 21, 11, 25] => QQFieldElem[0, 0, 0, 0, 0, 0, -1//4, 0],
	[9, 23, 24, 21, 12, 16] => QQFieldElem[0, 0, -1//3, 0, 0, 0, -1//12, 0],
	[9, 23, 24, 21, 10, 24] => QQFieldElem[0, 0, 1//14, 0, 0, 0, -3//14, 0])