Dict(
	[9, 12, 9, 11, 21, 5] => QQFieldElem[-1//3, 0, 0, 0, 0, 0, 0, 0],
	[9, 12, 9, 11, 3, 5] => QQFieldElem[-4//3, 0, 0, 0, 0, 0, 0, 0],
	[9, 12, 9, 11, 5, 21] => QQFieldElem[-2//3, 0, 0, 0, 0, 0, 0, 0],
	[9, 12, 9, 11, 7, 3] => QQFieldElem[1//18, 0, 0, 0, 0, 0, 0, 0],
	[9, 12, 9, 11, 7, 7] => QQFieldElem[-1//3, 0, 0, 0, 0, 0, 0, 0],
	[9, 12, 9, 11, 5, 5] => QQFieldElem[-1//3, 0, 0, 0, 0, 0, 0, 0],
	[9, 12, 9, 11, 21, 3] => QQFieldElem[1//18, 0, 0, 0, 0, 0, 0, 0],
	[9, 12, 9, 11, 3, 3] => QQFieldElem[-1//9, 0, 0, 0, 0, 0, 0, 0],
	[9, 12, 9, 11, 21, 7] => QQFieldElem[-1//3, 0, 0, 0, 0, 0, 0, 0],
	[9, 12, 9, 11, 7, 21] => QQFieldElem[-2//3, 0, 0, 0, 0, 0, 0, 0],
	[9, 12, 9, 11, 3, 7] => QQFieldElem[-4//3, 0, 0, 0, 0, 0, 0, 0],
	[9, 12, 9, 11, 7, 5] => QQFieldElem[2//3, 0, 0, 0, 0, 0, 0, 0],
	[9, 12, 9, 11, 21, 21] => QQFieldElem[1//3, 0, 0, 0, 0, 0, 0, 0],
	[9, 12, 9, 11, 3, 21] => QQFieldElem[-8//3, 0, 0, 0, 0, 0, 0, 0],
	[9, 12, 9, 11, 5, 3] => QQFieldElem[1//18, 0, 0, 0, 0, 0, 0, 0],
	[9, 12, 9, 11, 5, 7] => QQFieldElem[2//3, 0, 0, 0, 0, 0, 0, 0])