Dict(
	[9, 21, 21, 11, 3, 9] => QQFieldElem[1//24, 0, 0, 0, 0, 0, 0, 0],
	[9, 21, 21, 11, 5, 12] => QQFieldElem[-1//4, 0, 0, 0, 0, 0, 0, 0],
	[9, 21, 21, 11, 7, 10] => QQFieldElem[0, 0, 1//72, 0, 0, 0, -1//36, 0],
	[9, 21, 21, 11, 5, 11] => QQFieldElem[0, 0, -1//72, 0, 0, 0, -1//72, 0],
	[9, 21, 21, 11, 5, 9] => QQFieldElem[1//24, 0, 0, 0, 0, 0, 0, 0],
	[9, 21, 21, 11, 21, 10] => QQFieldElem[0, 0, -1//72, 0, 0, 0, 1//36, 0],
	[9, 21, 21, 11, 3, 10] => QQFieldElem[0, 0, 1//72, 0, 0, 0, -1//36, 0],
	[9, 21, 21, 11, 7, 12] => QQFieldElem[1//4, 0, 0, 0, 0, 0, 0, 0],
	[9, 21, 21, 11, 7, 11] => QQFieldElem[0, 0, -1//72, 0, 0, 0, -1//72, 0],
	[9, 21, 21, 11, 7, 9] => QQFieldElem[1//24, 0, 0, 0, 0, 0, 0, 0],
	[9, 21, 21, 11, 21, 12] => QQFieldElem[1//4, 0, 0, 0, 0, 0, 0, 0],
	[9, 21, 21, 11, 3, 12] => QQFieldElem[-1//4, 0, 0, 0, 0, 0, 0, 0],
	[9, 21, 21, 11, 5, 10] => QQFieldElem[0, 0, -1//72, 0, 0, 0, 1//36, 0],
	[9, 21, 21, 11, 21, 11] => QQFieldElem[0, 0, 1//72, 0, 0, 0, 1//72, 0],
	[9, 21, 21, 11, 3, 11] => QQFieldElem[0, 0, 1//72, 0, 0, 0, 1//72, 0],
	[9, 21, 21, 11, 21, 9] => QQFieldElem[1//24, 0, 0, 0, 0, 0, 0, 0])