Dict(
	[9, 10, 22, 22, 24, 21] => QQFieldElem[0, 0, 0, 0, 0, 0, -4//7, 0],
	[9, 10, 22, 22, 16, 7] => QQFieldElem[-4, 0, 0, 0, 0, 0, 0, 0],
	[9, 10, 22, 22, 19, 8] => QQFieldElem[0, 0, 0, 0, 0, 0, -2//3, 0],
	[9, 10, 22, 22, 25, 8] => QQFieldElem[0, 0, 0, 0, 0, 0, -2//3, 0],
	[9, 10, 22, 22, 19, 1] => QQFieldElem[0, 0, 0, 0, 0, 0, -1, 0],
	[9, 10, 22, 22, 25, 1] => QQFieldElem[0, 0, 0, 0, 0, 0, -1, 0],
	[9, 10, 22, 22, 16, 21] => QQFieldElem[-16//7, 0, 0, 0, 0, 0, 0, 0],
	[9, 10, 22, 22, 24, 8] => QQFieldElem[0, 0, 0, 0, 0, 0, 4//3, 0],
	[9, 10, 22, 22, 24, 1] => QQFieldElem[0, 0, 0, 0, 0, 0, -1, 0],
	[9, 10, 22, 22, 19, 7] => QQFieldElem[0, 0, 0, 0, 0, 0, 1, 0],
	[9, 10, 22, 22, 25, 7] => QQFieldElem[0, 0, 0, 0, 0, 0, -1, 0],
	[9, 10, 22, 22, 16, 8] => QQFieldElem[-16//3, 0, 0, 0, 0, 0, 0, 0],
	[9, 10, 22, 22, 19, 21] => QQFieldElem[0, 0, 0, 0, 0, 0, -2//7, 0],
	[9, 10, 22, 22, 25, 21] => QQFieldElem[0, 0, 0, 0, 0, 0, 2//7, 0],
	[9, 10, 22, 22, 16, 1] => QQFieldElem[4, 0, 0, 0, 0, 0, 0, 0],
	[9, 10, 22, 22, 24, 7] => QQFieldElem[0, 0, 0, 0, 0, 0, -1, 0])