Dict(
	[10, 25, 25, 10, 1, 13] => QQFieldElem[-1//36, 0, 0, 0, 1//18, 0, 0, 0],
	[10, 25, 25, 10, 7, 13] => QQFieldElem[1//36, 0, 0, 0, -1//18, 0, 0, 0],
	[10, 25, 25, 10, 8, 13] => QQFieldElem[-5//72, 0, 0, 0, 1//18, 0, 0, 0],
	[10, 25, 25, 10, 21, 13] => QQFieldElem[1//24, 0, 0, 0, 0, 0, 0, 0],
	[10, 25, 25, 10, 1, 23] => QQFieldElem[0, 0, -2//3, 0, 0, 0, 1//3, 0],
	[10, 25, 25, 10, 7, 23] => QQFieldElem[0, 0, -2//3, 0, 0, 0, 1//3, 0],
	[10, 25, 25, 10, 7, 19] => QQFieldElem[0, 0, 0, 0, 0, 0, -1//3, 0],
	[10, 25, 25, 10, 1, 19] => QQFieldElem[0, 0, 0, 0, 0, 0, 1//3, 0],
	[10, 25, 25, 10, 1, 22] => QQFieldElem[0, 0, 1//3, 0, 0, 0, -1//6, 0],
	[10, 25, 25, 10, 7, 22] => QQFieldElem[0, 0, 1//3, 0, 0, 0, -1//6, 0],
	[10, 25, 25, 10, 8, 23] => QQFieldElem[0, 0, -1//3, 0, 0, 0, -1//12, 0],
	[10, 25, 25, 10, 8, 19] => QQFieldElem[0, 0, 1//6, 0, 0, 0, -1//4, 0],
	[10, 25, 25, 10, 8, 22] => QQFieldElem[0, 0, -1//3, 0, 0, 0, -1//12, 0],
	[10, 25, 25, 10, 21, 23] => QQFieldElem[0, 0, 0, 0, 0, 0, -1//4, 0],
	[10, 25, 25, 10, 21, 19] => QQFieldElem[0, 0, -1//6, 0, 0, 0, 1//12, 0],
	[10, 25, 25, 10, 21, 22] => QQFieldElem[0, 0, 0, 0, 0, 0, -1//4, 0])