Dict(
	[10, 24, 25, 9, 6, 23] => QQFieldElem[0, 0, 0, 0, 0, 0, -1//4, 0],
	[10, 24, 25, 9, 6, 22] => QQFieldElem[0, 0, -1//6, 0, 0, 0, 1//12, 0],
	[10, 24, 25, 9, 5, 14] => QQFieldElem[1//36, 0, 0, 0, -1//18, 0, 0, 0],
	[10, 24, 25, 9, 6, 14] => QQFieldElem[1//24, 0, 0, 0, 0, 0, 0, 0],
	[10, 24, 25, 9, 2, 20] => QQFieldElem[0, 0, 1//3, 0, 0, 0, -1//6, 0],
	[10, 24, 25, 9, 21, 20] => QQFieldElem[0, 0, -1//3, 0, 0, 0, -1//12, 0],
	[10, 24, 25, 9, 2, 23] => QQFieldElem[0, 0, -2//3, 0, 0, 0, 1//3, 0],
	[10, 24, 25, 9, 2, 22] => QQFieldElem[0, 0, 0, 0, 0, 0, 1//3, 0],
	[10, 24, 25, 9, 21, 23] => QQFieldElem[0, 0, -1//3, 0, 0, 0, -1//12, 0],
	[10, 24, 25, 9, 21, 22] => QQFieldElem[0, 0, 1//6, 0, 0, 0, -1//4, 0],
	[10, 24, 25, 9, 2, 14] => QQFieldElem[-1//36, 0, 0, 0, 1//18, 0, 0, 0],
	[10, 24, 25, 9, 21, 14] => QQFieldElem[-5//72, 0, 0, 0, 1//18, 0, 0, 0],
	[10, 24, 25, 9, 5, 20] => QQFieldElem[0, 0, 1//3, 0, 0, 0, -1//6, 0],
	[10, 24, 25, 9, 6, 20] => QQFieldElem[0, 0, 0, 0, 0, 0, -1//4, 0],
	[10, 24, 25, 9, 5, 23] => QQFieldElem[0, 0, -2//3, 0, 0, 0, 1//3, 0],
	[10, 24, 25, 9, 5, 22] => QQFieldElem[0, 0, 0, 0, 0, 0, -1//3, 0])