Dict(
	[10, 24, 25, 11, 4, 20] => QQFieldElem[0, 0, 0, 0, 0, 0, 1//2, 0],
	[10, 24, 25, 11, 7, 14] => QQFieldElem[-1//144, 0, 0, 0, 0, 0, 0, 0],
	[10, 24, 25, 11, 21, 23] => QQFieldElem[0, 0, 0, 0, 0, 0, 7//12, 0],
	[10, 24, 25, 11, 21, 22] => QQFieldElem[0, 0, 0, 0, 0, 0, -7//12, 0],
	[10, 24, 25, 11, 4, 23] => QQFieldElem[0, 0, 0, 0, 0, 0, 1, 0],
	[10, 24, 25, 11, 4, 22] => QQFieldElem[0, 0, 0, 0, 0, 0, 1, 0],
	[10, 24, 25, 11, 21, 14] => QQFieldElem[-7//432, 0, 0, 0, 0, 0, 0, 0],
	[10, 24, 25, 11, 5, 20] => QQFieldElem[0, 0, 0, 0, 0, 0, -1//6, 0],
	[10, 24, 25, 11, 4, 14] => QQFieldElem[-1//72, 0, 0, 0, 0, 0, 0, 0],
	[10, 24, 25, 11, 5, 23] => QQFieldElem[0, 0, 0, 0, 0, 0, -1//3, 0],
	[10, 24, 25, 11, 5, 22] => QQFieldElem[0, 0, 0, 0, 0, 0, 1//3, 0],
	[10, 24, 25, 11, 7, 20] => QQFieldElem[0, 0, 0, 0, 0, 0, 1//4, 0],
	[10, 24, 25, 11, 5, 14] => QQFieldElem[-1//216, 0, 0, 0, 0, 0, 0, 0],
	[10, 24, 25, 11, 7, 23] => QQFieldElem[0, 0, 0, 0, 0, 0, -1//4, 0],
	[10, 24, 25, 11, 7, 22] => QQFieldElem[0, 0, 0, 0, 0, 0, -1//4, 0],
	[10, 24, 25, 11, 21, 20] => QQFieldElem[0, 0, 0, 0, 0, 0, -7//12, 0])