Dict(
	[10, 22, 10, 23, 18, 25] => QQFieldElem[2//3, 0, 0, 0, 0, 0, 0, 0],
	[10, 22, 10, 23, 25, 15] => QQFieldElem[3//2, 0, 0, 0, 0, 0, 0, 0],
	[10, 22, 10, 23, 24, 25] => QQFieldElem[-1//2, 0, 0, 0, -5//6, 0, 0, 0],
	[10, 22, 10, 23, 25, 18] => QQFieldElem[3//4, 0, 0, 0, 0, 0, 0, 0],
	[10, 22, 10, 23, 15, 25] => QQFieldElem[-1//3, 0, 0, 0, 0, 0, 0, 0],
	[10, 22, 10, 23, 18, 15] => QQFieldElem[2, 0, 0, 0, -1, 0, 0, 0],
	[10, 22, 10, 23, 18, 18] => QQFieldElem[-1//3, 0, 0, 0, 1//6, 0, 0, 0],
	[10, 22, 10, 23, 24, 15] => QQFieldElem[11//2, 0, 0, 0, 1, 0, 0, 0],
	[10, 22, 10, 23, 24, 18] => QQFieldElem[-11//12, 0, 0, 0, -1//6, 0, 0, 0],
	[10, 22, 10, 23, 15, 15] => QQFieldElem[-1, 0, 0, 0, 1//2, 0, 0, 0],
	[10, 22, 10, 23, 25, 24] => QQFieldElem[-9//98, 0, 0, 0, -15//98, 0, 0, 0],
	[10, 22, 10, 23, 15, 18] => QQFieldElem[-1//2, 0, 0, 0, 1//4, 0, 0, 0],
	[10, 22, 10, 23, 18, 24] => QQFieldElem[-22//147, 0, 0, 0, -4//147, 0, 0, 0],
	[10, 22, 10, 23, 24, 24] => QQFieldElem[23//294, 0, 0, 0, 71//294, 0, 0, 0],
	[10, 22, 10, 23, 15, 24] => QQFieldElem[-11//49, 0, 0, 0, -2//49, 0, 0, 0],
	[10, 22, 10, 23, 25, 25] => QQFieldElem[-1//6, 0, 0, 0, -1//6, 0, 0, 0])