Dict(
	[10, 11, 22, 23, 18, 21] => QQFieldElem[0, 0, 0, 0, 0, 0, -4//3, 0],
	[10, 11, 22, 23, 24, 21] => QQFieldElem[0, 0, 4//3, 0, 0, 0, -2//3, 0],
	[10, 11, 22, 23, 15, 21] => QQFieldElem[8//3, 0, 0, 0, 0, 0, 0, 0],
	[10, 11, 22, 23, 25, 8] => QQFieldElem[0, 0, 8//21, 0, 0, 0, -10//21, 0],
	[10, 11, 22, 23, 25, 6] => QQFieldElem[0, 0, 2//3, 0, 0, 0, -1//3, 0],
	[10, 11, 22, 23, 18, 8] => QQFieldElem[0, 0, 16//21, 0, 0, 0, -20//21, 0],
	[10, 11, 22, 23, 24, 8] => QQFieldElem[0, 0, -4//7, 0, 0, 0, -2//7, 0],
	[10, 11, 22, 23, 18, 6] => QQFieldElem[0, 0, -2//3, 0, 0, 0, 1//3, 0],
	[10, 11, 22, 23, 25, 3] => QQFieldElem[0, 0, -2, 0, 0, 0, 1, 0],
	[10, 11, 22, 23, 15, 8] => QQFieldElem[-8//21, 0, 0, 0, -32//21, 0, 0, 0],
	[10, 11, 22, 23, 24, 6] => QQFieldElem[0, 0, 0, 0, 0, 0, -1, 0],
	[10, 11, 22, 23, 18, 3] => QQFieldElem[0, 0, 2, 0, 0, 0, -1, 0],
	[10, 11, 22, 23, 15, 6] => QQFieldElem[-2//3, 0, 0, 0, 4//3, 0, 0, 0],
	[10, 11, 22, 23, 24, 3] => QQFieldElem[0, 0, 0, 0, 0, 0, -3, 0],
	[10, 11, 22, 23, 15, 3] => QQFieldElem[-2, 0, 0, 0, 4, 0, 0, 0],
	[10, 11, 22, 23, 25, 21] => QQFieldElem[0, 0, 0, 0, 0, 0, -2//3, 0])