Dict(
	[10, 11, 11, 9, 2, 8] => QQFieldElem[-4//3, 0, 0, 0, 0, 0, 0, 0],
	[10, 11, 11, 9, 21, 8] => QQFieldElem[1//3, 0, 0, 0, 0, 0, 0, 0],
	[10, 11, 11, 9, 5, 21] => QQFieldElem[2//3, 0, 0, 0, 0, 0, 0, 0],
	[10, 11, 11, 9, 2, 6] => QQFieldElem[-4//3, 0, 0, 0, 0, 0, 0, 0],
	[10, 11, 11, 9, 21, 6] => QQFieldElem[1//3, 0, 0, 0, 0, 0, 0, 0],
	[10, 11, 11, 9, 6, 21] => QQFieldElem[2//3, 0, 0, 0, 0, 0, 0, 0],
	[10, 11, 11, 9, 2, 3] => QQFieldElem[1//3, 0, 0, 0, 0, 0, 0, 0],
	[10, 11, 11, 9, 21, 3] => QQFieldElem[1//6, 0, 0, 0, 0, 0, 0, 0],
	[10, 11, 11, 9, 5, 8] => QQFieldElem[1//3, 0, 0, 0, 0, 0, 0, 0],
	[10, 11, 11, 9, 5, 6] => QQFieldElem[-2//3, 0, 0, 0, 0, 0, 0, 0],
	[10, 11, 11, 9, 6, 8] => QQFieldElem[-2//3, 0, 0, 0, 0, 0, 0, 0],
	[10, 11, 11, 9, 2, 21] => QQFieldElem[-8//3, 0, 0, 0, 0, 0, 0, 0],
	[10, 11, 11, 9, 21, 21] => QQFieldElem[-1//3, 0, 0, 0, 0, 0, 0, 0],
	[10, 11, 11, 9, 6, 6] => QQFieldElem[1//3, 0, 0, 0, 0, 0, 0, 0],
	[10, 11, 11, 9, 5, 3] => QQFieldElem[1//6, 0, 0, 0, 0, 0, 0, 0],
	[10, 11, 11, 9, 6, 3] => QQFieldElem[1//6, 0, 0, 0, 0, 0, 0, 0])