Dict(
	[10, 23, 10, 22, 24, 25] => QQFieldElem[-9//98, 0, 0, 0, -15//98, 0, 0, 0],
	[10, 23, 10, 22, 25, 16] => QQFieldElem[11//2, 0, 0, 0, 1, 0, 0, 0],
	[10, 23, 10, 22, 25, 24] => QQFieldElem[-1//2, 0, 0, 0, -5//6, 0, 0, 0],
	[10, 23, 10, 22, 16, 25] => QQFieldElem[-11//49, 0, 0, 0, -2//49, 0, 0, 0],
	[10, 23, 10, 22, 17, 16] => QQFieldElem[2, 0, 0, 0, -1, 0, 0, 0],
	[10, 23, 10, 22, 25, 17] => QQFieldElem[-11//12, 0, 0, 0, -1//6, 0, 0, 0],
	[10, 23, 10, 22, 17, 24] => QQFieldElem[2//3, 0, 0, 0, 0, 0, 0, 0],
	[10, 23, 10, 22, 24, 16] => QQFieldElem[3//2, 0, 0, 0, 0, 0, 0, 0],
	[10, 23, 10, 22, 17, 17] => QQFieldElem[-1//3, 0, 0, 0, 1//6, 0, 0, 0],
	[10, 23, 10, 22, 24, 24] => QQFieldElem[-1//6, 0, 0, 0, -1//6, 0, 0, 0],
	[10, 23, 10, 22, 24, 17] => QQFieldElem[3//4, 0, 0, 0, 0, 0, 0, 0],
	[10, 23, 10, 22, 25, 25] => QQFieldElem[23//294, 0, 0, 0, 71//294, 0, 0, 0],
	[10, 23, 10, 22, 16, 16] => QQFieldElem[-1, 0, 0, 0, 1//2, 0, 0, 0],
	[10, 23, 10, 22, 17, 25] => QQFieldElem[-22//147, 0, 0, 0, -4//147, 0, 0, 0],
	[10, 23, 10, 22, 16, 24] => QQFieldElem[-1//3, 0, 0, 0, 0, 0, 0, 0],
	[10, 23, 10, 22, 16, 17] => QQFieldElem[-1//2, 0, 0, 0, 1//4, 0, 0, 0])