Dict(
	[10, 9, 23, 23, 18, 8] => QQFieldElem[0, 0, 0, 0, 0, 0, -4//7, 0],
	[10, 9, 23, 23, 18, 1] => QQFieldElem[0, 0, 0, 0, 0, 0, -1, 0],
	[10, 9, 23, 23, 24, 8] => QQFieldElem[0, 0, 0, 0, 0, 0, -2//7, 0],
	[10, 9, 23, 23, 24, 1] => QQFieldElem[0, 0, 0, 0, 0, 0, -1, 0],
	[10, 9, 23, 23, 15, 8] => QQFieldElem[-16//7, 0, 0, 0, 0, 0, 0, 0],
	[10, 9, 23, 23, 25, 7] => QQFieldElem[0, 0, 0, 0, 0, 0, -1, 0],
	[10, 9, 23, 23, 15, 1] => QQFieldElem[4, 0, 0, 0, 0, 0, 0, 0],
	[10, 9, 23, 23, 18, 7] => QQFieldElem[0, 0, 0, 0, 0, 0, -1, 0],
	[10, 9, 23, 23, 25, 21] => QQFieldElem[0, 0, 0, 0, 0, 0, -2//3, 0],
	[10, 9, 23, 23, 24, 7] => QQFieldElem[0, 0, 0, 0, 0, 0, 1, 0],
	[10, 9, 23, 23, 15, 7] => QQFieldElem[-4, 0, 0, 0, 0, 0, 0, 0],
	[10, 9, 23, 23, 18, 21] => QQFieldElem[0, 0, 0, 0, 0, 0, 4//3, 0],
	[10, 9, 23, 23, 24, 21] => QQFieldElem[0, 0, 0, 0, 0, 0, -2//3, 0],
	[10, 9, 23, 23, 15, 21] => QQFieldElem[-16//3, 0, 0, 0, 0, 0, 0, 0],
	[10, 9, 23, 23, 25, 8] => QQFieldElem[0, 0, 0, 0, 0, 0, 2//7, 0],
	[10, 9, 23, 23, 25, 1] => QQFieldElem[0, 0, 0, 0, 0, 0, -1, 0])