Dict(
	[10, 10, 22, 23, 15, 21] => QQFieldElem[-16//3, 0, 0, 0, 0, 0, 0, 0],
	[10, 10, 22, 23, 18, 5] => QQFieldElem[0, 0, 0, 0, 0, 0, 1, 0],
	[10, 10, 22, 23, 15, 2] => QQFieldElem[4, 0, 0, 0, 0, 0, 0, 0],
	[10, 10, 22, 23, 24, 5] => QQFieldElem[0, 0, 0, 0, 0, 0, -1, 0],
	[10, 10, 22, 23, 25, 6] => QQFieldElem[0, 0, 0, 0, 0, 0, 2//7, 0],
	[10, 10, 22, 23, 15, 5] => QQFieldElem[-4, 0, 0, 0, 0, 0, 0, 0],
	[10, 10, 22, 23, 18, 6] => QQFieldElem[0, 0, 0, 0, 0, 0, -2//7, 0],
	[10, 10, 22, 23, 24, 6] => QQFieldElem[0, 0, 0, 0, 0, 0, -4//7, 0],
	[10, 10, 22, 23, 15, 6] => QQFieldElem[-16//7, 0, 0, 0, 0, 0, 0, 0],
	[10, 10, 22, 23, 25, 21] => QQFieldElem[0, 0, 0, 0, 0, 0, -2//3, 0],
	[10, 10, 22, 23, 25, 2] => QQFieldElem[0, 0, 0, 0, 0, 0, -1, 0],
	[10, 10, 22, 23, 18, 21] => QQFieldElem[0, 0, 0, 0, 0, 0, -2//3, 0],
	[10, 10, 22, 23, 18, 2] => QQFieldElem[0, 0, 0, 0, 0, 0, -1, 0],
	[10, 10, 22, 23, 25, 5] => QQFieldElem[0, 0, 0, 0, 0, 0, -1, 0],
	[10, 10, 22, 23, 24, 21] => QQFieldElem[0, 0, 0, 0, 0, 0, 4//3, 0],
	[10, 10, 22, 23, 24, 2] => QQFieldElem[0, 0, 0, 0, 0, 0, -1, 0])