Dict(
	[10, 24, 21, 22, 24, 20] => QQFieldElem[-1//4, 0, 0, 0, -1//4, 0, 0, 0],
	[10, 24, 21, 22, 17, 23] => QQFieldElem[-2//7, 0, 0, 0, -1//7, 0, 0, 0],
	[10, 24, 21, 22, 17, 22] => QQFieldElem[-2//3, 0, 0, 0, 1//3, 0, 0, 0],
	[10, 24, 21, 22, 25, 14] => QQFieldElem[9//2, 0, 0, 0, -3//2, 0, 0, 0],
	[10, 24, 21, 22, 24, 23] => QQFieldElem[-1//14, 0, 0, 0, -2//7, 0, 0, 0],
	[10, 24, 21, 22, 24, 22] => QQFieldElem[1//2, 0, 0, 0, 0, 0, 0, 0],
	[10, 24, 21, 22, 17, 14] => QQFieldElem[3, 0, 0, 0, 0, 0, 0, 0],
	[10, 24, 21, 22, 16, 20] => QQFieldElem[-1//4, 0, 0, 0, 0, 0, 0, 0],
	[10, 24, 21, 22, 24, 14] => QQFieldElem[3//2, 0, 0, 0, 3//2, 0, 0, 0],
	[10, 24, 21, 22, 16, 23] => QQFieldElem[-1//7, 0, 0, 0, -1//14, 0, 0, 0],
	[10, 24, 21, 22, 16, 22] => QQFieldElem[-1//3, 0, 0, 0, 1//6, 0, 0, 0],
	[10, 24, 21, 22, 16, 14] => QQFieldElem[-3//2, 0, 0, 0, 0, 0, 0, 0],
	[10, 24, 21, 22, 25, 20] => QQFieldElem[-3//4, 0, 0, 0, 1//4, 0, 0, 0],
	[10, 24, 21, 22, 17, 20] => QQFieldElem[1//2, 0, 0, 0, 0, 0, 0, 0],
	[10, 24, 21, 22, 25, 23] => QQFieldElem[1//2, 0, 0, 0, 0, 0, 0, 0],
	[10, 24, 21, 22, 25, 22] => QQFieldElem[-5//6, 0, 0, 0, 2//3, 0, 0, 0])