Dict(
	[10, 24, 21, 23, 15, 22] => QQFieldElem[-1//7, 0, 0, 0, -1//14, 0, 0, 0],
	[10, 24, 21, 23, 24, 14] => QQFieldElem[3//2, 0, 0, 0, 3//2, 0, 0, 0],
	[10, 24, 21, 23, 15, 14] => QQFieldElem[-3//2, 0, 0, 0, 0, 0, 0, 0],
	[10, 24, 21, 23, 25, 20] => QQFieldElem[-3//4, 0, 0, 0, 1//4, 0, 0, 0],
	[10, 24, 21, 23, 18, 20] => QQFieldElem[1//2, 0, 0, 0, 0, 0, 0, 0],
	[10, 24, 21, 23, 25, 23] => QQFieldElem[-5//6, 0, 0, 0, 2//3, 0, 0, 0],
	[10, 24, 21, 23, 25, 22] => QQFieldElem[1//2, 0, 0, 0, 0, 0, 0, 0],
	[10, 24, 21, 23, 24, 20] => QQFieldElem[-1//4, 0, 0, 0, -1//4, 0, 0, 0],
	[10, 24, 21, 23, 18, 23] => QQFieldElem[-2//3, 0, 0, 0, 1//3, 0, 0, 0],
	[10, 24, 21, 23, 15, 20] => QQFieldElem[-1//4, 0, 0, 0, 0, 0, 0, 0],
	[10, 24, 21, 23, 18, 22] => QQFieldElem[-2//7, 0, 0, 0, -1//7, 0, 0, 0],
	[10, 24, 21, 23, 25, 14] => QQFieldElem[9//2, 0, 0, 0, -3//2, 0, 0, 0],
	[10, 24, 21, 23, 24, 23] => QQFieldElem[1//2, 0, 0, 0, 0, 0, 0, 0],
	[10, 24, 21, 23, 24, 22] => QQFieldElem[-1//14, 0, 0, 0, -2//7, 0, 0, 0],
	[10, 24, 21, 23, 15, 23] => QQFieldElem[-1//3, 0, 0, 0, 1//6, 0, 0, 0],
	[10, 24, 21, 23, 18, 14] => QQFieldElem[3, 0, 0, 0, 0, 0, 0, 0])