Dict(
	[10, 11, 12, 10, 21, 21] => QQFieldElem[-1//3, 0, 0, 0, 0, 0, 0, 0],
	[10, 11, 12, 10, 1, 8] => QQFieldElem[-4//3, 0, 0, 0, 0, 0, 0, 0],
	[10, 11, 12, 10, 7, 8] => QQFieldElem[-2//3, 0, 0, 0, 0, 0, 0, 0],
	[10, 11, 12, 10, 1, 6] => QQFieldElem[-4//3, 0, 0, 0, 0, 0, 0, 0],
	[10, 11, 12, 10, 7, 6] => QQFieldElem[1//3, 0, 0, 0, 0, 0, 0, 0],
	[10, 11, 12, 10, 8, 8] => QQFieldElem[1//3, 0, 0, 0, 0, 0, 0, 0],
	[10, 11, 12, 10, 8, 6] => QQFieldElem[-2//3, 0, 0, 0, 0, 0, 0, 0],
	[10, 11, 12, 10, 21, 8] => QQFieldElem[1//3, 0, 0, 0, 0, 0, 0, 0],
	[10, 11, 12, 10, 1, 3] => QQFieldElem[1//3, 0, 0, 0, 0, 0, 0, 0],
	[10, 11, 12, 10, 7, 3] => QQFieldElem[1//6, 0, 0, 0, 0, 0, 0, 0],
	[10, 11, 12, 10, 21, 6] => QQFieldElem[1//3, 0, 0, 0, 0, 0, 0, 0],
	[10, 11, 12, 10, 8, 3] => QQFieldElem[1//6, 0, 0, 0, 0, 0, 0, 0],
	[10, 11, 12, 10, 21, 3] => QQFieldElem[1//6, 0, 0, 0, 0, 0, 0, 0],
	[10, 11, 12, 10, 1, 21] => QQFieldElem[-8//3, 0, 0, 0, 0, 0, 0, 0],
	[10, 11, 12, 10, 7, 21] => QQFieldElem[2//3, 0, 0, 0, 0, 0, 0, 0],
	[10, 11, 12, 10, 8, 21] => QQFieldElem[2//3, 0, 0, 0, 0, 0, 0, 0])