Dict(
	[10, 12, 11, 10, 21, 5] => QQFieldElem[1//3, 0, 0, 0, 0, 0, 0, 0],
	[10, 12, 11, 10, 1, 7] => QQFieldElem[-4//3, 0, 0, 0, 0, 0, 0, 0],
	[10, 12, 11, 10, 7, 7] => QQFieldElem[1//3, 0, 0, 0, 0, 0, 0, 0],
	[10, 12, 11, 10, 8, 7] => QQFieldElem[-2//3, 0, 0, 0, 0, 0, 0, 0],
	[10, 12, 11, 10, 1, 4] => QQFieldElem[1//3, 0, 0, 0, 0, 0, 0, 0],
	[10, 12, 11, 10, 7, 4] => QQFieldElem[1//6, 0, 0, 0, 0, 0, 0, 0],
	[10, 12, 11, 10, 1, 21] => QQFieldElem[-8//3, 0, 0, 0, 0, 0, 0, 0],
	[10, 12, 11, 10, 21, 7] => QQFieldElem[1//3, 0, 0, 0, 0, 0, 0, 0],
	[10, 12, 11, 10, 7, 21] => QQFieldElem[2//3, 0, 0, 0, 0, 0, 0, 0],
	[10, 12, 11, 10, 8, 4] => QQFieldElem[1//6, 0, 0, 0, 0, 0, 0, 0],
	[10, 12, 11, 10, 8, 21] => QQFieldElem[2//3, 0, 0, 0, 0, 0, 0, 0],
	[10, 12, 11, 10, 1, 5] => QQFieldElem[-4//3, 0, 0, 0, 0, 0, 0, 0],
	[10, 12, 11, 10, 7, 5] => QQFieldElem[-2//3, 0, 0, 0, 0, 0, 0, 0],
	[10, 12, 11, 10, 21, 4] => QQFieldElem[1//6, 0, 0, 0, 0, 0, 0, 0],
	[10, 12, 11, 10, 21, 21] => QQFieldElem[-1//3, 0, 0, 0, 0, 0, 0, 0],
	[10, 12, 11, 10, 8, 5] => QQFieldElem[1//3, 0, 0, 0, 0, 0, 0, 0])