Dict(
	[10, 25, 9, 25, 14, 23] => QQFieldElem[-13//49, 0, 0, 0, 2//49, 0, 0, 0],
	[10, 25, 9, 25, 14, 19] => QQFieldElem[-1//4, 0, 0, 0, -1//4, 0, 0, 0],
	[10, 25, 9, 25, 14, 22] => QQFieldElem[-1//3, 0, 0, 0, 0, 0, 0, 0],
	[10, 25, 9, 25, 22, 13] => QQFieldElem[13//2, 0, 0, 0, -1, 0, 0, 0],
	[10, 25, 9, 25, 20, 23] => QQFieldElem[-26//147, 0, 0, 0, 4//147, 0, 0, 0],
	[10, 25, 9, 25, 20, 19] => QQFieldElem[-1//6, 0, 0, 0, -1//6, 0, 0, 0],
	[10, 25, 9, 25, 20, 22] => QQFieldElem[2//3, 0, 0, 0, 0, 0, 0, 0],
	[10, 25, 9, 25, 23, 13] => QQFieldElem[3//2, 0, 0, 0, 0, 0, 0, 0],
	[10, 25, 9, 25, 22, 23] => QQFieldElem[47//147, 0, 0, 0, -71//294, 0, 0, 0],
	[10, 25, 9, 25, 22, 19] => QQFieldElem[-13//12, 0, 0, 0, 1//6, 0, 0, 0],
	[10, 25, 9, 25, 22, 22] => QQFieldElem[-4//3, 0, 0, 0, 5//6, 0, 0, 0],
	[10, 25, 9, 25, 14, 13] => QQFieldElem[-1//2, 0, 0, 0, -1//2, 0, 0, 0],
	[10, 25, 9, 25, 23, 23] => QQFieldElem[-12//49, 0, 0, 0, 15//98, 0, 0, 0],
	[10, 25, 9, 25, 23, 19] => QQFieldElem[3//4, 0, 0, 0, 0, 0, 0, 0],
	[10, 25, 9, 25, 23, 22] => QQFieldElem[-1//3, 0, 0, 0, 1//6, 0, 0, 0],
	[10, 25, 9, 25, 20, 13] => QQFieldElem[1, 0, 0, 0, 1, 0, 0, 0])