Dict(
	[11, 9, 11, 10, 7, 5] => QQFieldElem[2//3, 0, 0, 0, 0, 0, 0, 0],
	[11, 9, 11, 10, 21, 4] => QQFieldElem[1//18, 0, 0, 0, 0, 0, 0, 0],
	[11, 9, 11, 10, 21, 21] => QQFieldElem[1//3, 0, 0, 0, 0, 0, 0, 0],
	[11, 9, 11, 10, 4, 4] => QQFieldElem[-1//9, 0, 0, 0, 0, 0, 0, 0],
	[11, 9, 11, 10, 4, 21] => QQFieldElem[-8//3, 0, 0, 0, 0, 0, 0, 0],
	[11, 9, 11, 10, 5, 7] => QQFieldElem[2//3, 0, 0, 0, 0, 0, 0, 0],
	[11, 9, 11, 10, 21, 5] => QQFieldElem[-1//3, 0, 0, 0, 0, 0, 0, 0],
	[11, 9, 11, 10, 4, 5] => QQFieldElem[-4//3, 0, 0, 0, 0, 0, 0, 0],
	[11, 9, 11, 10, 5, 4] => QQFieldElem[1//18, 0, 0, 0, 0, 0, 0, 0],
	[11, 9, 11, 10, 5, 21] => QQFieldElem[-2//3, 0, 0, 0, 0, 0, 0, 0],
	[11, 9, 11, 10, 7, 7] => QQFieldElem[-1//3, 0, 0, 0, 0, 0, 0, 0],
	[11, 9, 11, 10, 5, 5] => QQFieldElem[-1//3, 0, 0, 0, 0, 0, 0, 0],
	[11, 9, 11, 10, 7, 4] => QQFieldElem[1//18, 0, 0, 0, 0, 0, 0, 0],
	[11, 9, 11, 10, 21, 7] => QQFieldElem[-1//3, 0, 0, 0, 0, 0, 0, 0],
	[11, 9, 11, 10, 7, 21] => QQFieldElem[-2//3, 0, 0, 0, 0, 0, 0, 0],
	[11, 9, 11, 10, 4, 7] => QQFieldElem[-4//3, 0, 0, 0, 0, 0, 0, 0])