Dict(
	[11, 9, 25, 24, 14, 7] => QQFieldElem[8//3, 0, 0, 0, 0, 0, 0, 0],
	[11, 9, 25, 24, 23, 5] => QQFieldElem[0, 0, 2//3, 0, 0, 0, -1//3, 0],
	[11, 9, 25, 24, 20, 7] => QQFieldElem[0, 0, 0, 0, 0, 0, -4//3, 0],
	[11, 9, 25, 24, 14, 4] => QQFieldElem[-2, 0, 0, 0, 4, 0, 0, 0],
	[11, 9, 25, 24, 14, 21] => QQFieldElem[-8//21, 0, 0, 0, -32//21, 0, 0, 0],
	[11, 9, 25, 24, 20, 4] => QQFieldElem[0, 0, 2, 0, 0, 0, -1, 0],
	[11, 9, 25, 24, 20, 21] => QQFieldElem[0, 0, 16//21, 0, 0, 0, -20//21, 0],
	[11, 9, 25, 24, 14, 5] => QQFieldElem[-2//3, 0, 0, 0, 4//3, 0, 0, 0],
	[11, 9, 25, 24, 22, 7] => QQFieldElem[0, 0, 4//3, 0, 0, 0, -2//3, 0],
	[11, 9, 25, 24, 20, 5] => QQFieldElem[0, 0, -2//3, 0, 0, 0, 1//3, 0],
	[11, 9, 25, 24, 23, 7] => QQFieldElem[0, 0, 0, 0, 0, 0, -2//3, 0],
	[11, 9, 25, 24, 22, 4] => QQFieldElem[0, 0, 0, 0, 0, 0, -3, 0],
	[11, 9, 25, 24, 22, 21] => QQFieldElem[0, 0, -4//7, 0, 0, 0, -2//7, 0],
	[11, 9, 25, 24, 23, 4] => QQFieldElem[0, 0, -2, 0, 0, 0, 1, 0],
	[11, 9, 25, 24, 23, 21] => QQFieldElem[0, 0, 8//21, 0, 0, 0, -10//21, 0],
	[11, 9, 25, 24, 22, 5] => QQFieldElem[0, 0, 0, 0, 0, 0, -1, 0])