Dict(
	[11, 25, 25, 11, 1, 20] => QQFieldElem[0, 0, 0, 0, 0, 0, 1//3, 0],
	[11, 25, 25, 11, 7, 20] => QQFieldElem[0, 0, 0, 0, 0, 0, -1//3, 0],
	[11, 25, 25, 11, 8, 20] => QQFieldElem[0, 0, 1//6, 0, 0, 0, -1//12, 0],
	[11, 25, 25, 11, 1, 23] => QQFieldElem[0, 0, 2//3, 0, 0, 0, -1//3, 0],
	[11, 25, 25, 11, 7, 23] => QQFieldElem[0, 0, 2//3, 0, 0, 0, -1//3, 0],
	[11, 25, 25, 11, 1, 22] => QQFieldElem[0, 0, -1//3, 0, 0, 0, 1//6, 0],
	[11, 25, 25, 11, 7, 22] => QQFieldElem[0, 0, -1//3, 0, 0, 0, 1//6, 0],
	[11, 25, 25, 11, 21, 20] => QQFieldElem[0, 0, -1//6, 0, 0, 0, -1//12, 0],
	[11, 25, 25, 11, 8, 23] => QQFieldElem[0, 0, 0, 0, 0, 0, -1//4, 0],
	[11, 25, 25, 11, 8, 22] => QQFieldElem[0, 0, 0, 0, 0, 0, -1//4, 0],
	[11, 25, 25, 11, 1, 14] => QQFieldElem[1//36, 0, 0, 0, -1//18, 0, 0, 0],
	[11, 25, 25, 11, 7, 14] => QQFieldElem[-1//36, 0, 0, 0, 1//18, 0, 0, 0],
	[11, 25, 25, 11, 21, 23] => QQFieldElem[0, 0, 1//3, 0, 0, 0, -5//12, 0],
	[11, 25, 25, 11, 21, 22] => QQFieldElem[0, 0, 1//3, 0, 0, 0, -5//12, 0],
	[11, 25, 25, 11, 8, 14] => QQFieldElem[1//24, 0, 0, 0, 0, 0, 0, 0],
	[11, 25, 25, 11, 21, 14] => QQFieldElem[-1//72, 0, 0, 0, -1//18, 0, 0, 0])