Dict(
	[11, 23, 25, 21, 12, 24] => QQFieldElem[0, 0, 3//14, 0, 0, 0, -9//28, 0],
	[11, 23, 25, 21, 12, 17] => QQFieldElem[0, 0, 0, 0, 0, 0, -1//4, 0],
	[11, 23, 25, 21, 9, 16] => QQFieldElem[0, 0, -1//6, 0, 0, 0, 1//3, 0],
	[11, 23, 25, 21, 9, 24] => QQFieldElem[0, 0, 1//14, 0, 0, 0, 1//7, 0],
	[11, 23, 25, 21, 10, 25] => QQFieldElem[0, 0, 1//2, 0, 0, 0, 0, 0],
	[11, 23, 25, 21, 11, 16] => QQFieldElem[0, 0, 0, 0, 0, 0, 1//4, 0],
	[11, 23, 25, 21, 9, 17] => QQFieldElem[0, 0, -1//2, 0, 0, 0, 0, 0],
	[11, 23, 25, 21, 12, 25] => QQFieldElem[0, 0, 0, 0, 0, 0, -1//4, 0],
	[11, 23, 25, 21, 11, 24] => QQFieldElem[0, 0, -1//7, 0, 0, 0, -1//28, 0],
	[11, 23, 25, 21, 11, 17] => QQFieldElem[0, 0, 1//2, 0, 0, 0, -1//4, 0],
	[11, 23, 25, 21, 9, 25] => QQFieldElem[0, 0, 1//2, 0, 0, 0, 0, 0],
	[11, 23, 25, 21, 10, 16] => QQFieldElem[0, 0, 1//2, 0, 0, 0, -1, 0],
	[11, 23, 25, 21, 11, 25] => QQFieldElem[0, 0, 1//2, 0, 0, 0, -1//4, 0],
	[11, 23, 25, 21, 12, 16] => QQFieldElem[0, 0, -1//2, 0, 0, 0, 1//4, 0],
	[11, 23, 25, 21, 10, 24] => QQFieldElem[0, 0, -3//14, 0, 0, 0, -3//7, 0],
	[11, 23, 25, 21, 10, 17] => QQFieldElem[0, 0, -1//2, 0, 0, 0, 0, 0])