Dict(
	[11, 11, 11, 12, 2, 5] => QQFieldElem[4//3, 0, 0, 0, 0, 0, 0, 0],
	[11, 11, 11, 12, 21, 5] => QQFieldElem[-1//3, 0, 0, 0, 0, 0, 0, 0],
	[11, 11, 11, 12, 5, 21] => QQFieldElem[-2//3, 0, 0, 0, 0, 0, 0, 0],
	[11, 11, 11, 12, 5, 2] => QQFieldElem[1//6, 0, 0, 0, 0, 0, 0, 0],
	[11, 11, 11, 12, 2, 6] => QQFieldElem[4//3, 0, 0, 0, 0, 0, 0, 0],
	[11, 11, 11, 12, 21, 6] => QQFieldElem[-1//3, 0, 0, 0, 0, 0, 0, 0],
	[11, 11, 11, 12, 6, 21] => QQFieldElem[-2//3, 0, 0, 0, 0, 0, 0, 0],
	[11, 11, 11, 12, 6, 2] => QQFieldElem[1//6, 0, 0, 0, 0, 0, 0, 0],
	[11, 11, 11, 12, 5, 5] => QQFieldElem[-1//3, 0, 0, 0, 0, 0, 0, 0],
	[11, 11, 11, 12, 6, 5] => QQFieldElem[2//3, 0, 0, 0, 0, 0, 0, 0],
	[11, 11, 11, 12, 5, 6] => QQFieldElem[2//3, 0, 0, 0, 0, 0, 0, 0],
	[11, 11, 11, 12, 2, 21] => QQFieldElem[8//3, 0, 0, 0, 0, 0, 0, 0],
	[11, 11, 11, 12, 2, 2] => QQFieldElem[1//3, 0, 0, 0, 0, 0, 0, 0],
	[11, 11, 11, 12, 21, 21] => QQFieldElem[1//3, 0, 0, 0, 0, 0, 0, 0],
	[11, 11, 11, 12, 21, 2] => QQFieldElem[1//6, 0, 0, 0, 0, 0, 0, 0],
	[11, 11, 11, 12, 6, 6] => QQFieldElem[-1//3, 0, 0, 0, 0, 0, 0, 0])