Dict(
	[11, 21, 21, 11, 8, 12] => QQFieldElem[-1//4, 0, 0, 0, 0, 0, 0, 0],
	[11, 21, 21, 11, 1, 11] => QQFieldElem[0, 0, -1//72, 0, 0, 0, 1//36, 0],
	[11, 21, 21, 11, 7, 11] => QQFieldElem[0, 0, 1//72, 0, 0, 0, -1//36, 0],
	[11, 21, 21, 11, 1, 9] => QQFieldElem[1//8, 0, 0, 0, 0, 0, 0, 0],
	[11, 21, 21, 11, 7, 9] => QQFieldElem[1//8, 0, 0, 0, 0, 0, 0, 0],
	[11, 21, 21, 11, 21, 12] => QQFieldElem[-1//4, 0, 0, 0, 0, 0, 0, 0],
	[11, 21, 21, 11, 8, 11] => QQFieldElem[0, 0, 1//72, 0, 0, 0, -1//36, 0],
	[11, 21, 21, 11, 8, 9] => QQFieldElem[1//8, 0, 0, 0, 0, 0, 0, 0],
	[11, 21, 21, 11, 21, 11] => QQFieldElem[0, 0, -1//72, 0, 0, 0, 1//36, 0],
	[11, 21, 21, 11, 21, 9] => QQFieldElem[1//8, 0, 0, 0, 0, 0, 0, 0],
	[11, 21, 21, 11, 1, 10] => QQFieldElem[0, 0, -1//72, 0, 0, 0, -1//72, 0],
	[11, 21, 21, 11, 7, 10] => QQFieldElem[0, 0, 1//72, 0, 0, 0, 1//72, 0],
	[11, 21, 21, 11, 8, 10] => QQFieldElem[0, 0, -1//72, 0, 0, 0, -1//72, 0],
	[11, 21, 21, 11, 21, 10] => QQFieldElem[0, 0, 1//72, 0, 0, 0, 1//72, 0],
	[11, 21, 21, 11, 1, 12] => QQFieldElem[1//4, 0, 0, 0, 0, 0, 0, 0],
	[11, 21, 21, 11, 7, 12] => QQFieldElem[1//4, 0, 0, 0, 0, 0, 0, 0])