Dict(
	[11, 24, 11, 25, 13, 13] => QQFieldElem[-1//2, 0, 0, 0, -1//2, 0, 0, 0],
	[11, 24, 11, 25, 22, 19] => QQFieldElem[-1//12, 0, 0, 0, 1//6, 0, 0, 0],
	[11, 24, 11, 25, 22, 22] => QQFieldElem[-1//3, 0, 0, 0, 1//6, 0, 0, 0],
	[11, 24, 11, 25, 19, 23] => QQFieldElem[-2, 0, 0, 0, 0, 0, 0, 0],
	[11, 24, 11, 25, 19, 19] => QQFieldElem[-1//6, 0, 0, 0, -1//6, 0, 0, 0],
	[11, 24, 11, 25, 19, 22] => QQFieldElem[-2//3, 0, 0, 0, 4//3, 0, 0, 0],
	[11, 24, 11, 25, 23, 23] => QQFieldElem[-1//3, 0, 0, 0, 1//6, 0, 0, 0],
	[11, 24, 11, 25, 23, 19] => QQFieldElem[-1//4, 0, 0, 0, 0, 0, 0, 0],
	[11, 24, 11, 25, 22, 23] => QQFieldElem[0, 0, 0, 0, -1//2, 0, 0, 0],
	[11, 24, 11, 25, 23, 22] => QQFieldElem[0, 0, 0, 0, -1//2, 0, 0, 0],
	[11, 24, 11, 25, 13, 23] => QQFieldElem[1//9, 0, 0, 0, 0, 0, 0, 0],
	[11, 24, 11, 25, 13, 19] => QQFieldElem[-1//36, 0, 0, 0, -1//36, 0, 0, 0],
	[11, 24, 11, 25, 13, 22] => QQFieldElem[-1//9, 0, 0, 0, 2//9, 0, 0, 0],
	[11, 24, 11, 25, 22, 13] => QQFieldElem[9//2, 0, 0, 0, -9, 0, 0, 0],
	[11, 24, 11, 25, 19, 13] => QQFieldElem[9, 0, 0, 0, 9, 0, 0, 0],
	[11, 24, 11, 25, 23, 13] => QQFieldElem[-9//2, 0, 0, 0, 0, 0, 0, 0])