Dict(
	[11, 25, 21, 23, 18, 20] => QQFieldElem[-1//2, 0, 0, 0, 0, 0, 0, 0],
	[11, 25, 21, 23, 25, 23] => QQFieldElem[-1//2, 0, 0, 0, 0, 0, 0, 0],
	[11, 25, 21, 23, 25, 22] => QQFieldElem[-1//2, 0, 0, 0, 0, 0, 0, 0],
	[11, 25, 21, 23, 24, 20] => QQFieldElem[-1//4, 0, 0, 0, 1//4, 0, 0, 0],
	[11, 25, 21, 23, 18, 23] => QQFieldElem[0, 0, 0, 0, -1, 0, 0, 0],
	[11, 25, 21, 23, 15, 20] => QQFieldElem[-1//12, 0, 0, 0, 0, 0, 0, 0],
	[11, 25, 21, 23, 18, 22] => QQFieldElem[0, 0, 0, 0, 1, 0, 0, 0],
	[11, 25, 21, 23, 25, 14] => QQFieldElem[9//2, 0, 0, 0, -9//2, 0, 0, 0],
	[11, 25, 21, 23, 24, 23] => QQFieldElem[-1//2, 0, 0, 0, 0, 0, 0, 0],
	[11, 25, 21, 23, 24, 22] => QQFieldElem[-1//2, 0, 0, 0, 0, 0, 0, 0],
	[11, 25, 21, 23, 15, 23] => QQFieldElem[0, 0, 0, 0, 1//6, 0, 0, 0],
	[11, 25, 21, 23, 18, 14] => QQFieldElem[9, 0, 0, 0, 0, 0, 0, 0],
	[11, 25, 21, 23, 15, 22] => QQFieldElem[0, 0, 0, 0, -1//6, 0, 0, 0],
	[11, 25, 21, 23, 24, 14] => QQFieldElem[-9//2, 0, 0, 0, 9//2, 0, 0, 0],
	[11, 25, 21, 23, 15, 14] => QQFieldElem[3//2, 0, 0, 0, 0, 0, 0, 0],
	[11, 25, 21, 23, 25, 20] => QQFieldElem[1//4, 0, 0, 0, -1//4, 0, 0, 0])