Dict(
	[11, 25, 9, 24, 23, 20] => QQFieldElem[-1//4, 0, 0, 0, -1//2, 0, 0, 0],
	[11, 25, 9, 24, 22, 23] => QQFieldElem[1//7, 0, 0, 0, -3//14, 0, 0, 0],
	[11, 25, 9, 24, 22, 22] => QQFieldElem[0, 0, 0, 0, -1//2, 0, 0, 0],
	[11, 25, 9, 24, 23, 23] => QQFieldElem[-4//7, 0, 0, 0, 5//14, 0, 0, 0],
	[11, 25, 9, 24, 23, 22] => QQFieldElem[1//3, 0, 0, 0, -1//2, 0, 0, 0],
	[11, 25, 9, 24, 22, 14] => QQFieldElem[9//2, 0, 0, 0, 0, 0, 0, 0],
	[11, 25, 9, 24, 23, 14] => QQFieldElem[3//2, 0, 0, 0, 3, 0, 0, 0],
	[11, 25, 9, 24, 14, 20] => QQFieldElem[-1//12, 0, 0, 0, 1//12, 0, 0, 0],
	[11, 25, 9, 24, 20, 20] => QQFieldElem[-1//2, 0, 0, 0, 1//2, 0, 0, 0],
	[11, 25, 9, 24, 14, 23] => QQFieldElem[-1//21, 0, 0, 0, -2//21, 0, 0, 0],
	[11, 25, 9, 24, 14, 22] => QQFieldElem[-1//3, 0, 0, 0, 0, 0, 0, 0],
	[11, 25, 9, 24, 20, 23] => QQFieldElem[-2//7, 0, 0, 0, -4//7, 0, 0, 0],
	[11, 25, 9, 24, 20, 22] => QQFieldElem[2//3, 0, 0, 0, 0, 0, 0, 0],
	[11, 25, 9, 24, 14, 14] => QQFieldElem[-3//2, 0, 0, 0, 3//2, 0, 0, 0],
	[11, 25, 9, 24, 20, 14] => QQFieldElem[3, 0, 0, 0, -3, 0, 0, 0],
	[11, 25, 9, 24, 22, 20] => QQFieldElem[1//4, 0, 0, 0, 0, 0, 0, 0])