Dict(
	[11, 12, 10, 10, 4, 7] => QQFieldElem[4//3, 0, 0, 0, 0, 0, 0, 0],
	[11, 12, 10, 10, 21, 21] => QQFieldElem[-1//3, 0, 0, 0, 0, 0, 0, 0],
	[11, 12, 10, 10, 4, 21] => QQFieldElem[8//3, 0, 0, 0, 0, 0, 0, 0],
	[11, 12, 10, 10, 7, 8] => QQFieldElem[-2//3, 0, 0, 0, 0, 0, 0, 0],
	[11, 12, 10, 10, 5, 7] => QQFieldElem[-2//3, 0, 0, 0, 0, 0, 0, 0],
	[11, 12, 10, 10, 7, 1] => QQFieldElem[1//18, 0, 0, 0, 0, 0, 0, 0],
	[11, 12, 10, 10, 21, 8] => QQFieldElem[1//3, 0, 0, 0, 0, 0, 0, 0],
	[11, 12, 10, 10, 5, 21] => QQFieldElem[2//3, 0, 0, 0, 0, 0, 0, 0],
	[11, 12, 10, 10, 21, 1] => QQFieldElem[1//18, 0, 0, 0, 0, 0, 0, 0],
	[11, 12, 10, 10, 4, 8] => QQFieldElem[4//3, 0, 0, 0, 0, 0, 0, 0],
	[11, 12, 10, 10, 7, 7] => QQFieldElem[1//3, 0, 0, 0, 0, 0, 0, 0],
	[11, 12, 10, 10, 4, 1] => QQFieldElem[-1//9, 0, 0, 0, 0, 0, 0, 0],
	[11, 12, 10, 10, 21, 7] => QQFieldElem[1//3, 0, 0, 0, 0, 0, 0, 0],
	[11, 12, 10, 10, 5, 8] => QQFieldElem[1//3, 0, 0, 0, 0, 0, 0, 0],
	[11, 12, 10, 10, 7, 21] => QQFieldElem[2//3, 0, 0, 0, 0, 0, 0, 0],
	[11, 12, 10, 10, 5, 1] => QQFieldElem[1//18, 0, 0, 0, 0, 0, 0, 0])