Dict(
	[12, 23, 23, 12, 8, 25] => QQFieldElem[0, 0, -1//3, 0, 0, 0, -1//12, 0],
	[12, 23, 23, 12, 1, 15] => QQFieldElem[1//36, 0, 0, 0, -1//18, 0, 0, 0],
	[12, 23, 23, 12, 7, 15] => QQFieldElem[-1//36, 0, 0, 0, 1//18, 0, 0, 0],
	[12, 23, 23, 12, 21, 25] => QQFieldElem[0, 0, 0, 0, 0, 0, -1//4, 0],
	[12, 23, 23, 12, 1, 18] => QQFieldElem[0, 0, 1//3, 0, 0, 0, -1//6, 0],
	[12, 23, 23, 12, 7, 18] => QQFieldElem[0, 0, 1//3, 0, 0, 0, -1//6, 0],
	[12, 23, 23, 12, 8, 15] => QQFieldElem[5//72, 0, 0, 0, -1//18, 0, 0, 0],
	[12, 23, 23, 12, 8, 18] => QQFieldElem[0, 0, -1//3, 0, 0, 0, -1//12, 0],
	[12, 23, 23, 12, 21, 15] => QQFieldElem[-1//24, 0, 0, 0, 0, 0, 0, 0],
	[12, 23, 23, 12, 21, 18] => QQFieldElem[0, 0, 0, 0, 0, 0, -1//4, 0],
	[12, 23, 23, 12, 1, 24] => QQFieldElem[0, 0, 0, 0, 0, 0, 1//3, 0],
	[12, 23, 23, 12, 7, 24] => QQFieldElem[0, 0, 0, 0, 0, 0, -1//3, 0],
	[12, 23, 23, 12, 8, 24] => QQFieldElem[0, 0, 1//6, 0, 0, 0, -1//4, 0],
	[12, 23, 23, 12, 21, 24] => QQFieldElem[0, 0, -1//6, 0, 0, 0, 1//12, 0],
	[12, 23, 23, 12, 1, 25] => QQFieldElem[0, 0, -2//3, 0, 0, 0, 1//3, 0],
	[12, 23, 23, 12, 7, 25] => QQFieldElem[0, 0, -2//3, 0, 0, 0, 1//3, 0])