Dict(
	[12, 25, 21, 23, 25, 13] => QQFieldElem[-9//2, 0, 0, 0, 9//2, 0, 0, 0],
	[12, 25, 21, 23, 16, 23] => QQFieldElem[0, 0, 0, 0, -1//6, 0, 0, 0],
	[12, 25, 21, 23, 16, 19] => QQFieldElem[-1//12, 0, 0, 0, 0, 0, 0, 0],
	[12, 25, 21, 23, 16, 22] => QQFieldElem[0, 0, 0, 0, 1//6, 0, 0, 0],
	[12, 25, 21, 23, 17, 13] => QQFieldElem[9, 0, 0, 0, 0, 0, 0, 0],
	[12, 25, 21, 23, 24, 13] => QQFieldElem[9//2, 0, 0, 0, -9//2, 0, 0, 0],
	[12, 25, 21, 23, 25, 23] => QQFieldElem[-1//2, 0, 0, 0, 0, 0, 0, 0],
	[12, 25, 21, 23, 25, 19] => QQFieldElem[-1//4, 0, 0, 0, 1//4, 0, 0, 0],
	[12, 25, 21, 23, 25, 22] => QQFieldElem[-1//2, 0, 0, 0, 0, 0, 0, 0],
	[12, 25, 21, 23, 17, 23] => QQFieldElem[0, 0, 0, 0, 1, 0, 0, 0],
	[12, 25, 21, 23, 17, 19] => QQFieldElem[-1//2, 0, 0, 0, 0, 0, 0, 0],
	[12, 25, 21, 23, 16, 13] => QQFieldElem[3//2, 0, 0, 0, 0, 0, 0, 0],
	[12, 25, 21, 23, 17, 22] => QQFieldElem[0, 0, 0, 0, -1, 0, 0, 0],
	[12, 25, 21, 23, 24, 23] => QQFieldElem[-1//2, 0, 0, 0, 0, 0, 0, 0],
	[12, 25, 21, 23, 24, 19] => QQFieldElem[1//4, 0, 0, 0, -1//4, 0, 0, 0],
	[12, 25, 21, 23, 24, 22] => QQFieldElem[-1//2, 0, 0, 0, 0, 0, 0, 0])