Dict(
	[12, 11, 22, 22, 25, 21] => QQFieldElem[0, 0, 0, 0, 0, 0, -2//3, 0],
	[12, 11, 22, 22, 24, 7] => QQFieldElem[0, 0, 0, 0, 0, 0, -1//3, 0],
	[12, 11, 22, 22, 15, 7] => QQFieldElem[-4//3, 0, 0, 0, 0, 0, 0, 0],
	[12, 11, 22, 22, 18, 21] => QQFieldElem[0, 0, 0, 0, 0, 0, 4//3, 0],
	[12, 11, 22, 22, 24, 21] => QQFieldElem[0, 0, 0, 0, 0, 0, 2//3, 0],
	[12, 11, 22, 22, 15, 21] => QQFieldElem[-16//3, 0, 0, 0, 0, 0, 0, 0],
	[12, 11, 22, 22, 25, 8] => QQFieldElem[0, 0, 0, 0, 0, 0, 2//3, 0],
	[12, 11, 22, 22, 25, 1] => QQFieldElem[0, 0, 0, 0, 0, 0, -3, 0],
	[12, 11, 22, 22, 18, 8] => QQFieldElem[0, 0, 0, 0, 0, 0, -4//3, 0],
	[12, 11, 22, 22, 18, 1] => QQFieldElem[0, 0, 0, 0, 0, 0, -3, 0],
	[12, 11, 22, 22, 24, 8] => QQFieldElem[0, 0, 0, 0, 0, 0, 2//3, 0],
	[12, 11, 22, 22, 24, 1] => QQFieldElem[0, 0, 0, 0, 0, 0, 3, 0],
	[12, 11, 22, 22, 15, 8] => QQFieldElem[-16//3, 0, 0, 0, 0, 0, 0, 0],
	[12, 11, 22, 22, 25, 7] => QQFieldElem[0, 0, 0, 0, 0, 0, -1//3, 0],
	[12, 11, 22, 22, 15, 1] => QQFieldElem[12, 0, 0, 0, 0, 0, 0, 0],
	[12, 11, 22, 22, 18, 7] => QQFieldElem[0, 0, 0, 0, 0, 0, -1//3, 0])