Dict(
	[12, 22, 21, 24, 13, 17] => QQFieldElem[-1//12, 0, 0, 0, 0, 0, 0, 0],
	[12, 22, 21, 24, 23, 25] => QQFieldElem[-1//2, 0, 0, 0, 0, 0, 0, 0],
	[12, 22, 21, 24, 13, 25] => QQFieldElem[1//6, 0, 0, 0, -1//6, 0, 0, 0],
	[12, 22, 21, 24, 22, 16] => QQFieldElem[0, 0, 0, 0, -9//2, 0, 0, 0],
	[12, 22, 21, 24, 19, 16] => QQFieldElem[9, 0, 0, 0, 0, 0, 0, 0],
	[12, 22, 21, 24, 23, 16] => QQFieldElem[0, 0, 0, 0, 9//2, 0, 0, 0],
	[12, 22, 21, 24, 22, 24] => QQFieldElem[-1//2, 0, 0, 0, 0, 0, 0, 0],
	[12, 22, 21, 24, 19, 24] => QQFieldElem[1, 0, 0, 0, -1, 0, 0, 0],
	[12, 22, 21, 24, 22, 17] => QQFieldElem[0, 0, 0, 0, -1//4, 0, 0, 0],
	[12, 22, 21, 24, 19, 17] => QQFieldElem[-1//2, 0, 0, 0, 0, 0, 0, 0],
	[12, 22, 21, 24, 23, 24] => QQFieldElem[-1//2, 0, 0, 0, 0, 0, 0, 0],
	[12, 22, 21, 24, 23, 17] => QQFieldElem[0, 0, 0, 0, 1//4, 0, 0, 0],
	[12, 22, 21, 24, 13, 16] => QQFieldElem[3//2, 0, 0, 0, 0, 0, 0, 0],
	[12, 22, 21, 24, 22, 25] => QQFieldElem[-1//2, 0, 0, 0, 0, 0, 0, 0],
	[12, 22, 21, 24, 13, 24] => QQFieldElem[-1//6, 0, 0, 0, 1//6, 0, 0, 0],
	[12, 22, 21, 24, 19, 25] => QQFieldElem[-1, 0, 0, 0, 1, 0, 0, 0])