Dict(
	[12, 10, 10, 11, 2, 21] => QQFieldElem[-8//3, 0, 0, 0, 0, 0, 0, 0],
	[12, 10, 10, 11, 21, 4] => QQFieldElem[1//6, 0, 0, 0, 0, 0, 0, 0],
	[12, 10, 10, 11, 21, 21] => QQFieldElem[-1//3, 0, 0, 0, 0, 0, 0, 0],
	[12, 10, 10, 11, 5, 7] => QQFieldElem[-2//3, 0, 0, 0, 0, 0, 0, 0],
	[12, 10, 10, 11, 2, 5] => QQFieldElem[-4//3, 0, 0, 0, 0, 0, 0, 0],
	[12, 10, 10, 11, 21, 5] => QQFieldElem[1//3, 0, 0, 0, 0, 0, 0, 0],
	[12, 10, 10, 11, 6, 7] => QQFieldElem[1//3, 0, 0, 0, 0, 0, 0, 0],
	[12, 10, 10, 11, 5, 4] => QQFieldElem[1//6, 0, 0, 0, 0, 0, 0, 0],
	[12, 10, 10, 11, 5, 21] => QQFieldElem[2//3, 0, 0, 0, 0, 0, 0, 0],
	[12, 10, 10, 11, 6, 4] => QQFieldElem[1//6, 0, 0, 0, 0, 0, 0, 0],
	[12, 10, 10, 11, 6, 21] => QQFieldElem[2//3, 0, 0, 0, 0, 0, 0, 0],
	[12, 10, 10, 11, 5, 5] => QQFieldElem[1//3, 0, 0, 0, 0, 0, 0, 0],
	[12, 10, 10, 11, 2, 7] => QQFieldElem[-4//3, 0, 0, 0, 0, 0, 0, 0],
	[12, 10, 10, 11, 6, 5] => QQFieldElem[-2//3, 0, 0, 0, 0, 0, 0, 0],
	[12, 10, 10, 11, 21, 7] => QQFieldElem[1//3, 0, 0, 0, 0, 0, 0, 0],
	[12, 10, 10, 11, 2, 4] => QQFieldElem[1//3, 0, 0, 0, 0, 0, 0, 0])