Dict(
	[12, 23, 22, 11, 2, 25] => QQFieldElem[0, 0, -2//3, 0, 0, 0, 1//3, 0],
	[12, 23, 22, 11, 5, 24] => QQFieldElem[0, 0, 1//3, 0, 0, 0, -1//6, 0],
	[12, 23, 22, 11, 21, 25] => QQFieldElem[0, 0, 0, 0, 0, 0, -1//4, 0],
	[12, 23, 22, 11, 6, 24] => QQFieldElem[0, 0, -1//3, 0, 0, 0, -1//12, 0],
	[12, 23, 22, 11, 2, 15] => QQFieldElem[1//36, 0, 0, 0, -1//18, 0, 0, 0],
	[12, 23, 22, 11, 21, 15] => QQFieldElem[-1//24, 0, 0, 0, 0, 0, 0, 0],
	[12, 23, 22, 11, 2, 18] => QQFieldElem[0, 0, 0, 0, 0, 0, 1//3, 0],
	[12, 23, 22, 11, 21, 18] => QQFieldElem[0, 0, -1//6, 0, 0, 0, 1//12, 0],
	[12, 23, 22, 11, 5, 25] => QQFieldElem[0, 0, -2//3, 0, 0, 0, 1//3, 0],
	[12, 23, 22, 11, 2, 24] => QQFieldElem[0, 0, 1//3, 0, 0, 0, -1//6, 0],
	[12, 23, 22, 11, 6, 25] => QQFieldElem[0, 0, -1//3, 0, 0, 0, -1//12, 0],
	[12, 23, 22, 11, 21, 24] => QQFieldElem[0, 0, 0, 0, 0, 0, -1//4, 0],
	[12, 23, 22, 11, 5, 15] => QQFieldElem[-1//36, 0, 0, 0, 1//18, 0, 0, 0],
	[12, 23, 22, 11, 5, 18] => QQFieldElem[0, 0, 0, 0, 0, 0, -1//3, 0],
	[12, 23, 22, 11, 6, 15] => QQFieldElem[5//72, 0, 0, 0, -1//18, 0, 0, 0],
	[12, 23, 22, 11, 6, 18] => QQFieldElem[0, 0, 1//6, 0, 0, 0, -1//4, 0])