Dict(
	[12, 12, 24, 25, 22, 6] => QQFieldElem[0, 0, 0, 0, 0, 0, 2//3, 0],
	[12, 12, 24, 25, 14, 21] => QQFieldElem[-16//3, 0, 0, 0, 0, 0, 0, 0],
	[12, 12, 24, 25, 14, 2] => QQFieldElem[12, 0, 0, 0, 0, 0, 0, 0],
	[12, 12, 24, 25, 23, 6] => QQFieldElem[0, 0, 0, 0, 0, 0, -2//3, 0],
	[12, 12, 24, 25, 20, 21] => QQFieldElem[0, 0, 0, 0, 0, 0, -4//3, 0],
	[12, 12, 24, 25, 20, 2] => QQFieldElem[0, 0, 0, 0, 0, 0, -3, 0],
	[12, 12, 24, 25, 14, 5] => QQFieldElem[-4//3, 0, 0, 0, 0, 0, 0, 0],
	[12, 12, 24, 25, 20, 5] => QQFieldElem[0, 0, 0, 0, 0, 0, -1//3, 0],
	[12, 12, 24, 25, 14, 6] => QQFieldElem[-16//3, 0, 0, 0, 0, 0, 0, 0],
	[12, 12, 24, 25, 22, 21] => QQFieldElem[0, 0, 0, 0, 0, 0, 2//3, 0],
	[12, 12, 24, 25, 22, 2] => QQFieldElem[0, 0, 0, 0, 0, 0, 3, 0],
	[12, 12, 24, 25, 20, 6] => QQFieldElem[0, 0, 0, 0, 0, 0, 4//3, 0],
	[12, 12, 24, 25, 23, 21] => QQFieldElem[0, 0, 0, 0, 0, 0, 2//3, 0],
	[12, 12, 24, 25, 23, 2] => QQFieldElem[0, 0, 0, 0, 0, 0, -3, 0],
	[12, 12, 24, 25, 22, 5] => QQFieldElem[0, 0, 0, 0, 0, 0, -1//3, 0],
	[12, 12, 24, 25, 23, 5] => QQFieldElem[0, 0, 0, 0, 0, 0, -1//3, 0])