Dict(
	[12, 24, 11, 24, 22, 14] => QQFieldElem[-9//2, 0, 0, 0, 0, 0, 0, 0],
	[12, 24, 11, 24, 19, 14] => QQFieldElem[9, 0, 0, 0, 9, 0, 0, 0],
	[12, 24, 11, 24, 13, 20] => QQFieldElem[-1//36, 0, 0, 0, -1//36, 0, 0, 0],
	[12, 24, 11, 24, 23, 14] => QQFieldElem[9//2, 0, 0, 0, -9, 0, 0, 0],
	[12, 24, 11, 24, 13, 23] => QQFieldElem[1//9, 0, 0, 0, 0, 0, 0, 0],
	[12, 24, 11, 24, 13, 22] => QQFieldElem[-1//9, 0, 0, 0, 2//9, 0, 0, 0],
	[12, 24, 11, 24, 13, 14] => QQFieldElem[-1//2, 0, 0, 0, -1//2, 0, 0, 0],
	[12, 24, 11, 24, 22, 20] => QQFieldElem[-1//4, 0, 0, 0, 0, 0, 0, 0],
	[12, 24, 11, 24, 19, 20] => QQFieldElem[-1//6, 0, 0, 0, -1//6, 0, 0, 0],
	[12, 24, 11, 24, 23, 20] => QQFieldElem[-1//12, 0, 0, 0, 1//6, 0, 0, 0],
	[12, 24, 11, 24, 22, 23] => QQFieldElem[-1//3, 0, 0, 0, 1//6, 0, 0, 0],
	[12, 24, 11, 24, 22, 22] => QQFieldElem[0, 0, 0, 0, -1//2, 0, 0, 0],
	[12, 24, 11, 24, 19, 23] => QQFieldElem[-2, 0, 0, 0, 0, 0, 0, 0],
	[12, 24, 11, 24, 19, 22] => QQFieldElem[-2//3, 0, 0, 0, 4//3, 0, 0, 0],
	[12, 24, 11, 24, 23, 23] => QQFieldElem[0, 0, 0, 0, -1//2, 0, 0, 0],
	[12, 24, 11, 24, 23, 22] => QQFieldElem[-1//3, 0, 0, 0, 1//6, 0, 0, 0])