Dict(
	[12, 12, 10, 9, 21, 6] => QQFieldElem[1//3, 0, 0, 0, 0, 0, 0, 0],
	[12, 12, 10, 9, 4, 6] => QQFieldElem[4//3, 0, 0, 0, 0, 0, 0, 0],
	[12, 12, 10, 9, 5, 5] => QQFieldElem[1//3, 0, 0, 0, 0, 0, 0, 0],
	[12, 12, 10, 9, 7, 21] => QQFieldElem[2//3, 0, 0, 0, 0, 0, 0, 0],
	[12, 12, 10, 9, 7, 2] => QQFieldElem[1//18, 0, 0, 0, 0, 0, 0, 0],
	[12, 12, 10, 9, 5, 6] => QQFieldElem[-2//3, 0, 0, 0, 0, 0, 0, 0],
	[12, 12, 10, 9, 7, 5] => QQFieldElem[-2//3, 0, 0, 0, 0, 0, 0, 0],
	[12, 12, 10, 9, 21, 21] => QQFieldElem[-1//3, 0, 0, 0, 0, 0, 0, 0],
	[12, 12, 10, 9, 21, 2] => QQFieldElem[1//18, 0, 0, 0, 0, 0, 0, 0],
	[12, 12, 10, 9, 4, 21] => QQFieldElem[8//3, 0, 0, 0, 0, 0, 0, 0],
	[12, 12, 10, 9, 4, 2] => QQFieldElem[-1//9, 0, 0, 0, 0, 0, 0, 0],
	[12, 12, 10, 9, 21, 5] => QQFieldElem[1//3, 0, 0, 0, 0, 0, 0, 0],
	[12, 12, 10, 9, 7, 6] => QQFieldElem[1//3, 0, 0, 0, 0, 0, 0, 0],
	[12, 12, 10, 9, 4, 5] => QQFieldElem[4//3, 0, 0, 0, 0, 0, 0, 0],
	[12, 12, 10, 9, 5, 21] => QQFieldElem[2//3, 0, 0, 0, 0, 0, 0, 0],
	[12, 12, 10, 9, 5, 2] => QQFieldElem[1//18, 0, 0, 0, 0, 0, 0, 0])