Dict(
	[12, 22, 22, 12, 1, 16] => QQFieldElem[1//36, 0, 0, 0, -1//18, 0, 0, 0],
	[12, 22, 22, 12, 7, 16] => QQFieldElem[-1//36, 0, 0, 0, 1//18, 0, 0, 0],
	[12, 22, 22, 12, 1, 24] => QQFieldElem[0, 0, 0, 0, 0, 0, 1//3, 0],
	[12, 22, 22, 12, 7, 24] => QQFieldElem[0, 0, 0, 0, 0, 0, -1//3, 0],
	[12, 22, 22, 12, 8, 16] => QQFieldElem[-1//24, 0, 0, 0, 0, 0, 0, 0],
	[12, 22, 22, 12, 1, 17] => QQFieldElem[0, 0, 1//3, 0, 0, 0, -1//6, 0],
	[12, 22, 22, 12, 7, 17] => QQFieldElem[0, 0, 1//3, 0, 0, 0, -1//6, 0],
	[12, 22, 22, 12, 8, 24] => QQFieldElem[0, 0, -1//6, 0, 0, 0, 1//12, 0],
	[12, 22, 22, 12, 21, 16] => QQFieldElem[5//72, 0, 0, 0, -1//18, 0, 0, 0],
	[12, 22, 22, 12, 8, 17] => QQFieldElem[0, 0, 0, 0, 0, 0, -1//4, 0],
	[12, 22, 22, 12, 21, 24] => QQFieldElem[0, 0, 1//6, 0, 0, 0, -1//4, 0],
	[12, 22, 22, 12, 21, 17] => QQFieldElem[0, 0, -1//3, 0, 0, 0, -1//12, 0],
	[12, 22, 22, 12, 1, 25] => QQFieldElem[0, 0, -2//3, 0, 0, 0, 1//3, 0],
	[12, 22, 22, 12, 7, 25] => QQFieldElem[0, 0, -2//3, 0, 0, 0, 1//3, 0],
	[12, 22, 22, 12, 8, 25] => QQFieldElem[0, 0, 0, 0, 0, 0, -1//4, 0],
	[12, 22, 22, 12, 21, 25] => QQFieldElem[0, 0, -1//3, 0, 0, 0, -1//12, 0])