Dict(
	[12, 24, 25, 11, 2, 14] => QQFieldElem[1//36, 0, 0, 0, -1//18, 0, 0, 0],
	[12, 24, 25, 11, 21, 14] => QQFieldElem[-1//72, 0, 0, 0, -1//18, 0, 0, 0],
	[12, 24, 25, 11, 5, 20] => QQFieldElem[0, 0, -1//3, 0, 0, 0, 1//6, 0],
	[12, 24, 25, 11, 6, 20] => QQFieldElem[0, 0, 0, 0, 0, 0, -1//4, 0],
	[12, 24, 25, 11, 5, 23] => QQFieldElem[0, 0, 2//3, 0, 0, 0, -1//3, 0],
	[12, 24, 25, 11, 5, 22] => QQFieldElem[0, 0, 0, 0, 0, 0, -1//3, 0],
	[12, 24, 25, 11, 6, 23] => QQFieldElem[0, 0, 0, 0, 0, 0, -1//4, 0],
	[12, 24, 25, 11, 6, 22] => QQFieldElem[0, 0, 1//6, 0, 0, 0, -1//12, 0],
	[12, 24, 25, 11, 5, 14] => QQFieldElem[-1//36, 0, 0, 0, 1//18, 0, 0, 0],
	[12, 24, 25, 11, 6, 14] => QQFieldElem[1//24, 0, 0, 0, 0, 0, 0, 0],
	[12, 24, 25, 11, 2, 20] => QQFieldElem[0, 0, -1//3, 0, 0, 0, 1//6, 0],
	[12, 24, 25, 11, 21, 20] => QQFieldElem[0, 0, 1//3, 0, 0, 0, -5//12, 0],
	[12, 24, 25, 11, 2, 23] => QQFieldElem[0, 0, 2//3, 0, 0, 0, -1//3, 0],
	[12, 24, 25, 11, 2, 22] => QQFieldElem[0, 0, 0, 0, 0, 0, 1//3, 0],
	[12, 24, 25, 11, 21, 23] => QQFieldElem[0, 0, 1//3, 0, 0, 0, -5//12, 0],
	[12, 24, 25, 11, 21, 22] => QQFieldElem[0, 0, -1//6, 0, 0, 0, -1//12, 0])