Dict(
	[12, 21, 23, 24, 13, 11] => QQFieldElem[0, 0, -1, 0, 0, 0, -1//2, 0],
	[12, 21, 23, 24, 13, 9] => QQFieldElem[0, 0, 3//4, 0, 0, 0, -9//4, 0],
	[12, 21, 23, 24, 22, 10] => QQFieldElem[0, 0, 1//4, 0, 0, 0, -1//4, 0],
	[12, 21, 23, 24, 19, 10] => QQFieldElem[0, 0, -1//4, 0, 0, 0, 1//4, 0],
	[12, 21, 23, 24, 23, 10] => QQFieldElem[0, 0, -1//4, 0, 0, 0, -1//4, 0],
	[12, 21, 23, 24, 22, 12] => QQFieldElem[0, 0, -1, 0, 0, 0, 1//2, 0],
	[12, 21, 23, 24, 19, 12] => QQFieldElem[0, 0, -1, 0, 0, 0, 1//2, 0],
	[12, 21, 23, 24, 23, 12] => QQFieldElem[0, 0, 0, 0, 0, 0, 1//2, 0],
	[12, 21, 23, 24, 13, 10] => QQFieldElem[0, 0, 1//4, 0, 0, 0, -3//4, 0],
	[12, 21, 23, 24, 22, 11] => QQFieldElem[0, 0, 0, 0, 0, 0, -1//2, 0],
	[12, 21, 23, 24, 19, 11] => QQFieldElem[0, 0, 0, 0, 0, 0, -1//2, 0],
	[12, 21, 23, 24, 22, 9] => QQFieldElem[0, 0, -9//4, 0, 0, 0, 9//4, 0],
	[12, 21, 23, 24, 23, 11] => QQFieldElem[0, 0, 1, 0, 0, 0, -1//2, 0],
	[12, 21, 23, 24, 19, 9] => QQFieldElem[0, 0, 9//4, 0, 0, 0, -9//4, 0],
	[12, 21, 23, 24, 23, 9] => QQFieldElem[0, 0, -3//4, 0, 0, 0, -3//4, 0],
	[12, 21, 23, 24, 13, 12] => QQFieldElem[0, 0, 2//3, 0, 0, 0, -5//6, 0])