Dict(
	[21, 25, 22, 10, 11, 18] => QQFieldElem[0, 0, 1//2, 0, 0, 0, -1//4, 0],
	[21, 25, 22, 10, 9, 24] => QQFieldElem[0, 0, -1//2, 0, 0, 0, 1//2, 0],
	[21, 25, 22, 10, 10, 25] => QQFieldElem[0, 0, 3//14, 0, 0, 0, -9//14, 0],
	[21, 25, 22, 10, 12, 25] => QQFieldElem[0, 0, 1//7, 0, 0, 0, -5//28, 0],
	[21, 25, 22, 10, 11, 24] => QQFieldElem[0, 0, 0, 0, 0, 0, -1//4, 0],
	[21, 25, 22, 10, 10, 15] => QQFieldElem[0, 0, 1//2, 0, 0, 0, -1//2, 0],
	[21, 25, 22, 10, 10, 18] => QQFieldElem[0, 0, -1//2, 0, 0, 0, -1//2, 0],
	[21, 25, 22, 10, 12, 15] => QQFieldElem[0, 0, -1//2, 0, 0, 0, 1//4, 0],
	[21, 25, 22, 10, 12, 18] => QQFieldElem[0, 0, 0, 0, 0, 0, 1//4, 0],
	[21, 25, 22, 10, 9, 25] => QQFieldElem[0, 0, -1//14, 0, 0, 0, 3//14, 0],
	[21, 25, 22, 10, 11, 25] => QQFieldElem[0, 0, -3//14, 0, 0, 0, -3//28, 0],
	[21, 25, 22, 10, 10, 24] => QQFieldElem[0, 0, -1//2, 0, 0, 0, 1//2, 0],
	[21, 25, 22, 10, 9, 15] => QQFieldElem[0, 0, 1//2, 0, 0, 0, -1//2, 0],
	[21, 25, 22, 10, 12, 24] => QQFieldElem[0, 0, -1//2, 0, 0, 0, 1//4, 0],
	[21, 25, 22, 10, 9, 18] => QQFieldElem[0, 0, 1//6, 0, 0, 0, 1//6, 0],
	[21, 25, 22, 10, 11, 15] => QQFieldElem[0, 0, 0, 0, 0, 0, -1//4, 0])