Dict(
	[21, 23, 22, 21, 21, 14] => QQFieldElem[-1//144, 0, 0, 0, 0, 0, 0, 0],
	[21, 23, 22, 21, 5, 20] => QQFieldElem[-1//12, 0, 0, 0, 1//24, 0, 0, 0],
	[21, 23, 22, 21, 3, 14] => QQFieldElem[-1//144, 0, 0, 0, 0, 0, 0, 0],
	[21, 23, 22, 21, 6, 20] => QQFieldElem[1//12, 0, 0, 0, -1//24, 0, 0, 0],
	[21, 23, 22, 21, 5, 23] => QQFieldElem[0, 0, 0, 0, 0, 0, -1//4, 0],
	[21, 23, 22, 21, 5, 19] => QQFieldElem[1//24, 0, 0, 0, -1//24, 0, 0, 0],
	[21, 23, 22, 21, 8, 13] => QQFieldElem[1//24, 0, 0, 0, 0, 0, 0, 0],
	[21, 23, 22, 21, 5, 22] => QQFieldElem[1//24, 0, 0, 0, 1//24, 0, 0, 0],
	[21, 23, 22, 21, 2, 13] => QQFieldElem[-1//24, 0, 0, 0, 0, 0, 0, 0],
	[21, 23, 22, 21, 6, 23] => QQFieldElem[0, 0, 0, 0, 0, 0, -1//4, 0],
	[21, 23, 22, 21, 21, 13] => QQFieldElem[1//24, 0, 0, 0, 0, 0, 0, 0],
	[21, 23, 22, 21, 6, 19] => QQFieldElem[-1//24, 0, 0, 0, 1//24, 0, 0, 0],
	[21, 23, 22, 21, 5, 14] => QQFieldElem[-1//144, 0, 0, 0, 0, 0, 0, 0],
	[21, 23, 22, 21, 6, 22] => QQFieldElem[-1//24, 0, 0, 0, -1//24, 0, 0, 0],
	[21, 23, 22, 21, 3, 13] => QQFieldElem[-1//24, 0, 0, 0, 0, 0, 0, 0],
	[21, 23, 22, 21, 8, 20] => QQFieldElem[0, 0, 0, 0, 0, 0, 0, 0],
	[21, 23, 22, 21, 6, 14] => QQFieldElem[-1//144, 0, 0, 0, 0, 0, 0, 0],
	[21, 23, 22, 21, 2, 20] => QQFieldElem[-1//12, 0, 0, 0, 1//24, 0, 0, 0],
	[21, 23, 22, 21, 21, 20] => QQFieldElem[0, 0, 0, 0, 0, 0, 0, 0],
	[21, 23, 22, 21, 3, 20] => QQFieldElem[1//12, 0, 0, 0, -1//24, 0, 0, 0],
	[21, 23, 22, 21, 8, 23] => QQFieldElem[0, 0, 0, 0, 0, 0, 0, 0],
	[21, 23, 22, 21, 8, 19] => QQFieldElem[-1//24, 0, 0, 0, 1//24, 0, 0, 0],
	[21, 23, 22, 21, 8, 22] => QQFieldElem[1//24, 0, 0, 0, 1//24, 0, 0, 0],
	[21, 23, 22, 21, 5, 13] => QQFieldElem[-1//24, 0, 0, 0, 0, 0, 0, 0],
	[21, 23, 22, 21, 2, 23] => QQFieldElem[0, 0, 0, 0, 0, 0, 1//4, 0],
	[21, 23, 22, 21, 2, 19] => QQFieldElem[-1//24, 0, 0, 0, 1//24, 0, 0, 0],
	[21, 23, 22, 21, 2, 22] => QQFieldElem[-1//24, 0, 0, 0, -1//24, 0, 0, 0],
	[21, 23, 22, 21, 21, 23] => QQFieldElem[0, 0, 0, 0, 0, 0, 0, 0],
	[21, 23, 22, 21, 21, 19] => QQFieldElem[1//24, 0, 0, 0, -1//24, 0, 0, 0],
	[21, 23, 22, 21, 3, 23] => QQFieldElem[0, 0, 0, 0, 0, 0, 1//4, 0],
	[21, 23, 22, 21, 21, 22] => QQFieldElem[-1//24, 0, 0, 0, -1//24, 0, 0, 0],
	[21, 23, 22, 21, 3, 19] => QQFieldElem[1//24, 0, 0, 0, -1//24, 0, 0, 0],
	[21, 23, 22, 21, 8, 14] => QQFieldElem[-1//144, 0, 0, 0, 0, 0, 0, 0],
	[21, 23, 22, 21, 6, 13] => QQFieldElem[-1//24, 0, 0, 0, 0, 0, 0, 0],
	[21, 23, 22, 21, 3, 22] => QQFieldElem[1//24, 0, 0, 0, 1//24, 0, 0, 0],
	[21, 23, 22, 21, 2, 14] => QQFieldElem[-1//144, 0, 0, 0, 0, 0, 0, 0])