Dict(
	[21, 21, 23, 22, 19, 5] => QQFieldElem[-6, 0, 0, 0, 3, 0, 0, 0],
	[21, 21, 23, 22, 20, 3] => QQFieldElem[18, 0, 0, 0, 18, 0, 0, 0],
	[21, 21, 23, 22, 23, 5] => QQFieldElem[0, 0, 0, 0, 0, 0, -1, 0],
	[21, 21, 23, 22, 22, 8] => QQFieldElem[0, 0, 0, 0, 18, 0, 0, 0],
	[21, 21, 23, 22, 19, 8] => QQFieldElem[-12, 0, 0, 0, 6, 0, 0, 0],
	[21, 21, 23, 22, 13, 21] => QQFieldElem[-4, 0, 0, 0, 0, 0, 0, 0],
	[21, 21, 23, 22, 23, 8] => QQFieldElem[0, 0, 0, 0, 0, 0, 0, 0],
	[21, 21, 23, 22, 22, 6] => QQFieldElem[0, 0, 0, 0, 9, 0, 0, 0],
	[21, 21, 23, 22, 13, 2] => QQFieldElem[6, 0, 0, 0, 0, 0, 0, 0],
	[21, 21, 23, 22, 14, 21] => QQFieldElem[-2, 0, 0, 0, 0, 0, 0, 0],
	[21, 21, 23, 22, 14, 2] => QQFieldElem[-3, 0, 0, 0, 0, 0, 0, 0],
	[21, 21, 23, 22, 19, 6] => QQFieldElem[6, 0, 0, 0, -3, 0, 0, 0],
	[21, 21, 23, 22, 23, 6] => QQFieldElem[0, 0, 0, 0, 0, 0, -1, 0],
	[21, 21, 23, 22, 20, 21] => QQFieldElem[0, 0, 0, 0, 0, 0, 0, 0],
	[21, 21, 23, 22, 20, 2] => QQFieldElem[-18, 0, 0, 0, -18, 0, 0, 0],
	[21, 21, 23, 22, 13, 5] => QQFieldElem[-2, 0, 0, 0, 0, 0, 0, 0],
	[21, 21, 23, 22, 22, 3] => QQFieldElem[0, 0, 0, 0, 27, 0, 0, 0],
	[21, 21, 23, 22, 14, 5] => QQFieldElem[1, 0, 0, 0, 0, 0, 0, 0],
	[21, 21, 23, 22, 19, 3] => QQFieldElem[18, 0, 0, 0, -9, 0, 0, 0],
	[21, 21, 23, 22, 23, 3] => QQFieldElem[0, 0, 0, 0, 0, 0, -3, 0],
	[21, 21, 23, 22, 20, 5] => QQFieldElem[6, 0, 0, 0, 6, 0, 0, 0],
	[21, 21, 23, 22, 13, 8] => QQFieldElem[-4, 0, 0, 0, 0, 0, 0, 0],
	[21, 21, 23, 22, 14, 8] => QQFieldElem[-2, 0, 0, 0, 0, 0, 0, 0],
	[21, 21, 23, 22, 13, 6] => QQFieldElem[-2, 0, 0, 0, 0, 0, 0, 0],
	[21, 21, 23, 22, 14, 6] => QQFieldElem[1, 0, 0, 0, 0, 0, 0, 0],
	[21, 21, 23, 22, 20, 8] => QQFieldElem[0, 0, 0, 0, 0, 0, 0, 0],
	[21, 21, 23, 22, 22, 21] => QQFieldElem[0, 0, 0, 0, -18, 0, 0, 0],
	[21, 21, 23, 22, 22, 2] => QQFieldElem[0, 0, 0, 0, -27, 0, 0, 0],
	[21, 21, 23, 22, 19, 21] => QQFieldElem[12, 0, 0, 0, -6, 0, 0, 0],
	[21, 21, 23, 22, 19, 2] => QQFieldElem[-18, 0, 0, 0, 9, 0, 0, 0],
	[21, 21, 23, 22, 20, 6] => QQFieldElem[-6, 0, 0, 0, -6, 0, 0, 0],
	[21, 21, 23, 22, 23, 21] => QQFieldElem[0, 0, 0, 0, 0, 0, 0, 0],
	[21, 21, 23, 22, 23, 2] => QQFieldElem[0, 0, 0, 0, 0, 0, -3, 0],
	[21, 21, 23, 22, 14, 3] => QQFieldElem[-3, 0, 0, 0, 0, 0, 0, 0],
	[21, 21, 23, 22, 13, 3] => QQFieldElem[6, 0, 0, 0, 0, 0, 0, 0],
	[21, 21, 23, 22, 22, 5] => QQFieldElem[0, 0, 0, 0, -9, 0, 0, 0])