Dict(
	[21, 24, 10, 23, 23, 18] => QQFieldElem[-1//2, 0, 0, 0, 1//4, 0, 0, 0],
	[21, 24, 10, 23, 14, 25] => QQFieldElem[-3//14, 0, 0, 0, 1//14, 0, 0, 0],
	[21, 24, 10, 23, 22, 24] => QQFieldElem[-1//6, 0, 0, 0, -2//3, 0, 0, 0],
	[21, 24, 10, 23, 20, 25] => QQFieldElem[-3//7, 0, 0, 0, 1//7, 0, 0, 0],
	[21, 24, 10, 23, 23, 24] => QQFieldElem[1//2, 0, 0, 0, 0, 0, 0, 0],
	[21, 24, 10, 23, 14, 15] => QQFieldElem[-3//2, 0, 0, 0, 0, 0, 0, 0],
	[21, 24, 10, 23, 14, 18] => QQFieldElem[-1//4, 0, 0, 0, 0, 0, 0, 0],
	[21, 24, 10, 23, 20, 15] => QQFieldElem[3, 0, 0, 0, 0, 0, 0, 0],
	[21, 24, 10, 23, 20, 18] => QQFieldElem[1//2, 0, 0, 0, 0, 0, 0, 0],
	[21, 24, 10, 23, 22, 25] => QQFieldElem[1//2, 0, 0, 0, 0, 0, 0, 0],
	[21, 24, 10, 23, 14, 24] => QQFieldElem[-1//6, 0, 0, 0, -1//6, 0, 0, 0],
	[21, 24, 10, 23, 23, 25] => QQFieldElem[-5//14, 0, 0, 0, 2//7, 0, 0, 0],
	[21, 24, 10, 23, 20, 24] => QQFieldElem[-1//3, 0, 0, 0, -1//3, 0, 0, 0],
	[21, 24, 10, 23, 22, 15] => QQFieldElem[3, 0, 0, 0, 3//2, 0, 0, 0],
	[21, 24, 10, 23, 22, 18] => QQFieldElem[-1//2, 0, 0, 0, -1//4, 0, 0, 0],
	[21, 24, 10, 23, 23, 15] => QQFieldElem[3, 0, 0, 0, -3//2, 0, 0, 0])