Dict(
	[21, 23, 9, 24, 15, 23] => QQFieldElem[-1//3, 0, 0, 0, 1//6, 0, 0, 0],
	[21, 23, 9, 24, 18, 14] => QQFieldElem[3, 0, 0, 0, 0, 0, 0, 0],
	[21, 23, 9, 24, 15, 22] => QQFieldElem[-1//7, 0, 0, 0, -1//14, 0, 0, 0],
	[21, 23, 9, 24, 24, 14] => QQFieldElem[3//2, 0, 0, 0, 3//2, 0, 0, 0],
	[21, 23, 9, 24, 15, 14] => QQFieldElem[-3//2, 0, 0, 0, 0, 0, 0, 0],
	[21, 23, 9, 24, 25, 20] => QQFieldElem[-3//4, 0, 0, 0, 1//4, 0, 0, 0],
	[21, 23, 9, 24, 18, 20] => QQFieldElem[1//2, 0, 0, 0, 0, 0, 0, 0],
	[21, 23, 9, 24, 25, 23] => QQFieldElem[-5//6, 0, 0, 0, 2//3, 0, 0, 0],
	[21, 23, 9, 24, 25, 22] => QQFieldElem[1//2, 0, 0, 0, 0, 0, 0, 0],
	[21, 23, 9, 24, 24, 20] => QQFieldElem[-1//4, 0, 0, 0, -1//4, 0, 0, 0],
	[21, 23, 9, 24, 18, 23] => QQFieldElem[-2//3, 0, 0, 0, 1//3, 0, 0, 0],
	[21, 23, 9, 24, 15, 20] => QQFieldElem[-1//4, 0, 0, 0, 0, 0, 0, 0],
	[21, 23, 9, 24, 18, 22] => QQFieldElem[-2//7, 0, 0, 0, -1//7, 0, 0, 0],
	[21, 23, 9, 24, 25, 14] => QQFieldElem[9//2, 0, 0, 0, -3//2, 0, 0, 0],
	[21, 23, 9, 24, 24, 23] => QQFieldElem[1//2, 0, 0, 0, 0, 0, 0, 0],
	[21, 23, 9, 24, 24, 22] => QQFieldElem[-1//14, 0, 0, 0, -2//7, 0, 0, 0])