Dict(
	[21, 11, 25, 22, 14, 12] => QQFieldElem[0, 0, 0, 0, 0, 0, -1//2, 0],
	[21, 11, 25, 22, 20, 12] => QQFieldElem[0, 0, 1, 0, 0, 0, -3//2, 0],
	[21, 11, 25, 22, 14, 11] => QQFieldElem[0, 0, 1, 0, 0, 0, -1//2, 0],
	[21, 11, 25, 22, 22, 10] => QQFieldElem[0, 0, 1//4, 0, 0, 0, -1//2, 0],
	[21, 11, 25, 22, 14, 9] => QQFieldElem[0, 0, -9//4, 0, 0, 0, 0, 0],
	[21, 11, 25, 22, 23, 10] => QQFieldElem[0, 0, -1//4, 0, 0, 0, 0, 0],
	[21, 11, 25, 22, 20, 11] => QQFieldElem[0, 0, -2//3, 0, 0, 0, -1//6, 0],
	[21, 11, 25, 22, 20, 9] => QQFieldElem[0, 0, -3//4, 0, 0, 0, -3//2, 0],
	[21, 11, 25, 22, 22, 12] => QQFieldElem[0, 0, -1, 0, 0, 0, 1//2, 0],
	[21, 11, 25, 22, 23, 12] => QQFieldElem[0, 0, 0, 0, 0, 0, -1//2, 0],
	[21, 11, 25, 22, 14, 10] => QQFieldElem[0, 0, 1//4, 0, 0, 0, 0, 0],
	[21, 11, 25, 22, 22, 11] => QQFieldElem[0, 0, 0, 0, 0, 0, 1//2, 0],
	[21, 11, 25, 22, 22, 9] => QQFieldElem[0, 0, 3//4, 0, 0, 0, -3//2, 0],
	[21, 11, 25, 22, 23, 11] => QQFieldElem[0, 0, 1, 0, 0, 0, -1//2, 0],
	[21, 11, 25, 22, 20, 10] => QQFieldElem[0, 0, -1//4, 0, 0, 0, -1//2, 0],
	[21, 11, 25, 22, 23, 9] => QQFieldElem[0, 0, 9//4, 0, 0, 0, 0, 0])