Dict(
	[21, 23, 25, 11, 12, 23] => QQFieldElem[0, 0, -1//2, 0, 0, 0, -1//4, 0],
	[21, 23, 25, 11, 12, 22] => QQFieldElem[0, 0, 0, 0, 0, 0, 1//4, 0],
	[21, 23, 25, 11, 10, 14] => QQFieldElem[0, 0, 1//2, 0, 0, 0, 0, 0],
	[21, 23, 25, 11, 9, 20] => QQFieldElem[0, 0, -1//2, 0, 0, 0, 1, 0],
	[21, 23, 25, 11, 12, 14] => QQFieldElem[0, 0, -1//2, 0, 0, 0, -1//4, 0],
	[21, 23, 25, 11, 11, 20] => QQFieldElem[0, 0, -1//2, 0, 0, 0, 1//4, 0],
	[21, 23, 25, 11, 9, 23] => QQFieldElem[0, 0, -1//2, 0, 0, 0, 0, 0],
	[21, 23, 25, 11, 9, 22] => QQFieldElem[0, 0, 3//14, 0, 0, 0, 3//7, 0],
	[21, 23, 25, 11, 11, 23] => QQFieldElem[0, 0, 0, 0, 0, 0, -1//4, 0],
	[21, 23, 25, 11, 11, 22] => QQFieldElem[0, 0, 3//14, 0, 0, 0, -9//28, 0],
	[21, 23, 25, 11, 9, 14] => QQFieldElem[0, 0, 1//2, 0, 0, 0, 0, 0],
	[21, 23, 25, 11, 11, 14] => QQFieldElem[0, 0, 0, 0, 0, 0, -1//4, 0],
	[21, 23, 25, 11, 10, 20] => QQFieldElem[0, 0, 1//6, 0, 0, 0, -1//3, 0],
	[21, 23, 25, 11, 12, 20] => QQFieldElem[0, 0, 1//3, 0, 0, 0, -5//12, 0],
	[21, 23, 25, 11, 10, 23] => QQFieldElem[0, 0, -1//2, 0, 0, 0, 0, 0],
	[21, 23, 25, 11, 10, 22] => QQFieldElem[0, 0, -1//14, 0, 0, 0, -1//7, 0])