Dict(
	[21, 25, 23, 11, 10, 17] => QQFieldElem[0, 0, -1//2, 0, 0, 0, 1//2, 0],
	[21, 25, 23, 11, 12, 24] => QQFieldElem[0, 0, 0, 0, 0, 0, 1//4, 0],
	[21, 25, 23, 11, 12, 17] => QQFieldElem[0, 0, 1//2, 0, 0, 0, -3//4, 0],
	[21, 25, 23, 11, 9, 16] => QQFieldElem[0, 0, 1//2, 0, 0, 0, 1//2, 0],
	[21, 25, 23, 11, 9, 24] => QQFieldElem[0, 0, -3//14, 0, 0, 0, 9//14, 0],
	[21, 25, 23, 11, 10, 25] => QQFieldElem[0, 0, 1//2, 0, 0, 0, -1//2, 0],
	[21, 25, 23, 11, 11, 16] => QQFieldElem[0, 0, 1//2, 0, 0, 0, -1//4, 0],
	[21, 25, 23, 11, 9, 17] => QQFieldElem[0, 0, -1//2, 0, 0, 0, 1//2, 0],
	[21, 25, 23, 11, 12, 25] => QQFieldElem[0, 0, 1//2, 0, 0, 0, -3//4, 0],
	[21, 25, 23, 11, 11, 24] => QQFieldElem[0, 0, -3//14, 0, 0, 0, -3//28, 0],
	[21, 25, 23, 11, 11, 17] => QQFieldElem[0, 0, 0, 0, 0, 0, -1//4, 0],
	[21, 25, 23, 11, 9, 25] => QQFieldElem[0, 0, 1//2, 0, 0, 0, -1//2, 0],
	[21, 25, 23, 11, 10, 16] => QQFieldElem[0, 0, -1//6, 0, 0, 0, -1//6, 0],
	[21, 25, 23, 11, 11, 25] => QQFieldElem[0, 0, 0, 0, 0, 0, -1//4, 0],
	[21, 25, 23, 11, 12, 16] => QQFieldElem[0, 0, -1//3, 0, 0, 0, -1//12, 0],
	[21, 25, 23, 11, 10, 24] => QQFieldElem[0, 0, 1//14, 0, 0, 0, -3//14, 0])