Dict(
	[21, 23, 25, 12, 9, 13] => QQFieldElem[0, 0, 1//2, 0, 0, 0, 0, 0],
	[21, 23, 25, 12, 10, 23] => QQFieldElem[0, 0, -1//2, 0, 0, 0, 0, 0],
	[21, 23, 25, 12, 10, 19] => QQFieldElem[0, 0, 1//6, 0, 0, 0, -1//3, 0],
	[21, 23, 25, 12, 10, 22] => QQFieldElem[0, 0, -1//14, 0, 0, 0, -1//7, 0],
	[21, 23, 25, 12, 11, 13] => QQFieldElem[0, 0, -1//2, 0, 0, 0, -1//4, 0],
	[21, 23, 25, 12, 12, 23] => QQFieldElem[0, 0, 0, 0, 0, 0, -1//4, 0],
	[21, 23, 25, 12, 12, 19] => QQFieldElem[0, 0, -1//2, 0, 0, 0, 1//4, 0],
	[21, 23, 25, 12, 12, 22] => QQFieldElem[0, 0, 3//14, 0, 0, 0, -9//28, 0],
	[21, 23, 25, 12, 9, 23] => QQFieldElem[0, 0, -1//2, 0, 0, 0, 0, 0],
	[21, 23, 25, 12, 9, 19] => QQFieldElem[0, 0, -1//2, 0, 0, 0, 1, 0],
	[21, 23, 25, 12, 9, 22] => QQFieldElem[0, 0, 3//14, 0, 0, 0, 3//7, 0],
	[21, 23, 25, 12, 11, 23] => QQFieldElem[0, 0, -1//2, 0, 0, 0, -1//4, 0],
	[21, 23, 25, 12, 10, 13] => QQFieldElem[0, 0, 1//2, 0, 0, 0, 0, 0],
	[21, 23, 25, 12, 11, 19] => QQFieldElem[0, 0, 1//3, 0, 0, 0, -5//12, 0],
	[21, 23, 25, 12, 11, 22] => QQFieldElem[0, 0, 0, 0, 0, 0, 1//4, 0],
	[21, 23, 25, 12, 12, 13] => QQFieldElem[0, 0, 0, 0, 0, 0, -1//4, 0])