Dict(
	[21, 23, 9, 25, 25, 13] => QQFieldElem[3//2, 0, 0, 0, 3//2, 0, 0, 0],
	[21, 23, 9, 25, 18, 13] => QQFieldElem[3, 0, 0, 0, 0, 0, 0, 0],
	[21, 23, 9, 25, 24, 13] => QQFieldElem[9//2, 0, 0, 0, -3//2, 0, 0, 0],
	[21, 23, 9, 25, 15, 13] => QQFieldElem[-3//2, 0, 0, 0, 0, 0, 0, 0],
	[21, 23, 9, 25, 25, 23] => QQFieldElem[1//2, 0, 0, 0, 0, 0, 0, 0],
	[21, 23, 9, 25, 25, 19] => QQFieldElem[-1//4, 0, 0, 0, -1//4, 0, 0, 0],
	[21, 23, 9, 25, 25, 22] => QQFieldElem[-1//14, 0, 0, 0, -2//7, 0, 0, 0],
	[21, 23, 9, 25, 18, 23] => QQFieldElem[-2//3, 0, 0, 0, 1//3, 0, 0, 0],
	[21, 23, 9, 25, 18, 19] => QQFieldElem[1//2, 0, 0, 0, 0, 0, 0, 0],
	[21, 23, 9, 25, 18, 22] => QQFieldElem[-2//7, 0, 0, 0, -1//7, 0, 0, 0],
	[21, 23, 9, 25, 24, 23] => QQFieldElem[-5//6, 0, 0, 0, 2//3, 0, 0, 0],
	[21, 23, 9, 25, 24, 19] => QQFieldElem[-3//4, 0, 0, 0, 1//4, 0, 0, 0],
	[21, 23, 9, 25, 24, 22] => QQFieldElem[1//2, 0, 0, 0, 0, 0, 0, 0],
	[21, 23, 9, 25, 15, 23] => QQFieldElem[-1//3, 0, 0, 0, 1//6, 0, 0, 0],
	[21, 23, 9, 25, 15, 19] => QQFieldElem[-1//4, 0, 0, 0, 0, 0, 0, 0],
	[21, 23, 9, 25, 15, 22] => QQFieldElem[-1//7, 0, 0, 0, -1//14, 0, 0, 0])