Dict(
	[21, 12, 11, 21, 8, 10] => QQFieldElem[0, 0, -1//24, 0, 0, 0, -1//24, 0],
	[21, 12, 11, 21, 21, 10] => QQFieldElem[0, 0, 1//24, 0, 0, 0, 1//24, 0],
	[21, 12, 11, 21, 1, 12] => QQFieldElem[1//4, 0, 0, 0, 0, 0, 0, 0],
	[21, 12, 11, 21, 7, 12] => QQFieldElem[1//4, 0, 0, 0, 0, 0, 0, 0],
	[21, 12, 11, 21, 8, 12] => QQFieldElem[-1//4, 0, 0, 0, 0, 0, 0, 0],
	[21, 12, 11, 21, 1, 11] => QQFieldElem[0, 0, -1//24, 0, 0, 0, 1//12, 0],
	[21, 12, 11, 21, 7, 11] => QQFieldElem[0, 0, 1//24, 0, 0, 0, -1//12, 0],
	[21, 12, 11, 21, 1, 9] => QQFieldElem[1//8, 0, 0, 0, 0, 0, 0, 0],
	[21, 12, 11, 21, 7, 9] => QQFieldElem[1//8, 0, 0, 0, 0, 0, 0, 0],
	[21, 12, 11, 21, 21, 12] => QQFieldElem[-1//4, 0, 0, 0, 0, 0, 0, 0],
	[21, 12, 11, 21, 8, 11] => QQFieldElem[0, 0, 1//24, 0, 0, 0, -1//12, 0],
	[21, 12, 11, 21, 8, 9] => QQFieldElem[1//8, 0, 0, 0, 0, 0, 0, 0],
	[21, 12, 11, 21, 21, 11] => QQFieldElem[0, 0, -1//24, 0, 0, 0, 1//12, 0],
	[21, 12, 11, 21, 21, 9] => QQFieldElem[1//8, 0, 0, 0, 0, 0, 0, 0],
	[21, 12, 11, 21, 1, 10] => QQFieldElem[0, 0, -1//24, 0, 0, 0, -1//24, 0],
	[21, 12, 11, 21, 7, 10] => QQFieldElem[0, 0, 1//24, 0, 0, 0, 1//24, 0])