Dict(
	[21, 24, 11, 23, 13, 25] => QQFieldElem[1//6, 0, 0, 0, -1//6, 0, 0, 0],
	[21, 24, 11, 23, 22, 24] => QQFieldElem[-1//2, 0, 0, 0, 0, 0, 0, 0],
	[21, 24, 11, 23, 19, 24] => QQFieldElem[1, 0, 0, 0, -1, 0, 0, 0],
	[21, 24, 11, 23, 13, 15] => QQFieldElem[3//2, 0, 0, 0, 0, 0, 0, 0],
	[21, 24, 11, 23, 23, 24] => QQFieldElem[-1//2, 0, 0, 0, 0, 0, 0, 0],
	[21, 24, 11, 23, 13, 18] => QQFieldElem[-1//12, 0, 0, 0, 0, 0, 0, 0],
	[21, 24, 11, 23, 22, 25] => QQFieldElem[-1//2, 0, 0, 0, 0, 0, 0, 0],
	[21, 24, 11, 23, 13, 24] => QQFieldElem[-1//6, 0, 0, 0, 1//6, 0, 0, 0],
	[21, 24, 11, 23, 19, 25] => QQFieldElem[-1, 0, 0, 0, 1, 0, 0, 0],
	[21, 24, 11, 23, 23, 25] => QQFieldElem[-1//2, 0, 0, 0, 0, 0, 0, 0],
	[21, 24, 11, 23, 22, 15] => QQFieldElem[0, 0, 0, 0, 9//2, 0, 0, 0],
	[21, 24, 11, 23, 19, 15] => QQFieldElem[9, 0, 0, 0, 0, 0, 0, 0],
	[21, 24, 11, 23, 22, 18] => QQFieldElem[0, 0, 0, 0, 1//4, 0, 0, 0],
	[21, 24, 11, 23, 23, 15] => QQFieldElem[0, 0, 0, 0, -9//2, 0, 0, 0],
	[21, 24, 11, 23, 19, 18] => QQFieldElem[-1//2, 0, 0, 0, 0, 0, 0, 0],
	[21, 24, 11, 23, 23, 18] => QQFieldElem[0, 0, 0, 0, -1//4, 0, 0, 0])