Dict(
	[21, 24, 12, 23, 22, 16] => QQFieldElem[0, 0, 0, 0, -9//2, 0, 0, 0],
	[21, 24, 12, 23, 14, 25] => QQFieldElem[-1//6, 0, 0, 0, 1//6, 0, 0, 0],
	[21, 24, 12, 23, 23, 16] => QQFieldElem[0, 0, 0, 0, 9//2, 0, 0, 0],
	[21, 24, 12, 23, 22, 24] => QQFieldElem[-1//2, 0, 0, 0, 0, 0, 0, 0],
	[21, 24, 12, 23, 20, 25] => QQFieldElem[1, 0, 0, 0, -1, 0, 0, 0],
	[21, 24, 12, 23, 22, 17] => QQFieldElem[0, 0, 0, 0, -1//4, 0, 0, 0],
	[21, 24, 12, 23, 23, 24] => QQFieldElem[-1//2, 0, 0, 0, 0, 0, 0, 0],
	[21, 24, 12, 23, 23, 17] => QQFieldElem[0, 0, 0, 0, 1//4, 0, 0, 0],
	[21, 24, 12, 23, 14, 16] => QQFieldElem[3//2, 0, 0, 0, 0, 0, 0, 0],
	[21, 24, 12, 23, 22, 25] => QQFieldElem[-1//2, 0, 0, 0, 0, 0, 0, 0],
	[21, 24, 12, 23, 14, 24] => QQFieldElem[1//6, 0, 0, 0, -1//6, 0, 0, 0],
	[21, 24, 12, 23, 20, 16] => QQFieldElem[9, 0, 0, 0, 0, 0, 0, 0],
	[21, 24, 12, 23, 23, 25] => QQFieldElem[-1//2, 0, 0, 0, 0, 0, 0, 0],
	[21, 24, 12, 23, 14, 17] => QQFieldElem[-1//12, 0, 0, 0, 0, 0, 0, 0],
	[21, 24, 12, 23, 20, 24] => QQFieldElem[-1, 0, 0, 0, 1, 0, 0, 0],
	[21, 24, 12, 23, 20, 17] => QQFieldElem[-1//2, 0, 0, 0, 0, 0, 0, 0])