Dict(
	[21, 21, 24, 25, 24, 4] => QQFieldElem[-27, 0, 0, 0, 27, 0, 0, 0],
	[21, 21, 24, 25, 24, 21] => QQFieldElem[18, 0, 0, 0, -18, 0, 0, 0],
	[21, 21, 24, 25, 24, 2] => QQFieldElem[27, 0, 0, 0, -27, 0, 0, 0],
	[21, 21, 24, 25, 15, 4] => QQFieldElem[6, 0, 0, 0, 0, 0, 0, 0],
	[21, 21, 24, 25, 17, 5] => QQFieldElem[12, 0, 0, 0, -6, 0, 0, 0],
	[21, 21, 24, 25, 15, 21] => QQFieldElem[-4, 0, 0, 0, 0, 0, 0, 0],
	[21, 21, 24, 25, 18, 5] => QQFieldElem[-3, 0, 0, 0, -3, 0, 0, 0],
	[21, 21, 24, 25, 15, 2] => QQFieldElem[6, 0, 0, 0, 0, 0, 0, 0],
	[21, 21, 24, 25, 16, 7] => QQFieldElem[-2, 0, 0, 0, 0, 0, 0, 0],
	[21, 21, 24, 25, 24, 5] => QQFieldElem[-9, 0, 0, 0, 9, 0, 0, 0],
	[21, 21, 24, 25, 25, 6] => QQFieldElem[0, 0, 0, 0, 0, 0, -1, 0],
	[21, 21, 24, 25, 15, 5] => QQFieldElem[-2, 0, 0, 0, 0, 0, 0, 0],
	[21, 21, 24, 25, 16, 4] => QQFieldElem[-3, 0, 0, 0, 0, 0, 0, 0],
	[21, 21, 24, 25, 16, 21] => QQFieldElem[-2, 0, 0, 0, 0, 0, 0, 0],
	[21, 21, 24, 25, 16, 2] => QQFieldElem[-3, 0, 0, 0, 0, 0, 0, 0],
	[21, 21, 24, 25, 17, 6] => QQFieldElem[-12, 0, 0, 0, 6, 0, 0, 0],
	[21, 21, 24, 25, 18, 6] => QQFieldElem[3, 0, 0, 0, 3, 0, 0, 0],
	[21, 21, 24, 25, 24, 6] => QQFieldElem[9, 0, 0, 0, -9, 0, 0, 0],
	[21, 21, 24, 25, 25, 7] => QQFieldElem[0, 0, 0, 0, 0, 0, 0, 0],
	[21, 21, 24, 25, 16, 5] => QQFieldElem[1, 0, 0, 0, 0, 0, 0, 0],
	[21, 21, 24, 25, 15, 6] => QQFieldElem[-2, 0, 0, 0, 0, 0, 0, 0],
	[21, 21, 24, 25, 17, 7] => QQFieldElem[0, 0, 0, 0, 0, 0, 0, 0],
	[21, 21, 24, 25, 18, 7] => QQFieldElem[6, 0, 0, 0, 6, 0, 0, 0],
	[21, 21, 24, 25, 25, 4] => QQFieldElem[0, 0, 0, 0, 0, 0, -3, 0],
	[21, 21, 24, 25, 25, 21] => QQFieldElem[0, 0, 0, 0, 0, 0, 0, 0],
	[21, 21, 24, 25, 25, 2] => QQFieldElem[0, 0, 0, 0, 0, 0, -3, 0],
	[21, 21, 24, 25, 24, 7] => QQFieldElem[-18, 0, 0, 0, 18, 0, 0, 0],
	[21, 21, 24, 25, 16, 6] => QQFieldElem[1, 0, 0, 0, 0, 0, 0, 0],
	[21, 21, 24, 25, 15, 7] => QQFieldElem[-4, 0, 0, 0, 0, 0, 0, 0],
	[21, 21, 24, 25, 17, 4] => QQFieldElem[-36, 0, 0, 0, 18, 0, 0, 0],
	[21, 21, 24, 25, 17, 21] => QQFieldElem[0, 0, 0, 0, 0, 0, 0, 0],
	[21, 21, 24, 25, 17, 2] => QQFieldElem[36, 0, 0, 0, -18, 0, 0, 0],
	[21, 21, 24, 25, 18, 4] => QQFieldElem[-9, 0, 0, 0, -9, 0, 0, 0],
	[21, 21, 24, 25, 18, 21] => QQFieldElem[-6, 0, 0, 0, -6, 0, 0, 0],
	[21, 21, 24, 25, 18, 2] => QQFieldElem[9, 0, 0, 0, 9, 0, 0, 0],
	[21, 21, 24, 25, 25, 5] => QQFieldElem[0, 0, 0, 0, 0, 0, -1, 0])