Dict(
	[22, 12, 21, 24, 9, 25] => QQFieldElem[1//9, 0, 0, 0, -1//18, 0, 0, 0],
	[22, 12, 21, 24, 10, 16] => QQFieldElem[0, 0, 0, 0, 2, 0, 0, 0],
	[22, 12, 21, 24, 11, 25] => QQFieldElem[1, 0, 0, 0, 0, 0, 0, 0],
	[22, 12, 21, 24, 12, 16] => QQFieldElem[-1, 0, 0, 0, 0, 0, 0, 0],
	[22, 12, 21, 24, 10, 24] => QQFieldElem[0, 0, 0, 0, -2, 0, 0, 0],
	[22, 12, 21, 24, 10, 17] => QQFieldElem[-12//7, 0, 0, 0, -6//7, 0, 0, 0],
	[22, 12, 21, 24, 12, 24] => QQFieldElem[-1, 0, 0, 0, 0, 0, 0, 0],
	[22, 12, 21, 24, 12, 17] => QQFieldElem[-9//7, 0, 0, 0, 6//7, 0, 0, 0],
	[22, 12, 21, 24, 9, 16] => QQFieldElem[0, 0, 0, 0, 1//6, 0, 0, 0],
	[22, 12, 21, 24, 9, 24] => QQFieldElem[0, 0, 0, 0, -1//6, 0, 0, 0],
	[22, 12, 21, 24, 10, 25] => QQFieldElem[-4, 0, 0, 0, 2, 0, 0, 0],
	[22, 12, 21, 24, 11, 16] => QQFieldElem[-1, 0, 0, 0, 2, 0, 0, 0],
	[22, 12, 21, 24, 9, 17] => QQFieldElem[1//21, 0, 0, 0, 1//42, 0, 0, 0],
	[22, 12, 21, 24, 12, 25] => QQFieldElem[1, 0, 0, 0, -2, 0, 0, 0],
	[22, 12, 21, 24, 11, 24] => QQFieldElem[-1, 0, 0, 0, 2, 0, 0, 0],
	[22, 12, 21, 24, 11, 17] => QQFieldElem[-1//7, 0, 0, 0, -4//7, 0, 0, 0])