Dict(
	[22, 21, 24, 10, 15, 14] => QQFieldElem[0, 0, 2//3, 0, 0, 0, -1//3, 0],
	[22, 21, 24, 10, 25, 20] => QQFieldElem[0, 0, -1, 0, 0, 0, 1, 0],
	[22, 21, 24, 10, 18, 20] => QQFieldElem[0, 0, 0, 0, 0, 0, -2, 0],
	[22, 21, 24, 10, 25, 23] => QQFieldElem[0, 0, 0, 0, 0, 0, -2, 0],
	[22, 21, 24, 10, 25, 22] => QQFieldElem[0, 0, 0, 0, 0, 0, -2, 0],
	[22, 21, 24, 10, 24, 20] => QQFieldElem[0, 0, 1, 0, 0, 0, -1, 0],
	[22, 21, 24, 10, 18, 23] => QQFieldElem[0, 0, -4, 0, 0, 0, 0, 0],
	[22, 21, 24, 10, 15, 20] => QQFieldElem[0, 0, 0, 0, 0, 0, -1//3, 0],
	[22, 21, 24, 10, 18, 22] => QQFieldElem[0, 0, 4, 0, 0, 0, 0, 0],
	[22, 21, 24, 10, 25, 14] => QQFieldElem[0, 0, 1, 0, 0, 0, 1, 0],
	[22, 21, 24, 10, 24, 23] => QQFieldElem[0, 0, 0, 0, 0, 0, -2, 0],
	[22, 21, 24, 10, 24, 22] => QQFieldElem[0, 0, 0, 0, 0, 0, -2, 0],
	[22, 21, 24, 10, 15, 23] => QQFieldElem[0, 0, 2//3, 0, 0, 0, 0, 0],
	[22, 21, 24, 10, 18, 14] => QQFieldElem[0, 0, 4, 0, 0, 0, -2, 0],
	[22, 21, 24, 10, 15, 22] => QQFieldElem[0, 0, -2//3, 0, 0, 0, 0, 0],
	[22, 21, 24, 10, 24, 14] => QQFieldElem[0, 0, -1, 0, 0, 0, -1, 0])