Dict(
	[22, 21, 22, 21, 22, 20] => QQFieldElem[0, 0, 2, 0, 0, 0, -1, 0],
	[22, 21, 22, 21, 19, 20] => QQFieldElem[0, 0, -2, 0, 0, 0, 1, 0],
	[22, 21, 22, 21, 23, 20] => QQFieldElem[0, 0, 0, 0, 0, 0, -1, 0],
	[22, 21, 22, 21, 13, 13] => QQFieldElem[0, 0, -1//3, 0, 0, 0, 1//6, 0],
	[22, 21, 22, 21, 22, 23] => QQFieldElem[0, 0, 0, 0, 0, 0, 0, 0],
	[22, 21, 22, 21, 22, 22] => QQFieldElem[0, 0, 0, 0, 0, 0, 0, 0],
	[22, 21, 22, 21, 14, 13] => QQFieldElem[0, 0, 0, 0, 0, 0, 1//2, 0],
	[22, 21, 22, 21, 19, 19] => QQFieldElem[0, 0, 0, 0, 0, 0, -1, 0],
	[22, 21, 22, 21, 19, 22] => QQFieldElem[0, 0, 0, 0, 0, 0, -2, 0],
	[22, 21, 22, 21, 23, 23] => QQFieldElem[0, 0, 0, 0, 0, 0, 0, 0],
	[22, 21, 22, 21, 23, 19] => QQFieldElem[0, 0, 2, 0, 0, 0, -1, 0],
	[22, 21, 22, 21, 23, 22] => QQFieldElem[0, 0, 0, 0, 0, 0, 0, 0],
	[22, 21, 22, 21, 22, 19] => QQFieldElem[0, 0, 0, 0, 0, 0, -1, 0],
	[22, 21, 22, 21, 20, 13] => QQFieldElem[0, 0, 0, 0, 0, 0, 1, 0],
	[22, 21, 22, 21, 19, 23] => QQFieldElem[0, 0, 4, 0, 0, 0, -2, 0],
	[22, 21, 22, 21, 22, 14] => QQFieldElem[0, 0, 0, 0, 0, 0, -1, 0],
	[22, 21, 22, 21, 19, 14] => QQFieldElem[0, 0, 0, 0, 0, 0, 1, 0],
	[22, 21, 22, 21, 13, 20] => QQFieldElem[0, 0, 1//3, 0, 0, 0, -1//6, 0],
	[22, 21, 22, 21, 23, 14] => QQFieldElem[0, 0, 2, 0, 0, 0, -1, 0],
	[22, 21, 22, 21, 14, 20] => QQFieldElem[0, 0, 0, 0, 0, 0, -1//2, 0],
	[22, 21, 22, 21, 20, 20] => QQFieldElem[0, 0, 0, 0, 0, 0, -1, 0],
	[22, 21, 22, 21, 13, 23] => QQFieldElem[0, 0, -2//3, 0, 0, 0, 1//3, 0],
	[22, 21, 22, 21, 13, 19] => QQFieldElem[0, 0, 0, 0, 0, 0, -1//2, 0],
	[22, 21, 22, 21, 14, 23] => QQFieldElem[0, 0, 0, 0, 0, 0, -1, 0],
	[22, 21, 22, 21, 13, 22] => QQFieldElem[0, 0, 0, 0, 0, 0, -1, 0],
	[22, 21, 22, 21, 14, 19] => QQFieldElem[0, 0, 1//3, 0, 0, 0, -1//6, 0],
	[22, 21, 22, 21, 14, 22] => QQFieldElem[0, 0, -2//3, 0, 0, 0, 1//3, 0],
	[22, 21, 22, 21, 22, 13] => QQFieldElem[0, 0, 2, 0, 0, 0, -1, 0],
	[22, 21, 22, 21, 19, 13] => QQFieldElem[0, 0, 2, 0, 0, 0, -1, 0],
	[22, 21, 22, 21, 20, 23] => QQFieldElem[0, 0, 0, 0, 0, 0, -2, 0],
	[22, 21, 22, 21, 20, 19] => QQFieldElem[0, 0, -2, 0, 0, 0, 1, 0],
	[22, 21, 22, 21, 23, 13] => QQFieldElem[0, 0, 0, 0, 0, 0, -1, 0],
	[22, 21, 22, 21, 13, 14] => QQFieldElem[0, 0, 0, 0, 0, 0, 1//2, 0],
	[22, 21, 22, 21, 20, 22] => QQFieldElem[0, 0, 4, 0, 0, 0, -2, 0],
	[22, 21, 22, 21, 14, 14] => QQFieldElem[0, 0, -1//3, 0, 0, 0, 1//6, 0],
	[22, 21, 22, 21, 20, 14] => QQFieldElem[0, 0, 2, 0, 0, 0, -1, 0])