Dict(
	[22, 22, 23, 23, 6, 21] => QQFieldElem[0, 0, 0, 0, 0, 0, 0, 0],
	[22, 22, 23, 23, 5, 5] => QQFieldElem[-1//24, 0, 0, 0, 1//12, 0, 0, 0],
	[22, 22, 23, 23, 8, 7] => QQFieldElem[1//8, 0, 0, 0, 0, 0, 0, 0],
	[22, 22, 23, 23, 2, 7] => QQFieldElem[-1//2, 0, 0, 0, 1, 0, 0, 0],
	[22, 22, 23, 23, 21, 7] => QQFieldElem[0, 0, 0, 0, 0, 0, 0, 0],
	[22, 22, 23, 23, 5, 8] => QQFieldElem[1//24, 0, 0, 0, -1//12, 0, 0, 0],
	[22, 22, 23, 23, 3, 7] => QQFieldElem[1//2, 0, 0, 0, -1, 0, 0, 0],
	[22, 22, 23, 23, 6, 5] => QQFieldElem[1//6, 0, 0, 0, 0, 0, 0, 0],
	[22, 22, 23, 23, 5, 1] => QQFieldElem[0, 0, 0, 0, 0, 0, -1//24, 0],
	[22, 22, 23, 23, 8, 4] => QQFieldElem[0, 0, 0, 0, 0, 0, 1//24, 0],
	[22, 22, 23, 23, 8, 21] => QQFieldElem[1//8, 0, 0, 0, 0, 0, 0, 0],
	[22, 22, 23, 23, 6, 8] => QQFieldElem[1//6, 0, 0, 0, 0, 0, 0, 0],
	[22, 22, 23, 23, 2, 4] => QQFieldElem[0, 0, -1//3, 0, 0, 0, 1//6, 0],
	[22, 22, 23, 23, 2, 21] => QQFieldElem[1, 0, 0, 0, -2, 0, 0, 0],
	[22, 22, 23, 23, 21, 4] => QQFieldElem[0, 0, 1//18, 0, 0, 0, -1//36, 0],
	[22, 22, 23, 23, 6, 1] => QQFieldElem[0, 0, 1//18, 0, 0, 0, -1//36, 0],
	[22, 22, 23, 23, 21, 21] => QQFieldElem[0, 0, 0, 0, 0, 0, 0, 0],
	[22, 22, 23, 23, 3, 4] => QQFieldElem[0, 0, -1//3, 0, 0, 0, 1//6, 0],
	[22, 22, 23, 23, 3, 21] => QQFieldElem[-1, 0, 0, 0, 2, 0, 0, 0],
	[22, 22, 23, 23, 8, 5] => QQFieldElem[1//24, 0, 0, 0, -1//12, 0, 0, 0],
	[22, 22, 23, 23, 5, 7] => QQFieldElem[1//8, 0, 0, 0, 0, 0, 0, 0],
	[22, 22, 23, 23, 2, 5] => QQFieldElem[-1, 0, 0, 0, 0, 0, 0, 0],
	[22, 22, 23, 23, 21, 5] => QQFieldElem[1//12, 0, 0, 0, 0, 0, 0, 0],
	[22, 22, 23, 23, 3, 5] => QQFieldElem[-1, 0, 0, 0, 0, 0, 0, 0],
	[22, 22, 23, 23, 8, 8] => QQFieldElem[-1//24, 0, 0, 0, 1//12, 0, 0, 0],
	[22, 22, 23, 23, 8, 1] => QQFieldElem[0, 0, 0, 0, 0, 0, 1//24, 0],
	[22, 22, 23, 23, 6, 7] => QQFieldElem[0, 0, 0, 0, 0, 0, 0, 0],
	[22, 22, 23, 23, 2, 8] => QQFieldElem[1, 0, 0, 0, 0, 0, 0, 0],
	[22, 22, 23, 23, 5, 4] => QQFieldElem[0, 0, 0, 0, 0, 0, -1//24, 0],
	[22, 22, 23, 23, 2, 1] => QQFieldElem[0, 0, -1//3, 0, 0, 0, 1//6, 0],
	[22, 22, 23, 23, 5, 21] => QQFieldElem[1//8, 0, 0, 0, 0, 0, 0, 0],
	[22, 22, 23, 23, 21, 8] => QQFieldElem[1//12, 0, 0, 0, 0, 0, 0, 0],
	[22, 22, 23, 23, 21, 1] => QQFieldElem[0, 0, -1//18, 0, 0, 0, 1//36, 0],
	[22, 22, 23, 23, 3, 8] => QQFieldElem[1, 0, 0, 0, 0, 0, 0, 0],
	[22, 22, 23, 23, 3, 1] => QQFieldElem[0, 0, -1//3, 0, 0, 0, 1//6, 0],
	[22, 22, 23, 23, 6, 4] => QQFieldElem[0, 0, -1//18, 0, 0, 0, 1//36, 0])