Dict(
	[22, 23, 11, 12, 24, 6] => QQFieldElem[1//3, 0, 0, 0, 0, 0, 0, 0],
	[22, 23, 11, 12, 16, 5] => QQFieldElem[0, 0, -1, 0, 0, 0, 1//2, 0],
	[22, 23, 11, 12, 25, 21] => QQFieldElem[5//42, 0, 0, 0, -2//21, 0, 0, 0],
	[22, 23, 11, 12, 25, 2] => QQFieldElem[1//2, 0, 0, 0, 0, 0, 0, 0],
	[22, 23, 11, 12, 16, 6] => QQFieldElem[0, 0, 0, 0, 0, 0, -2, 0],
	[22, 23, 11, 12, 17, 21] => QQFieldElem[1//14, 0, 0, 0, 1//7, 0, 0, 0],
	[22, 23, 11, 12, 17, 2] => QQFieldElem[1//2, 0, 0, 0, -1, 0, 0, 0],
	[22, 23, 11, 12, 25, 5] => QQFieldElem[1//12, 0, 0, 0, -1//6, 0, 0, 0],
	[22, 23, 11, 12, 24, 21] => QQFieldElem[5//21, 0, 0, 0, -4//21, 0, 0, 0],
	[22, 23, 11, 12, 24, 2] => QQFieldElem[-1//2, 0, 0, 0, 0, 0, 0, 0],
	[22, 23, 11, 12, 17, 5] => QQFieldElem[1//4, 0, 0, 0, 0, 0, 0, 0],
	[22, 23, 11, 12, 24, 5] => QQFieldElem[-1//12, 0, 0, 0, 1//6, 0, 0, 0],
	[22, 23, 11, 12, 25, 6] => QQFieldElem[1//6, 0, 0, 0, 0, 0, 0, 0],
	[22, 23, 11, 12, 16, 21] => QQFieldElem[0, 0, 8//7, 0, 0, 0, 2//7, 0],
	[22, 23, 11, 12, 16, 2] => QQFieldElem[0, 0, 0, 0, 0, 0, 3, 0],
	[22, 23, 11, 12, 17, 6] => QQFieldElem[1//6, 0, 0, 0, -1//3, 0, 0, 0])