Dict(
	[22, 21, 21, 22, 21, 14] => QQFieldElem[2, 0, 0, 0, 0, 0, 0, 0],
	[22, 21, 21, 22, 5, 20] => QQFieldElem[0, 0, -1//18, 0, 0, 0, -1//18, 0],
	[22, 21, 21, 22, 1, 13] => QQFieldElem[1//12, 0, 0, 0, 0, 0, 0, 0],
	[22, 21, 21, 22, 4, 14] => QQFieldElem[-1//6, 0, 0, 0, 0, 0, 0, 0],
	[22, 21, 21, 22, 7, 13] => QQFieldElem[1, 0, 0, 0, 0, 0, 0, 0],
	[22, 21, 21, 22, 5, 23] => QQFieldElem[-1, 0, 0, 0, 0, 0, 0, 0],
	[22, 21, 21, 22, 5, 19] => QQFieldElem[0, 0, 1//18, 0, 0, 0, 0, 0],
	[22, 21, 21, 22, 5, 22] => QQFieldElem[0, 0, -1//18, 0, 0, 0, 1//9, 0],
	[22, 21, 21, 22, 8, 13] => QQFieldElem[1, 0, 0, 0, 0, 0, 0, 0],
	[22, 21, 21, 22, 21, 13] => QQFieldElem[1, 0, 0, 0, 0, 0, 0, 0],
	[22, 21, 21, 22, 1, 20] => QQFieldElem[0, 0, -1//216, 0, 0, 0, -1//216, 0],
	[22, 21, 21, 22, 7, 20] => QQFieldElem[0, 0, 1//18, 0, 0, 0, 1//18, 0],
	[22, 21, 21, 22, 5, 14] => QQFieldElem[-2, 0, 0, 0, 0, 0, 0, 0],
	[22, 21, 21, 22, 4, 13] => QQFieldElem[1//12, 0, 0, 0, 0, 0, 0, 0],
	[22, 21, 21, 22, 8, 20] => QQFieldElem[0, 0, 0, 0, 0, 0, 0, 0],
	[22, 21, 21, 22, 1, 23] => QQFieldElem[1//12, 0, 0, 0, 0, 0, 0, 0],
	[22, 21, 21, 22, 7, 23] => QQFieldElem[-1, 0, 0, 0, 0, 0, 0, 0],
	[22, 21, 21, 22, 1, 22] => QQFieldElem[0, 0, 1//216, 0, 0, 0, -1//108, 0],
	[22, 21, 21, 22, 7, 19] => QQFieldElem[0, 0, -1//18, 0, 0, 0, 0, 0],
	[22, 21, 21, 22, 7, 22] => QQFieldElem[0, 0, 1//18, 0, 0, 0, -1//9, 0],
	[22, 21, 21, 22, 1, 19] => QQFieldElem[0, 0, -1//216, 0, 0, 0, 0, 0],
	[22, 21, 21, 22, 21, 20] => QQFieldElem[0, 0, 0, 0, 0, 0, 0, 0],
	[22, 21, 21, 22, 8, 23] => QQFieldElem[0, 0, 0, 0, 0, 0, 0, 0],
	[22, 21, 21, 22, 8, 19] => QQFieldElem[0, 0, -1//18, 0, 0, 0, 0, 0],
	[22, 21, 21, 22, 8, 22] => QQFieldElem[0, 0, -1//18, 0, 0, 0, 1//9, 0],
	[22, 21, 21, 22, 4, 20] => QQFieldElem[0, 0, 1//216, 0, 0, 0, 1//216, 0],
	[22, 21, 21, 22, 5, 13] => QQFieldElem[1, 0, 0, 0, 0, 0, 0, 0],
	[22, 21, 21, 22, 1, 14] => QQFieldElem[-1//6, 0, 0, 0, 0, 0, 0, 0],
	[22, 21, 21, 22, 7, 14] => QQFieldElem[-2, 0, 0, 0, 0, 0, 0, 0],
	[22, 21, 21, 22, 21, 23] => QQFieldElem[0, 0, 0, 0, 0, 0, 0, 0],
	[22, 21, 21, 22, 21, 19] => QQFieldElem[0, 0, 1//18, 0, 0, 0, 0, 0],
	[22, 21, 21, 22, 21, 22] => QQFieldElem[0, 0, 1//18, 0, 0, 0, -1//9, 0],
	[22, 21, 21, 22, 8, 14] => QQFieldElem[2, 0, 0, 0, 0, 0, 0, 0],
	[22, 21, 21, 22, 4, 23] => QQFieldElem[1//12, 0, 0, 0, 0, 0, 0, 0],
	[22, 21, 21, 22, 4, 19] => QQFieldElem[0, 0, 1//216, 0, 0, 0, 0, 0],
	[22, 21, 21, 22, 4, 22] => QQFieldElem[0, 0, -1//216, 0, 0, 0, 1//108, 0])