Dict(
	[22, 10, 9, 22, 21, 24] => QQFieldElem[-1, 0, 0, 0, 0, 0, 0, 0],
	[22, 10, 9, 22, 1, 25] => QQFieldElem[1//3, 0, 0, 0, 0, 0, 0, 0],
	[22, 10, 9, 22, 7, 25] => QQFieldElem[-4//3, 0, 0, 0, 0, 0, 0, 0],
	[22, 10, 9, 22, 8, 25] => QQFieldElem[7//3, 0, 0, 0, 0, 0, 0, 0],
	[22, 10, 9, 22, 1, 15] => QQFieldElem[1//6, 0, 0, 0, 0, 0, 0, 0],
	[22, 10, 9, 22, 7, 15] => QQFieldElem[2//3, 0, 0, 0, 0, 0, 0, 0],
	[22, 10, 9, 22, 21, 25] => QQFieldElem[-1, 0, 0, 0, 0, 0, 0, 0],
	[22, 10, 9, 22, 1, 18] => QQFieldElem[1//6, 0, 0, 0, 0, 0, 0, 0],
	[22, 10, 9, 22, 7, 18] => QQFieldElem[-2//3, 0, 0, 0, 0, 0, 0, 0],
	[22, 10, 9, 22, 8, 15] => QQFieldElem[7//3, 0, 0, 0, 0, 0, 0, 0],
	[22, 10, 9, 22, 8, 18] => QQFieldElem[-7//3, 0, 0, 0, 0, 0, 0, 0],
	[22, 10, 9, 22, 21, 15] => QQFieldElem[1, 0, 0, 0, 0, 0, 0, 0],
	[22, 10, 9, 22, 21, 18] => QQFieldElem[1, 0, 0, 0, 0, 0, 0, 0],
	[22, 10, 9, 22, 1, 24] => QQFieldElem[1//3, 0, 0, 0, 0, 0, 0, 0],
	[22, 10, 9, 22, 7, 24] => QQFieldElem[4//3, 0, 0, 0, 0, 0, 0, 0],
	[22, 10, 9, 22, 8, 24] => QQFieldElem[-7//3, 0, 0, 0, 0, 0, 0, 0])