Dict(
	[22, 21, 24, 9, 24, 13] => QQFieldElem[0, 0, 1, 0, 0, 0, 1, 0],
	[22, 21, 24, 9, 25, 23] => QQFieldElem[0, 0, 0, 0, 0, 0, -2, 0],
	[22, 21, 24, 9, 25, 19] => QQFieldElem[0, 0, 1, 0, 0, 0, -1, 0],
	[22, 21, 24, 9, 25, 22] => QQFieldElem[0, 0, 0, 0, 0, 0, -2, 0],
	[22, 21, 24, 9, 17, 23] => QQFieldElem[0, 0, 4, 0, 0, 0, 0, 0],
	[22, 21, 24, 9, 17, 19] => QQFieldElem[0, 0, 0, 0, 0, 0, -2, 0],
	[22, 21, 24, 9, 16, 13] => QQFieldElem[0, 0, 2//3, 0, 0, 0, -1//3, 0],
	[22, 21, 24, 9, 17, 22] => QQFieldElem[0, 0, -4, 0, 0, 0, 0, 0],
	[22, 21, 24, 9, 24, 23] => QQFieldElem[0, 0, 0, 0, 0, 0, -2, 0],
	[22, 21, 24, 9, 24, 19] => QQFieldElem[0, 0, -1, 0, 0, 0, 1, 0],
	[22, 21, 24, 9, 24, 22] => QQFieldElem[0, 0, 0, 0, 0, 0, -2, 0],
	[22, 21, 24, 9, 25, 13] => QQFieldElem[0, 0, -1, 0, 0, 0, -1, 0],
	[22, 21, 24, 9, 16, 23] => QQFieldElem[0, 0, -2//3, 0, 0, 0, 0, 0],
	[22, 21, 24, 9, 16, 19] => QQFieldElem[0, 0, 0, 0, 0, 0, -1//3, 0],
	[22, 21, 24, 9, 16, 22] => QQFieldElem[0, 0, 2//3, 0, 0, 0, 0, 0],
	[22, 21, 24, 9, 17, 13] => QQFieldElem[0, 0, 4, 0, 0, 0, -2, 0])