Dict(
	[22, 22, 12, 12, 24, 21] => QQFieldElem[1//14, 0, 0, 0, 1//7, 0, 0, 0],
	[22, 22, 12, 12, 16, 7] => QQFieldElem[0, 0, -1, 0, 0, 0, 1//2, 0],
	[22, 22, 12, 12, 25, 8] => QQFieldElem[1//6, 0, 0, 0, 0, 0, 0, 0],
	[22, 22, 12, 12, 25, 1] => QQFieldElem[1//2, 0, 0, 0, 0, 0, 0, 0],
	[22, 22, 12, 12, 17, 8] => QQFieldElem[1//3, 0, 0, 0, 0, 0, 0, 0],
	[22, 22, 12, 12, 17, 1] => QQFieldElem[-1//2, 0, 0, 0, 0, 0, 0, 0],
	[22, 22, 12, 12, 16, 21] => QQFieldElem[0, 0, 8//7, 0, 0, 0, 2//7, 0],
	[22, 22, 12, 12, 24, 8] => QQFieldElem[1//6, 0, 0, 0, -1//3, 0, 0, 0],
	[22, 22, 12, 12, 24, 1] => QQFieldElem[1//2, 0, 0, 0, -1, 0, 0, 0],
	[22, 22, 12, 12, 25, 7] => QQFieldElem[1//12, 0, 0, 0, -1//6, 0, 0, 0],
	[22, 22, 12, 12, 17, 7] => QQFieldElem[-1//12, 0, 0, 0, 1//6, 0, 0, 0],
	[22, 22, 12, 12, 16, 8] => QQFieldElem[0, 0, 0, 0, 0, 0, -2, 0],
	[22, 22, 12, 12, 25, 21] => QQFieldElem[5//42, 0, 0, 0, -2//21, 0, 0, 0],
	[22, 22, 12, 12, 16, 1] => QQFieldElem[0, 0, 0, 0, 0, 0, 3, 0],
	[22, 22, 12, 12, 24, 7] => QQFieldElem[1//4, 0, 0, 0, 0, 0, 0, 0],
	[22, 22, 12, 12, 17, 21] => QQFieldElem[5//21, 0, 0, 0, -4//21, 0, 0, 0])