Dict(
	[22, 22, 9, 12, 16, 4] => QQFieldElem[0, 0, -4, 0, 0, 0, 2, 0],
	[22, 22, 9, 12, 16, 21] => QQFieldElem[0, 0, 0, 0, 0, 0, 12//7, 0],
	[22, 22, 9, 12, 25, 7] => QQFieldElem[1//6, 0, 0, 0, 0, 0, 0, 0],
	[22, 22, 9, 12, 16, 5] => QQFieldElem[0, 0, 0, 0, 0, 0, 3, 0],
	[22, 22, 9, 12, 17, 7] => QQFieldElem[1//6, 0, 0, 0, 0, 0, 0, 0],
	[22, 22, 9, 12, 25, 4] => QQFieldElem[1//6, 0, 0, 0, -1//3, 0, 0, 0],
	[22, 22, 9, 12, 25, 21] => QQFieldElem[-1//14, 0, 0, 0, 0, 0, 0, 0],
	[22, 22, 9, 12, 24, 7] => QQFieldElem[-1//3, 0, 0, 0, 0, 0, 0, 0],
	[22, 22, 9, 12, 17, 4] => QQFieldElem[1//6, 0, 0, 0, -1//3, 0, 0, 0],
	[22, 22, 9, 12, 17, 21] => QQFieldElem[1//14, 0, 0, 0, 0, 0, 0, 0],
	[22, 22, 9, 12, 25, 5] => QQFieldElem[1//4, 0, 0, 0, 0, 0, 0, 0],
	[22, 22, 9, 12, 24, 4] => QQFieldElem[1//6, 0, 0, 0, -1//3, 0, 0, 0],
	[22, 22, 9, 12, 24, 21] => QQFieldElem[1//7, 0, 0, 0, 0, 0, 0, 0],
	[22, 22, 9, 12, 17, 5] => QQFieldElem[-1//4, 0, 0, 0, 0, 0, 0, 0],
	[22, 22, 9, 12, 16, 7] => QQFieldElem[0, 0, 0, 0, 0, 0, 4, 0],
	[22, 22, 9, 12, 24, 5] => QQFieldElem[1//4, 0, 0, 0, 0, 0, 0, 0])