Dict(
	[22, 12, 12, 23, 5, 25] => QQFieldElem[-4, 0, 0, 0, 0, 0, 0, 0],
	[22, 12, 12, 23, 2, 16] => QQFieldElem[1//18, 0, 0, 0, 0, 0, 0, 0],
	[22, 12, 12, 23, 21, 16] => QQFieldElem[1, 0, 0, 0, 0, 0, 0, 0],
	[22, 12, 12, 23, 2, 24] => QQFieldElem[1//18, 0, 0, 0, 0, 0, 0, 0],
	[22, 12, 12, 23, 6, 25] => QQFieldElem[-1, 0, 0, 0, 0, 0, 0, 0],
	[22, 12, 12, 23, 2, 17] => QQFieldElem[-1//9, 0, 0, 0, 0, 0, 0, 0],
	[22, 12, 12, 23, 21, 24] => QQFieldElem[-1, 0, 0, 0, 0, 0, 0, 0],
	[22, 12, 12, 23, 21, 17] => QQFieldElem[1, 0, 0, 0, 0, 0, 0, 0],
	[22, 12, 12, 23, 5, 16] => QQFieldElem[2, 0, 0, 0, 0, 0, 0, 0],
	[22, 12, 12, 23, 2, 25] => QQFieldElem[1//9, 0, 0, 0, 0, 0, 0, 0],
	[22, 12, 12, 23, 5, 24] => QQFieldElem[-2, 0, 0, 0, 0, 0, 0, 0],
	[22, 12, 12, 23, 21, 25] => QQFieldElem[1, 0, 0, 0, 0, 0, 0, 0],
	[22, 12, 12, 23, 5, 17] => QQFieldElem[-4, 0, 0, 0, 0, 0, 0, 0],
	[22, 12, 12, 23, 6, 16] => QQFieldElem[1, 0, 0, 0, 0, 0, 0, 0],
	[22, 12, 12, 23, 6, 24] => QQFieldElem[1, 0, 0, 0, 0, 0, 0, 0],
	[22, 12, 12, 23, 6, 17] => QQFieldElem[1, 0, 0, 0, 0, 0, 0, 0])