Dict(
	[22, 10, 23, 9, 25, 25] => QQFieldElem[0, 0, 6//7, 0, 0, 0, -2//7, 0],
	[22, 10, 23, 9, 17, 25] => QQFieldElem[0, 0, 16//7, 0, 0, 0, -24//7, 0],
	[22, 10, 23, 9, 16, 24] => QQFieldElem[0, 0, 0, 0, 0, 0, -4//3, 0],
	[22, 10, 23, 9, 25, 15] => QQFieldElem[0, 0, 2, 0, 0, 0, -1, 0],
	[22, 10, 23, 9, 24, 25] => QQFieldElem[0, 0, -10//7, 0, 0, 0, -6//7, 0],
	[22, 10, 23, 9, 25, 18] => QQFieldElem[0, 0, 0, 0, 0, 0, 1, 0],
	[22, 10, 23, 9, 17, 15] => QQFieldElem[0, 0, 2//3, 0, 0, 0, -4//3, 0],
	[22, 10, 23, 9, 17, 18] => QQFieldElem[0, 0, -2, 0, 0, 0, 0, 0],
	[22, 10, 23, 9, 24, 15] => QQFieldElem[0, 0, 4//3, 0, 0, 0, 1//3, 0],
	[22, 10, 23, 9, 24, 18] => QQFieldElem[0, 0, 2, 0, 0, 0, -3, 0],
	[22, 10, 23, 9, 25, 24] => QQFieldElem[0, 0, 2, 0, 0, 0, -2, 0],
	[22, 10, 23, 9, 16, 25] => QQFieldElem[0, 0, 8//21, 0, 0, 0, -4//7, 0],
	[22, 10, 23, 9, 17, 24] => QQFieldElem[0, 0, 0, 0, 0, 0, 8//3, 0],
	[22, 10, 23, 9, 16, 15] => QQFieldElem[0, 0, -1//3, 0, 0, 0, 2//3, 0],
	[22, 10, 23, 9, 24, 24] => QQFieldElem[0, 0, 2, 0, 0, 0, -2//3, 0],
	[22, 10, 23, 9, 16, 18] => QQFieldElem[0, 0, -1//3, 0, 0, 0, 0, 0])