Dict(
	[23, 11, 22, 12, 18, 25] => QQFieldElem[0, 0, 0, 0, 0, 0, 8//3, 0],
	[23, 11, 22, 12, 24, 25] => QQFieldElem[0, 0, 2, 0, 0, 0, -2, 0],
	[23, 11, 22, 12, 15, 25] => QQFieldElem[0, 0, 0, 0, 0, 0, -4//3, 0],
	[23, 11, 22, 12, 25, 16] => QQFieldElem[0, 0, 4//3, 0, 0, 0, 1//3, 0],
	[23, 11, 22, 12, 25, 24] => QQFieldElem[0, 0, -10//7, 0, 0, 0, -6//7, 0],
	[23, 11, 22, 12, 18, 16] => QQFieldElem[0, 0, 2//3, 0, 0, 0, -4//3, 0],
	[23, 11, 22, 12, 25, 17] => QQFieldElem[0, 0, 2, 0, 0, 0, -3, 0],
	[23, 11, 22, 12, 24, 16] => QQFieldElem[0, 0, 2, 0, 0, 0, -1, 0],
	[23, 11, 22, 12, 18, 24] => QQFieldElem[0, 0, 16//7, 0, 0, 0, -24//7, 0],
	[23, 11, 22, 12, 18, 17] => QQFieldElem[0, 0, -2, 0, 0, 0, 0, 0],
	[23, 11, 22, 12, 15, 16] => QQFieldElem[0, 0, -1//3, 0, 0, 0, 2//3, 0],
	[23, 11, 22, 12, 24, 24] => QQFieldElem[0, 0, 6//7, 0, 0, 0, -2//7, 0],
	[23, 11, 22, 12, 24, 17] => QQFieldElem[0, 0, 0, 0, 0, 0, 1, 0],
	[23, 11, 22, 12, 15, 24] => QQFieldElem[0, 0, 8//21, 0, 0, 0, -4//7, 0],
	[23, 11, 22, 12, 15, 17] => QQFieldElem[0, 0, -1//3, 0, 0, 0, 0, 0],
	[23, 11, 22, 12, 25, 25] => QQFieldElem[0, 0, 2, 0, 0, 0, -2//3, 0])