Dict(
	[23, 25, 21, 11, 24, 11] => QQFieldElem[3//8, 0, 0, 0, -1//4, 0, 0, 0],
	[23, 25, 21, 11, 24, 9] => QQFieldElem[1//2, 0, 0, 0, -5//8, 0, 0, 0],
	[23, 25, 21, 11, 16, 12] => QQFieldElem[5//56, 0, 0, 0, -1//14, 0, 0, 0],
	[23, 25, 21, 11, 25, 10] => QQFieldElem[0, 0, 0, 0, 3//16, 0, 0, 0],
	[23, 25, 21, 11, 16, 11] => QQFieldElem[-1//8, 0, 0, 0, 1//4, 0, 0, 0],
	[23, 25, 21, 11, 16, 9] => QQFieldElem[0, 0, 0, 0, -3//8, 0, 0, 0],
	[23, 25, 21, 11, 17, 10] => QQFieldElem[0, 0, 0, 0, -3//16, 0, 0, 0],
	[23, 25, 21, 11, 24, 10] => QQFieldElem[1//8, 0, 0, 0, 1//16, 0, 0, 0],
	[23, 25, 21, 11, 25, 12] => QQFieldElem[3//56, 0, 0, 0, 3//28, 0, 0, 0],
	[23, 25, 21, 11, 17, 12] => QQFieldElem[3//56, 0, 0, 0, 3//28, 0, 0, 0],
	[23, 25, 21, 11, 25, 11] => QQFieldElem[1//8, 0, 0, 0, 0, 0, 0, 0],
	[23, 25, 21, 11, 25, 9] => QQFieldElem[-1//4, 0, 0, 0, 1//8, 0, 0, 0],
	[23, 25, 21, 11, 24, 12] => QQFieldElem[-1//8, 0, 0, 0, 0, 0, 0, 0],
	[23, 25, 21, 11, 16, 10] => QQFieldElem[1//8, 0, 0, 0, -1//16, 0, 0, 0],
	[23, 25, 21, 11, 17, 11] => QQFieldElem[1//8, 0, 0, 0, 0, 0, 0, 0],
	[23, 25, 21, 11, 17, 9] => QQFieldElem[1//4, 0, 0, 0, -1//8, 0, 0, 0])