Dict(
	[23, 12, 9, 22, 6, 18] => QQFieldElem[-2//3, 0, 0, 0, 4//3, 0, 0, 0],
	[23, 12, 9, 22, 8, 25] => QQFieldElem[-1//3, 0, 0, 0, -4//3, 0, 0, 0],
	[23, 12, 9, 22, 21, 25] => QQFieldElem[-1, 0, 0, 0, 0, 0, 0, 0],
	[23, 12, 9, 22, 3, 25] => QQFieldElem[1//9, 0, 0, 0, -2//9, 0, 0, 0],
	[23, 12, 9, 22, 8, 15] => QQFieldElem[2//3, 0, 0, 0, 8//3, 0, 0, 0],
	[23, 12, 9, 22, 6, 24] => QQFieldElem[-4//3, 0, 0, 0, 0, 0, 0, 0],
	[23, 12, 9, 22, 8, 18] => QQFieldElem[-1//3, 0, 0, 0, -4//3, 0, 0, 0],
	[23, 12, 9, 22, 21, 15] => QQFieldElem[-2, 0, 0, 0, 0, 0, 0, 0],
	[23, 12, 9, 22, 3, 15] => QQFieldElem[-1//9, 0, 0, 0, 2//9, 0, 0, 0],
	[23, 12, 9, 22, 21, 18] => QQFieldElem[-1, 0, 0, 0, 0, 0, 0, 0],
	[23, 12, 9, 22, 3, 18] => QQFieldElem[-1//18, 0, 0, 0, 1//9, 0, 0, 0],
	[23, 12, 9, 22, 8, 24] => QQFieldElem[-1, 0, 0, 0, 2//3, 0, 0, 0],
	[23, 12, 9, 22, 6, 25] => QQFieldElem[4//3, 0, 0, 0, -8//3, 0, 0, 0],
	[23, 12, 9, 22, 21, 24] => QQFieldElem[1//3, 0, 0, 0, -2//3, 0, 0, 0],
	[23, 12, 9, 22, 3, 24] => QQFieldElem[1//9, 0, 0, 0, 0, 0, 0, 0],
	[23, 12, 9, 22, 6, 15] => QQFieldElem[4//3, 0, 0, 0, -8//3, 0, 0, 0])