Dict(
	[23, 22, 10, 12, 24, 8] => QQFieldElem[1//14, 0, 0, 0, 0, 0, 0, 0],
	[23, 22, 10, 12, 18, 6] => QQFieldElem[1//4, 0, 0, 0, 0, 0, 0, 0],
	[23, 22, 10, 12, 25, 3] => QQFieldElem[1//6, 0, 0, 0, -1//3, 0, 0, 0],
	[23, 22, 10, 12, 15, 8] => QQFieldElem[0, 0, 0, 0, 0, 0, 12//7, 0],
	[23, 22, 10, 12, 24, 6] => QQFieldElem[-1//4, 0, 0, 0, 0, 0, 0, 0],
	[23, 22, 10, 12, 18, 3] => QQFieldElem[1//6, 0, 0, 0, -1//3, 0, 0, 0],
	[23, 22, 10, 12, 15, 6] => QQFieldElem[0, 0, 0, 0, 0, 0, 3, 0],
	[23, 22, 10, 12, 24, 3] => QQFieldElem[1//6, 0, 0, 0, -1//3, 0, 0, 0],
	[23, 22, 10, 12, 15, 3] => QQFieldElem[0, 0, -4, 0, 0, 0, 2, 0],
	[23, 22, 10, 12, 25, 21] => QQFieldElem[1//6, 0, 0, 0, 0, 0, 0, 0],
	[23, 22, 10, 12, 18, 21] => QQFieldElem[-1//3, 0, 0, 0, 0, 0, 0, 0],
	[23, 22, 10, 12, 24, 21] => QQFieldElem[1//6, 0, 0, 0, 0, 0, 0, 0],
	[23, 22, 10, 12, 15, 21] => QQFieldElem[0, 0, 0, 0, 0, 0, 4, 0],
	[23, 22, 10, 12, 25, 8] => QQFieldElem[-1//14, 0, 0, 0, 0, 0, 0, 0],
	[23, 22, 10, 12, 25, 6] => QQFieldElem[1//4, 0, 0, 0, 0, 0, 0, 0],
	[23, 22, 10, 12, 18, 8] => QQFieldElem[1//7, 0, 0, 0, 0, 0, 0, 0])