Dict(
	[23, 21, 25, 11, 25, 23] => QQFieldElem[0, 0, 0, 0, 0, 0, 2, 0],
	[23, 21, 25, 11, 25, 22] => QQFieldElem[0, 0, 8//3, 0, 0, 0, -10//3, 0],
	[23, 21, 25, 11, 24, 20] => QQFieldElem[0, 0, -1, 0, 0, 0, -1, 0],
	[23, 21, 25, 11, 17, 23] => QQFieldElem[0, 0, -4//7, 0, 0, 0, -8//7, 0],
	[23, 21, 25, 11, 17, 22] => QQFieldElem[0, 0, 4//3, 0, 0, 0, -8//3, 0],
	[23, 21, 25, 11, 25, 14] => QQFieldElem[0, 0, 5//3, 0, 0, 0, -1//3, 0],
	[23, 21, 25, 11, 24, 23] => QQFieldElem[0, 0, -8//7, 0, 0, 0, -2//7, 0],
	[23, 21, 25, 11, 24, 22] => QQFieldElem[0, 0, 0, 0, 0, 0, 2, 0],
	[23, 21, 25, 11, 17, 14] => QQFieldElem[0, 0, 4//3, 0, 0, 0, -2//3, 0],
	[23, 21, 25, 11, 16, 20] => QQFieldElem[0, 0, 0, 0, 0, 0, -1, 0],
	[23, 21, 25, 11, 24, 14] => QQFieldElem[0, 0, 1, 0, 0, 0, -1, 0],
	[23, 21, 25, 11, 16, 23] => QQFieldElem[0, 0, -2//7, 0, 0, 0, -4//7, 0],
	[23, 21, 25, 11, 16, 22] => QQFieldElem[0, 0, 2//3, 0, 0, 0, -4//3, 0],
	[23, 21, 25, 11, 16, 14] => QQFieldElem[0, 0, -2//3, 0, 0, 0, 1//3, 0],
	[23, 21, 25, 11, 25, 20] => QQFieldElem[0, 0, 1, 0, 0, 0, -3, 0],
	[23, 21, 25, 11, 17, 20] => QQFieldElem[0, 0, 0, 0, 0, 0, 2, 0])