Dict(
	[23, 21, 25, 10, 25, 13] => QQFieldElem[0, 0, -1, 0, 0, 0, -1, 0],
	[23, 21, 25, 10, 16, 23] => QQFieldElem[0, 0, -2//3, 0, 0, 0, 0, 0],
	[23, 21, 25, 10, 16, 19] => QQFieldElem[0, 0, 0, 0, 0, 0, -1//3, 0],
	[23, 21, 25, 10, 16, 22] => QQFieldElem[0, 0, 2//3, 0, 0, 0, 0, 0],
	[23, 21, 25, 10, 17, 13] => QQFieldElem[0, 0, 4, 0, 0, 0, -2, 0],
	[23, 21, 25, 10, 24, 13] => QQFieldElem[0, 0, 1, 0, 0, 0, 1, 0],
	[23, 21, 25, 10, 25, 23] => QQFieldElem[0, 0, 0, 0, 0, 0, -2, 0],
	[23, 21, 25, 10, 25, 19] => QQFieldElem[0, 0, 1, 0, 0, 0, -1, 0],
	[23, 21, 25, 10, 25, 22] => QQFieldElem[0, 0, 0, 0, 0, 0, -2, 0],
	[23, 21, 25, 10, 17, 23] => QQFieldElem[0, 0, 4, 0, 0, 0, 0, 0],
	[23, 21, 25, 10, 17, 19] => QQFieldElem[0, 0, 0, 0, 0, 0, -2, 0],
	[23, 21, 25, 10, 16, 13] => QQFieldElem[0, 0, 2//3, 0, 0, 0, -1//3, 0],
	[23, 21, 25, 10, 17, 22] => QQFieldElem[0, 0, -4, 0, 0, 0, 0, 0],
	[23, 21, 25, 10, 24, 23] => QQFieldElem[0, 0, 0, 0, 0, 0, -2, 0],
	[23, 21, 25, 10, 24, 19] => QQFieldElem[0, 0, -1, 0, 0, 0, 1, 0],
	[23, 21, 25, 10, 24, 22] => QQFieldElem[0, 0, 0, 0, 0, 0, -2, 0])