Dict(
	[23, 23, 12, 9, 25, 21] => QQFieldElem[1//6, 0, 0, 0, 0, 0, 0, 0],
	[23, 23, 12, 9, 24, 7] => QQFieldElem[1//3, 0, 0, 0, 0, 0, 0, 0],
	[23, 23, 12, 9, 15, 7] => QQFieldElem[0, 0, 0, 0, 0, 0, 4, 0],
	[23, 23, 12, 9, 18, 4] => QQFieldElem[-1//2, 0, 0, 0, 1, 0, 0, 0],
	[23, 23, 12, 9, 18, 21] => QQFieldElem[-1//6, 0, 0, 0, 0, 0, 0, 0],
	[23, 23, 12, 9, 25, 5] => QQFieldElem[1//12, 0, 0, 0, 0, 0, 0, 0],
	[23, 23, 12, 9, 24, 4] => QQFieldElem[1//2, 0, 0, 0, -1, 0, 0, 0],
	[23, 23, 12, 9, 24, 21] => QQFieldElem[-1//3, 0, 0, 0, 0, 0, 0, 0],
	[23, 23, 12, 9, 15, 4] => QQFieldElem[0, 0, -12, 0, 0, 0, 6, 0],
	[23, 23, 12, 9, 15, 21] => QQFieldElem[0, 0, 0, 0, 0, 0, 4, 0],
	[23, 23, 12, 9, 18, 5] => QQFieldElem[1//12, 0, 0, 0, 0, 0, 0, 0],
	[23, 23, 12, 9, 24, 5] => QQFieldElem[1//12, 0, 0, 0, 0, 0, 0, 0],
	[23, 23, 12, 9, 15, 5] => QQFieldElem[0, 0, 0, 0, 0, 0, 1, 0],
	[23, 23, 12, 9, 25, 7] => QQFieldElem[-1//6, 0, 0, 0, 0, 0, 0, 0],
	[23, 23, 12, 9, 18, 7] => QQFieldElem[-1//6, 0, 0, 0, 0, 0, 0, 0],
	[23, 23, 12, 9, 25, 4] => QQFieldElem[1//2, 0, 0, 0, -1, 0, 0, 0])