Dict(
	[23, 25, 24, 23, 21, 9] => QQFieldElem[0, 0, -1//24, 0, 0, 0, 1//48, 0],
	[23, 25, 24, 23, 4, 11] => QQFieldElem[-1//16, 0, 0, 0, 1//8, 0, 0, 0],
	[23, 25, 24, 23, 4, 9] => QQFieldElem[0, 0, -1//24, 0, 0, 0, 1//48, 0],
	[23, 25, 24, 23, 5, 12] => QQFieldElem[1//16, 0, 0, 0, 1//8, 0, 0, 0],
	[23, 25, 24, 23, 7, 10] => QQFieldElem[1//48, 0, 0, 0, 1//12, 0, 0, 0],
	[23, 25, 24, 23, 5, 11] => QQFieldElem[1//16, 0, 0, 0, 1//8, 0, 0, 0],
	[23, 25, 24, 23, 5, 9] => QQFieldElem[0, 0, 1//24, 0, 0, 0, -1//16, 0],
	[23, 25, 24, 23, 21, 10] => QQFieldElem[1//16, 0, 0, 0, 0, 0, 0, 0],
	[23, 25, 24, 23, 7, 12] => QQFieldElem[3//16, 0, 0, 0, -1//8, 0, 0, 0],
	[23, 25, 24, 23, 4, 10] => QQFieldElem[1//16, 0, 0, 0, 0, 0, 0, 0],
	[23, 25, 24, 23, 7, 11] => QQFieldElem[3//16, 0, 0, 0, -1//8, 0, 0, 0],
	[23, 25, 24, 23, 7, 9] => QQFieldElem[0, 0, 1//24, 0, 0, 0, 1//48, 0],
	[23, 25, 24, 23, 21, 12] => QQFieldElem[-1//16, 0, 0, 0, 1//8, 0, 0, 0],
	[23, 25, 24, 23, 4, 12] => QQFieldElem[1//16, 0, 0, 0, -1//8, 0, 0, 0],
	[23, 25, 24, 23, 5, 10] => QQFieldElem[5//48, 0, 0, 0, -1//12, 0, 0, 0],
	[23, 25, 24, 23, 21, 11] => QQFieldElem[1//16, 0, 0, 0, -1//8, 0, 0, 0])