Dict(
	[23, 9, 21, 25, 9, 24] => QQFieldElem[0, 0, 0, 0, 1//6, 0, 0, 0],
	[23, 9, 21, 25, 10, 25] => QQFieldElem[-4//3, 0, 0, 0, 2//3, 0, 0, 0],
	[23, 9, 21, 25, 12, 25] => QQFieldElem[1, 0, 0, 0, -2, 0, 0, 0],
	[23, 9, 21, 25, 11, 24] => QQFieldElem[-1, 0, 0, 0, -2, 0, 0, 0],
	[23, 9, 21, 25, 10, 15] => QQFieldElem[0, 0, 0, 0, -2, 0, 0, 0],
	[23, 9, 21, 25, 10, 18] => QQFieldElem[-4//7, 0, 0, 0, -2//7, 0, 0, 0],
	[23, 9, 21, 25, 12, 15] => QQFieldElem[-1, 0, 0, 0, 0, 0, 0, 0],
	[23, 9, 21, 25, 12, 18] => QQFieldElem[-9//7, 0, 0, 0, 6//7, 0, 0, 0],
	[23, 9, 21, 25, 9, 25] => QQFieldElem[1//3, 0, 0, 0, -1//6, 0, 0, 0],
	[23, 9, 21, 25, 11, 25] => QQFieldElem[-5//3, 0, 0, 0, 4//3, 0, 0, 0],
	[23, 9, 21, 25, 10, 24] => QQFieldElem[0, 0, 0, 0, 2, 0, 0, 0],
	[23, 9, 21, 25, 9, 15] => QQFieldElem[0, 0, 0, 0, -1//6, 0, 0, 0],
	[23, 9, 21, 25, 12, 24] => QQFieldElem[-1, 0, 0, 0, 0, 0, 0, 0],
	[23, 9, 21, 25, 9, 18] => QQFieldElem[1//7, 0, 0, 0, 1//14, 0, 0, 0],
	[23, 9, 21, 25, 11, 15] => QQFieldElem[-1, 0, 0, 0, -2, 0, 0, 0],
	[23, 9, 21, 25, 11, 18] => QQFieldElem[1, 0, 0, 0, 0, 0, 0, 0])