Dict(
	[23, 23, 24, 25, 9, 4] => QQFieldElem[-1, 0, 0, 0, 2, 0, 0, 0],
	[23, 23, 24, 25, 9, 21] => QQFieldElem[-3//7, 0, 0, 0, -6//7, 0, 0, 0],
	[23, 23, 24, 25, 11, 4] => QQFieldElem[1//4, 0, 0, 0, 0, 0, 0, 0],
	[23, 23, 24, 25, 11, 21] => QQFieldElem[5//28, 0, 0, 0, -1//7, 0, 0, 0],
	[23, 23, 24, 25, 9, 5] => QQFieldElem[9//7, 0, 0, 0, -6//7, 0, 0, 0],
	[23, 23, 24, 25, 10, 7] => QQFieldElem[-1//12, 0, 0, 0, 1//6, 0, 0, 0],
	[23, 23, 24, 25, 11, 5] => QQFieldElem[1//28, 0, 0, 0, 1//7, 0, 0, 0],
	[23, 23, 24, 25, 12, 7] => QQFieldElem[1//12, 0, 0, 0, -1//6, 0, 0, 0],
	[23, 23, 24, 25, 10, 4] => QQFieldElem[1//12, 0, 0, 0, -1//6, 0, 0, 0],
	[23, 23, 24, 25, 10, 21] => QQFieldElem[1//28, 0, 0, 0, 1//14, 0, 0, 0],
	[23, 23, 24, 25, 12, 4] => QQFieldElem[-1//12, 0, 0, 0, 1//6, 0, 0, 0],
	[23, 23, 24, 25, 12, 21] => QQFieldElem[1//28, 0, 0, 0, 1//14, 0, 0, 0],
	[23, 23, 24, 25, 9, 7] => QQFieldElem[-1, 0, 0, 0, 2, 0, 0, 0],
	[23, 23, 24, 25, 10, 5] => QQFieldElem[3//28, 0, 0, 0, -1//14, 0, 0, 0],
	[23, 23, 24, 25, 11, 7] => QQFieldElem[1//4, 0, 0, 0, 0, 0, 0, 0],
	[23, 23, 24, 25, 12, 5] => QQFieldElem[3//28, 0, 0, 0, -1//14, 0, 0, 0])