Dict(
	[23, 22, 11, 9, 18, 8] => QQFieldElem[1//3, 0, 0, 0, 0, 0, 0, 0],
	[23, 22, 11, 9, 24, 8] => QQFieldElem[-1//6, 0, 0, 0, 0, 0, 0, 0],
	[23, 22, 11, 9, 18, 6] => QQFieldElem[1//12, 0, 0, 0, 0, 0, 0, 0],
	[23, 22, 11, 9, 25, 3] => QQFieldElem[1//2, 0, 0, 0, -1, 0, 0, 0],
	[23, 22, 11, 9, 15, 8] => QQFieldElem[0, 0, 0, 0, 0, 0, 4, 0],
	[23, 22, 11, 9, 24, 6] => QQFieldElem[1//12, 0, 0, 0, 0, 0, 0, 0],
	[23, 22, 11, 9, 18, 3] => QQFieldElem[1//2, 0, 0, 0, -1, 0, 0, 0],
	[23, 22, 11, 9, 15, 6] => QQFieldElem[0, 0, 0, 0, 0, 0, 1, 0],
	[23, 22, 11, 9, 24, 3] => QQFieldElem[-1//2, 0, 0, 0, 1, 0, 0, 0],
	[23, 22, 11, 9, 25, 21] => QQFieldElem[1//6, 0, 0, 0, 0, 0, 0, 0],
	[23, 22, 11, 9, 15, 3] => QQFieldElem[0, 0, -12, 0, 0, 0, 6, 0],
	[23, 22, 11, 9, 18, 21] => QQFieldElem[-1//3, 0, 0, 0, 0, 0, 0, 0],
	[23, 22, 11, 9, 24, 21] => QQFieldElem[-1//6, 0, 0, 0, 0, 0, 0, 0],
	[23, 22, 11, 9, 15, 21] => QQFieldElem[0, 0, 0, 0, 0, 0, 4, 0],
	[23, 22, 11, 9, 25, 8] => QQFieldElem[-1//6, 0, 0, 0, 0, 0, 0, 0],
	[23, 22, 11, 9, 25, 6] => QQFieldElem[1//12, 0, 0, 0, 0, 0, 0, 0])