Dict(
	[23, 21, 24, 9, 18, 23] => QQFieldElem[0, 0, -4, 0, 0, 0, 0, 0],
	[23, 21, 24, 9, 18, 19] => QQFieldElem[0, 0, 0, 0, 0, 0, -2, 0],
	[23, 21, 24, 9, 18, 22] => QQFieldElem[0, 0, 4, 0, 0, 0, 0, 0],
	[23, 21, 24, 9, 24, 23] => QQFieldElem[0, 0, 0, 0, 0, 0, -2, 0],
	[23, 21, 24, 9, 24, 19] => QQFieldElem[0, 0, -1, 0, 0, 0, 1, 0],
	[23, 21, 24, 9, 24, 22] => QQFieldElem[0, 0, 0, 0, 0, 0, -2, 0],
	[23, 21, 24, 9, 15, 23] => QQFieldElem[0, 0, 2//3, 0, 0, 0, 0, 0],
	[23, 21, 24, 9, 15, 19] => QQFieldElem[0, 0, 0, 0, 0, 0, -1//3, 0],
	[23, 21, 24, 9, 15, 22] => QQFieldElem[0, 0, -2//3, 0, 0, 0, 0, 0],
	[23, 21, 24, 9, 25, 13] => QQFieldElem[0, 0, -1, 0, 0, 0, -1, 0],
	[23, 21, 24, 9, 18, 13] => QQFieldElem[0, 0, 4, 0, 0, 0, -2, 0],
	[23, 21, 24, 9, 24, 13] => QQFieldElem[0, 0, 1, 0, 0, 0, 1, 0],
	[23, 21, 24, 9, 15, 13] => QQFieldElem[0, 0, 2//3, 0, 0, 0, -1//3, 0],
	[23, 21, 24, 9, 25, 23] => QQFieldElem[0, 0, 0, 0, 0, 0, -2, 0],
	[23, 21, 24, 9, 25, 19] => QQFieldElem[0, 0, 1, 0, 0, 0, -1, 0],
	[23, 21, 24, 9, 25, 22] => QQFieldElem[0, 0, 0, 0, 0, 0, -2, 0])