Dict(
	[23, 10, 12, 23, 5, 16] => QQFieldElem[-4//3, 0, 0, 0, 8//3, 0, 0, 0],
	[23, 10, 12, 23, 5, 24] => QQFieldElem[2//3, 0, 0, 0, -4//3, 0, 0, 0],
	[23, 10, 12, 23, 21, 25] => QQFieldElem[-5//3, 0, 0, 0, 4//3, 0, 0, 0],
	[23, 10, 12, 23, 5, 17] => QQFieldElem[-4//3, 0, 0, 0, 0, 0, 0, 0],
	[23, 10, 12, 23, 4, 25] => QQFieldElem[-1//9, 0, 0, 0, 2//9, 0, 0, 0],
	[23, 10, 12, 23, 7, 16] => QQFieldElem[-2, 0, 0, 0, 0, 0, 0, 0],
	[23, 10, 12, 23, 7, 24] => QQFieldElem[-1, 0, 0, 0, 0, 0, 0, 0],
	[23, 10, 12, 23, 7, 17] => QQFieldElem[-1//3, 0, 0, 0, 2//3, 0, 0, 0],
	[23, 10, 12, 23, 5, 25] => QQFieldElem[-4//3, 0, 0, 0, 8//3, 0, 0, 0],
	[23, 10, 12, 23, 21, 16] => QQFieldElem[10//3, 0, 0, 0, -8//3, 0, 0, 0],
	[23, 10, 12, 23, 4, 16] => QQFieldElem[1//9, 0, 0, 0, -2//9, 0, 0, 0],
	[23, 10, 12, 23, 21, 24] => QQFieldElem[-5//3, 0, 0, 0, 4//3, 0, 0, 0],
	[23, 10, 12, 23, 21, 17] => QQFieldElem[-1//3, 0, 0, 0, -2//3, 0, 0, 0],
	[23, 10, 12, 23, 4, 24] => QQFieldElem[1//18, 0, 0, 0, -1//9, 0, 0, 0],
	[23, 10, 12, 23, 4, 17] => QQFieldElem[1//9, 0, 0, 0, 0, 0, 0, 0],
	[23, 10, 12, 23, 7, 25] => QQFieldElem[-1, 0, 0, 0, 0, 0, 0, 0])