Dict(
	[24, 11, 24, 9, 13, 19] => QQFieldElem[0, 0, -1//9, 0, 0, 0, -1//9, 0],
	[24, 11, 24, 9, 13, 22] => QQFieldElem[0, 0, 8//9, 0, 0, 0, -4//9, 0],
	[24, 11, 24, 9, 22, 13] => QQFieldElem[0, 0, 0, 0, 0, 0, 3, 0],
	[24, 11, 24, 9, 19, 13] => QQFieldElem[0, 0, 6, 0, 0, 0, -6, 0],
	[24, 11, 24, 9, 23, 13] => QQFieldElem[0, 0, -2, 0, 0, 0, 1, 0],
	[24, 11, 24, 9, 13, 13] => QQFieldElem[0, 0, -1//3, 0, 0, 0, 1//3, 0],
	[24, 11, 24, 9, 22, 23] => QQFieldElem[0, 0, -2, 0, 0, 0, 0, 0],
	[24, 11, 24, 9, 22, 22] => QQFieldElem[0, 0, 2//3, 0, 0, 0, -4//3, 0],
	[24, 11, 24, 9, 19, 23] => QQFieldElem[0, 0, 0, 0, 0, 0, -8, 0],
	[24, 11, 24, 9, 19, 19] => QQFieldElem[0, 0, -2//3, 0, 0, 0, -2//3, 0],
	[24, 11, 24, 9, 19, 22] => QQFieldElem[0, 0, 16//3, 0, 0, 0, -8//3, 0],
	[24, 11, 24, 9, 23, 23] => QQFieldElem[0, 0, 2//3, 0, 0, 0, -4//3, 0],
	[24, 11, 24, 9, 23, 19] => QQFieldElem[0, 0, 0, 0, 0, 0, -1, 0],
	[24, 11, 24, 9, 23, 22] => QQFieldElem[0, 0, -2, 0, 0, 0, 0, 0],
	[24, 11, 24, 9, 22, 19] => QQFieldElem[0, 0, 2//3, 0, 0, 0, -1//3, 0],
	[24, 11, 24, 9, 13, 23] => QQFieldElem[0, 0, 0, 0, 0, 0, 4//9, 0])