Dict(
	[24, 25, 24, 25, 21, 6] => QQFieldElem[1//12, 0, 0, 0, 0, 0, 0, 0],
	[24, 25, 24, 25, 7, 7] => QQFieldElem[-1//24, 0, 0, 0, 1//12, 0, 0, 0],
	[24, 25, 24, 25, 6, 4] => QQFieldElem[0, 0, 0, 0, 0, 0, -1//24, 0],
	[24, 25, 24, 25, 6, 21] => QQFieldElem[1//8, 0, 0, 0, 0, 0, 0, 0],
	[24, 25, 24, 25, 6, 2] => QQFieldElem[0, 0, 0, 0, 0, 0, -1//24, 0],
	[24, 25, 24, 25, 4, 6] => QQFieldElem[-1, 0, 0, 0, 0, 0, 0, 0],
	[24, 25, 24, 25, 5, 5] => QQFieldElem[0, 0, 0, 0, 0, 0, 0, 0],
	[24, 25, 24, 25, 2, 7] => QQFieldElem[-1, 0, 0, 0, 0, 0, 0, 0],
	[24, 25, 24, 25, 7, 4] => QQFieldElem[0, 0, 0, 0, 0, 0, 1//24, 0],
	[24, 25, 24, 25, 6, 5] => QQFieldElem[1//8, 0, 0, 0, 0, 0, 0, 0],
	[24, 25, 24, 25, 21, 7] => QQFieldElem[1//12, 0, 0, 0, 0, 0, 0, 0],
	[24, 25, 24, 25, 7, 21] => QQFieldElem[1//8, 0, 0, 0, 0, 0, 0, 0],
	[24, 25, 24, 25, 7, 2] => QQFieldElem[0, 0, 0, 0, 0, 0, 1//24, 0],
	[24, 25, 24, 25, 4, 7] => QQFieldElem[1, 0, 0, 0, 0, 0, 0, 0],
	[24, 25, 24, 25, 5, 6] => QQFieldElem[1//6, 0, 0, 0, 0, 0, 0, 0],
	[24, 25, 24, 25, 2, 4] => QQFieldElem[0, 0, 1//3, 0, 0, 0, -1//6, 0],
	[24, 25, 24, 25, 2, 21] => QQFieldElem[1, 0, 0, 0, -2, 0, 0, 0],
	[24, 25, 24, 25, 21, 4] => QQFieldElem[0, 0, 1//18, 0, 0, 0, -1//36, 0],
	[24, 25, 24, 25, 2, 2] => QQFieldElem[0, 0, 1//3, 0, 0, 0, -1//6, 0],
	[24, 25, 24, 25, 7, 5] => QQFieldElem[1//8, 0, 0, 0, 0, 0, 0, 0],
	[24, 25, 24, 25, 21, 2] => QQFieldElem[0, 0, -1//18, 0, 0, 0, 1//36, 0],
	[24, 25, 24, 25, 6, 6] => QQFieldElem[-1//24, 0, 0, 0, 1//12, 0, 0, 0],
	[24, 25, 24, 25, 21, 21] => QQFieldElem[0, 0, 0, 0, 0, 0, 0, 0],
	[24, 25, 24, 25, 4, 4] => QQFieldElem[0, 0, -1//3, 0, 0, 0, 1//6, 0],
	[24, 25, 24, 25, 4, 21] => QQFieldElem[1, 0, 0, 0, -2, 0, 0, 0],
	[24, 25, 24, 25, 4, 2] => QQFieldElem[0, 0, -1//3, 0, 0, 0, 1//6, 0],
	[24, 25, 24, 25, 5, 7] => QQFieldElem[1//6, 0, 0, 0, 0, 0, 0, 0],
	[24, 25, 24, 25, 2, 5] => QQFieldElem[-1//2, 0, 0, 0, 1, 0, 0, 0],
	[24, 25, 24, 25, 21, 5] => QQFieldElem[0, 0, 0, 0, 0, 0, 0, 0],
	[24, 25, 24, 25, 7, 6] => QQFieldElem[1//24, 0, 0, 0, -1//12, 0, 0, 0],
	[24, 25, 24, 25, 6, 7] => QQFieldElem[1//24, 0, 0, 0, -1//12, 0, 0, 0],
	[24, 25, 24, 25, 4, 5] => QQFieldElem[-1//2, 0, 0, 0, 1, 0, 0, 0],
	[24, 25, 24, 25, 5, 4] => QQFieldElem[0, 0, -1//18, 0, 0, 0, 1//36, 0],
	[24, 25, 24, 25, 5, 21] => QQFieldElem[0, 0, 0, 0, 0, 0, 0, 0],
	[24, 25, 24, 25, 5, 2] => QQFieldElem[0, 0, 1//18, 0, 0, 0, -1//36, 0],
	[24, 25, 24, 25, 2, 6] => QQFieldElem[1, 0, 0, 0, 0, 0, 0, 0])