Dict(
	[24, 9, 24, 11, 22, 22] => QQFieldElem[0, 0, -142//147, 0, 0, 0, 188//147, 0],
	[24, 9, 24, 11, 23, 19] => QQFieldElem[0, 0, 0, 0, 0, 0, 3, 0],
	[24, 9, 24, 11, 23, 22] => QQFieldElem[0, 0, 30//49, 0, 0, 0, -48//49, 0],
	[24, 9, 24, 11, 23, 23] => QQFieldElem[0, 0, 2//3, 0, 0, 0, -4//3, 0],
	[24, 9, 24, 11, 13, 23] => QQFieldElem[0, 0, 0, 0, 0, 0, -4//3, 0],
	[24, 9, 24, 11, 13, 19] => QQFieldElem[0, 0, -1, 0, 0, 0, -1, 0],
	[24, 9, 24, 11, 13, 22] => QQFieldElem[0, 0, 8//49, 0, 0, 0, -52//49, 0],
	[24, 9, 24, 11, 22, 13] => QQFieldElem[0, 0, 8//3, 0, 0, 0, -1, 0],
	[24, 9, 24, 11, 19, 13] => QQFieldElem[0, 0, 2//3, 0, 0, 0, -2//3, 0],
	[24, 9, 24, 11, 23, 13] => QQFieldElem[0, 0, 2//3, 0, 0, 0, -1//3, 0],
	[24, 9, 24, 11, 13, 13] => QQFieldElem[0, 0, -1//3, 0, 0, 0, 1//3, 0],
	[24, 9, 24, 11, 22, 23] => QQFieldElem[0, 0, 10//3, 0, 0, 0, -16//3, 0],
	[24, 9, 24, 11, 22, 19] => QQFieldElem[0, 0, 2//3, 0, 0, 0, -13//3, 0],
	[24, 9, 24, 11, 19, 23] => QQFieldElem[0, 0, 0, 0, 0, 0, 8//3, 0],
	[24, 9, 24, 11, 19, 19] => QQFieldElem[0, 0, -2//3, 0, 0, 0, -2//3, 0],
	[24, 9, 24, 11, 19, 22] => QQFieldElem[0, 0, 16//147, 0, 0, 0, -104//147, 0])