Dict(
	[24, 9, 9, 25, 5, 23] => QQFieldElem[-4//3, 0, 0, 0, 0, 0, 0, 0],
	[24, 9, 9, 25, 5, 19] => QQFieldElem[-2//3, 0, 0, 0, 0, 0, 0, 0],
	[24, 9, 9, 25, 5, 22] => QQFieldElem[4//3, 0, 0, 0, 0, 0, 0, 0],
	[24, 9, 9, 25, 2, 13] => QQFieldElem[1//6, 0, 0, 0, 0, 0, 0, 0],
	[24, 9, 9, 25, 6, 23] => QQFieldElem[7//3, 0, 0, 0, 0, 0, 0, 0],
	[24, 9, 9, 25, 21, 13] => QQFieldElem[1, 0, 0, 0, 0, 0, 0, 0],
	[24, 9, 9, 25, 6, 19] => QQFieldElem[-7//3, 0, 0, 0, 0, 0, 0, 0],
	[24, 9, 9, 25, 6, 22] => QQFieldElem[-7//3, 0, 0, 0, 0, 0, 0, 0],
	[24, 9, 9, 25, 5, 13] => QQFieldElem[2//3, 0, 0, 0, 0, 0, 0, 0],
	[24, 9, 9, 25, 2, 23] => QQFieldElem[1//3, 0, 0, 0, 0, 0, 0, 0],
	[24, 9, 9, 25, 2, 19] => QQFieldElem[1//6, 0, 0, 0, 0, 0, 0, 0],
	[24, 9, 9, 25, 2, 22] => QQFieldElem[1//3, 0, 0, 0, 0, 0, 0, 0],
	[24, 9, 9, 25, 21, 23] => QQFieldElem[-1, 0, 0, 0, 0, 0, 0, 0],
	[24, 9, 9, 25, 21, 19] => QQFieldElem[1, 0, 0, 0, 0, 0, 0, 0],
	[24, 9, 9, 25, 21, 22] => QQFieldElem[-1, 0, 0, 0, 0, 0, 0, 0],
	[24, 9, 9, 25, 6, 13] => QQFieldElem[7//3, 0, 0, 0, 0, 0, 0, 0])