Dict(
	[24, 9, 10, 24, 8, 23] => QQFieldElem[7//3, 0, 0, 0, 0, 0, 0, 0],
	[24, 9, 10, 24, 8, 19] => QQFieldElem[-7//3, 0, 0, 0, 0, 0, 0, 0],
	[24, 9, 10, 24, 8, 22] => QQFieldElem[-7//3, 0, 0, 0, 0, 0, 0, 0],
	[24, 9, 10, 24, 21, 23] => QQFieldElem[-1, 0, 0, 0, 0, 0, 0, 0],
	[24, 9, 10, 24, 21, 19] => QQFieldElem[-1, 0, 0, 0, 0, 0, 0, 0],
	[24, 9, 10, 24, 21, 22] => QQFieldElem[1, 0, 0, 0, 0, 0, 0, 0],
	[24, 9, 10, 24, 1, 13] => QQFieldElem[1//6, 0, 0, 0, 0, 0, 0, 0],
	[24, 9, 10, 24, 7, 13] => QQFieldElem[2//3, 0, 0, 0, 0, 0, 0, 0],
	[24, 9, 10, 24, 8, 13] => QQFieldElem[7//3, 0, 0, 0, 0, 0, 0, 0],
	[24, 9, 10, 24, 21, 13] => QQFieldElem[1, 0, 0, 0, 0, 0, 0, 0],
	[24, 9, 10, 24, 1, 23] => QQFieldElem[1//3, 0, 0, 0, 0, 0, 0, 0],
	[24, 9, 10, 24, 1, 19] => QQFieldElem[1//3, 0, 0, 0, 0, 0, 0, 0],
	[24, 9, 10, 24, 1, 22] => QQFieldElem[1//6, 0, 0, 0, 0, 0, 0, 0],
	[24, 9, 10, 24, 7, 22] => QQFieldElem[-2//3, 0, 0, 0, 0, 0, 0, 0],
	[24, 9, 10, 24, 7, 19] => QQFieldElem[4//3, 0, 0, 0, 0, 0, 0, 0],
	[24, 9, 10, 24, 7, 23] => QQFieldElem[-4//3, 0, 0, 0, 0, 0, 0, 0])