Dict(
	[24, 23, 21, 10, 14, 11] => QQFieldElem[-1//8, 0, 0, 0, 0, 0, 0, 0],
	[24, 23, 21, 10, 22, 10] => QQFieldElem[-1//16, 0, 0, 0, 1//16, 0, 0, 0],
	[24, 23, 21, 10, 14, 9] => QQFieldElem[3//8, 0, 0, 0, -3//8, 0, 0, 0],
	[24, 23, 21, 10, 23, 10] => QQFieldElem[3//16, 0, 0, 0, -1//16, 0, 0, 0],
	[24, 23, 21, 10, 20, 11] => QQFieldElem[-1//8, 0, 0, 0, 1//4, 0, 0, 0],
	[24, 23, 21, 10, 20, 9] => QQFieldElem[3//8, 0, 0, 0, 3//8, 0, 0, 0],
	[24, 23, 21, 10, 22, 12] => QQFieldElem[1//8, 0, 0, 0, 0, 0, 0, 0],
	[24, 23, 21, 10, 23, 12] => QQFieldElem[1//8, 0, 0, 0, 1//4, 0, 0, 0],
	[24, 23, 21, 10, 14, 10] => QQFieldElem[1//16, 0, 0, 0, 1//16, 0, 0, 0],
	[24, 23, 21, 10, 22, 11] => QQFieldElem[-1//8, 0, 0, 0, 1//4, 0, 0, 0],
	[24, 23, 21, 10, 22, 9] => QQFieldElem[-3//8, 0, 0, 0, -3//8, 0, 0, 0],
	[24, 23, 21, 10, 23, 11] => QQFieldElem[5//24, 0, 0, 0, -1//6, 0, 0, 0],
	[24, 23, 21, 10, 20, 10] => QQFieldElem[1//16, 0, 0, 0, -1//16, 0, 0, 0],
	[24, 23, 21, 10, 23, 9] => QQFieldElem[1//8, 0, 0, 0, -5//8, 0, 0, 0],
	[24, 23, 21, 10, 14, 12] => QQFieldElem[1//8, 0, 0, 0, -1//4, 0, 0, 0],
	[24, 23, 21, 10, 20, 12] => QQFieldElem[1//8, 0, 0, 0, 0, 0, 0, 0])