Dict(
	[24, 24, 12, 12, 23, 1] => QQFieldElem[-1//2, 0, 0, 0, 0, 0, 0, 0],
	[24, 24, 12, 12, 20, 21] => QQFieldElem[3//14, 0, 0, 0, -1//7, 0, 0, 0],
	[24, 24, 12, 12, 22, 7] => QQFieldElem[1//12, 0, 0, 0, -1//6, 0, 0, 0],
	[24, 24, 12, 12, 23, 7] => QQFieldElem[-1//12, 0, 0, 0, 1//6, 0, 0, 0],
	[24, 24, 12, 12, 14, 8] => QQFieldElem[0, 0, 0, 0, 0, 0, 2, 0],
	[24, 24, 12, 12, 14, 1] => QQFieldElem[0, 0, 0, 0, 0, 0, 3, 0],
	[24, 24, 12, 12, 20, 8] => QQFieldElem[-1//6, 0, 0, 0, 1//3, 0, 0, 0],
	[24, 24, 12, 12, 22, 21] => QQFieldElem[1//21, 0, 0, 0, 4//21, 0, 0, 0],
	[24, 24, 12, 12, 20, 1] => QQFieldElem[1//2, 0, 0, 0, -1, 0, 0, 0],
	[24, 24, 12, 12, 23, 21] => QQFieldElem[1//42, 0, 0, 0, 2//21, 0, 0, 0],
	[24, 24, 12, 12, 14, 7] => QQFieldElem[0, 0, -1, 0, 0, 0, 1//2, 0],
	[24, 24, 12, 12, 20, 7] => QQFieldElem[1//4, 0, 0, 0, 0, 0, 0, 0],
	[24, 24, 12, 12, 22, 8] => QQFieldElem[1//3, 0, 0, 0, 0, 0, 0, 0],
	[24, 24, 12, 12, 22, 1] => QQFieldElem[1//2, 0, 0, 0, 0, 0, 0, 0],
	[24, 24, 12, 12, 23, 8] => QQFieldElem[1//6, 0, 0, 0, 0, 0, 0, 0],
	[24, 24, 12, 12, 14, 21] => QQFieldElem[0, 0, 8//7, 0, 0, 0, -10//7, 0])