Dict(
	[24, 22, 21, 12, 14, 12] => QQFieldElem[9//56, 0, 0, 0, -3//28, 0, 0, 0],
	[24, 22, 21, 12, 20, 12] => QQFieldElem[1//56, 0, 0, 0, 1//14, 0, 0, 0],
	[24, 22, 21, 12, 14, 11] => QQFieldElem[1//8, 0, 0, 0, 0, 0, 0, 0],
	[24, 22, 21, 12, 22, 10] => QQFieldElem[3//16, 0, 0, 0, -1//16, 0, 0, 0],
	[24, 22, 21, 12, 14, 9] => QQFieldElem[-1//8, 0, 0, 0, -1//8, 0, 0, 0],
	[24, 22, 21, 12, 23, 10] => QQFieldElem[3//16, 0, 0, 0, -3//16, 0, 0, 0],
	[24, 22, 21, 12, 20, 11] => QQFieldElem[1//8, 0, 0, 0, -1//4, 0, 0, 0],
	[24, 22, 21, 12, 20, 9] => QQFieldElem[3//8, 0, 0, 0, -3//8, 0, 0, 0],
	[24, 22, 21, 12, 22, 12] => QQFieldElem[-1//8, 0, 0, 0, 0, 0, 0, 0],
	[24, 22, 21, 12, 23, 12] => QQFieldElem[9//56, 0, 0, 0, -3//28, 0, 0, 0],
	[24, 22, 21, 12, 22, 11] => QQFieldElem[1//8, 0, 0, 0, 1//4, 0, 0, 0],
	[24, 22, 21, 12, 14, 10] => QQFieldElem[-3//16, 0, 0, 0, 3//16, 0, 0, 0],
	[24, 22, 21, 12, 22, 9] => QQFieldElem[1//8, 0, 0, 0, -5//8, 0, 0, 0],
	[24, 22, 21, 12, 23, 11] => QQFieldElem[1//8, 0, 0, 0, 0, 0, 0, 0],
	[24, 22, 21, 12, 20, 10] => QQFieldElem[1//16, 0, 0, 0, 1//16, 0, 0, 0],
	[24, 22, 21, 12, 23, 9] => QQFieldElem[1//8, 0, 0, 0, 1//8, 0, 0, 0])