Dict(
	[24, 21, 22, 12, 14, 16] => QQFieldElem[0, 0, -2//3, 0, 0, 0, 1//3, 0],
	[24, 21, 22, 12, 22, 25] => QQFieldElem[0, 0, 8//7, 0, 0, 0, -10//7, 0],
	[24, 21, 22, 12, 14, 24] => QQFieldElem[0, 0, -2//3, 0, 0, 0, -2//3, 0],
	[24, 21, 22, 12, 20, 16] => QQFieldElem[0, 0, 4//3, 0, 0, 0, -2//3, 0],
	[24, 21, 22, 12, 23, 25] => QQFieldElem[0, 0, 0, 0, 0, 0, 2, 0],
	[24, 21, 22, 12, 14, 17] => QQFieldElem[0, 0, 0, 0, 0, 0, -1, 0],
	[24, 21, 22, 12, 20, 24] => QQFieldElem[0, 0, -4//3, 0, 0, 0, -4//3, 0],
	[24, 21, 22, 12, 20, 17] => QQFieldElem[0, 0, 0, 0, 0, 0, 2, 0],
	[24, 21, 22, 12, 22, 16] => QQFieldElem[0, 0, 1, 0, 0, 0, 0, 0],
	[24, 21, 22, 12, 14, 25] => QQFieldElem[0, 0, 2//7, 0, 0, 0, -6//7, 0],
	[24, 21, 22, 12, 23, 16] => QQFieldElem[0, 0, 5//3, 0, 0, 0, -4//3, 0],
	[24, 21, 22, 12, 22, 24] => QQFieldElem[0, 0, 0, 0, 0, 0, 2, 0],
	[24, 21, 22, 12, 20, 25] => QQFieldElem[0, 0, 4//7, 0, 0, 0, -12//7, 0],
	[24, 21, 22, 12, 22, 17] => QQFieldElem[0, 0, 1, 0, 0, 0, -2, 0],
	[24, 21, 22, 12, 23, 24] => QQFieldElem[0, 0, -8//3, 0, 0, 0, -2//3, 0],
	[24, 21, 22, 12, 23, 17] => QQFieldElem[0, 0, -1, 0, 0, 0, -2, 0])