Dict(
	[24, 12, 9, 24, 21, 14] => QQFieldElem[-10//3, 0, 0, 0, 8//3, 0, 0, 0],
	[24, 12, 9, 24, 3, 14] => QQFieldElem[-1//9, 0, 0, 0, 2//9, 0, 0, 0],
	[24, 12, 9, 24, 6, 20] => QQFieldElem[-4//3, 0, 0, 0, 0, 0, 0, 0],
	[24, 12, 9, 24, 6, 23] => QQFieldElem[-4//3, 0, 0, 0, 8//3, 0, 0, 0],
	[24, 12, 9, 24, 6, 22] => QQFieldElem[2//3, 0, 0, 0, -4//3, 0, 0, 0],
	[24, 12, 9, 24, 8, 20] => QQFieldElem[-1//3, 0, 0, 0, 2//3, 0, 0, 0],
	[24, 12, 9, 24, 6, 14] => QQFieldElem[4//3, 0, 0, 0, -8//3, 0, 0, 0],
	[24, 12, 9, 24, 21, 20] => QQFieldElem[-1//3, 0, 0, 0, -2//3, 0, 0, 0],
	[24, 12, 9, 24, 3, 20] => QQFieldElem[1//9, 0, 0, 0, 0, 0, 0, 0],
	[24, 12, 9, 24, 8, 23] => QQFieldElem[-1, 0, 0, 0, 0, 0, 0, 0],
	[24, 12, 9, 24, 8, 22] => QQFieldElem[-1, 0, 0, 0, 0, 0, 0, 0],
	[24, 12, 9, 24, 21, 23] => QQFieldElem[-5//3, 0, 0, 0, 4//3, 0, 0, 0],
	[24, 12, 9, 24, 3, 23] => QQFieldElem[-1//9, 0, 0, 0, 2//9, 0, 0, 0],
	[24, 12, 9, 24, 21, 22] => QQFieldElem[-5//3, 0, 0, 0, 4//3, 0, 0, 0],
	[24, 12, 9, 24, 3, 22] => QQFieldElem[1//18, 0, 0, 0, -1//9, 0, 0, 0],
	[24, 12, 9, 24, 8, 14] => QQFieldElem[2, 0, 0, 0, 0, 0, 0, 0])