Dict(
	[24, 24, 25, 25, 6, 6] => QQFieldElem[1//8, 0, 0, 0, 0, 0, 0, 0],
	[24, 24, 25, 25, 5, 3] => QQFieldElem[0, 0, 0, 0, 0, 0, 1//24, 0],
	[24, 24, 25, 25, 4, 21] => QQFieldElem[1, 0, 0, 0, -2, 0, 0, 0],
	[24, 24, 25, 25, 7, 8] => QQFieldElem[1//6, 0, 0, 0, 0, 0, 0, 0],
	[24, 24, 25, 25, 5, 7] => QQFieldElem[1//24, 0, 0, 0, -1//12, 0, 0, 0],
	[24, 24, 25, 25, 7, 1] => QQFieldElem[0, 0, 1//18, 0, 0, 0, -1//36, 0],
	[24, 24, 25, 25, 6, 3] => QQFieldElem[0, 0, 0, 0, 0, 0, -1//24, 0],
	[24, 24, 25, 25, 7, 6] => QQFieldElem[0, 0, 0, 0, 0, 0, 0, 0],
	[24, 24, 25, 25, 6, 7] => QQFieldElem[-1//24, 0, 0, 0, 1//12, 0, 0, 0],
	[24, 24, 25, 25, 2, 8] => QQFieldElem[-1, 0, 0, 0, 0, 0, 0, 0],
	[24, 24, 25, 25, 2, 1] => QQFieldElem[0, 0, 1//3, 0, 0, 0, -1//6, 0],
	[24, 24, 25, 25, 5, 21] => QQFieldElem[1//8, 0, 0, 0, 0, 0, 0, 0],
	[24, 24, 25, 25, 21, 8] => QQFieldElem[1//12, 0, 0, 0, 0, 0, 0, 0],
	[24, 24, 25, 25, 21, 1] => QQFieldElem[0, 0, -1//18, 0, 0, 0, 1//36, 0],
	[24, 24, 25, 25, 2, 6] => QQFieldElem[-1//2, 0, 0, 0, 1, 0, 0, 0],
	[24, 24, 25, 25, 7, 3] => QQFieldElem[0, 0, -1//18, 0, 0, 0, 1//36, 0],
	[24, 24, 25, 25, 4, 8] => QQFieldElem[1, 0, 0, 0, 0, 0, 0, 0],
	[24, 24, 25, 25, 21, 6] => QQFieldElem[0, 0, 0, 0, 0, 0, 0, 0],
	[24, 24, 25, 25, 7, 7] => QQFieldElem[1//6, 0, 0, 0, 0, 0, 0, 0],
	[24, 24, 25, 25, 4, 1] => QQFieldElem[0, 0, -1//3, 0, 0, 0, 1//6, 0],
	[24, 24, 25, 25, 6, 21] => QQFieldElem[1//8, 0, 0, 0, 0, 0, 0, 0],
	[24, 24, 25, 25, 4, 6] => QQFieldElem[-1//2, 0, 0, 0, 1, 0, 0, 0],
	[24, 24, 25, 25, 2, 3] => QQFieldElem[0, 0, 1//3, 0, 0, 0, -1//6, 0],
	[24, 24, 25, 25, 21, 3] => QQFieldElem[0, 0, 1//18, 0, 0, 0, -1//36, 0],
	[24, 24, 25, 25, 2, 7] => QQFieldElem[1, 0, 0, 0, 0, 0, 0, 0],
	[24, 24, 25, 25, 4, 3] => QQFieldElem[0, 0, -1//3, 0, 0, 0, 1//6, 0],
	[24, 24, 25, 25, 21, 7] => QQFieldElem[1//12, 0, 0, 0, 0, 0, 0, 0],
	[24, 24, 25, 25, 7, 21] => QQFieldElem[0, 0, 0, 0, 0, 0, 0, 0],
	[24, 24, 25, 25, 5, 8] => QQFieldElem[-1//24, 0, 0, 0, 1//12, 0, 0, 0],
	[24, 24, 25, 25, 5, 1] => QQFieldElem[0, 0, 0, 0, 0, 0, 1//24, 0],
	[24, 24, 25, 25, 4, 7] => QQFieldElem[-1, 0, 0, 0, 0, 0, 0, 0],
	[24, 24, 25, 25, 5, 6] => QQFieldElem[1//8, 0, 0, 0, 0, 0, 0, 0],
	[24, 24, 25, 25, 6, 8] => QQFieldElem[1//24, 0, 0, 0, -1//12, 0, 0, 0],
	[24, 24, 25, 25, 2, 21] => QQFieldElem[1, 0, 0, 0, -2, 0, 0, 0],
	[24, 24, 25, 25, 6, 1] => QQFieldElem[0, 0, 0, 0, 0, 0, -1//24, 0],
	[24, 24, 25, 25, 21, 21] => QQFieldElem[0, 0, 0, 0, 0, 0, 0, 0])