Dict(
	[24, 21, 23, 12, 20, 24] => QQFieldElem[0, 0, -4//3, 0, 0, 0, -4//3, 0],
	[24, 21, 23, 12, 22, 15] => QQFieldElem[0, 0, 5//3, 0, 0, 0, -4//3, 0],
	[24, 21, 23, 12, 22, 18] => QQFieldElem[0, 0, -1, 0, 0, 0, -2, 0],
	[24, 21, 23, 12, 23, 15] => QQFieldElem[0, 0, 1, 0, 0, 0, 0, 0],
	[24, 21, 23, 12, 23, 18] => QQFieldElem[0, 0, 1, 0, 0, 0, -2, 0],
	[24, 21, 23, 12, 14, 25] => QQFieldElem[0, 0, 2//7, 0, 0, 0, -6//7, 0],
	[24, 21, 23, 12, 22, 24] => QQFieldElem[0, 0, -8//3, 0, 0, 0, -2//3, 0],
	[24, 21, 23, 12, 20, 25] => QQFieldElem[0, 0, 4//7, 0, 0, 0, -12//7, 0],
	[24, 21, 23, 12, 23, 24] => QQFieldElem[0, 0, 0, 0, 0, 0, 2, 0],
	[24, 21, 23, 12, 14, 15] => QQFieldElem[0, 0, -2//3, 0, 0, 0, 1//3, 0],
	[24, 21, 23, 12, 14, 18] => QQFieldElem[0, 0, 0, 0, 0, 0, -1, 0],
	[24, 21, 23, 12, 20, 15] => QQFieldElem[0, 0, 4//3, 0, 0, 0, -2//3, 0],
	[24, 21, 23, 12, 20, 18] => QQFieldElem[0, 0, 0, 0, 0, 0, 2, 0],
	[24, 21, 23, 12, 22, 25] => QQFieldElem[0, 0, 0, 0, 0, 0, 2, 0],
	[24, 21, 23, 12, 14, 24] => QQFieldElem[0, 0, -2//3, 0, 0, 0, -2//3, 0],
	[24, 21, 23, 12, 23, 25] => QQFieldElem[0, 0, 8//7, 0, 0, 0, -10//7, 0])