Dict(
	[25, 11, 24, 12, 23, 23] => QQFieldElem[0, 0, -2, 0, 0, 0, 4//3, 0],
	[25, 11, 24, 12, 23, 22] => QQFieldElem[0, 0, 10//7, 0, 0, 0, -16//7, 0],
	[25, 11, 24, 12, 22, 14] => QQFieldElem[0, 0, 2, 0, 0, 0, -1, 0],
	[25, 11, 24, 12, 19, 14] => QQFieldElem[0, 0, 2//3, 0, 0, 0, 2//3, 0],
	[25, 11, 24, 12, 13, 20] => QQFieldElem[0, 0, 1//3, 0, 0, 0, -1//3, 0],
	[25, 11, 24, 12, 23, 14] => QQFieldElem[0, 0, 4//3, 0, 0, 0, -5//3, 0],
	[25, 11, 24, 12, 13, 23] => QQFieldElem[0, 0, 0, 0, 0, 0, -4//3, 0],
	[25, 11, 24, 12, 13, 22] => QQFieldElem[0, 0, -8//21, 0, 0, 0, -4//21, 0],
	[25, 11, 24, 12, 13, 14] => QQFieldElem[0, 0, -1//3, 0, 0, 0, -1//3, 0],
	[25, 11, 24, 12, 22, 20] => QQFieldElem[0, 0, 0, 0, 0, 0, 1, 0],
	[25, 11, 24, 12, 19, 20] => QQFieldElem[0, 0, 2, 0, 0, 0, -2, 0],
	[25, 11, 24, 12, 23, 20] => QQFieldElem[0, 0, -2, 0, 0, 0, -1, 0],
	[25, 11, 24, 12, 22, 23] => QQFieldElem[0, 0, -2, 0, 0, 0, 0, 0],
	[25, 11, 24, 12, 22, 22] => QQFieldElem[0, 0, -6//7, 0, 0, 0, 4//7, 0],
	[25, 11, 24, 12, 19, 23] => QQFieldElem[0, 0, 0, 0, 0, 0, 8//3, 0],
	[25, 11, 24, 12, 19, 22] => QQFieldElem[0, 0, -16//7, 0, 0, 0, -8//7, 0])