Dict(
	[25, 25, 10, 12, 13, 8] => QQFieldElem[0, 0, 0, 0, 0, 0, 12//7, 0],
	[25, 25, 10, 12, 13, 6] => QQFieldElem[0, 0, 0, 0, 0, 0, 3, 0],
	[25, 25, 10, 12, 22, 21] => QQFieldElem[-1//3, 0, 0, 0, 0, 0, 0, 0],
	[25, 25, 10, 12, 19, 21] => QQFieldElem[1//6, 0, 0, 0, 0, 0, 0, 0],
	[25, 25, 10, 12, 23, 21] => QQFieldElem[1//6, 0, 0, 0, 0, 0, 0, 0],
	[25, 25, 10, 12, 13, 3] => QQFieldElem[0, 0, -4, 0, 0, 0, 2, 0],
	[25, 25, 10, 12, 22, 8] => QQFieldElem[1//7, 0, 0, 0, 0, 0, 0, 0],
	[25, 25, 10, 12, 19, 8] => QQFieldElem[1//14, 0, 0, 0, 0, 0, 0, 0],
	[25, 25, 10, 12, 13, 21] => QQFieldElem[0, 0, 0, 0, 0, 0, 4, 0],
	[25, 25, 10, 12, 23, 8] => QQFieldElem[-1//14, 0, 0, 0, 0, 0, 0, 0],
	[25, 25, 10, 12, 22, 6] => QQFieldElem[1//4, 0, 0, 0, 0, 0, 0, 0],
	[25, 25, 10, 12, 19, 6] => QQFieldElem[-1//4, 0, 0, 0, 0, 0, 0, 0],
	[25, 25, 10, 12, 23, 6] => QQFieldElem[1//4, 0, 0, 0, 0, 0, 0, 0],
	[25, 25, 10, 12, 22, 3] => QQFieldElem[1//6, 0, 0, 0, -1//3, 0, 0, 0],
	[25, 25, 10, 12, 19, 3] => QQFieldElem[1//6, 0, 0, 0, -1//3, 0, 0, 0],
	[25, 25, 10, 12, 23, 3] => QQFieldElem[1//6, 0, 0, 0, -1//3, 0, 0, 0])