Dict(
	[25, 12, 12, 24, 5, 23] => QQFieldElem[-4, 0, 0, 0, 0, 0, 0, 0],
	[25, 12, 12, 24, 5, 19] => QQFieldElem[-2, 0, 0, 0, 0, 0, 0, 0],
	[25, 12, 12, 24, 5, 22] => QQFieldElem[-4, 0, 0, 0, 0, 0, 0, 0],
	[25, 12, 12, 24, 2, 13] => QQFieldElem[1//18, 0, 0, 0, 0, 0, 0, 0],
	[25, 12, 12, 24, 6, 23] => QQFieldElem[1, 0, 0, 0, 0, 0, 0, 0],
	[25, 12, 12, 24, 6, 19] => QQFieldElem[-1, 0, 0, 0, 0, 0, 0, 0],
	[25, 12, 12, 24, 6, 22] => QQFieldElem[1, 0, 0, 0, 0, 0, 0, 0],
	[25, 12, 12, 24, 21, 13] => QQFieldElem[1, 0, 0, 0, 0, 0, 0, 0],
	[25, 12, 12, 24, 5, 13] => QQFieldElem[2, 0, 0, 0, 0, 0, 0, 0],
	[25, 12, 12, 24, 2, 23] => QQFieldElem[1//9, 0, 0, 0, 0, 0, 0, 0],
	[25, 12, 12, 24, 2, 19] => QQFieldElem[1//18, 0, 0, 0, 0, 0, 0, 0],
	[25, 12, 12, 24, 2, 22] => QQFieldElem[-1//9, 0, 0, 0, 0, 0, 0, 0],
	[25, 12, 12, 24, 21, 23] => QQFieldElem[-1, 0, 0, 0, 0, 0, 0, 0],
	[25, 12, 12, 24, 21, 19] => QQFieldElem[1, 0, 0, 0, 0, 0, 0, 0],
	[25, 12, 12, 24, 21, 22] => QQFieldElem[1, 0, 0, 0, 0, 0, 0, 0],
	[25, 12, 12, 24, 6, 13] => QQFieldElem[1, 0, 0, 0, 0, 0, 0, 0])