Dict(
	[25, 24, 9, 12, 13, 4] => QQFieldElem[0, 0, -4, 0, 0, 0, 2, 0],
	[25, 24, 9, 12, 13, 21] => QQFieldElem[0, 0, 0, 0, 0, 0, 4, 0],
	[25, 24, 9, 12, 13, 5] => QQFieldElem[0, 0, 0, 0, 0, 0, 3, 0],
	[25, 24, 9, 12, 22, 7] => QQFieldElem[1//14, 0, 0, 0, 0, 0, 0, 0],
	[25, 24, 9, 12, 19, 7] => QQFieldElem[1//7, 0, 0, 0, 0, 0, 0, 0],
	[25, 24, 9, 12, 23, 7] => QQFieldElem[-1//14, 0, 0, 0, 0, 0, 0, 0],
	[25, 24, 9, 12, 22, 4] => QQFieldElem[1//6, 0, 0, 0, -1//3, 0, 0, 0],
	[25, 24, 9, 12, 22, 21] => QQFieldElem[1//6, 0, 0, 0, 0, 0, 0, 0],
	[25, 24, 9, 12, 19, 4] => QQFieldElem[1//6, 0, 0, 0, -1//3, 0, 0, 0],
	[25, 24, 9, 12, 19, 21] => QQFieldElem[-1//3, 0, 0, 0, 0, 0, 0, 0],
	[25, 24, 9, 12, 23, 4] => QQFieldElem[1//6, 0, 0, 0, -1//3, 0, 0, 0],
	[25, 24, 9, 12, 23, 21] => QQFieldElem[1//6, 0, 0, 0, 0, 0, 0, 0],
	[25, 24, 9, 12, 13, 7] => QQFieldElem[0, 0, 0, 0, 0, 0, 12//7, 0],
	[25, 24, 9, 12, 22, 5] => QQFieldElem[-1//4, 0, 0, 0, 0, 0, 0, 0],
	[25, 24, 9, 12, 19, 5] => QQFieldElem[1//4, 0, 0, 0, 0, 0, 0, 0],
	[25, 24, 9, 12, 23, 5] => QQFieldElem[1//4, 0, 0, 0, 0, 0, 0, 0])