Dict(
	[25, 24, 12, 11, 14, 21] => QQFieldElem[0, 0, 8//7, 0, 0, 0, -10//7, 0],
	[25, 24, 12, 11, 14, 2] => QQFieldElem[0, 0, 0, 0, 0, 0, 3, 0],
	[25, 24, 12, 11, 22, 6] => QQFieldElem[-1//6, 0, 0, 0, 1//3, 0, 0, 0],
	[25, 24, 12, 11, 23, 6] => QQFieldElem[1//6, 0, 0, 0, 0, 0, 0, 0],
	[25, 24, 12, 11, 20, 21] => QQFieldElem[1//21, 0, 0, 0, 4//21, 0, 0, 0],
	[25, 24, 12, 11, 20, 2] => QQFieldElem[1//2, 0, 0, 0, 0, 0, 0, 0],
	[25, 24, 12, 11, 14, 5] => QQFieldElem[0, 0, -1, 0, 0, 0, 1//2, 0],
	[25, 24, 12, 11, 20, 5] => QQFieldElem[1//12, 0, 0, 0, -1//6, 0, 0, 0],
	[25, 24, 12, 11, 14, 6] => QQFieldElem[0, 0, 0, 0, 0, 0, 2, 0],
	[25, 24, 12, 11, 22, 21] => QQFieldElem[3//14, 0, 0, 0, -1//7, 0, 0, 0],
	[25, 24, 12, 11, 22, 2] => QQFieldElem[1//2, 0, 0, 0, -1, 0, 0, 0],
	[25, 24, 12, 11, 23, 21] => QQFieldElem[1//42, 0, 0, 0, 2//21, 0, 0, 0],
	[25, 24, 12, 11, 23, 2] => QQFieldElem[-1//2, 0, 0, 0, 0, 0, 0, 0],
	[25, 24, 12, 11, 20, 6] => QQFieldElem[1//3, 0, 0, 0, 0, 0, 0, 0],
	[25, 24, 12, 11, 22, 5] => QQFieldElem[1//4, 0, 0, 0, 0, 0, 0, 0],
	[25, 24, 12, 11, 23, 5] => QQFieldElem[-1//12, 0, 0, 0, 1//6, 0, 0, 0])