Dict(
	[25, 23, 22, 24, 21, 9] => QQFieldElem[0, 0, 1//24, 0, 0, 0, -1//48, 0],
	[25, 23, 22, 24, 6, 10] => QQFieldElem[5//48, 0, 0, 0, -1//12, 0, 0, 0],
	[25, 23, 22, 24, 5, 12] => QQFieldElem[3//16, 0, 0, 0, -1//8, 0, 0, 0],
	[25, 23, 22, 24, 6, 12] => QQFieldElem[1//16, 0, 0, 0, 1//8, 0, 0, 0],
	[25, 23, 22, 24, 5, 11] => QQFieldElem[3//16, 0, 0, 0, -1//8, 0, 0, 0],
	[25, 23, 22, 24, 5, 9] => QQFieldElem[0, 0, -1//24, 0, 0, 0, -1//48, 0],
	[25, 23, 22, 24, 2, 10] => QQFieldElem[1//16, 0, 0, 0, 0, 0, 0, 0],
	[25, 23, 22, 24, 21, 10] => QQFieldElem[1//16, 0, 0, 0, 0, 0, 0, 0],
	[25, 23, 22, 24, 6, 11] => QQFieldElem[1//16, 0, 0, 0, 1//8, 0, 0, 0],
	[25, 23, 22, 24, 6, 9] => QQFieldElem[0, 0, -1//24, 0, 0, 0, 1//16, 0],
	[25, 23, 22, 24, 2, 12] => QQFieldElem[-1//16, 0, 0, 0, 1//8, 0, 0, 0],
	[25, 23, 22, 24, 21, 12] => QQFieldElem[1//16, 0, 0, 0, -1//8, 0, 0, 0],
	[25, 23, 22, 24, 5, 10] => QQFieldElem[1//48, 0, 0, 0, 1//12, 0, 0, 0],
	[25, 23, 22, 24, 2, 11] => QQFieldElem[1//16, 0, 0, 0, -1//8, 0, 0, 0],
	[25, 23, 22, 24, 2, 9] => QQFieldElem[0, 0, 1//24, 0, 0, 0, -1//48, 0],
	[25, 23, 22, 24, 21, 11] => QQFieldElem[-1//16, 0, 0, 0, 1//8, 0, 0, 0])