Dict(
	[25, 24, 11, 10, 22, 7] => QQFieldElem[-1//6, 0, 0, 0, 0, 0, 0, 0],
	[25, 24, 11, 10, 19, 7] => QQFieldElem[1//3, 0, 0, 0, 0, 0, 0, 0],
	[25, 24, 11, 10, 23, 7] => QQFieldElem[-1//6, 0, 0, 0, 0, 0, 0, 0],
	[25, 24, 11, 10, 22, 4] => QQFieldElem[-1//2, 0, 0, 0, 1, 0, 0, 0],
	[25, 24, 11, 10, 22, 21] => QQFieldElem[-1//6, 0, 0, 0, 0, 0, 0, 0],
	[25, 24, 11, 10, 19, 4] => QQFieldElem[1//2, 0, 0, 0, -1, 0, 0, 0],
	[25, 24, 11, 10, 19, 21] => QQFieldElem[-1//3, 0, 0, 0, 0, 0, 0, 0],
	[25, 24, 11, 10, 23, 4] => QQFieldElem[1//2, 0, 0, 0, -1, 0, 0, 0],
	[25, 24, 11, 10, 23, 21] => QQFieldElem[1//6, 0, 0, 0, 0, 0, 0, 0],
	[25, 24, 11, 10, 13, 7] => QQFieldElem[0, 0, 0, 0, 0, 0, 4, 0],
	[25, 24, 11, 10, 22, 5] => QQFieldElem[1//12, 0, 0, 0, 0, 0, 0, 0],
	[25, 24, 11, 10, 19, 5] => QQFieldElem[1//12, 0, 0, 0, 0, 0, 0, 0],
	[25, 24, 11, 10, 23, 5] => QQFieldElem[1//12, 0, 0, 0, 0, 0, 0, 0],
	[25, 24, 11, 10, 13, 4] => QQFieldElem[0, 0, -12, 0, 0, 0, 6, 0],
	[25, 24, 11, 10, 13, 21] => QQFieldElem[0, 0, 0, 0, 0, 0, 4, 0],
	[25, 24, 11, 10, 13, 5] => QQFieldElem[0, 0, 0, 0, 0, 0, 1, 0])