Dict(
	[25, 10, 22, 21, 18, 19] => QQFieldElem[0, 0, 0, 0, 0, 0, 2, 0],
	[25, 10, 22, 21, 18, 22] => QQFieldElem[0, 0, -4//7, 0, 0, 0, -8//7, 0],
	[25, 10, 22, 21, 24, 23] => QQFieldElem[0, 0, 8//3, 0, 0, 0, -10//3, 0],
	[25, 10, 22, 21, 24, 19] => QQFieldElem[0, 0, 1, 0, 0, 0, -3, 0],
	[25, 10, 22, 21, 24, 22] => QQFieldElem[0, 0, 0, 0, 0, 0, 2, 0],
	[25, 10, 22, 21, 15, 23] => QQFieldElem[0, 0, 2//3, 0, 0, 0, -4//3, 0],
	[25, 10, 22, 21, 15, 19] => QQFieldElem[0, 0, 0, 0, 0, 0, -1, 0],
	[25, 10, 22, 21, 15, 22] => QQFieldElem[0, 0, -2//7, 0, 0, 0, -4//7, 0],
	[25, 10, 22, 21, 25, 13] => QQFieldElem[0, 0, 1, 0, 0, 0, -1, 0],
	[25, 10, 22, 21, 18, 13] => QQFieldElem[0, 0, 4//3, 0, 0, 0, -2//3, 0],
	[25, 10, 22, 21, 24, 13] => QQFieldElem[0, 0, 5//3, 0, 0, 0, -1//3, 0],
	[25, 10, 22, 21, 15, 13] => QQFieldElem[0, 0, -2//3, 0, 0, 0, 1//3, 0],
	[25, 10, 22, 21, 25, 23] => QQFieldElem[0, 0, 0, 0, 0, 0, 2, 0],
	[25, 10, 22, 21, 25, 19] => QQFieldElem[0, 0, -1, 0, 0, 0, -1, 0],
	[25, 10, 22, 21, 25, 22] => QQFieldElem[0, 0, -8//7, 0, 0, 0, -2//7, 0],
	[25, 10, 22, 21, 18, 23] => QQFieldElem[0, 0, 4//3, 0, 0, 0, -8//3, 0])