Dict(
	[25, 21, 22, 11, 20, 15] => QQFieldElem[0, 0, 4//3, 0, 0, 0, -2//3, 0],
	[25, 21, 22, 11, 20, 18] => QQFieldElem[0, 0, 0, 0, 0, 0, 2, 0],
	[25, 21, 22, 11, 22, 25] => QQFieldElem[0, 0, 0, 0, 0, 0, 2, 0],
	[25, 21, 22, 11, 14, 24] => QQFieldElem[0, 0, -2//3, 0, 0, 0, -2//3, 0],
	[25, 21, 22, 11, 23, 25] => QQFieldElem[0, 0, 8//7, 0, 0, 0, -10//7, 0],
	[25, 21, 22, 11, 20, 24] => QQFieldElem[0, 0, -4//3, 0, 0, 0, -4//3, 0],
	[25, 21, 22, 11, 22, 15] => QQFieldElem[0, 0, 5//3, 0, 0, 0, -4//3, 0],
	[25, 21, 22, 11, 22, 18] => QQFieldElem[0, 0, -1, 0, 0, 0, -2, 0],
	[25, 21, 22, 11, 23, 15] => QQFieldElem[0, 0, 1, 0, 0, 0, 0, 0],
	[25, 21, 22, 11, 23, 18] => QQFieldElem[0, 0, 1, 0, 0, 0, -2, 0],
	[25, 21, 22, 11, 14, 25] => QQFieldElem[0, 0, 2//7, 0, 0, 0, -6//7, 0],
	[25, 21, 22, 11, 22, 24] => QQFieldElem[0, 0, -8//3, 0, 0, 0, -2//3, 0],
	[25, 21, 22, 11, 20, 25] => QQFieldElem[0, 0, 4//7, 0, 0, 0, -12//7, 0],
	[25, 21, 22, 11, 23, 24] => QQFieldElem[0, 0, 0, 0, 0, 0, 2, 0],
	[25, 21, 22, 11, 14, 15] => QQFieldElem[0, 0, -2//3, 0, 0, 0, 1//3, 0],
	[25, 21, 22, 11, 14, 18] => QQFieldElem[0, 0, 0, 0, 0, 0, -1, 0])