Dict(
	[9, 21, 22, 25, 13, 11] => QQFieldElem[0, 0, 0, 0, 0, 0, 1//2, 0],
	[9, 21, 22, 25, 13, 9] => QQFieldElem[0, 0, 3//4, 0, 0, 0, -9//4, 0],
	[9, 21, 22, 25, 22, 10] => QQFieldElem[0, 0, -3//4, 0, 0, 0, 3//4, 0],
	[9, 21, 22, 25, 19, 10] => QQFieldElem[0, 0, 3//4, 0, 0, 0, -3//4, 0],
	[9, 21, 22, 25, 23, 10] => QQFieldElem[0, 0, -1//4, 0, 0, 0, -1//4, 0],
	[9, 21, 22, 25, 22, 12] => QQFieldElem[0, 0, 0, 0, 0, 0, -1//2, 0],
	[9, 21, 22, 25, 19, 12] => QQFieldElem[0, 0, 0, 0, 0, 0, -1//2, 0],
	[9, 21, 22, 25, 23, 12] => QQFieldElem[0, 0, 1, 0, 0, 0, -1//2, 0],
	[9, 21, 22, 25, 13, 10] => QQFieldElem[0, 0, 1//4, 0, 0, 0, -3//4, 0],
	[9, 21, 22, 25, 22, 11] => QQFieldElem[0, 0, 3//7, 0, 0, 0, -9//14, 0],
	[9, 21, 22, 25, 19, 11] => QQFieldElem[0, 0, 3//7, 0, 0, 0, -9//14, 0],
	[9, 21, 22, 25, 22, 9] => QQFieldElem[0, 0, 3//4, 0, 0, 0, -3//4, 0],
	[9, 21, 22, 25, 19, 9] => QQFieldElem[0, 0, -3//4, 0, 0, 0, 3//4, 0],
	[9, 21, 22, 25, 23, 11] => QQFieldElem[0, 0, -2//7, 0, 0, 0, -1//14, 0],
	[9, 21, 22, 25, 23, 9] => QQFieldElem[0, 0, -3//4, 0, 0, 0, -3//4, 0],
	[9, 21, 22, 25, 13, 12] => QQFieldElem[0, 0, -1, 0, 0, 0, -1//2, 0])