Dict(
	[9, 25, 9, 24, 23, 14] => QQFieldElem[13//2, 0, 0, 0, -1, 0, 0, 0],
	[9, 25, 9, 24, 14, 20] => QQFieldElem[-1//4, 0, 0, 0, -1//4, 0, 0, 0],
	[9, 25, 9, 24, 20, 20] => QQFieldElem[-1//6, 0, 0, 0, -1//6, 0, 0, 0],
	[9, 25, 9, 24, 14, 23] => QQFieldElem[-13//49, 0, 0, 0, 2//49, 0, 0, 0],
	[9, 25, 9, 24, 14, 22] => QQFieldElem[-1//3, 0, 0, 0, 0, 0, 0, 0],
	[9, 25, 9, 24, 20, 23] => QQFieldElem[-26//147, 0, 0, 0, 4//147, 0, 0, 0],
	[9, 25, 9, 24, 20, 22] => QQFieldElem[2//3, 0, 0, 0, 0, 0, 0, 0],
	[9, 25, 9, 24, 14, 14] => QQFieldElem[-1//2, 0, 0, 0, -1//2, 0, 0, 0],
	[9, 25, 9, 24, 20, 14] => QQFieldElem[1, 0, 0, 0, 1, 0, 0, 0],
	[9, 25, 9, 24, 22, 20] => QQFieldElem[3//4, 0, 0, 0, 0, 0, 0, 0],
	[9, 25, 9, 24, 23, 20] => QQFieldElem[-13//12, 0, 0, 0, 1//6, 0, 0, 0],
	[9, 25, 9, 24, 22, 23] => QQFieldElem[-12//49, 0, 0, 0, 15//98, 0, 0, 0],
	[9, 25, 9, 24, 22, 22] => QQFieldElem[-1//3, 0, 0, 0, 1//6, 0, 0, 0],
	[9, 25, 9, 24, 23, 23] => QQFieldElem[47//147, 0, 0, 0, -71//294, 0, 0, 0],
	[9, 25, 9, 24, 23, 22] => QQFieldElem[-4//3, 0, 0, 0, 5//6, 0, 0, 0],
	[9, 25, 9, 24, 22, 14] => QQFieldElem[3//2, 0, 0, 0, 0, 0, 0, 0])