Dict(
	[9, 10, 10, 10, 6, 7] => QQFieldElem[-1//3, 0, 0, 0, 0, 0, 0, 0],
	[9, 10, 10, 10, 2, 8] => QQFieldElem[4//3, 0, 0, 0, 0, 0, 0, 0],
	[9, 10, 10, 10, 2, 1] => QQFieldElem[1//3, 0, 0, 0, 0, 0, 0, 0],
	[9, 10, 10, 10, 5, 21] => QQFieldElem[-2//3, 0, 0, 0, 0, 0, 0, 0],
	[9, 10, 10, 10, 21, 8] => QQFieldElem[-1//3, 0, 0, 0, 0, 0, 0, 0],
	[9, 10, 10, 10, 21, 1] => QQFieldElem[1//6, 0, 0, 0, 0, 0, 0, 0],
	[9, 10, 10, 10, 6, 21] => QQFieldElem[-2//3, 0, 0, 0, 0, 0, 0, 0],
	[9, 10, 10, 10, 2, 7] => QQFieldElem[4//3, 0, 0, 0, 0, 0, 0, 0],
	[9, 10, 10, 10, 21, 7] => QQFieldElem[-1//3, 0, 0, 0, 0, 0, 0, 0],
	[9, 10, 10, 10, 5, 8] => QQFieldElem[-1//3, 0, 0, 0, 0, 0, 0, 0],
	[9, 10, 10, 10, 5, 1] => QQFieldElem[1//6, 0, 0, 0, 0, 0, 0, 0],
	[9, 10, 10, 10, 6, 8] => QQFieldElem[2//3, 0, 0, 0, 0, 0, 0, 0],
	[9, 10, 10, 10, 2, 21] => QQFieldElem[8//3, 0, 0, 0, 0, 0, 0, 0],
	[9, 10, 10, 10, 6, 1] => QQFieldElem[1//6, 0, 0, 0, 0, 0, 0, 0],
	[9, 10, 10, 10, 21, 21] => QQFieldElem[1//3, 0, 0, 0, 0, 0, 0, 0],
	[9, 10, 10, 10, 5, 7] => QQFieldElem[2//3, 0, 0, 0, 0, 0, 0, 0])