Dict(
	[9, 9, 12, 11, 8, 2] => QQFieldElem[1//18, 0, 0, 0, 0, 0, 0, 0],
	[9, 9, 12, 11, 21, 21] => QQFieldElem[-1//3, 0, 0, 0, 0, 0, 0, 0],
	[9, 9, 12, 11, 21, 2] => QQFieldElem[1//18, 0, 0, 0, 0, 0, 0, 0],
	[9, 9, 12, 11, 3, 21] => QQFieldElem[8//3, 0, 0, 0, 0, 0, 0, 0],
	[9, 9, 12, 11, 3, 2] => QQFieldElem[-1//9, 0, 0, 0, 0, 0, 0, 0],
	[9, 9, 12, 11, 6, 6] => QQFieldElem[1//3, 0, 0, 0, 0, 0, 0, 0],
	[9, 9, 12, 11, 8, 5] => QQFieldElem[1//3, 0, 0, 0, 0, 0, 0, 0],
	[9, 9, 12, 11, 21, 5] => QQFieldElem[1//3, 0, 0, 0, 0, 0, 0, 0],
	[9, 9, 12, 11, 3, 5] => QQFieldElem[4//3, 0, 0, 0, 0, 0, 0, 0],
	[9, 9, 12, 11, 8, 6] => QQFieldElem[-2//3, 0, 0, 0, 0, 0, 0, 0],
	[9, 9, 12, 11, 21, 6] => QQFieldElem[1//3, 0, 0, 0, 0, 0, 0, 0],
	[9, 9, 12, 11, 3, 6] => QQFieldElem[4//3, 0, 0, 0, 0, 0, 0, 0],
	[9, 9, 12, 11, 6, 21] => QQFieldElem[2//3, 0, 0, 0, 0, 0, 0, 0],
	[9, 9, 12, 11, 6, 2] => QQFieldElem[1//18, 0, 0, 0, 0, 0, 0, 0],
	[9, 9, 12, 11, 6, 5] => QQFieldElem[-2//3, 0, 0, 0, 0, 0, 0, 0],
	[9, 9, 12, 11, 8, 21] => QQFieldElem[2//3, 0, 0, 0, 0, 0, 0, 0])