Dict(
	[9, 12, 10, 12, 4, 6] => QQFieldElem[-4//3, 0, 0, 0, 0, 0, 0, 0],
	[9, 12, 10, 12, 21, 3] => QQFieldElem[1//18, 0, 0, 0, 0, 0, 0, 0],
	[9, 12, 10, 12, 4, 3] => QQFieldElem[-1//9, 0, 0, 0, 0, 0, 0, 0],
	[9, 12, 10, 12, 5, 8] => QQFieldElem[-1//3, 0, 0, 0, 0, 0, 0, 0],
	[9, 12, 10, 12, 7, 21] => QQFieldElem[-2//3, 0, 0, 0, 0, 0, 0, 0],
	[9, 12, 10, 12, 5, 6] => QQFieldElem[2//3, 0, 0, 0, 0, 0, 0, 0],
	[9, 12, 10, 12, 21, 21] => QQFieldElem[1//3, 0, 0, 0, 0, 0, 0, 0],
	[9, 12, 10, 12, 5, 3] => QQFieldElem[1//18, 0, 0, 0, 0, 0, 0, 0],
	[9, 12, 10, 12, 4, 21] => QQFieldElem[-8//3, 0, 0, 0, 0, 0, 0, 0],
	[9, 12, 10, 12, 7, 8] => QQFieldElem[2//3, 0, 0, 0, 0, 0, 0, 0],
	[9, 12, 10, 12, 7, 6] => QQFieldElem[-1//3, 0, 0, 0, 0, 0, 0, 0],
	[9, 12, 10, 12, 21, 8] => QQFieldElem[-1//3, 0, 0, 0, 0, 0, 0, 0],
	[9, 12, 10, 12, 5, 21] => QQFieldElem[-2//3, 0, 0, 0, 0, 0, 0, 0],
	[9, 12, 10, 12, 7, 3] => QQFieldElem[1//18, 0, 0, 0, 0, 0, 0, 0],
	[9, 12, 10, 12, 4, 8] => QQFieldElem[-4//3, 0, 0, 0, 0, 0, 0, 0],
	[9, 12, 10, 12, 21, 6] => QQFieldElem[-1//3, 0, 0, 0, 0, 0, 0, 0])