Dict(
	[9, 25, 25, 9, 1, 20] => QQFieldElem[0, 0, 0, 0, 0, 0, 1//3, 0],
	[9, 25, 25, 9, 7, 20] => QQFieldElem[0, 0, 0, 0, 0, 0, -1//3, 0],
	[9, 25, 25, 9, 8, 20] => QQFieldElem[0, 0, -1//6, 0, 0, 0, 1//12, 0],
	[9, 25, 25, 9, 1, 23] => QQFieldElem[0, 0, -2//3, 0, 0, 0, 1//3, 0],
	[9, 25, 25, 9, 7, 23] => QQFieldElem[0, 0, -2//3, 0, 0, 0, 1//3, 0],
	[9, 25, 25, 9, 1, 22] => QQFieldElem[0, 0, 1//3, 0, 0, 0, -1//6, 0],
	[9, 25, 25, 9, 7, 22] => QQFieldElem[0, 0, 1//3, 0, 0, 0, -1//6, 0],
	[9, 25, 25, 9, 21, 20] => QQFieldElem[0, 0, 1//6, 0, 0, 0, -1//4, 0],
	[9, 25, 25, 9, 8, 23] => QQFieldElem[0, 0, 0, 0, 0, 0, -1//4, 0],
	[9, 25, 25, 9, 8, 22] => QQFieldElem[0, 0, 0, 0, 0, 0, -1//4, 0],
	[9, 25, 25, 9, 1, 14] => QQFieldElem[-1//36, 0, 0, 0, 1//18, 0, 0, 0],
	[9, 25, 25, 9, 7, 14] => QQFieldElem[1//36, 0, 0, 0, -1//18, 0, 0, 0],
	[9, 25, 25, 9, 21, 23] => QQFieldElem[0, 0, -1//3, 0, 0, 0, -1//12, 0],
	[9, 25, 25, 9, 21, 22] => QQFieldElem[0, 0, -1//3, 0, 0, 0, -1//12, 0],
	[9, 25, 25, 9, 8, 14] => QQFieldElem[1//24, 0, 0, 0, 0, 0, 0, 0],
	[9, 25, 25, 9, 21, 14] => QQFieldElem[-5//72, 0, 0, 0, 1//18, 0, 0, 0])