Dict(
	[9, 9, 10, 9, 21, 6] => QQFieldElem[-1//3, 0, 0, 0, 0, 0, 0, 0],
	[9, 9, 10, 9, 1, 21] => QQFieldElem[8//3, 0, 0, 0, 0, 0, 0, 0],
	[9, 9, 10, 9, 7, 21] => QQFieldElem[-2//3, 0, 0, 0, 0, 0, 0, 0],
	[9, 9, 10, 9, 7, 2] => QQFieldElem[1//6, 0, 0, 0, 0, 0, 0, 0],
	[9, 9, 10, 9, 1, 2] => QQFieldElem[1//3, 0, 0, 0, 0, 0, 0, 0],
	[9, 9, 10, 9, 8, 21] => QQFieldElem[-2//3, 0, 0, 0, 0, 0, 0, 0],
	[9, 9, 10, 9, 8, 2] => QQFieldElem[1//6, 0, 0, 0, 0, 0, 0, 0],
	[9, 9, 10, 9, 1, 5] => QQFieldElem[4//3, 0, 0, 0, 0, 0, 0, 0],
	[9, 9, 10, 9, 7, 5] => QQFieldElem[2//3, 0, 0, 0, 0, 0, 0, 0],
	[9, 9, 10, 9, 21, 21] => QQFieldElem[1//3, 0, 0, 0, 0, 0, 0, 0],
	[9, 9, 10, 9, 21, 2] => QQFieldElem[1//6, 0, 0, 0, 0, 0, 0, 0],
	[9, 9, 10, 9, 8, 5] => QQFieldElem[-1//3, 0, 0, 0, 0, 0, 0, 0],
	[9, 9, 10, 9, 21, 5] => QQFieldElem[-1//3, 0, 0, 0, 0, 0, 0, 0],
	[9, 9, 10, 9, 1, 6] => QQFieldElem[4//3, 0, 0, 0, 0, 0, 0, 0],
	[9, 9, 10, 9, 7, 6] => QQFieldElem[-1//3, 0, 0, 0, 0, 0, 0, 0],
	[9, 9, 10, 9, 8, 6] => QQFieldElem[2//3, 0, 0, 0, 0, 0, 0, 0])