Dict(
	[9, 12, 24, 24, 20, 3] => QQFieldElem[0, 0, 0, 0, 0, 0, -3, 0],
	[9, 12, 24, 24, 22, 8] => QQFieldElem[0, 0, 0, 0, 0, 0, -4//3, 0],
	[9, 12, 24, 24, 23, 8] => QQFieldElem[0, 0, 0, 0, 0, 0, -2//3, 0],
	[9, 12, 24, 24, 14, 21] => QQFieldElem[-40//21, 0, 0, 0, 32//21, 0, 0, 0],
	[9, 12, 24, 24, 22, 6] => QQFieldElem[0, 0, 2//3, 0, 0, 0, -1//3, 0],
	[9, 12, 24, 24, 23, 6] => QQFieldElem[0, 0, -2//3, 0, 0, 0, 1//3, 0],
	[9, 12, 24, 24, 20, 21] => QQFieldElem[0, 0, 4//7, 0, 0, 0, -6//7, 0],
	[9, 12, 24, 24, 22, 3] => QQFieldElem[0, 0, -2, 0, 0, 0, 1, 0],
	[9, 12, 24, 24, 23, 3] => QQFieldElem[0, 0, 2, 0, 0, 0, -1, 0],
	[9, 12, 24, 24, 14, 8] => QQFieldElem[8//3, 0, 0, 0, 0, 0, 0, 0],
	[9, 12, 24, 24, 14, 6] => QQFieldElem[2//3, 0, 0, 0, -4//3, 0, 0, 0],
	[9, 12, 24, 24, 20, 8] => QQFieldElem[0, 0, -4//3, 0, 0, 0, 2//3, 0],
	[9, 12, 24, 24, 22, 21] => QQFieldElem[0, 0, -16//21, 0, 0, 0, -4//21, 0],
	[9, 12, 24, 24, 23, 21] => QQFieldElem[0, 0, -8//21, 0, 0, 0, -2//21, 0],
	[9, 12, 24, 24, 20, 6] => QQFieldElem[0, 0, 0, 0, 0, 0, -1, 0],
	[9, 12, 24, 24, 14, 3] => QQFieldElem[2, 0, 0, 0, -4, 0, 0, 0])