Dict(
	[9, 9, 22, 23, 24, 5] => QQFieldElem[0, 0, 0, 0, 0, 0, -1, 0],
	[9, 9, 22, 23, 25, 6] => QQFieldElem[0, 0, 0, 0, 0, 0, -2//3, 0],
	[9, 9, 22, 23, 16, 21] => QQFieldElem[-16//7, 0, 0, 0, 0, 0, 0, 0],
	[9, 9, 22, 23, 16, 2] => QQFieldElem[4, 0, 0, 0, 0, 0, 0, 0],
	[9, 9, 22, 23, 17, 6] => QQFieldElem[0, 0, 0, 0, 0, 0, -2//3, 0],
	[9, 9, 22, 23, 24, 6] => QQFieldElem[0, 0, 0, 0, 0, 0, 4//3, 0],
	[9, 9, 22, 23, 16, 5] => QQFieldElem[-4, 0, 0, 0, 0, 0, 0, 0],
	[9, 9, 22, 23, 25, 21] => QQFieldElem[0, 0, 0, 0, 0, 0, 2//7, 0],
	[9, 9, 22, 23, 25, 2] => QQFieldElem[0, 0, 0, 0, 0, 0, -1, 0],
	[9, 9, 22, 23, 16, 6] => QQFieldElem[-16//3, 0, 0, 0, 0, 0, 0, 0],
	[9, 9, 22, 23, 17, 21] => QQFieldElem[0, 0, 0, 0, 0, 0, -2//7, 0],
	[9, 9, 22, 23, 17, 2] => QQFieldElem[0, 0, 0, 0, 0, 0, -1, 0],
	[9, 9, 22, 23, 25, 5] => QQFieldElem[0, 0, 0, 0, 0, 0, -1, 0],
	[9, 9, 22, 23, 24, 21] => QQFieldElem[0, 0, 0, 0, 0, 0, -4//7, 0],
	[9, 9, 22, 23, 24, 2] => QQFieldElem[0, 0, 0, 0, 0, 0, -1, 0],
	[9, 9, 22, 23, 17, 5] => QQFieldElem[0, 0, 0, 0, 0, 0, 1, 0])