Dict(
	[10, 15, 14, 21, 17, 1, 1, 20, 1, 1] => QQFieldElem[0, 0, 0, 0, 3//16, 0, -3//16, -3//16, 0, -3//16, 0, 0, -3//16, 0, 0, 3//16],
	[10, 15, 14, 21, 15, 1, 1, 21, 1, 2] => QQFieldElem[0, 0, 0, 1//3, 0, -1//3, 0, 0, 0, 0, 0, 0, 0, 1//3, 0, 0],
	[10, 15, 14, 21, 10, 1, 1, 21, 1, 1] => QQFieldElem[0, 3//8, 0, 0, 0, 0, 0, 0, 0, 0, 0, 3//8, 0, 0, 0, 0],
	[10, 15, 14, 21, 13, 1, 1, 20, 1, 2] => QQFieldElem[0, 0, 0, 0, 0, 1//6, 0, 1//6, 0, 0, -1//6, 0, 1//6, 0, 0, 0],
	[10, 15, 14, 21, 12, 1, 1, 20, 1, 1] => QQFieldElem[0, 0, 0, 0, -3//16, 0, -3//16, 3//16, 0, -3//16, 0, 0, 3//16, 0, 0, -3//16],
	[10, 15, 14, 21, 13, 1, 1, 19, 1, 1] => QQFieldElem[0, 3//16, 0, 0, -3//16, 0, 3//16, 3//16, 0, 0, 0, 0, 0, 0, 0, -3//16],
	[10, 15, 14, 21, 11, 1, 1, 20, 1, 2] => QQFieldElem[0, 0, -1//6, 0, 0, 1//6, 0, 1//6, 0, 0, 1//6, 0, -1//6, 0, 0, -1//6],
	[10, 15, 14, 21, 13, 1, 1, 21, 1, 1] => QQFieldElem[0, 3//8, 0, 0, 0, 0, 0, 0, 0, 0, 0, -3//8, 0, 0, 0, 0],
	[10, 15, 14, 21, 17, 1, 1, 19, 1, 2] => QQFieldElem[0, 0, -1//6, 0, 0, 1//6, 0, 0, 0, 0, 0, 0, 1//6, 0, 0, 1//6],
	[10, 15, 14, 21, 15, 1, 1, 20, 1, 2] => QQFieldElem[0, 0, -1//6, 0, 0, 1//6, 0, -1//6, 0, 0, 1//6, 0, 1//6, 0, 0, 1//6],
	[10, 15, 14, 21, 10, 1, 1, 20, 1, 1] => QQFieldElem[0, 3//16, 0, 0, 3//16, 0, -3//16, 3//16, 0, 0, 0, 0, 0, 0, 0, -3//16],
	[10, 15, 14, 21, 17, 1, 1, 21, 1, 2] => QQFieldElem[0, 0, 0, 0, 0, 0, 0, 0, 0, 0, 0, -1//3, 0, -1//3, 0, 0],
	[10, 15, 14, 21, 11, 1, 1, 19, 1, 1] => QQFieldElem[0, -3//16, 0, 0, 0, 0, 3//16, -3//16, 0, 3//16, 0, 0, -3//16, 0, 0, 3//16],
	[10, 15, 14, 21, 11, 1, 1, 21, 1, 1] => QQFieldElem[0, 0, 0, -3//8, 0, 0, 0, 0, 0, -3//8, 0, 0, 0, 0, 0, 0],
	[10, 15, 14, 21, 15, 1, 1, 19, 1, 1] => QQFieldElem[0, -3//16, 0, 0, 0, 0, 3//16, 3//16, 0, 3//16, 0, 0, 3//16, 0, 0, -3//16],
	[10, 15, 14, 21, 12, 1, 1, 19, 1, 2] => QQFieldElem[0, 0, -1//6, 0, 0, 1//6, 0, 0, 0, 0, 0, 0, -1//6, 0, 0, -1//6],
	[10, 15, 14, 21, 15, 1, 1, 21, 1, 1] => QQFieldElem[0, 0, 0, 3//8, 0, 0, 0, 0, 0, -3//8, 0, 0, 0, 0, 0, 0],
	[10, 15, 14, 21, 13, 1, 1, 20, 1, 1] => QQFieldElem[0, 3//16, 0, 0, -3//16, 0, -3//16, -3//16, 0, 0, 0, 0, 0, 0, 0, 3//16],
	[10, 15, 14, 21, 12, 1, 1, 21, 1, 2] => QQFieldElem[0, 0, 0, 0, 0, 0, 0, 0, 0, 0, 0, 1//3, 0, -1//3, 0, 0],
	[10, 15, 14, 21, 17, 1, 1, 20, 1, 2] => QQFieldElem[0, 0, 1//6, 0, 0, 1//6, 0, 0, 0, 0, 0, 0, 1//6, 0, 0, -1//6],
	[10, 15, 14, 21, 10, 1, 1, 19, 1, 2] => QQFieldElem[0, 0, 0, 0, 0, 1//6, 0, 1//6, 0, 0, 1//6, 0, -1//6, 0, 0, 0],
	[10, 15, 14, 21, 11, 1, 1, 20, 1, 1] => QQFieldElem[0, -3//16, 0, 0, 0, 0, -3//16, 3//16, 0, 3//16, 0, 0, -3//16, 0, 0, -3//16],
	[10, 15, 14, 21, 10, 1, 1, 21, 1, 2] => QQFieldElem[0, 0, 0, 1//3, 0, 1//3, 0, 0, 0, 0, 0, -1//3, 0, 0, 0, 0],
	[10, 15, 14, 21, 17, 1, 1, 19, 1, 1] => QQFieldElem[0, 0, 0, 0, 3//16, 0, 3//16, 3//16, 0, -3//16, 0, 0, -3//16, 0, 0, -3//16],
	[10, 15, 14, 21, 15, 1, 1, 20, 1, 1] => QQFieldElem[0, -3//16, 0, 0, 0, 0, -3//16, -3//16, 0, 3//16, 0, 0, 3//16, 0, 0, 3//16],
	[10, 15, 14, 21, 17, 1, 1, 21, 1, 1] => QQFieldElem[0, -3//8, 0, -3//8, 0, 0, 0, 0, 0, 3//8, 0, 3//8, 0, 0, 0, 0],
	[10, 15, 14, 21, 12, 1, 1, 20, 1, 2] => QQFieldElem[0, 0, 1//6, 0, 0, 1//6, 0, 0, 0, 0, 0, 0, -1//6, 0, 0, 1//6],
	[10, 15, 14, 21, 13, 1, 1, 19, 1, 2] => QQFieldElem[0, 0, 0, 0, 0, 1//6, 0, -1//6, 0, 0, 1//6, 0, 1//6, 0, 0, 0],
	[10, 15, 14, 21, 13, 1, 1, 21, 1, 2] => QQFieldElem[0, 0, 0, -1//3, 0, 1//3, 0, 0, 0, 0, 0, 1//3, 0, 0, 0, 0],
	[10, 15, 14, 21, 12, 1, 1, 19, 1, 1] => QQFieldElem[0, 0, 0, 0, -3//16, 0, 3//16, -3//16, 0, -3//16, 0, 0, 3//16, 0, 0, 3//16],
	[10, 15, 14, 21, 11, 1, 1, 19, 1, 2] => QQFieldElem[0, 0, 1//6, 0, 0, 1//6, 0, -1//6, 0, 0, -1//6, 0, -1//6, 0, 0, 1//6],
	[10, 15, 14, 21, 10, 1, 1, 20, 1, 2] => QQFieldElem[0, 0, 0, 0, 0, 1//6, 0, -1//6, 0, 0, -1//6, 0, -1//6, 0, 0, 0],
	[10, 15, 14, 21, 12, 1, 1, 21, 1, 1] => QQFieldElem[0, -3//8, 0, 3//8, 0, 0, 0, 0, 0, 3//8, 0, -3//8, 0, 0, 0, 0],
	[10, 15, 14, 21, 11, 1, 1, 21, 1, 2] => QQFieldElem[0, 0, 0, -1//3, 0, -1//3, 0, 0, 0, 0, 0, 0, 0, 1//3, 0, 0],
	[10, 15, 14, 21, 15, 1, 1, 19, 1, 2] => QQFieldElem[0, 0, 1//6, 0, 0, 1//6, 0, 1//6, 0, 0, -1//6, 0, 1//6, 0, 0, -1//6],
	[10, 15, 14, 21, 10, 1, 1, 19, 1, 1] => QQFieldElem[0, 3//16, 0, 0, 3//16, 0, 3//16, -3//16, 0, 0, 0, 0, 0, 0, 0, 3//16])