Dict(
	[10, 17, 10, 17, 19, 1, 1, 21, 1, 1] => QQFieldElem[0, 0, 1//3, 0, -1//3, 0, 0, 0, 0, 0, -1//3, 0, 0, 0, 0, 0],
	[10, 17, 10, 17, 14, 1, 1, 14, 1, 1] => QQFieldElem[0, 0, 0, 0, 0, 0, 0, 0, 0, 0, 0, 0, 0, 0, 0, 0],
	[10, 17, 10, 17, 20, 1, 1, 14, 1, 1] => QQFieldElem[0, 0, 0, 0, 0, 0, 0, 0, 0, 0, -1//3, 0, 0, 0, 0, 0],
	[10, 17, 10, 17, 19, 1, 1, 20, 1, 1] => QQFieldElem[0, 0, 1//3, 0, 1//3, 0, 0, 0, 0, 0, -1//3, 0, -1//3, 0, 0, 0],
	[10, 17, 10, 17, 21, 1, 1, 19, 1, 1] => QQFieldElem[0, 0, 1//3, 0, -1//3, 0, 0, 0, 0, 0, -1//3, 0, 0, 0, 0, 0],
	[10, 17, 10, 17, 21, 1, 1, 21, 1, 1] => QQFieldElem[0, 0, 1//3, 0, 1//3, 0, 0, 0, 0, 0, -1//3, 0, -1//3, 0, 0, 0],
	[10, 17, 10, 17, 14, 1, 1, 19, 1, 1] => QQFieldElem[0, 0, -1, 0, 0, 0, 0, 0, 0, 0, 1, 0, 0, 0, 0, 0],
	[10, 17, 10, 17, 14, 1, 1, 21, 1, 1] => QQFieldElem[0, 0, 1, 0, 0, 0, 0, 0, 0, 0, 0, 0, 0, 0, 0, 0],
	[10, 17, 10, 17, 20, 1, 1, 19, 1, 1] => QQFieldElem[0, 0, 1//3, 0, 1//3, 0, 0, 0, 0, 0, -1//3, 0, -1//3, 0, 0, 0],
	[10, 17, 10, 17, 21, 1, 1, 20, 1, 1] => QQFieldElem[0, 0, 1//3, 0, 0, 0, 0, 0, 0, 0, -1//3, 0, 1//3, 0, 0, 0],
	[10, 17, 10, 17, 20, 1, 1, 21, 1, 1] => QQFieldElem[0, 0, 1//3, 0, 0, 0, 0, 0, 0, 0, -1//3, 0, 1//3, 0, 0, 0],
	[10, 17, 10, 17, 19, 1, 1, 14, 1, 1] => QQFieldElem[0, 0, -1//3, 0, 0, 0, 0, 0, 0, 0, 1//3, 0, 0, 0, 0, 0],
	[10, 17, 10, 17, 14, 1, 1, 20, 1, 1] => QQFieldElem[0, 0, 0, 0, 0, 0, 0, 0, 0, 0, -1, 0, 0, 0, 0, 0],
	[10, 17, 10, 17, 20, 1, 1, 20, 1, 1] => QQFieldElem[0, 0, 1//3, 0, -1//3, 0, 0, 0, 0, 0, -1//3, 0, 0, 0, 0, 0],
	[10, 17, 10, 17, 19, 1, 1, 19, 1, 1] => QQFieldElem[0, 0, 1//3, 0, 0, 0, 0, 0, 0, 0, -1//3, 0, 1//3, 0, 0, 0],
	[10, 17, 10, 17, 21, 1, 1, 14, 1, 1] => QQFieldElem[0, 0, 1//3, 0, 0, 0, 0, 0, 0, 0, 0, 0, 0, 0, 0, 0])