Dict(
	[10, 14, 11, 19, 15, 1, 1, 10, 1, 1] => QQFieldElem[0, 0, 3//512, 0, 0, 0, 0, 0, 0, 0, -3//512, 0, 0, 0, 0, 0],
	[10, 14, 11, 19, 11, 1, 1, 18, 1, 1] => QQFieldElem[0, 0, 0, 0, 0, 0, 0, 0, 0, 0, 0, 0, 9//4, 0, 0, 0],
	[10, 14, 11, 19, 18, 1, 1, 17, 1, 1] => QQFieldElem[0, 0, 0, 0, 0, 0, 0, 0, 0, 0, 0, 0, 0, 0, 0, 0],
	[10, 14, 11, 19, 16, 1, 1, 16, 1, 1] => QQFieldElem[0, 0, 0, 0, 0, 0, 1//2, 0, 0, 0, 0, 0, 0, 0, 0, 0],
	[10, 14, 11, 19, 12, 1, 1, 15, 1, 1] => QQFieldElem[0, 0, -9//8, 0, 0, 0, 0, 0, 0, 0, 9//8, 0, 0, 0, 0, 0],
	[10, 14, 11, 19, 17, 1, 1, 16, 1, 1] => QQFieldElem[0, 0, 0, 0, 0, 0, 0, 0, 0, 0, 0, 0, 0, 0, 0, 0],
	[10, 14, 11, 19, 15, 1, 1, 18, 1, 1] => QQFieldElem[0, 0, 0, 0, 0, 0, 0, 0, 0, 0, 0, 0, 0, 0, 0, 0],
	[10, 14, 11, 19, 11, 1, 1, 17, 1, 1] => QQFieldElem[0, 0, 0, 0, 0, 0, 0, 0, 0, 0, 0, 0, 9//4, 0, 0, 0],
	[10, 14, 11, 19, 15, 1, 1, 17, 1, 1] => QQFieldElem[0, 0, 0, 0, 0, 0, 1//2, 0, 0, 0, 0, 0, 0, 0, 0, 0],
	[10, 14, 11, 19, 18, 1, 1, 13, 1, 1] => QQFieldElem[1//192, 0, 0, 0, 0, 0, 0, 0, 0, 0, 0, 0, 0, 0, 0, 0],
	[10, 14, 11, 19, 16, 1, 1, 10, 1, 1] => QQFieldElem[0, 0, -3//512, 0, 0, 0, 0, 0, 0, 0, 3//512, 0, 0, 0, 0, 0],
	[10, 14, 11, 19, 17, 1, 1, 10, 1, 1] => QQFieldElem[0, 0, 3//512, 0, 0, 0, 0, 0, 0, 0, -3//512, 0, 0, 0, 0, 0],
	[10, 14, 11, 19, 12, 1, 1, 16, 1, 1] => QQFieldElem[0, 0, 9//8, 0, 0, 0, 0, 0, 0, 0, -9//8, 0, 0, 0, 0, 0],
	[10, 14, 11, 19, 11, 1, 1, 13, 1, 1] => QQFieldElem[0, 0, 0, 0, 0, 0, 0, 0, 0, 0, 0, 0, 0, 0, 0, 0],
	[10, 14, 11, 19, 16, 1, 1, 18, 1, 1] => QQFieldElem[0, 0, 0, 0, 0, 0, -1//2, 0, 0, 0, 0, 0, 0, 0, 0, 0],
	[10, 14, 11, 19, 18, 1, 1, 15, 1, 1] => QQFieldElem[0, 0, 0, 0, 0, 0, 0, 0, 0, 0, 0, 0, 0, 0, 0, 0],
	[10, 14, 11, 19, 17, 1, 1, 18, 1, 1] => QQFieldElem[0, 0, 0, 0, 0, 0, 0, 0, 0, 0, 0, 0, 0, 0, 0, 0],
	[10, 14, 11, 19, 15, 1, 1, 13, 1, 1] => QQFieldElem[1//192, 0, 0, 0, 0, 0, 0, 0, 0, 0, 0, 0, 0, 0, 0, 0],
	[10, 14, 11, 19, 12, 1, 1, 10, 1, 1] => QQFieldElem[0, 0, 0, 0, 0, 0, 0, 0, 0, 0, 0, 0, 0, 0, 0, 0],
	[10, 14, 11, 19, 11, 1, 1, 15, 1, 1] => QQFieldElem[0, 0, 0, 0, 0, 0, 0, 0, 0, 0, 0, 0, 9//4, 0, 0, 0],
	[10, 14, 11, 19, 16, 1, 1, 17, 1, 1] => QQFieldElem[0, 0, 0, 0, 0, 0, 0, 0, 0, 0, 0, 0, 0, 0, 0, 0],
	[10, 14, 11, 19, 17, 1, 1, 17, 1, 1] => QQFieldElem[0, 0, 0, 0, 0, 0, -1//2, 0, 0, 0, 0, 0, 0, 0, 0, 0],
	[10, 14, 11, 19, 15, 1, 1, 15, 1, 1] => QQFieldElem[0, 0, 0, 0, 0, 0, -1//2, 0, 0, 0, 0, 0, 0, 0, 0, 0],
	[10, 14, 11, 19, 12, 1, 1, 18, 1, 1] => QQFieldElem[0, 0, 9//8, 0, 0, 0, 0, 0, 0, 0, -9//8, 0, 0, 0, 0, 0],
	[10, 14, 11, 19, 18, 1, 1, 16, 1, 1] => QQFieldElem[0, 0, 0, 0, 0, 0, -1//2, 0, 0, 0, 0, 0, 0, 0, 0, 0],
	[10, 14, 11, 19, 16, 1, 1, 13, 1, 1] => QQFieldElem[1//192, 0, 0, 0, 0, 0, 0, 0, 0, 0, 0, 0, 0, 0, 0, 0],
	[10, 14, 11, 19, 12, 1, 1, 17, 1, 1] => QQFieldElem[0, 0, -9//8, 0, 0, 0, 0, 0, 0, 0, 9//8, 0, 0, 0, 0, 0],
	[10, 14, 11, 19, 17, 1, 1, 13, 1, 1] => QQFieldElem[1//192, 0, 0, 0, 0, 0, 0, 0, 0, 0, 0, 0, 0, 0, 0, 0],
	[10, 14, 11, 19, 11, 1, 1, 16, 1, 1] => QQFieldElem[0, 0, 0, 0, 0, 0, 0, 0, 0, 0, 0, 0, 9//4, 0, 0, 0],
	[10, 14, 11, 19, 18, 1, 1, 10, 1, 1] => QQFieldElem[0, 0, -3//512, 0, 0, 0, 0, 0, 0, 0, 3//512, 0, 0, 0, 0, 0],
	[10, 14, 11, 19, 15, 1, 1, 16, 1, 1] => QQFieldElem[0, 0, 0, 0, 0, 0, 0, 0, 0, 0, 0, 0, 0, 0, 0, 0],
	[10, 14, 11, 19, 16, 1, 1, 15, 1, 1] => QQFieldElem[0, 0, 0, 0, 0, 0, 0, 0, 0, 0, 0, 0, 0, 0, 0, 0],
	[10, 14, 11, 19, 17, 1, 1, 15, 1, 1] => QQFieldElem[0, 0, 0, 0, 0, 0, 1//2, 0, 0, 0, 0, 0, 0, 0, 0, 0],
	[10, 14, 11, 19, 12, 1, 1, 13, 1, 1] => QQFieldElem[0, 0, 0, 0, 0, 0, 0, 0, 0, 0, 0, 0, 0, 0, 0, 0],
	[10, 14, 11, 19, 11, 1, 1, 10, 1, 1] => QQFieldElem[0, 0, 0, 0, 0, 0, 0, 0, 0, 0, 0, 0, 0, 0, 0, 0],
	[10, 14, 11, 19, 18, 1, 1, 18, 1, 1] => QQFieldElem[0, 0, 0, 0, 0, 0, 1//2, 0, 0, 0, 0, 0, 0, 0, 0, 0])