Dict(
	[10, 13, 15, 12, 20, 1, 1, 8, 1, 1] => QQFieldElem[0, 0, 0, 0, -2//9, 0, 0, 0, 0, 0, 0, 0, 0, 0, 0, 0],
	[10, 13, 15, 12, 19, 1, 1, 19, 1, 1] => QQFieldElem[0, 0, 0, 0, 0, 0, 0, 0, 0, -4//9, 0, 0, 4//9, 0, 0, 0],
	[10, 13, 15, 12, 6, 1, 1, 8, 1, 1] => QQFieldElem[0, 0, 0, 0, 0, 0, 0, 0, 0, 0, 0, 0, 0, 0, 0, 0],
	[10, 13, 15, 12, 19, 1, 1, 21, 1, 1] => QQFieldElem[0, 4//9, 0, 0, 0, 0, 0, 0, 0, 0, 0, 0, 4//9, 0, 0, 0],
	[10, 13, 15, 12, 21, 1, 1, 19, 1, 1] => QQFieldElem[0, 4//9, 0, 0, 0, 0, 0, 0, 0, 0, 0, 0, 4//9, 0, 0, 0],
	[10, 13, 15, 12, 19, 1, 1, 20, 1, 1] => QQFieldElem[0, -4//9, 0, 0, 0, 0, 0, 0, 0, 4//9, 0, 0, 4//9, 0, 0, 0],
	[10, 13, 15, 12, 21, 1, 1, 21, 1, 1] => QQFieldElem[0, -4//9, 0, 0, 0, 0, 0, 0, 0, 4//9, 0, 0, 4//9, 0, 0, 0],
	[10, 13, 15, 12, 19, 1, 1, 8, 1, 1] => QQFieldElem[0, 0, 0, 0, 0, 0, 0, 0, 0, 0, 0, 0, 2//9, 0, 0, 0],
	[10, 13, 15, 12, 20, 1, 1, 19, 1, 1] => QQFieldElem[0, -4//9, 0, 0, 0, 0, 0, 0, 0, 4//9, 0, 0, 4//9, 0, 0, 0],
	[10, 13, 15, 12, 6, 1, 1, 19, 1, 1] => QQFieldElem[0, 0, -256//3, 0, 0, 0, 0, 0, 0, 0, 256//3, 0, 0, 0, 0, 0],
	[10, 13, 15, 12, 21, 1, 1, 20, 1, 1] => QQFieldElem[0, 0, 0, 0, 0, 0, 0, 0, 0, -4//9, 0, 0, 4//9, 0, 0, 0],
	[10, 13, 15, 12, 20, 1, 1, 21, 1, 1] => QQFieldElem[0, 0, 0, 0, 0, 0, 0, 0, 0, -4//9, 0, 0, 4//9, 0, 0, 0],
	[10, 13, 15, 12, 6, 1, 1, 21, 1, 1] => QQFieldElem[0, 0, 256//3, 0, 0, 0, 0, 0, 0, 0, 0, 0, 0, 0, 0, 0],
	[10, 13, 15, 12, 21, 1, 1, 8, 1, 1] => QQFieldElem[0, 0, 0, 0, 2//9, 0, 0, 0, 0, 0, 0, 0, -2//9, 0, 0, 0],
	[10, 13, 15, 12, 20, 1, 1, 20, 1, 1] => QQFieldElem[0, 4//9, 0, 0, 0, 0, 0, 0, 0, 0, 0, 0, 4//9, 0, 0, 0],
	[10, 13, 15, 12, 6, 1, 1, 20, 1, 1] => QQFieldElem[0, 0, 0, 0, 0, 0, 0, 0, 0, 0, -256//3, 0, 0, 0, 0, 0])