Dict(
	[10, 13, 10, 18, 20, 1, 1, 19, 1, 1] => QQFieldElem[0, 0, 0, 1//3, 0, 0, 0, 0, 0, 0, 0, -1//3, -1//3, 0, 0, 0],
	[10, 13, 10, 18, 21, 1, 1, 20, 1, 1] => QQFieldElem[0, 0, 0, -1//3, 0, 0, 0, 0, 0, 0, 0, 0, -1//3, 0, 0, 0],
	[10, 13, 10, 18, 9, 1, 1, 19, 1, 1] => QQFieldElem[0, 0, 0, 0, 0, 0, 0, 0, 0, 0, 0, 0, 64, 0, 0, 0],
	[10, 13, 10, 18, 20, 1, 1, 21, 1, 1] => QQFieldElem[0, 0, 0, -1//3, 0, 0, 0, 0, 0, 0, 0, 0, -1//3, 0, 0, 0],
	[10, 13, 10, 18, 9, 1, 1, 21, 1, 1] => QQFieldElem[0, 0, 0, 0, -64, 0, 0, 0, 0, 0, 0, 0, 0, 0, 0, 0],
	[10, 13, 10, 18, 20, 1, 1, 9, 1, 1] => QQFieldElem[0, 0, 0, 0, 0, 0, 0, 0, 0, 0, 0, 0, 0, 0, 1//128, 0],
	[10, 13, 10, 18, 9, 1, 1, 9, 1, 1] => QQFieldElem[0, 0, 0, 0, 0, 0, 0, 0, 0, 0, 0, 0, 0, 0, 0, 0],
	[10, 13, 10, 18, 20, 1, 1, 20, 1, 1] => QQFieldElem[0, 0, 0, 0, 0, 0, 0, 0, 0, 0, 0, 1//3, -1//3, 0, 0, 0],
	[10, 13, 10, 18, 9, 1, 1, 20, 1, 1] => QQFieldElem[0, 0, 0, 0, 64, 0, 0, 0, 0, 0, 0, 0, -64, 0, 0, 0],
	[10, 13, 10, 18, 19, 1, 1, 19, 1, 1] => QQFieldElem[0, 0, 0, -1//3, 0, 0, 0, 0, 0, 0, 0, 0, -1//3, 0, 0, 0],
	[10, 13, 10, 18, 19, 1, 1, 21, 1, 1] => QQFieldElem[0, 0, 0, 0, 0, 0, 0, 0, 0, 0, 0, 1//3, -1//3, 0, 0, 0],
	[10, 13, 10, 18, 19, 1, 1, 9, 1, 1] => QQFieldElem[0, 0, 0, 0, 0, 0, -1//128, 0, 0, 0, 0, 0, 0, 0, 0, 0],
	[10, 13, 10, 18, 21, 1, 1, 19, 1, 1] => QQFieldElem[0, 0, 0, 0, 0, 0, 0, 0, 0, 0, 0, 1//3, -1//3, 0, 0, 0],
	[10, 13, 10, 18, 19, 1, 1, 20, 1, 1] => QQFieldElem[0, 0, 0, 1//3, 0, 0, 0, 0, 0, 0, 0, -1//3, -1//3, 0, 0, 0],
	[10, 13, 10, 18, 21, 1, 1, 21, 1, 1] => QQFieldElem[0, 0, 0, 1//3, 0, 0, 0, 0, 0, 0, 0, -1//3, -1//3, 0, 0, 0],
	[10, 13, 10, 18, 21, 1, 1, 9, 1, 1] => QQFieldElem[0, 0, 0, 0, 0, 0, 1//128, 0, 0, 0, 0, 0, 0, 0, -1//128, 0])