Dict(
	[10, 20, 20, 11, 9, 1, 1, 10, 1, 1] => QQFieldElem[1//96, 0, 0, 0, 0, 0, 0, 0, 0, 0, 0, 0, 0, 0, 0, 0],
	[10, 20, 20, 11, 19, 1, 1, 12, 1, 1] => QQFieldElem[2//9, 0, 2//9, 0, 2//9, 0, 2//9, 0, 0, 0, -2//9, 0, -2//9, 0, -2//9, 0],
	[10, 20, 20, 11, 20, 1, 1, 18, 1, 1] => QQFieldElem[0, 0, 0, 0, 0, 0, 0, 0, 0, 0, 0, 1//4, 0, -1//4, 0, 0],
	[10, 20, 20, 11, 21, 1, 1, 13, 1, 1] => QQFieldElem[2//9, 0, -2//9, 0, 2//9, 0, -2//9, 0, 0, 0, 2//9, 0, -2//9, 0, 2//9, 0],
	[10, 20, 20, 11, 9, 1, 1, 18, 1, 1] => QQFieldElem[0, 0, 0, 0, 0, 0, 0, 0, 0, 0, 0, 0, 1//2, 0, 0, 0],
	[10, 20, 20, 11, 8, 1, 1, 15, 1, 1] => QQFieldElem[0, 0, 0, 0, 0, 0, 0, 0, 0, 0, 0, 0, 1//2, 0, 0, 0],
	[10, 20, 20, 11, 20, 1, 1, 17, 1, 1] => QQFieldElem[0, 0, 0, -1//8, 0, -1//8, 0, 0, 0, 0, 0, 0, 0, 1//8, 0, 0],
	[10, 20, 20, 11, 19, 1, 1, 16, 1, 1] => QQFieldElem[0, 0, 0, 0, 0, 0, 0, 0, 0, -1//8, 0, 0, 0, 0, 0, 1//8],
	[10, 20, 20, 11, 8, 1, 1, 12, 1, 1] => QQFieldElem[0, 0, 0, 0, 0, 0, -4//9, 0, -4//9, 0, -4//9, 0, -4//9, 0, 0, 0],
	[10, 20, 20, 11, 9, 1, 1, 17, 1, 1] => QQFieldElem[-1//4, 0, 0, 0, 0, 0, 0, 0, 0, 0, 0, 0, 1//4, 0, 0, 0],
	[10, 20, 20, 11, 20, 1, 2, 13, 1, 1] => QQFieldElem[-2//9, 0, 2//9, 0, -2//9, 0, 2//9, 0, 0, 0, -2//9, 0, 2//9, 0, -2//9, 0],
	[10, 20, 20, 11, 8, 1, 1, 16, 1, 1] => QQFieldElem[-1//4, 0, 0, 0, 0, 0, 0, 0, 0, 0, 0, 0, 1//4, 0, 0, 0],
	[10, 20, 20, 11, 5, 1, 1, 11, 1, 1] => QQFieldElem[0, 0, 0, 0, 0, 0, 0, 0, 0, 0, 0, 0, 0, 0, 0, 0],
	[10, 20, 20, 11, 19, 1, 1, 13, 1, 1] => QQFieldElem[-2//9, 0, 2//9, 0, -2//9, 0, 2//9, 0, 0, 0, -2//9, 0, 2//9, 0, -2//9, 0],
	[10, 20, 20, 11, 4, 1, 1, 15, 1, 1] => QQFieldElem[0, 0, 0, 0, 0, 0, 0, 0, 0, 0, 0, 0, 1//2, 0, 0, 0],
	[10, 20, 20, 11, 4, 1, 1, 12, 1, 1] => QQFieldElem[0, 0, 0, 0, 0, 0, 4//9, 0, 4//9, 0, 4//9, 0, 4//9, 0, 0, 0],
	[10, 20, 20, 11, 8, 1, 1, 13, 1, 1] => QQFieldElem[0, 0, 0, 0, 0, 0, 4//9, 0, -4//9, 0, 4//9, 0, -4//9, 0, 0, 0],
	[10, 20, 20, 11, 21, 1, 1, 11, 1, 1] => QQFieldElem[1//64, 0, 0, 0, 0, 0, 0, 0, 0, 0, 0, 0, 0, 0, 0, 0],
	[10, 20, 20, 11, 4, 1, 1, 16, 1, 1] => QQFieldElem[1//4, 0, 0, 0, 0, 0, 0, 0, 0, 0, 0, 0, 1//4, 0, 0, 0],
	[10, 20, 20, 11, 20, 1, 2, 11, 1, 1] => QQFieldElem[1//64, 0, 0, 0, 0, 0, 0, 0, 0, 0, 0, 0, 0, 0, 0, 0],
	[10, 20, 20, 11, 5, 1, 1, 10, 1, 1] => QQFieldElem[1//96, 0, 0, 0, 0, 0, 0, 0, 0, 0, 0, 0, 0, 0, 0, 0],
	[10, 20, 20, 11, 5, 1, 1, 18, 1, 1] => QQFieldElem[0, 0, 0, 0, 0, 0, 0, 0, 0, 0, 0, 0, 1//2, 0, 0, 0],
	[10, 20, 20, 11, 20, 1, 1, 15, 1, 1] => QQFieldElem[0, 0, 0, 1//4, 0, 1//4, 0, 0, 0, 0, 0, -1//4, 0, 0, 0, 0],
	[10, 20, 20, 11, 5, 1, 1, 17, 1, 1] => QQFieldElem[1//4, 0, 0, 0, 0, 0, 0, 0, 0, 0, 0, 0, 1//4, 0, 0, 0],
	[10, 20, 20, 11, 9, 1, 1, 15, 1, 1] => QQFieldElem[0, 0, 0, 0, 0, 0, 0, 0, 0, 0, 0, 0, 1//2, 0, 0, 0],
	[10, 20, 20, 11, 20, 1, 1, 12, 1, 1] => QQFieldElem[-2//9, 0, -2//9, 0, -2//9, 0, -2//9, 0, 0, 0, 2//9, 0, 2//9, 0, 2//9, 0],
	[10, 20, 20, 11, 9, 1, 1, 12, 1, 1] => QQFieldElem[0, 0, 0, 0, 0, 0, -4//9, 0, -4//9, 0, -4//9, 0, -4//9, 0, 0, 0],
	[10, 20, 20, 11, 21, 1, 1, 10, 1, 1] => QQFieldElem[0, 0, 0, 0, 0, 0, 0, 0, 0, 0, 0, 0, 0, 0, 0, 0],
	[10, 20, 20, 11, 4, 1, 1, 13, 1, 1] => QQFieldElem[0, 0, 0, 0, 0, 0, -4//9, 0, 4//9, 0, -4//9, 0, 4//9, 0, 0, 0],
	[10, 20, 20, 11, 19, 1, 1, 11, 1, 1] => QQFieldElem[1//64, 0, 0, 0, 0, 0, 0, 0, 0, 0, 0, 0, 0, 0, 0, 0],
	[10, 20, 20, 11, 20, 1, 1, 16, 1, 1] => QQFieldElem[0, 0, 0, -1//8, 0, -1//8, 0, 0, 0, 0, 0, 0, 0, 1//8, 0, 0],
	[10, 20, 20, 11, 21, 1, 1, 18, 1, 1] => QQFieldElem[0, 0, 0, 0, 0, 0, 0, 0, 0, 0, 0, -1//4, 0, 1//4, 0, 0],
	[10, 20, 20, 11, 9, 1, 1, 16, 1, 1] => QQFieldElem[1//4, 0, 0, 0, 0, 0, 0, 0, 0, 0, 0, 0, 1//4, 0, 0, 0],
	[10, 20, 20, 11, 20, 1, 2, 10, 1, 1] => QQFieldElem[0, 0, 0, 0, 0, 0, 0, 0, 0, 0, 0, 0, 0, 0, 0, 0],
	[10, 20, 20, 11, 8, 1, 1, 11, 1, 1] => QQFieldElem[0, 0, 0, 0, 0, 0, 0, 0, 0, 0, 0, 0, 0, 0, 0, 0],
	[10, 20, 20, 11, 21, 1, 1, 17, 1, 1] => QQFieldElem[0, 0, 0, 1//8, 0, 1//8, 0, 0, 0, 0, 0, 0, 0, -1//8, 0, 0],
	[10, 20, 20, 11, 20, 1, 2, 18, 1, 1] => QQFieldElem[0, -1//4, 0, 0, 0, 0, 0, -1//4, 0, 0, 0, 0, 0, 0, 0, 1//4],
	[10, 20, 20, 11, 20, 1, 2, 17, 1, 1] => QQFieldElem[0, 0, 0, 0, 0, 0, 0, 0, 0, 1//8, 0, 0, 0, 0, 0, -1//8],
	[10, 20, 20, 11, 20, 1, 1, 13, 1, 1] => QQFieldElem[2//9, 0, -2//9, 0, 2//9, 0, -2//9, 0, 0, 0, 2//9, 0, -2//9, 0, 2//9, 0],
	[10, 20, 20, 11, 19, 1, 1, 10, 1, 1] => QQFieldElem[0, 0, 0, 0, 0, 0, 0, 0, 0, 0, 0, 0, 0, 0, 0, 0],
	[10, 20, 20, 11, 9, 1, 1, 13, 1, 1] => QQFieldElem[0, 0, 0, 0, 0, 0, 4//9, 0, -4//9, 0, 4//9, 0, -4//9, 0, 0, 0],
	[10, 20, 20, 11, 19, 1, 1, 18, 1, 1] => QQFieldElem[0, 1//4, 0, 0, 0, 0, 0, 1//4, 0, 0, 0, 0, 0, 0, 0, -1//4],
	[10, 20, 20, 11, 8, 1, 1, 10, 1, 1] => QQFieldElem[-1//96, 0, 0, 0, 0, 0, 0, 0, 0, 0, 0, 0, 0, 0, 0, 0],
	[10, 20, 20, 11, 19, 1, 1, 17, 1, 1] => QQFieldElem[0, 0, 0, 0, 0, 0, 0, 0, 0, -1//8, 0, 0, 0, 0, 0, 1//8],
	[10, 20, 20, 11, 4, 1, 1, 11, 1, 1] => QQFieldElem[0, 0, 0, 0, 0, 0, 0, 0, 0, 0, 0, 0, 0, 0, 0, 0],
	[10, 20, 20, 11, 8, 1, 1, 18, 1, 1] => QQFieldElem[0, 0, 0, 0, 0, 0, 0, 0, 0, 0, 0, 0, 1//2, 0, 0, 0],
	[10, 20, 20, 11, 8, 1, 1, 17, 1, 1] => QQFieldElem[1//4, 0, 0, 0, 0, 0, 0, 0, 0, 0, 0, 0, 1//4, 0, 0, 0],
	[10, 20, 20, 11, 5, 1, 1, 15, 1, 1] => QQFieldElem[0, 0, 0, 0, 0, 0, 0, 0, 0, 0, 0, 0, 1//2, 0, 0, 0],
	[10, 20, 20, 11, 5, 1, 1, 12, 1, 1] => QQFieldElem[0, 0, 0, 0, 0, 0, 4//9, 0, 4//9, 0, 4//9, 0, 4//9, 0, 0, 0],
	[10, 20, 20, 11, 5, 1, 1, 16, 1, 1] => QQFieldElem[-1//4, 0, 0, 0, 0, 0, 0, 0, 0, 0, 0, 0, 1//4, 0, 0, 0],
	[10, 20, 20, 11, 21, 1, 1, 15, 1, 1] => QQFieldElem[0, 0, 0, -1//4, 0, -1//4, 0, 0, 0, 0, 0, 1//4, 0, 0, 0, 0],
	[10, 20, 20, 11, 4, 1, 1, 10, 1, 1] => QQFieldElem[-1//96, 0, 0, 0, 0, 0, 0, 0, 0, 0, 0, 0, 0, 0, 0, 0],
	[10, 20, 20, 11, 20, 1, 1, 11, 1, 1] => QQFieldElem[1//64, 0, 0, 0, 0, 0, 0, 0, 0, 0, 0, 0, 0, 0, 0, 0],
	[10, 20, 20, 11, 21, 1, 1, 12, 1, 1] => QQFieldElem[-2//9, 0, -2//9, 0, -2//9, 0, -2//9, 0, 0, 0, 2//9, 0, 2//9, 0, 2//9, 0],
	[10, 20, 20, 11, 9, 1, 1, 11, 1, 1] => QQFieldElem[0, 0, 0, 0, 0, 0, 0, 0, 0, 0, 0, 0, 0, 0, 0, 0],
	[10, 20, 20, 11, 4, 1, 1, 18, 1, 1] => QQFieldElem[0, 0, 0, 0, 0, 0, 0, 0, 0, 0, 0, 0, 1//2, 0, 0, 0],
	[10, 20, 20, 11, 20, 1, 2, 15, 1, 1] => QQFieldElem[0, 1//4, 0, 0, 0, 0, 0, 1//4, 0, -1//4, 0, 0, 0, 0, 0, 0],
	[10, 20, 20, 11, 4, 1, 1, 17, 1, 1] => QQFieldElem[-1//4, 0, 0, 0, 0, 0, 0, 0, 0, 0, 0, 0, 1//4, 0, 0, 0],
	[10, 20, 20, 11, 21, 1, 1, 16, 1, 1] => QQFieldElem[0, 0, 0, 1//8, 0, 1//8, 0, 0, 0, 0, 0, 0, 0, -1//8, 0, 0],
	[10, 20, 20, 11, 20, 1, 2, 12, 1, 1] => QQFieldElem[2//9, 0, 2//9, 0, 2//9, 0, 2//9, 0, 0, 0, -2//9, 0, -2//9, 0, -2//9, 0],
	[10, 20, 20, 11, 20, 1, 2, 16, 1, 1] => QQFieldElem[0, 0, 0, 0, 0, 0, 0, 0, 0, 1//8, 0, 0, 0, 0, 0, -1//8],
	[10, 20, 20, 11, 5, 1, 1, 13, 1, 1] => QQFieldElem[0, 0, 0, 0, 0, 0, -4//9, 0, 4//9, 0, -4//9, 0, 4//9, 0, 0, 0],
	[10, 20, 20, 11, 20, 1, 1, 10, 1, 1] => QQFieldElem[0, 0, 0, 0, 0, 0, 0, 0, 0, 0, 0, 0, 0, 0, 0, 0],
	[10, 20, 20, 11, 19, 1, 1, 15, 1, 1] => QQFieldElem[0, -1//4, 0, 0, 0, 0, 0, -1//4, 0, 1//4, 0, 0, 0, 0, 0, 0])