Dict(
	[10, 14, 14, 11, 8, 1, 1, 17, 1, 1] => QQFieldElem[0, 0, 0, 0, 0, 0, 0, 0, 0, 0, 0, 0, 0, 0, 0, 0],
	[10, 14, 14, 11, 9, 1, 1, 16, 1, 1] => QQFieldElem[1//64, 0, 0, 0, 0, 0, 0, 0, 0, 0, 0, 0, 0, 0, 0, 0],
	[10, 14, 14, 11, 4, 1, 1, 15, 1, 1] => QQFieldElem[0, 0, 0, 0, 0, 0, 1//144, 0, 0, 0, 0, 0, 0, 0, 0, 0],
	[10, 14, 14, 11, 5, 1, 1, 15, 1, 1] => QQFieldElem[0, 0, 0, 0, 0, 0, -1//144, 0, 0, 0, 0, 0, 0, 0, 0, 0],
	[10, 14, 14, 11, 4, 1, 1, 16, 1, 1] => QQFieldElem[1//64, 0, 0, 0, 0, 0, 0, 0, 0, 0, 0, 0, 0, 0, 0, 0],
	[10, 14, 14, 11, 8, 1, 1, 15, 1, 1] => QQFieldElem[0, 0, 0, 0, 0, 0, 1//144, 0, 0, 0, 0, 0, 0, 0, 0, 0],
	[10, 14, 14, 11, 5, 1, 1, 16, 1, 1] => QQFieldElem[1//64, 0, 0, 0, 0, 0, 0, 0, 0, 0, 0, 0, 0, 0, 0, 0],
	[10, 14, 14, 11, 9, 1, 1, 18, 1, 1] => QQFieldElem[0, 0, 0, 0, 0, 0, 0, 0, 0, 0, 0, 0, 0, 0, 0, 0],
	[10, 14, 14, 11, 9, 1, 1, 17, 1, 1] => QQFieldElem[0, 0, 0, 0, 0, 4//9, 0, 0, 0, 0, 0, 0, 0, -4//9, 0, 0],
	[10, 14, 14, 11, 8, 1, 1, 16, 1, 1] => QQFieldElem[1//64, 0, 0, 0, 0, 0, 0, 0, 0, 0, 0, 0, 0, 0, 0, 0],
	[10, 14, 14, 11, 4, 1, 1, 18, 1, 1] => QQFieldElem[0, 0, 0, 0, 0, 0, 0, 0, 0, -4//9, 0, 0, 0, 0, 0, 0],
	[10, 14, 14, 11, 5, 1, 1, 18, 1, 1] => QQFieldElem[0, 0, 0, 0, 0, 0, 0, 0, 0, 0, 0, 0, 0, 0, 0, 0],
	[10, 14, 14, 11, 4, 1, 1, 17, 1, 1] => QQFieldElem[0, 0, 0, 0, 0, 0, 0, 0, 0, 0, 0, 0, 0, 0, 0, 0],
	[10, 14, 14, 11, 5, 1, 1, 17, 1, 1] => QQFieldElem[0, 0, 0, 0, 0, -4//9, 0, 0, 0, 0, 0, 0, 0, 4//9, 0, 0],
	[10, 14, 14, 11, 9, 1, 1, 15, 1, 1] => QQFieldElem[0, 0, 0, 0, 0, 0, -1//144, 0, 0, 0, 0, 0, 0, 0, 0, 0],
	[10, 14, 14, 11, 8, 1, 1, 18, 1, 1] => QQFieldElem[0, 0, 0, 0, 0, 0, 0, 0, 0, 4//9, 0, 0, 0, 0, 0, 0])