Dict(
	[10, 16, 14, 14, 12, 1, 1, 14, 1, 2] => QQFieldElem[1//2, 0, 0, 0, 0, 0, 0, 0, 0, 0, 0, 0, 1//2, 0, 0, 0],
	[10, 16, 14, 14, 12, 1, 1, 8, 1, 1] => QQFieldElem[0, 0, 0, 0, 0, 3//512, 0, 0, 0, 0, 0, 0, 0, -3//512, 0, 0],
	[10, 16, 14, 14, 16, 1, 1, 14, 1, 1] => QQFieldElem[1//2, 0, 0, 0, 0, 0, 0, 0, 0, 0, 0, 0, 1//2, 0, 0, 0],
	[10, 16, 14, 14, 16, 1, 1, 7, 1, 1] => QQFieldElem[0, 0, 0, 0, 0, 1//2, 0, 0, 0, 0, 0, 0, 0, -1//2, 0, 0],
	[10, 16, 14, 14, 18, 1, 1, 14, 1, 2] => QQFieldElem[-1//2, 0, 0, 0, 0, 0, 0, 0, 0, 0, 0, 0, 1//2, 0, 0, 0],
	[10, 16, 14, 14, 12, 1, 1, 14, 1, 1] => QQFieldElem[0, 0, -9//16, 0, 0, 0, -9//16, 0, 0, 0, 9//16, 0, 0, 0, 0, 0],
	[10, 16, 14, 14, 11, 1, 1, 14, 1, 2] => QQFieldElem[-1//2, 0, 0, 0, 0, 0, 0, 0, 0, 0, 0, 0, 1//2, 0, 0, 0],
	[10, 16, 14, 14, 18, 1, 1, 8, 1, 1] => QQFieldElem[0, 0, 0, 0, 0, 3//512, 0, 0, 0, 0, 0, 0, 0, -3//512, 0, 0],
	[10, 16, 14, 14, 12, 1, 1, 7, 1, 1] => QQFieldElem[0, 0, 0, -4//9, 0, 0, 0, 0, 0, 0, 0, 0, 0, 0, 0, 0],
	[10, 16, 14, 14, 11, 1, 1, 8, 1, 1] => QQFieldElem[0, 0, 0, 0, 0, -3//512, 0, 0, 0, 0, 0, 0, 0, 3//512, 0, 0],
	[10, 16, 14, 14, 18, 1, 1, 14, 1, 1] => QQFieldElem[0, 0, 9//16, 0, 0, 0, -9//16, 0, 0, 0, -9//16, 0, 0, 0, 0, 0],
	[10, 16, 14, 14, 16, 1, 1, 14, 1, 2] => QQFieldElem[1//2, 0, 0, 0, 0, 0, 0, 0, 0, 0, 0, 0, 1//2, 0, 0, 0],
	[10, 16, 14, 14, 11, 1, 1, 14, 1, 1] => QQFieldElem[-1//2, 0, 0, 0, 0, 0, 0, 0, 0, 0, 0, 0, 1//2, 0, 0, 0],
	[10, 16, 14, 14, 18, 1, 1, 7, 1, 1] => QQFieldElem[0, 0, 0, 4//9, 0, 0, 0, 0, 0, 0, 0, 0, 0, 0, 0, 0],
	[10, 16, 14, 14, 16, 1, 1, 8, 1, 1] => QQFieldElem[0, 0, 0, 0, 0, 0, 0, 0, 0, 0, 0, 0, 0, 0, 0, -27//4096],
	[10, 16, 14, 14, 11, 1, 1, 7, 1, 1] => QQFieldElem[0, 0, 0, 4//9, 0, 0, 0, 0, 0, 0, 0, 0, 0, 0, 0, 0])