Dict(
	[10, 10, 14, 21, 13, 1, 1, 20, 1, 1] => QQFieldElem[9//32, 0, 0, 0, 0, 9//32, 9//32, 0, 0, 0, 0, -9//32, 0, 0, 0, 0],
	[10, 10, 14, 21, 18, 1, 1, 20, 1, 1] => QQFieldElem[-9//32, -9//32, 0, 0, 0, 0, -9//32, 0, 9//32, 0, 0, 0, 0, 0, 0, 9//32],
	[10, 10, 14, 21, 16, 1, 1, 20, 1, 2] => QQFieldElem[0, 0, 0, 0, 0, 0, 0, 0, 0, 0, 0, 0, -1//4, 1//4, 1//4, 1//4],
	[10, 10, 14, 21, 17, 1, 1, 20, 1, 2] => QQFieldElem[0, 0, 0, 0, 0, -1//4, -1//4, 1//4, 0, 0, 0, 0, -1//4, 0, 0, -1//4],
	[10, 10, 14, 21, 10, 1, 1, 19, 1, 2] => QQFieldElem[0, 0, 0, 0, 4//27, 0, 0, 0, 0, 0, 0, 0, -4//27, 0, 0, 0],
	[10, 10, 14, 21, 16, 1, 1, 19, 1, 1] => QQFieldElem[0, 0, 0, 0, 0, 0, 0, 0, 1//4, 0, 0, 0, 0, 0, 0, 0],
	[10, 10, 14, 21, 10, 1, 1, 21, 1, 2] => QQFieldElem[0, 1//4, 0, -1//4, 0, 0, 0, 0, 0, 0, 0, 0, -1//4, 0, -1//4, 0],
	[10, 10, 14, 21, 17, 1, 1, 19, 1, 1] => QQFieldElem[0, 0, 0, 0, 0, 0, 0, 0, 1//4, 0, 0, 0, 0, 0, 0, 0],
	[10, 10, 14, 21, 15, 1, 1, 20, 1, 1] => QQFieldElem[-9//32, 0, 0, 9//32, 0, 0, 9//32, 0, 9//32, 0, 0, 0, 0, -9//32, 0, 0],
	[10, 10, 14, 21, 16, 1, 1, 21, 1, 1] => QQFieldElem[0, 0, 0, 0, 0, 0, -9//32, 9//32, -9//32, -9//32, 0, 0, 0, 0, 0, 0],
	[10, 10, 14, 21, 17, 1, 1, 21, 1, 1] => QQFieldElem[9//32, -9//32, 0, 0, 0, 0, -9//32, -9//32, 0, 9//32, 0, 0, 0, 0, 0, 9//32],
	[10, 10, 14, 21, 13, 1, 1, 19, 1, 2] => QQFieldElem[0, 0, 0, 0, 4//27, 0, 0, 0, 0, 0, 0, 0, -4//27, 0, 0, 0],
	[10, 10, 14, 21, 18, 1, 1, 19, 1, 2] => QQFieldElem[0, 0, 0, 0, -2//9, 0, 0, 0, 0, 0, 0, 0, 0, 0, 0, 0],
	[10, 10, 14, 21, 13, 1, 1, 21, 1, 2] => QQFieldElem[0, -1//4, 0, 0, 0, 0, 1//4, 0, 0, 1//4, 0, 1//4, -1//4, 0, 0, 0],
	[10, 10, 14, 21, 18, 1, 1, 21, 1, 2] => QQFieldElem[0, 0, 0, 0, 0, -1//4, 1//4, 1//4, 0, 0, 0, 0, -1//4, 1//4, -1//4, 0],
	[10, 10, 14, 21, 10, 1, 1, 20, 1, 2] => QQFieldElem[0, -1//4, 0, 1//4, 0, 0, 0, 0, 0, 0, 0, 0, -1//4, 0, -1//4, 0],
	[10, 10, 14, 21, 16, 1, 1, 20, 1, 1] => QQFieldElem[0, 0, 0, 0, 0, 0, -9//32, -9//32, -9//32, 9//32, 0, 0, 0, 0, 0, 0],
	[10, 10, 14, 21, 15, 1, 1, 19, 1, 2] => QQFieldElem[0, 0, 0, 0, 4//27, 0, 0, 0, 0, 0, 0, 0, -4//27, 0, 0, 0],
	[10, 10, 14, 21, 10, 1, 1, 19, 1, 1] => QQFieldElem[0, 0, 0, 0, 0, 0, 0, 0, 0, 0, 0, 0, 1//6, 0, 0, 0],
	[10, 10, 14, 21, 17, 1, 1, 20, 1, 1] => QQFieldElem[9//32, 9//32, 0, 0, 0, 0, -9//32, 9//32, 0, -9//32, 0, 0, 0, 0, 0, -9//32],
	[10, 10, 14, 21, 15, 1, 1, 21, 1, 2] => QQFieldElem[0, 0, 0, 1//4, 0, 0, -1//4, 0, 0, -1//4, 0, -1//4, -1//4, 0, 1//4, 0],
	[10, 10, 14, 21, 10, 1, 1, 21, 1, 1] => QQFieldElem[0, 0, 0, 9//32, 0, 9//32, 9//32, 0, -9//32, 0, 0, -9//32, 0, -9//32, 0, 0],
	[10, 10, 14, 21, 13, 1, 1, 20, 1, 2] => QQFieldElem[0, 1//4, 0, 0, 0, 0, 1//4, 0, 0, -1//4, 0, -1//4, -1//4, 0, 0, 0],
	[10, 10, 14, 21, 18, 1, 1, 20, 1, 2] => QQFieldElem[0, 0, 0, 0, 0, 1//4, 1//4, -1//4, 0, 0, 0, 0, -1//4, -1//4, -1//4, 0],
	[10, 10, 14, 21, 13, 1, 1, 19, 1, 1] => QQFieldElem[0, 0, 0, 0, 1//6, 0, 0, 0, 0, 0, 0, 0, -1//6, 0, 0, 0],
	[10, 10, 14, 21, 18, 1, 1, 19, 1, 1] => QQFieldElem[0, 0, 0, 0, 0, 0, 0, 0, 1//4, 0, 0, 0, 0, 0, 0, 0],
	[10, 10, 14, 21, 16, 1, 1, 19, 1, 2] => QQFieldElem[0, 0, 0, 0, 0, 0, 0, 0, 0, 0, 0, 0, 2//9, 0, 0, 0],
	[10, 10, 14, 21, 13, 1, 1, 21, 1, 1] => QQFieldElem[9//32, 0, 0, 0, 0, -9//32, 9//32, 0, 0, 0, 0, 9//32, 0, 0, 0, 0],
	[10, 10, 14, 21, 17, 1, 1, 19, 1, 2] => QQFieldElem[0, 0, 0, 0, 2//9, 0, 0, 0, 0, 0, 0, 0, -2//9, 0, 0, 0],
	[10, 10, 14, 21, 18, 1, 1, 21, 1, 1] => QQFieldElem[-9//32, 9//32, 0, 0, 0, 0, -9//32, 0, 9//32, 0, 0, 0, 0, 0, 0, -9//32],
	[10, 10, 14, 21, 15, 1, 1, 20, 1, 2] => QQFieldElem[0, 0, 0, -1//4, 0, 0, -1//4, 0, 0, 1//4, 0, 1//4, -1//4, 0, 1//4, 0],
	[10, 10, 14, 21, 10, 1, 1, 20, 1, 1] => QQFieldElem[0, 0, 0, -9//32, 0, -9//32, 9//32, 0, -9//32, 0, 0, 9//32, 0, 9//32, 0, 0],
	[10, 10, 14, 21, 17, 1, 1, 21, 1, 2] => QQFieldElem[0, 0, 0, 0, 0, 1//4, -1//4, -1//4, 0, 0, 0, 0, -1//4, 0, 0, 1//4],
	[10, 10, 14, 21, 16, 1, 1, 21, 1, 2] => QQFieldElem[0, 0, 0, 0, 0, 0, 0, 0, 0, 0, 0, 0, -1//4, -1//4, 1//4, -1//4],
	[10, 10, 14, 21, 15, 1, 1, 19, 1, 1] => QQFieldElem[0, 0, 0, 0, -1//6, 0, 0, 0, 0, 0, 0, 0, 0, 0, 0, 0],
	[10, 10, 14, 21, 15, 1, 1, 21, 1, 1] => QQFieldElem[-9//32, 0, 0, -9//32, 0, 0, 9//32, 0, 9//32, 0, 0, 0, 0, 9//32, 0, 0])