Dict(
	[10, 13, 19, 21, 17, 1, 1, 5, 1, 1] => QQFieldElem[0, 0, 0, 0, 0, 0, 0, 0, 1//2, 0, 0, 0, 1//6, 0, 0, 0],
	[10, 13, 19, 21, 12, 1, 1, 4, 1, 1] => QQFieldElem[0, 0, 0, 0, 0, 0, 0, 0, 0, 0, -16, 0, -16, 0, 0, 0],
	[10, 13, 19, 21, 17, 1, 1, 19, 1, 1] => QQFieldElem[0, 1//3, 0, 0, 0, 0, 0, -1//3, 0, -1//3, 0, 0, 0, 0, 0, 1//3],
	[10, 13, 19, 21, 11, 1, 1, 8, 1, 1] => QQFieldElem[0, 0, 0, 0, 0, 0, 0, 0, 27//128, 0, 0, 0, 0, 0, 0, 0],
	[10, 13, 19, 21, 15, 1, 1, 8, 1, 1] => QQFieldElem[0, 0, 0, 0, 0, 0, 0, 0, 0, 0, 0, 0, -1//6, 0, 0, 0],
	[10, 13, 19, 21, 13, 1, 1, 5, 1, 1] => QQFieldElem[0, 0, 0, 0, 0, 0, 0, 0, 0, 0, -16, 0, 16, 0, 0, 0],
	[10, 13, 19, 21, 17, 1, 1, 8, 1, 1] => QQFieldElem[0, 0, 0, 0, 0, 0, 0, 0, -1//2, 0, 0, 0, -1//6, 0, 0, 0],
	[10, 13, 19, 21, 13, 1, 1, 19, 1, 1] => QQFieldElem[0, 0, 0, 0, 0, 0, -32, 0, 32, 0, 0, 0, 0, 0, 0, 0],
	[10, 13, 19, 21, 11, 1, 1, 20, 1, 2] => QQFieldElem[0, 0, 0, 0, 0, 0, 32, 0, -32, 0, 0, 0, 0, 0, 0, 0],
	[10, 13, 19, 21, 15, 1, 1, 20, 1, 2] => QQFieldElem[-27//64, 0, 0, 0, 0, 0, 0, 0, -27//64, 0, 0, 0, 0, 0, 0, 0],
	[10, 13, 19, 21, 10, 1, 1, 20, 1, 1] => QQFieldElem[-9//64, 0, 0, 0, 0, 0, 0, 0, 27//64, 0, 0, 0, 0, 0, 0, 0],
	[10, 13, 19, 21, 11, 1, 1, 21, 1, 1] => QQFieldElem[-27//64, 0, 0, 0, 0, 0, 0, 0, -27//64, 0, 0, 0, 0, 0, 0, 0],
	[10, 13, 19, 21, 11, 1, 1, 9, 1, 1] => QQFieldElem[0, 0, 0, 0, 0, 0, 0, 0, 27//128, 0, 0, 0, 0, 0, 0, 0],
	[10, 13, 19, 21, 15, 1, 1, 21, 1, 1] => QQFieldElem[0, 0, 0, -1//3, 0, 0, 0, 0, 0, 0, 0, 0, 0, -1//3, 0, 0],
	[10, 13, 19, 21, 18, 1, 1, 20, 1, 1] => QQFieldElem[0, -1//3, 0, 0, 0, 0, 0, 1//3, 0, 1//3, 0, 0, 0, 0, 0, -1//3],
	[10, 13, 19, 21, 16, 1, 1, 5, 1, 1] => QQFieldElem[0, 0, 0, 0, 0, 0, 0, 0, -1//2, 0, 0, 0, 1//6, 0, 0, 0],
	[10, 13, 19, 21, 15, 1, 1, 9, 1, 1] => QQFieldElem[0, 0, 0, 0, 0, 0, 0, 0, 0, 0, 0, 0, 1//6, 0, 0, 0],
	[10, 13, 19, 21, 17, 1, 1, 20, 1, 2] => QQFieldElem[0, -1//3, 0, 0, 0, 0, 0, 1//3, 0, 1//3, 0, 0, 0, 0, 0, -1//3],
	[10, 13, 19, 21, 13, 1, 1, 8, 1, 1] => QQFieldElem[0, 0, 0, 0, 0, 0, 0, 0, 0, 0, -16, 0, 16, 0, 0, 0],
	[10, 13, 19, 21, 16, 1, 1, 19, 1, 1] => QQFieldElem[0, 1//3, 0, 0, 0, 0, 0, -1//3, 0, -1//3, 0, 0, 0, 0, 0, 1//3],
	[10, 13, 19, 21, 17, 1, 1, 21, 1, 1] => QQFieldElem[0, 0, 0, 0, 0, 1//3, 0, 0, 0, 0, 0, 1//3, 0, 0, 0, 0],
	[10, 13, 19, 21, 12, 1, 1, 5, 1, 1] => QQFieldElem[0, 0, 0, 0, 0, 0, 0, 0, 0, 0, 16, 0, 16, 0, 0, 0],
	[10, 13, 19, 21, 10, 1, 1, 4, 1, 1] => QQFieldElem[-9//32, 0, 0, 0, 0, 0, 0, 0, 45//128, 0, 0, 0, 0, 0, 0, 0],
	[10, 13, 19, 21, 17, 1, 1, 9, 1, 1] => QQFieldElem[0, 0, 0, 0, 0, 0, 0, 0, -1//2, 0, 0, 0, 1//6, 0, 0, 0],
	[10, 13, 19, 21, 12, 1, 1, 19, 1, 1] => QQFieldElem[0, 0, 0, 0, 0, 0, -32, 0, -32, 0, 0, 0, 0, 0, 0, 0],
	[10, 13, 19, 21, 18, 1, 1, 4, 1, 1] => QQFieldElem[0, 0, 0, 0, 0, 0, 0, 0, 0, 0, 0, 0, -1//6, 0, 0, 0],
	[10, 13, 19, 21, 16, 1, 1, 8, 1, 1] => QQFieldElem[0, 0, 0, 0, 0, 0, 0, 0, 1//2, 0, 0, 0, -1//6, 0, 0, 0],
	[10, 13, 19, 21, 13, 1, 1, 20, 1, 2] => QQFieldElem[0, 0, 0, -1//3, 0, 1//3, 0, 0, 0, 0, 0, 1//3, 0, -1//3, 0, 0],
	[10, 13, 19, 21, 13, 1, 1, 21, 1, 1] => QQFieldElem[0, 0, 0, 0, 0, 0, 32, 0, -32, 0, 0, 0, 0, 0, 0, 0],
	[10, 13, 19, 21, 12, 1, 1, 8, 1, 1] => QQFieldElem[0, 0, 0, 0, 0, 0, 0, 0, 0, 0, 16, 0, 16, 0, 0, 0],
	[10, 13, 19, 21, 13, 1, 1, 9, 1, 1] => QQFieldElem[0, 0, 0, 0, 0, 0, 0, 0, 0, 0, 16, 0, -16, 0, 0, 0],
	[10, 13, 19, 21, 16, 1, 1, 20, 1, 2] => QQFieldElem[0, 0, 0, 0, 0, 0, -32, 0, 32, 0, 0, 0, 0, 0, 0, 0],
	[10, 13, 19, 21, 11, 1, 1, 20, 1, 1] => QQFieldElem[0, 0, 0, 0, 0, 0, 32, 0, 32, 0, 0, 0, 0, 0, 0, 0],
	[10, 13, 19, 21, 15, 1, 1, 20, 1, 1] => QQFieldElem[-9//64, 0, 0, 0, 0, 0, 0, 0, 27//64, 0, 0, 0, 0, 0, 0, 0],
	[10, 13, 19, 21, 16, 1, 1, 21, 1, 1] => QQFieldElem[0, 0, 0, 0, 0, 1//3, 0, 0, 0, 0, 0, 1//3, 0, 0, 0, 0],
	[10, 13, 19, 21, 16, 1, 1, 9, 1, 1] => QQFieldElem[0, 0, 0, 0, 0, 0, 0, 0, 1//2, 0, 0, 0, 1//6, 0, 0, 0],
	[10, 13, 19, 21, 12, 1, 1, 20, 1, 2] => QQFieldElem[0, 0, 0, 0, 0, -1//3, 0, 0, 0, 0, 0, -1//3, 0, 0, 0, 0],
	[10, 13, 19, 21, 10, 1, 1, 5, 1, 1] => QQFieldElem[-9//32, 0, 0, 0, 0, 0, 0, 0, 45//128, 0, 0, 0, 0, 0, 0, 0],
	[10, 13, 19, 21, 12, 1, 1, 21, 1, 1] => QQFieldElem[0, 0, 0, 0, 0, 0, 32, 0, 32, 0, 0, 0, 0, 0, 0, 0],
	[10, 13, 19, 21, 17, 1, 1, 20, 1, 1] => QQFieldElem[0, 1//3, 0, 0, 0, 0, 0, 0, 0, 0, 0, 0, 0, 0, 0, 1//3],
	[10, 13, 19, 21, 10, 1, 1, 19, 1, 1] => QQFieldElem[-9//64, 0, 0, 0, 0, 0, 0, 0, 27//64, 0, 0, 0, 0, 0, 0, 0],
	[10, 13, 19, 21, 12, 1, 1, 9, 1, 1] => QQFieldElem[0, 0, 0, 0, 0, 0, 0, 0, 0, 0, -16, 0, -16, 0, 0, 0],
	[10, 13, 19, 21, 11, 1, 1, 4, 1, 1] => QQFieldElem[0, 0, 0, 0, 0, 0, 0, 0, 27//128, 0, 0, 0, 0, 0, 0, 0],
	[10, 13, 19, 21, 18, 1, 1, 5, 1, 1] => QQFieldElem[0, 0, 0, 0, 0, 0, 0, 0, 0, 0, 0, 0, 1//6, 0, 0, 0],
	[10, 13, 19, 21, 15, 1, 1, 4, 1, 1] => QQFieldElem[0, 0, 0, 0, 0, 0, 0, 0, 0, 0, 0, 0, -1//6, 0, 0, 0],
	[10, 13, 19, 21, 18, 1, 1, 19, 1, 1] => QQFieldElem[0, 0, 0, 0, 0, 0, 0, 1//3, 0, 1//3, 0, 0, 0, 0, 0, 0],
	[10, 13, 19, 21, 10, 1, 1, 8, 1, 1] => QQFieldElem[-9//32, 0, 0, 0, 0, 0, 0, 0, 45//128, 0, 0, 0, 0, 0, 0, 0],
	[10, 13, 19, 21, 17, 1, 1, 4, 1, 1] => QQFieldElem[0, 0, 0, 0, 0, 0, 0, 0, 1//2, 0, 0, 0, -1//6, 0, 0, 0],
	[10, 13, 19, 21, 13, 1, 1, 20, 1, 1] => QQFieldElem[0, 0, 0, 0, 0, -1//3, 0, 0, 0, 0, 0, -1//3, 0, 0, 0, 0],
	[10, 13, 19, 21, 18, 1, 1, 8, 1, 1] => QQFieldElem[0, 0, 0, 0, 0, 0, 0, 0, 0, 0, 0, 0, -1//6, 0, 0, 0],
	[10, 13, 19, 21, 10, 1, 1, 20, 1, 2] => QQFieldElem[-27//64, 0, 0, 0, 0, 0, 0, 0, -27//64, 0, 0, 0, 0, 0, 0, 0],
	[10, 13, 19, 21, 16, 1, 1, 20, 1, 1] => QQFieldElem[0, 0, 0, 0, 0, 0, -32, 0, -32, 0, 0, 0, 0, 0, 0, 0],
	[10, 13, 19, 21, 13, 1, 1, 4, 1, 1] => QQFieldElem[0, 0, 0, 0, 0, 0, 0, 0, 0, 0, 16, 0, -16, 0, 0, 0],
	[10, 13, 19, 21, 10, 1, 1, 21, 1, 1] => QQFieldElem[-9//64, 0, 0, 0, 0, 0, 0, 0, 27//64, 0, 0, 0, 0, 0, 0, 0],
	[10, 13, 19, 21, 18, 1, 1, 20, 1, 2] => QQFieldElem[0, 0, 0, 0, 0, 0, 0, -1//3, 0, -1//3, 0, 0, 0, 0, 0, 0],
	[10, 13, 19, 21, 10, 1, 1, 9, 1, 1] => QQFieldElem[-9//32, 0, 0, 0, 0, 0, 0, 0, 45//128, 0, 0, 0, 0, 0, 0, 0],
	[10, 13, 19, 21, 12, 1, 1, 20, 1, 1] => QQFieldElem[0, 0, 0, 1//3, 0, 0, 0, 0, 0, 0, 0, 0, 0, 1//3, 0, 0],
	[10, 13, 19, 21, 11, 1, 1, 5, 1, 1] => QQFieldElem[0, 0, 0, 0, 0, 0, 0, 0, 27//128, 0, 0, 0, 0, 0, 0, 0],
	[10, 13, 19, 21, 18, 1, 1, 21, 1, 1] => QQFieldElem[0, 0, 0, 1//3, 0, -1//3, 0, 0, 0, 0, 0, -1//3, 0, 1//3, 0, 0],
	[10, 13, 19, 21, 15, 1, 1, 5, 1, 1] => QQFieldElem[0, 0, 0, 0, 0, 0, 0, 0, 0, 0, 0, 0, 1//6, 0, 0, 0],
	[10, 13, 19, 21, 11, 1, 1, 19, 1, 1] => QQFieldElem[-27//64, 0, 0, 0, 0, 0, 0, 0, -27//64, 0, 0, 0, 0, 0, 0, 0],
	[10, 13, 19, 21, 18, 1, 1, 9, 1, 1] => QQFieldElem[0, 0, 0, 0, 0, 0, 0, 0, 0, 0, 0, 0, 1//6, 0, 0, 0],
	[10, 13, 19, 21, 15, 1, 1, 19, 1, 1] => QQFieldElem[0, -1//3, 0, 0, 0, 0, 0, 0, 0, 0, 0, 0, 0, 0, 0, -1//3],
	[10, 13, 19, 21, 16, 1, 1, 4, 1, 1] => QQFieldElem[0, 0, 0, 0, 0, 0, 0, 0, -1//2, 0, 0, 0, -1//6, 0, 0, 0])