Dict(
	[10, 13, 13, 12, 5, 1, 1, 5, 1, 1] => QQFieldElem[0, 0, 0, 0, 0, 0, 0, 0, 0, 0, 0, 0, 0, 0, 0, 0],
	[10, 13, 13, 12, 5, 1, 1, 19, 1, 1] => QQFieldElem[9//16, 0, 0, 0, 0, 0, 0, 0, 0, 0, 0, 0, 0, 0, 0, 0],
	[10, 13, 13, 12, 7, 1, 1, 5, 1, 1] => QQFieldElem[-256//3, 0, 0, 0, 0, 0, 0, 0, 0, 0, 0, 0, 0, 0, 0, 0],
	[10, 13, 13, 12, 6, 1, 1, 8, 1, 1] => QQFieldElem[0, 0, 0, 0, 0, 0, -64//3, 0, 0, 0, 0, 0, 0, 0, 0, 0],
	[10, 13, 13, 12, 7, 1, 1, 19, 1, 1] => QQFieldElem[0, 0, 0, 0, 0, 0, 0, 0, 0, 0, 0, 0, 0, 0, 0, 0],
	[10, 13, 13, 12, 21, 1, 1, 5, 1, 1] => QQFieldElem[1//72, 0, 0, 0, 0, 0, 0, 0, 0, 0, 0, 0, 0, 0, 0, 0],
	[10, 13, 13, 12, 4, 1, 1, 20, 1, 1] => QQFieldElem[9//16, 0, 0, 0, 0, 0, 0, 0, 0, 0, 0, 0, 0, 0, 0, 0],
	[10, 13, 13, 12, 21, 1, 1, 19, 1, 1] => QQFieldElem[-4//9, 0, 0, 0, 0, 0, 0, 0, 8//9, 0, 0, 0, 0, 0, 0, 0],
	[10, 13, 13, 12, 5, 1, 1, 8, 1, 1] => QQFieldElem[0, 0, 9//2048, 0, 0, 0, 0, 0, 0, 0, -9//2048, 0, 0, 0, 0, 0],
	[10, 13, 13, 12, 7, 1, 1, 8, 1, 1] => QQFieldElem[0, 0, 0, 0, 0, 0, 64//3, 0, 0, 0, 0, 0, 0, 0, 0, 0],
	[10, 13, 13, 12, 6, 1, 1, 21, 1, 1] => QQFieldElem[0, 0, 0, 0, 0, 0, 0, 0, 0, 0, 0, 0, 0, 0, 0, 0],
	[10, 13, 13, 12, 4, 1, 1, 4, 1, 1] => QQFieldElem[0, 0, 0, 0, 0, 0, 0, 0, 0, 0, 0, 0, 0, 0, 0, 0],
	[10, 13, 13, 12, 6, 1, 1, 9, 1, 1] => QQFieldElem[0, 0, 0, 0, 0, 0, -64//3, 0, 0, 0, 0, 0, 0, 0, 0, 0],
	[10, 13, 13, 12, 21, 1, 1, 8, 1, 1] => QQFieldElem[0, 0, 0, 0, 0, 0, 0, 0, 0, 0, 0, 0, 0, 0, 0, 0],
	[10, 13, 13, 12, 20, 1, 1, 20, 1, 1] => QQFieldElem[-4//9, 0, 0, 0, 0, 0, 0, 0, 8//9, 0, 0, 0, 0, 0, 0, 0],
	[10, 13, 13, 12, 19, 1, 1, 5, 1, 1] => QQFieldElem[1//72, 0, 0, 0, 0, 0, 0, 0, 0, 0, 0, 0, 0, 0, 0, 0],
	[10, 13, 13, 12, 19, 1, 1, 19, 1, 1] => QQFieldElem[0, 0, 0, 0, 0, 0, 0, 0, 0, 0, 0, 0, 0, 0, 0, 0],
	[10, 13, 13, 12, 5, 1, 1, 21, 1, 1] => QQFieldElem[9//16, 0, 0, 0, 0, 0, 0, 0, 0, 0, 0, 0, 0, 0, 0, 0],
	[10, 13, 13, 12, 5, 1, 1, 9, 1, 1] => QQFieldElem[0, 0, -9//2048, 0, 0, 0, 0, 0, 0, 0, 9//2048, 0, 0, 0, 0, 0],
	[10, 13, 13, 12, 7, 1, 1, 21, 1, 1] => QQFieldElem[0, 0, 0, 0, 0, 0, 0, 0, 0, 0, 0, 0, 0, 0, 0, 0],
	[10, 13, 13, 12, 7, 1, 1, 9, 1, 1] => QQFieldElem[0, 0, 0, 0, 0, 0, 64//3, 0, 0, 0, 0, 0, 0, 0, 0, 0],
	[10, 13, 13, 12, 20, 1, 1, 4, 1, 1] => QQFieldElem[1//72, 0, 0, 0, 0, 0, 0, 0, 0, 0, 0, 0, 0, 0, 0, 0],
	[10, 13, 13, 12, 21, 1, 1, 21, 1, 1] => QQFieldElem[4//9, 0, 0, 0, 0, 0, 0, 0, -8//9, 0, 0, 0, 0, 0, 0, 0],
	[10, 13, 13, 12, 21, 1, 1, 9, 1, 1] => QQFieldElem[0, 0, 0, 0, 0, 0, 0, 0, 0, 0, 0, 0, 0, 0, 0, 0],
	[10, 13, 13, 12, 19, 1, 1, 8, 1, 1] => QQFieldElem[0, 0, 0, 0, 0, 0, 0, 0, 0, 0, 0, 0, 0, 0, 0, 0],
	[10, 13, 13, 12, 4, 1, 1, 5, 1, 1] => QQFieldElem[0, 0, 0, 0, 0, 0, 0, 0, 0, 0, 0, 0, 0, 0, 0, 0],
	[10, 13, 13, 12, 4, 1, 1, 19, 1, 1] => QQFieldElem[9//16, 0, 0, 0, 0, 0, 0, 0, 0, 0, 0, 0, 0, 0, 0, 0],
	[10, 13, 13, 12, 6, 1, 1, 20, 1, 1] => QQFieldElem[0, 0, 0, 0, 0, 0, 0, 0, 0, 0, 0, 0, 0, 0, 0, 0],
	[10, 13, 13, 12, 19, 1, 1, 21, 1, 1] => QQFieldElem[-4//9, 0, 0, 0, 0, 0, 0, 0, 8//9, 0, 0, 0, 0, 0, 0, 0],
	[10, 13, 13, 12, 19, 1, 1, 9, 1, 1] => QQFieldElem[0, 0, 0, 0, 0, 0, 0, 0, 0, 0, 0, 0, 0, 0, 0, 0],
	[10, 13, 13, 12, 5, 1, 1, 20, 1, 1] => QQFieldElem[9//16, 0, 0, 0, 0, 0, 0, 0, 0, 0, 0, 0, 0, 0, 0, 0],
	[10, 13, 13, 12, 4, 1, 1, 8, 1, 1] => QQFieldElem[0, 0, -9//2048, 0, 0, 0, 0, 0, 0, 0, 9//2048, 0, 0, 0, 0, 0],
	[10, 13, 13, 12, 7, 1, 1, 20, 1, 1] => QQFieldElem[0, 0, 0, 0, 0, 0, 0, 0, 0, 0, 0, 0, 0, 0, 0, 0],
	[10, 13, 13, 12, 6, 1, 1, 4, 1, 1] => QQFieldElem[256//3, 0, 0, 0, 0, 0, 0, 0, 0, 0, 0, 0, 0, 0, 0, 0],
	[10, 13, 13, 12, 20, 1, 1, 5, 1, 1] => QQFieldElem[1//72, 0, 0, 0, 0, 0, 0, 0, 0, 0, 0, 0, 0, 0, 0, 0],
	[10, 13, 13, 12, 20, 1, 1, 19, 1, 1] => QQFieldElem[4//9, 0, 0, 0, 0, 0, 0, 0, -8//9, 0, 0, 0, 0, 0, 0, 0],
	[10, 13, 13, 12, 21, 1, 1, 20, 1, 1] => QQFieldElem[0, 0, 0, 0, 0, 0, 0, 0, 0, 0, 0, 0, 0, 0, 0, 0],
	[10, 13, 13, 12, 5, 1, 1, 4, 1, 1] => QQFieldElem[0, 0, 0, 0, 0, 0, 0, 0, 0, 0, 0, 0, 0, 0, 0, 0],
	[10, 13, 13, 12, 7, 1, 1, 4, 1, 1] => QQFieldElem[256//3, 0, 0, 0, 0, 0, 0, 0, 0, 0, 0, 0, 0, 0, 0, 0],
	[10, 13, 13, 12, 4, 1, 1, 21, 1, 1] => QQFieldElem[9//16, 0, 0, 0, 0, 0, 0, 0, 0, 0, 0, 0, 0, 0, 0, 0],
	[10, 13, 13, 12, 20, 1, 1, 8, 1, 1] => QQFieldElem[0, 0, 0, 0, 0, 0, 0, 0, 0, 0, 0, 0, 0, 0, 0, 0],
	[10, 13, 13, 12, 4, 1, 1, 9, 1, 1] => QQFieldElem[0, 0, 9//2048, 0, 0, 0, 0, 0, 0, 0, -9//2048, 0, 0, 0, 0, 0],
	[10, 13, 13, 12, 21, 1, 1, 4, 1, 1] => QQFieldElem[1//72, 0, 0, 0, 0, 0, 0, 0, 0, 0, 0, 0, 0, 0, 0, 0],
	[10, 13, 13, 12, 19, 1, 1, 20, 1, 1] => QQFieldElem[4//9, 0, 0, 0, 0, 0, 0, 0, -8//9, 0, 0, 0, 0, 0, 0, 0],
	[10, 13, 13, 12, 6, 1, 1, 5, 1, 1] => QQFieldElem[-256//3, 0, 0, 0, 0, 0, 0, 0, 0, 0, 0, 0, 0, 0, 0, 0],
	[10, 13, 13, 12, 6, 1, 1, 19, 1, 1] => QQFieldElem[0, 0, 0, 0, 0, 0, 0, 0, 0, 0, 0, 0, 0, 0, 0, 0],
	[10, 13, 13, 12, 20, 1, 1, 21, 1, 1] => QQFieldElem[0, 0, 0, 0, 0, 0, 0, 0, 0, 0, 0, 0, 0, 0, 0, 0],
	[10, 13, 13, 12, 20, 1, 1, 9, 1, 1] => QQFieldElem[0, 0, 0, 0, 0, 0, 0, 0, 0, 0, 0, 0, 0, 0, 0, 0],
	[10, 13, 13, 12, 19, 1, 1, 4, 1, 1] => QQFieldElem[1//72, 0, 0, 0, 0, 0, 0, 0, 0, 0, 0, 0, 0, 0, 0, 0])