Dict(
	[10, 17, 19, 19, 17, 1, 1, 19, 1, 1] => QQFieldElem[-25//51, 0, -4//51, -1//17, 0, 7//51, 6//17, 0, 0, 11//51, 4//51, 0, -5//17, -7//51, 0, -29//51],
	[10, 17, 19, 19, 13, 1, 1, 19, 1, 1] => QQFieldElem[0, 0, -1//3, 0, 0, -1//3, 0, 0, -1//3, 0, 0, -1//3, 0, 0, -1//3, 0],
	[10, 17, 19, 19, 10, 1, 1, 20, 1, 1] => QQFieldElem[-1//14, 0, -1//14, 2//7, 0, -1//2, 2//7, 0, 0, 1//7, 1//14, 0, -2//7, 1//2, 0, -3//14],
	[10, 17, 19, 19, 11, 1, 1, 21, 1, 1] => QQFieldElem[23//34, 0, 5//34, 2//17, 0, 9//34, 7//17, 0, 0, -1//17, -5//34, 0, 5//17, -9//34, 0, 1//34],
	[10, 17, 19, 19, 11, 1, 1, 9, 1, 1] => QQFieldElem[0, 0, 0, 1//4, 0, 0, 1//4, 0, 0, 1//4, 0, 0, 1//4, 0, 0, 0],
	[10, 17, 19, 19, 10, 1, 1, 6, 1, 1] => QQFieldElem[0, 0, 0, 1//4, 0, 0, 1//4, 0, 0, -1//4, 0, 0, -1//4, 0, 0, 0],
	[10, 17, 19, 19, 15, 1, 1, 21, 1, 1] => QQFieldElem[11//51, 0, 4//17, 13//51, 0, 25//51, -14//51, 0, 0, -5//17, -4//17, 0, -9//17, -25//51, 0, -1//51],
	[10, 17, 19, 19, 18, 1, 1, 20, 1, 1] => QQFieldElem[-1//7, 2//21, 0, -1//21, 0, 0, 1//21, 2//21, 1//7, 0, -1//21, 1//21, 0, -1//21, -1//21, 0],
	[10, 17, 19, 19, 15, 1, 1, 9, 1, 1] => QQFieldElem[0, 0, 0, 0, 0, 0, 0, 0, 0, -1//6, 0, 0, 0, 0, 0, -1//6],
	[10, 17, 19, 19, 11, 1, 1, 14, 1, 2] => QQFieldElem[0, 0, 0, 1//4, 0, 0, -1//4, 0, 0, -1//4, 0, 0, -1//4, 0, 0, 0],
	[10, 17, 19, 19, 10, 1, 1, 19, 1, 2] => QQFieldElem[3//2, 0, 3//2, 1, 0, 3//2, 0, 0, 0, 0, -3//2, 0, -1, -3//2, 0, -3//2],
	[10, 17, 19, 19, 18, 1, 1, 6, 1, 1] => QQFieldElem[0, 0, 0, 0, 0, 0, 0, 1//6, 0, -1//6, 0, 0, 0, 0, 0, -1//6],
	[10, 17, 19, 19, 16, 1, 1, 19, 1, 1] => QQFieldElem[9//34, 0, -21//34, 7//17, 0, 7//34, -8//17, 0, 0, -3//17, 21//34, 0, 1//17, -7//34, 0, 5//34],
	[10, 17, 19, 19, 15, 1, 1, 14, 1, 2] => QQFieldElem[0, 0, 0, -1//4, 0, 0, 1//4, 0, 0, -1//4, 0, 0, 1//4, 0, 0, 0],
	[10, 17, 19, 19, 10, 1, 1, 14, 1, 1] => QQFieldElem[0, 0, 0, -1//4, 0, 0, 1//4, 0, 0, 1//4, 0, 0, -1//4, 0, 0, 0],
	[10, 17, 19, 19, 17, 1, 1, 21, 1, 1] => QQFieldElem[0, -3//17, 1//17, 0, -2//17, 2//51, 0, -4//51, 7//51, 3//17, 0, -1//51, 2//17, 0, 5//51, 4//51],
	[10, 17, 19, 19, 17, 1, 1, 9, 1, 1] => QQFieldElem[0, 0, 0, 0, 0, 0, 0, 1//6, 0, -1//6, 0, 0, 0, 0, 0, 0],
	[10, 17, 19, 19, 18, 1, 1, 19, 1, 2] => QQFieldElem[7//51, 1//51, 0, 3//17, -2//17, 0, -1//17, 2//51, -7//51, 0, 5//51, -3//17, 0, 4//51, 1//17, 0],
	[10, 17, 19, 19, 12, 1, 1, 19, 1, 1] => QQFieldElem[1//3, 0, 4//3, 1//3, 0, 1//3, -2//3, 0, 0, -1, -4//3, 0, -1, -1//3, 0, -1],
	[10, 17, 19, 19, 18, 1, 1, 14, 1, 1] => QQFieldElem[0, 0, 0, 0, 0, 0, 0, -1//6, 0, -1//6, 0, 0, 0, 0, 0, 0],
	[10, 17, 19, 19, 17, 1, 1, 14, 1, 2] => QQFieldElem[0, 0, 0, 0, 0, 0, 0, 0, 0, -1//6, 0, 0, 0, 0, 0, 1//6],
	[10, 17, 19, 19, 13, 1, 1, 21, 1, 1] => QQFieldElem[-15//34, 0, 13//34, -5//17, 0, 3//34, -9//17, 0, 0, -6//17, -13//34, 0, -4//17, -3//34, 0, -11//34],
	[10, 17, 19, 19, 13, 1, 1, 9, 1, 1] => QQFieldElem[0, 0, 0, -1//4, 0, 0, 1//4, 0, 0, 1//4, 0, 0, 1//4, 0, 0, 0],
	[10, 17, 19, 19, 13, 1, 1, 14, 1, 2] => QQFieldElem[0, 0, 0, 0, 0, 0, 0, -1//6, 0, -1//6, 0, 0, 0, 0, 0, 1//6],
	[10, 17, 19, 19, 11, 1, 1, 20, 1, 1] => QQFieldElem[1//14, 0, -3//14, 1//7, 0, -1//14, 0, 0, 0, 1//7, 3//14, 0, 3//7, 1//14, 0, -1//14],
	[10, 17, 19, 19, 15, 1, 1, 20, 1, 1] => QQFieldElem[1//7, 0, -4//21, -5//21, 0, -1//3, 2//21, 0, 0, 1//21, 4//21, 0, -3//7, 1//3, 0, -5//21],
	[10, 17, 19, 19, 11, 1, 1, 6, 1, 1] => QQFieldElem[0, 0, 0, 1//4, 0, 0, -1//4, 0, 0, 1//4, 0, 0, -1//4, 0, 0, 0],
	[10, 17, 19, 19, 16, 1, 1, 21, 1, 1] => QQFieldElem[-25//51, 0, -6//17, -11//51, 0, -29//51, 4//51, 0, 0, -1//17, 6//17, 0, 5//17, 29//51, 0, -7//51],
	[10, 17, 19, 19, 16, 1, 1, 9, 1, 1] => QQFieldElem[0, 0, 0, 0, 0, 0, 0, 0, 0, -1//6, 0, 0, 0, 0, 0, -1//6],
	[10, 17, 19, 19, 15, 1, 1, 6, 1, 1] => QQFieldElem[0, 0, 0, 0, 0, 0, 0, 0, 0, -1//6, 0, 0, 0, 0, 0, 1//6],
	[10, 17, 19, 19, 11, 1, 1, 19, 1, 2] => QQFieldElem[-1//2, 0, -1//2, 0, 0, -1//2, 0, 0, 0, 0, 1//2, 0, 1, 1//2, 0, 1//2],
	[10, 17, 19, 19, 16, 1, 1, 14, 1, 2] => QQFieldElem[0, 0, 0, 1//4, 0, 0, 1//4, 0, 0, -1//4, 0, 0, 1//4, 0, 0, 0],
	[10, 17, 19, 19, 12, 1, 1, 21, 1, 1] => QQFieldElem[9//34, 0, -1//34, 3//17, 0, 5//34, 2//17, 0, 0, -10//17, 1//34, 0, -1//17, -5//34, 0, -7//34],
	[10, 17, 19, 19, 15, 1, 1, 19, 1, 2] => QQFieldElem[-5//34, 0, -11//34, -2//17, 0, 15//34, -5//17, 0, 0, -4//17, 11//34, 0, 7//17, -15//34, 0, 1//34],
	[10, 17, 19, 19, 11, 1, 1, 14, 1, 1] => QQFieldElem[0, 0, 0, 1//4, 0, 0, -1//4, 0, 0, 1//4, 0, 0, 1//4, 0, 0, 0],
	[10, 17, 19, 19, 10, 1, 1, 19, 1, 1] => QQFieldElem[1//2, 0, 1//2, 0, 0, 1//2, 0, 0, 0, 0, -1//2, 0, 0, -1//2, 0, -1//2],
	[10, 17, 19, 19, 17, 1, 1, 20, 1, 1] => QQFieldElem[0, -2//21, 1//21, 0, 0, 1//21, 0, -2//21, -1//7, 2//21, 0, -1//21, 0, 0, 1//21, 2//21],
	[10, 17, 19, 19, 12, 1, 1, 9, 1, 1] => QQFieldElem[0, 0, 0, -1//4, 0, 0, 1//4, 0, 0, -1//4, 0, 0, -1//4, 0, 0, 0],
	[10, 17, 19, 19, 15, 1, 1, 14, 1, 1] => QQFieldElem[0, 0, 0, -1//4, 0, 0, -1//4, 0, 0, 1//4, 0, 0, 1//4, 0, 0, 0],
	[10, 17, 19, 19, 17, 1, 1, 6, 1, 1] => QQFieldElem[0, 0, 0, 0, 0, 0, 0, -1//6, 0, -1//6, 0, 0, 0, 0, 0, 0],
	[10, 17, 19, 19, 12, 1, 1, 14, 1, 2] => QQFieldElem[0, 0, 0, 0, 0, 0, 0, 0, 0, -1//6, 0, 0, 0, 0, 0, -1//6],
	[10, 17, 19, 19, 18, 1, 1, 19, 1, 1] => QQFieldElem[0, -1//51, -5//51, 0, 2//17, -4//51, 0, -2//51, 7//51, 1//51, 0, 3//17, -2//17, 0, -1//17, 2//51],
	[10, 17, 19, 19, 17, 1, 1, 19, 1, 2] => QQFieldElem[11//51, 0, 14//51, -5//17, 0, 1//51, -4//17, 0, 0, -13//51, -14//51, 0, 9//17, -1//51, 0, 25//51],
	[10, 17, 19, 19, 17, 1, 1, 14, 1, 1] => QQFieldElem[0, 0, 0, 0, 0, 0, 0, 0, 0, -1//6, 0, 0, 0, 0, 0, 1//6],
	[10, 17, 19, 19, 13, 1, 1, 20, 1, 1] => QQFieldElem[-3//14, 0, 5//14, 0, 0, -5//14, 2//7, 0, 0, -1//7, -5//14, 0, -1//7, 5//14, 0, -1//14],
	[10, 17, 19, 19, 13, 1, 1, 6, 1, 1] => QQFieldElem[0, 0, 0, -1//4, 0, 0, -1//4, 0, 0, 1//4, 0, 0, -1//4, 0, 0, 0],
	[10, 17, 19, 19, 13, 1, 1, 19, 1, 2] => QQFieldElem[-1//3, 0, 0, -1//3, 0, 0, -1//3, 0, 1//3, 0, 1//3, 1//3, 0, 1//3, 1//3, 0],
	[10, 17, 19, 19, 13, 1, 1, 14, 1, 1] => QQFieldElem[0, 0, 0, 0, 0, 0, 0, 1//6, 0, -1//6, 0, 0, 0, 0, 0, 0],
	[10, 17, 19, 19, 16, 1, 1, 20, 1, 1] => QQFieldElem[1//7, 0, 2//21, 1//3, 0, 5//21, -4//21, 0, 0, -5//21, -2//21, 0, 3//7, -5//21, 0, 1//21],
	[10, 17, 19, 19, 10, 1, 1, 21, 1, 1] => QQFieldElem[-9//34, 0, 1//34, -3//17, 0, -5//34, -2//17, 0, 0, -7//17, -1//34, 0, 1//17, 5//34, 0, 7//34],
	[10, 17, 19, 19, 16, 1, 1, 6, 1, 1] => QQFieldElem[0, 0, 0, 0, 0, 0, 0, 0, 0, -1//6, 0, 0, 0, 0, 0, 1//6],
	[10, 17, 19, 19, 10, 1, 1, 9, 1, 1] => QQFieldElem[0, 0, 0, 1//4, 0, 0, -1//4, 0, 0, -1//4, 0, 0, 1//4, 0, 0, 0],
	[10, 17, 19, 19, 12, 1, 1, 20, 1, 1] => QQFieldElem[1//14, 0, -5//14, -1//7, 0, -5//14, 1//7, 0, 0, 2//7, 5//14, 0, 0, 5//14, 0, -3//14],
	[10, 17, 19, 19, 16, 1, 1, 19, 1, 2] => QQFieldElem[1//34, 0, 9//34, -3//17, 0, -3//34, 1//17, 0, 0, 11//17, -9//34, 0, 2//17, 3//34, 0, -7//34],
	[10, 17, 19, 19, 18, 1, 1, 21, 1, 1] => QQFieldElem[7//51, 3//17, 0, -1//51, 2//17, 0, 5//51, 4//51, -7//51, 0, -1//17, 1//51, 0, -2//51, -5//51, 0],
	[10, 17, 19, 19, 10, 1, 1, 14, 1, 2] => QQFieldElem[0, 0, 0, -1//4, 0, 0, -1//4, 0, 0, -1//4, 0, 0, -1//4, 0, 0, 0],
	[10, 17, 19, 19, 12, 1, 1, 6, 1, 1] => QQFieldElem[0, 0, 0, -1//4, 0, 0, -1//4, 0, 0, -1//4, 0, 0, 1//4, 0, 0, 0],
	[10, 17, 19, 19, 11, 1, 1, 19, 1, 1] => QQFieldElem[3//2, 0, 1//2, 1, 0, 3//2, 1, 0, 0, 1, -1//2, 0, 0, -3//2, 0, -1//2],
	[10, 17, 19, 19, 16, 1, 1, 14, 1, 1] => QQFieldElem[0, 0, 0, 1//4, 0, 0, 1//4, 0, 0, 1//4, 0, 0, -1//4, 0, 0, 0],
	[10, 17, 19, 19, 18, 1, 1, 9, 1, 1] => QQFieldElem[0, 0, 0, 0, 0, 0, 0, -1//6, 0, -1//6, 0, 0, 0, 0, 0, 1//6],
	[10, 17, 19, 19, 15, 1, 1, 19, 1, 1] => QQFieldElem[11//34, 0, -3//34, 1//17, 0, 1//34, -6//17, 0, 0, 2//17, 3//34, 0, 5//17, -1//34, 0, -9//34],
	[10, 17, 19, 19, 12, 1, 1, 19, 1, 2] => QQFieldElem[1//3, 0, -2//3, 1//3, 0, 1//3, 4//3, 0, 0, 1, 2//3, 0, 1, -1//3, 0, 1],
	[10, 17, 19, 19, 18, 1, 1, 14, 1, 2] => QQFieldElem[0, 0, 0, 0, 0, 0, 0, 1//6, 0, -1//6, 0, 0, 0, 0, 0, -1//6],
	[10, 17, 19, 19, 12, 1, 1, 14, 1, 1] => QQFieldElem[0, 0, 0, 0, 0, 0, 0, 0, 0, -1//6, 0, 0, 0, 0, 0, -1//6])