Dict(
	[10, 18, 12, 10, 21, 1, 1, 20, 1, 1] => QQFieldElem[0, 0, 0, 4//9, 0, 0, 0, 0, 0, 0, 0, 0, -4//9, 0, 0, 0],
	[10, 18, 12, 10, 20, 1, 1, 21, 1, 1] => QQFieldElem[0, 0, 0, 4//9, 0, 0, 0, 0, 0, 0, 0, 0, -4//9, 0, 0, 0],
	[10, 18, 12, 10, 14, 1, 1, 20, 1, 1] => QQFieldElem[0, 0, 0, 0, 0, 0, 0, 0, 0, 0, 0, 0, 0, 0, -1024//9, 0],
	[10, 18, 12, 10, 21, 1, 1, 8, 1, 1] => QQFieldElem[0, 0, 0, 0, -16//81, 0, 0, 0, 0, 0, 0, 0, 0, 0, 0, 0],
	[10, 18, 12, 10, 20, 1, 1, 20, 1, 1] => QQFieldElem[0, 0, 0, 0, 0, 0, 0, 0, 0, 0, 0, -4//9, -4//9, 0, 0, 0],
	[10, 18, 12, 10, 14, 1, 1, 8, 1, 1] => QQFieldElem[0, 0, 0, 0, 0, 0, 0, 0, 0, 0, 0, 0, 0, 0, 0, 0],
	[10, 18, 12, 10, 20, 1, 1, 8, 1, 1] => QQFieldElem[0, 0, 0, 0, 16//81, 0, 0, 0, 0, 0, 0, 0, -16//81, 0, 0, 0],
	[10, 18, 12, 10, 19, 1, 1, 19, 1, 1] => QQFieldElem[0, 0, 0, 4//9, 0, 0, 0, 0, 0, 0, 0, 0, -4//9, 0, 0, 0],
	[10, 18, 12, 10, 19, 1, 1, 21, 1, 1] => QQFieldElem[0, 0, 0, 0, 0, 0, 0, 0, 0, 0, 0, -4//9, -4//9, 0, 0, 0],
	[10, 18, 12, 10, 21, 1, 1, 19, 1, 1] => QQFieldElem[0, 0, 0, 0, 0, 0, 0, 0, 0, 0, 0, -4//9, -4//9, 0, 0, 0],
	[10, 18, 12, 10, 19, 1, 1, 20, 1, 1] => QQFieldElem[0, 0, 0, -4//9, 0, 0, 0, 0, 0, 0, 0, 4//9, -4//9, 0, 0, 0],
	[10, 18, 12, 10, 21, 1, 1, 21, 1, 1] => QQFieldElem[0, 0, 0, -4//9, 0, 0, 0, 0, 0, 0, 0, 4//9, -4//9, 0, 0, 0],
	[10, 18, 12, 10, 19, 1, 1, 8, 1, 1] => QQFieldElem[0, 0, 0, 0, 0, 0, 0, 0, 0, 0, 0, 0, 16//81, 0, 0, 0],
	[10, 18, 12, 10, 14, 1, 1, 19, 1, 1] => QQFieldElem[0, 0, 0, 0, 0, 0, 1024//9, 0, 0, 0, 0, 0, 0, 0, 0, 0],
	[10, 18, 12, 10, 14, 1, 1, 21, 1, 1] => QQFieldElem[0, 0, 0, 0, 0, 0, -1024//9, 0, 0, 0, 0, 0, 0, 0, 1024//9, 0],
	[10, 18, 12, 10, 20, 1, 1, 19, 1, 1] => QQFieldElem[0, 0, 0, -4//9, 0, 0, 0, 0, 0, 0, 0, 4//9, -4//9, 0, 0, 0])