Dict(
	[10, 14, 14, 13, 3, 1, 2, 18, 1, 1] => QQFieldElem[0, 0, 0, 0, 0, 0, 0, 0, 0, -2//9, 0, 0, 0, 0, 0, 0],
	[10, 14, 14, 13, 3, 1, 2, 17, 1, 1] => QQFieldElem[0, 0, 0, 0, 0, 0, 0, 0, 0, 0, 0, 0, 0, 0, 0, -16//81],
	[10, 14, 14, 13, 3, 1, 1, 17, 1, 1] => QQFieldElem[0, 0, 0, 0, 0, 0, 0, 0, 0, 0, 0, 0, 0, 0, 0, 0],
	[10, 14, 14, 13, 2, 1, 1, 15, 1, 1] => QQFieldElem[-27//512, 0, 0, 0, 0, 0, 0, 0, 0, 0, 0, 0, 0, 0, 0, 0],
	[10, 14, 14, 13, 5, 1, 1, 18, 1, 1] => QQFieldElem[0, 0, 0, 0, 0, -2//9, 0, 0, 0, 0, 0, 0, 0, 2//9, 0, 0],
	[10, 14, 14, 13, 5, 1, 1, 17, 1, 1] => QQFieldElem[0, 0, 0, 16//81, 0, 0, 0, 0, 0, 0, 0, 0, 0, 0, 0, 0],
	[10, 14, 14, 13, 14, 1, 2, 16, 1, 1] => QQFieldElem[0, 0, 0, 0, 0, 0, 0, 0, 0, 0, 0, 0, 0, 0, 0, 0],
	[10, 14, 14, 13, 3, 1, 2, 13, 1, 1] => QQFieldElem[0, 0, 0, 0, 0, 0, -1//144, 0, 0, 0, 0, 0, 0, 0, 0, 0],
	[10, 14, 14, 13, 14, 1, 1, 16, 1, 1] => QQFieldElem[0, 0, 0, 0, 0, 0, 0, 0, 0, 0, 0, 0, 0, 0, 0, 0],
	[10, 14, 14, 13, 3, 1, 1, 13, 1, 1] => QQFieldElem[0, 0, 0, 0, 0, 0, 0, 0, 0, 0, 0, 0, 0, 0, 0, 0],
	[10, 14, 14, 13, 2, 1, 1, 16, 1, 1] => QQFieldElem[-81//1024, 0, 0, 0, 0, 0, 0, 0, 0, 0, 0, 0, 0, 0, 0, 0],
	[10, 14, 14, 13, 3, 1, 2, 15, 1, 1] => QQFieldElem[1//192, 0, 0, 0, 0, 0, 0, 0, 0, 0, 0, 0, 0, 0, 0, 0],
	[10, 14, 14, 13, 14, 1, 2, 10, 1, 1] => QQFieldElem[-1//512, 0, 0, 0, 0, 0, 0, 0, 0, 0, 0, 0, 0, 0, 0, 0],
	[10, 14, 14, 13, 3, 1, 1, 15, 1, 1] => QQFieldElem[27//256, 0, 0, 0, 0, 0, 0, 0, 0, 0, 0, 0, 0, 0, 0, 0],
	[10, 14, 14, 13, 14, 1, 1, 10, 1, 1] => QQFieldElem[-1//512, 0, 0, 0, 0, 0, 0, 0, 0, 0, 0, 0, 0, 0, 0, 0],
	[10, 14, 14, 13, 5, 1, 1, 13, 1, 1] => QQFieldElem[0, 0, 0, 0, 0, 0, 1//144, 0, 0, 0, 0, 0, 0, 0, 0, 0],
	[10, 14, 14, 13, 2, 1, 1, 10, 1, 1] => QQFieldElem[-81//8192, 0, 0, 0, 0, 0, 0, 0, 0, 0, 0, 0, 0, 0, 0, 0],
	[10, 14, 14, 13, 5, 1, 1, 15, 1, 1] => QQFieldElem[1//192, 0, 0, 0, 0, 0, 0, 0, 0, 0, 0, 0, 0, 0, 0, 0],
	[10, 14, 14, 13, 14, 1, 2, 18, 1, 1] => QQFieldElem[0, 0, 0, 0, 0, 2//9, 0, 0, 0, 0, 0, 0, 0, -2//9, 0, 0],
	[10, 14, 14, 13, 14, 1, 1, 18, 1, 1] => QQFieldElem[0, 0, 0, 0, 0, 0, 0, 0, 0, 2//9, 0, 0, 0, 0, 0, 0],
	[10, 14, 14, 13, 3, 1, 2, 16, 1, 1] => QQFieldElem[0, 0, 0, 0, 0, 0, 0, 0, 0, 0, 0, 0, 0, 0, 0, 0],
	[10, 14, 14, 13, 14, 1, 2, 17, 1, 1] => QQFieldElem[0, 0, 0, -16//81, 0, 0, 0, 0, 0, 0, 0, 0, 0, 0, 0, 0],
	[10, 14, 14, 13, 3, 1, 1, 16, 1, 1] => QQFieldElem[-81//512, 0, 0, 0, 0, 0, 0, 0, 0, 0, 0, 0, 0, 0, 0, 0],
	[10, 14, 14, 13, 14, 1, 1, 17, 1, 1] => QQFieldElem[0, 0, 0, 0, 0, 0, 0, 0, 0, 0, 0, 0, 0, 0, 0, 16//81],
	[10, 14, 14, 13, 2, 1, 1, 18, 1, 1] => QQFieldElem[0, 0, 0, 0, 0, 0, 0, 0, 0, 0, 0, 0, 0, 0, 0, 0],
	[10, 14, 14, 13, 2, 1, 1, 17, 1, 1] => QQFieldElem[0, 0, 0, 0, 0, 0, 0, 0, 0, 0, 0, 0, 0, 0, 0, 0],
	[10, 14, 14, 13, 5, 1, 1, 16, 1, 1] => QQFieldElem[0, 0, 0, 0, 0, 0, 0, 0, 0, 0, 0, 0, 0, 0, 0, 0],
	[10, 14, 14, 13, 3, 1, 2, 10, 1, 1] => QQFieldElem[-1//512, 0, 0, 0, 0, 0, 0, 0, 0, 0, 0, 0, 0, 0, 0, 0],
	[10, 14, 14, 13, 14, 1, 2, 13, 1, 1] => QQFieldElem[0, 0, 0, 0, 0, 0, 1//144, 0, 0, 0, 0, 0, 0, 0, 0, 0],
	[10, 14, 14, 13, 3, 1, 1, 10, 1, 1] => QQFieldElem[81//4096, 0, 0, 0, 0, 0, 0, 0, 0, 0, 0, 0, 0, 0, 0, 0],
	[10, 14, 14, 13, 14, 1, 1, 13, 1, 1] => QQFieldElem[0, 0, 0, 0, 0, 0, -1//144, 0, 0, 0, 0, 0, 0, 0, 0, 0],
	[10, 14, 14, 13, 2, 1, 1, 13, 1, 1] => QQFieldElem[0, 0, 0, 0, 0, 0, 0, 0, 0, 0, 0, 0, 0, 0, 0, 0],
	[10, 14, 14, 13, 5, 1, 1, 10, 1, 1] => QQFieldElem[-1//512, 0, 0, 0, 0, 0, 0, 0, 0, 0, 0, 0, 0, 0, 0, 0],
	[10, 14, 14, 13, 14, 1, 2, 15, 1, 1] => QQFieldElem[1//192, 0, 0, 0, 0, 0, 0, 0, 0, 0, 0, 0, 0, 0, 0, 0],
	[10, 14, 14, 13, 3, 1, 1, 18, 1, 1] => QQFieldElem[0, 0, 0, 0, 0, 0, 0, 0, 0, 0, 0, 0, 0, 0, 0, 0],
	[10, 14, 14, 13, 14, 1, 1, 15, 1, 1] => QQFieldElem[1//192, 0, 0, 0, 0, 0, 0, 0, 0, 0, 0, 0, 0, 0, 0, 0])