Dict(
	[10, 14, 19, 12, 19, 1, 2, 10, 1, 1] => QQFieldElem[0, 0, 0, 0, 0, 0, 0, 0, 0, 0, 0, 0, 3//4, 0, 0, 0],
	[10, 14, 19, 12, 20, 1, 1, 13, 1, 1] => QQFieldElem[0, 0, 1//6, 0, 0, 1//6, 0, 0, 0, 0, -1//6, 0, 1//6, -1//6, 0, -1//6],
	[10, 14, 19, 12, 19, 1, 1, 10, 1, 1] => QQFieldElem[0, 0, 0, 0, 0, 0, 0, 0, 0, 0, 0, 0, 9//8, 0, 0, 0],
	[10, 14, 19, 12, 19, 1, 2, 18, 1, 1] => QQFieldElem[0, 0, 0, 0, -3//4, 0, 0, 0, 0, 0, 0, 0, 3//4, 0, 0, 0],
	[10, 14, 19, 12, 21, 1, 2, 16, 1, 1] => QQFieldElem[0, -1//6, 1//6, 0, 0, 0, 0, 0, 0, 0, 0, 1//6, 1//6, 0, 0, 0],
	[10, 14, 19, 12, 19, 1, 1, 18, 1, 1] => QQFieldElem[0, 0, 0, 0, 0, 0, 0, 0, 0, 0, 0, 0, 9//8, 0, 0, 0],
	[10, 14, 19, 12, 21, 1, 1, 16, 1, 1] => QQFieldElem[0, 0, -1//6, 0, 0, 0, 0, 1//6, 0, 0, 0, 0, 1//6, -1//6, 0, -1//6],
	[10, 14, 19, 12, 20, 1, 1, 15, 1, 1] => QQFieldElem[0, 0, -1//6, 0, 0, 0, 0, 1//6, 0, 0, 0, 0, -1//6, 1//6, 0, -1//6],
	[10, 14, 19, 12, 20, 1, 2, 15, 1, 1] => QQFieldElem[0, 1//6, 1//6, 0, 0, 0, 0, 0, 0, 0, 0, 1//6, -1//6, 0, 0, 0],
	[10, 14, 19, 12, 19, 1, 2, 17, 1, 1] => QQFieldElem[0, 0, 0, 0, 3//4, 0, 0, 0, 0, 0, 0, 0, -3//4, 0, 0, 0],
	[10, 14, 19, 12, 19, 1, 1, 17, 1, 1] => QQFieldElem[0, 0, 0, 0, 0, 0, 0, 0, 0, 0, 0, 0, 9//8, 0, 0, 0],
	[10, 14, 19, 12, 21, 1, 2, 10, 1, 1] => QQFieldElem[0, 0, -1//6, 1//6, 0, 0, 0, 0, 0, 1//6, 1//6, 0, -1//6, 0, 0, 0],
	[10, 14, 19, 12, 21, 1, 1, 10, 1, 1] => QQFieldElem[0, 0, 1//6, 0, 0, -1//6, 0, 0, 0, 0, -1//6, 0, -1//6, 1//6, 0, -1//6],
	[10, 14, 19, 12, 20, 1, 2, 16, 1, 1] => QQFieldElem[0, 1//6, 1//6, 0, 0, 0, 0, 0, 0, 0, 0, -1//6, 1//6, 0, 0, 0],
	[10, 14, 19, 12, 20, 1, 1, 16, 1, 1] => QQFieldElem[0, 0, -1//6, 0, 0, 0, 0, -1//6, 0, 0, 0, 0, 1//6, 1//6, 0, 1//6],
	[10, 14, 19, 12, 19, 1, 2, 13, 1, 1] => QQFieldElem[0, 0, 0, 0, 0, 0, 0, 0, 0, 0, 0, 0, -3//4, 0, 0, 0],
	[10, 14, 19, 12, 21, 1, 2, 18, 1, 1] => QQFieldElem[0, 1//6, 0, 1//6, 0, 0, 0, 0, 0, -1//6, -1//6, -1//6, 1//6, 0, 0, 0],
	[10, 14, 19, 12, 19, 1, 1, 13, 1, 1] => QQFieldElem[0, 0, 0, 0, 0, 0, 0, 0, 0, 0, 0, 0, 9//8, 0, 0, 0],
	[10, 14, 19, 12, 21, 1, 1, 18, 1, 1] => QQFieldElem[0, 0, 0, 0, 0, 1//6, 0, -1//6, 0, 0, 1//6, 0, 1//6, 0, 0, 0],
	[10, 14, 19, 12, 21, 1, 2, 17, 1, 1] => QQFieldElem[0, 1//6, 0, -1//6, 0, 0, 0, 0, 0, -1//6, -1//6, 1//6, -1//6, 0, 0, 0],
	[10, 14, 19, 12, 20, 1, 2, 10, 1, 1] => QQFieldElem[0, 0, -1//6, -1//6, 0, 0, 0, 0, 0, -1//6, 1//6, 0, -1//6, 0, 0, 0],
	[10, 14, 19, 12, 19, 1, 2, 15, 1, 1] => QQFieldElem[0, 0, 0, 0, -3//4, 0, 0, 0, 0, 0, 0, 0, 0, 0, 0, 0],
	[10, 14, 19, 12, 21, 1, 1, 17, 1, 1] => QQFieldElem[0, 0, 0, 0, 0, 1//6, 0, 1//6, 0, 0, 1//6, 0, -1//6, 0, 0, 0],
	[10, 14, 19, 12, 20, 1, 1, 10, 1, 1] => QQFieldElem[0, 0, 1//6, 0, 0, 1//6, 0, 0, 0, 0, -1//6, 0, -1//6, -1//6, 0, 1//6],
	[10, 14, 19, 12, 19, 1, 1, 15, 1, 1] => QQFieldElem[0, 0, 0, 0, 0, 0, 0, 0, 0, 0, 0, 0, 9//8, 0, 0, 0],
	[10, 14, 19, 12, 20, 1, 2, 18, 1, 1] => QQFieldElem[0, -1//6, 0, -1//6, 0, 0, 0, 0, 0, 1//6, -1//6, 1//6, 1//6, 0, 0, 0],
	[10, 14, 19, 12, 20, 1, 1, 18, 1, 1] => QQFieldElem[0, 0, 0, 0, 0, -1//6, 0, 1//6, 0, 0, 1//6, 0, 1//6, 0, 0, 0],
	[10, 14, 19, 12, 21, 1, 2, 13, 1, 1] => QQFieldElem[0, 0, -1//6, -1//6, 0, 0, 0, 0, 0, 1//6, 1//6, 0, 1//6, 0, 0, 0],
	[10, 14, 19, 12, 21, 1, 1, 13, 1, 1] => QQFieldElem[0, 0, 1//6, 0, 0, -1//6, 0, 0, 0, 0, -1//6, 0, 1//6, 1//6, 0, 1//6],
	[10, 14, 19, 12, 20, 1, 2, 17, 1, 1] => QQFieldElem[0, -1//6, 0, 1//6, 0, 0, 0, 0, 0, 1//6, -1//6, -1//6, -1//6, 0, 0, 0],
	[10, 14, 19, 12, 19, 1, 2, 16, 1, 1] => QQFieldElem[0, 0, 0, 0, 3//4, 0, 0, 0, 0, 0, 0, 0, 0, 0, 0, 0],
	[10, 14, 19, 12, 20, 1, 1, 17, 1, 1] => QQFieldElem[0, 0, 0, 0, 0, -1//6, 0, -1//6, 0, 0, 1//6, 0, -1//6, 0, 0, 0],
	[10, 14, 19, 12, 19, 1, 1, 16, 1, 1] => QQFieldElem[0, 0, 0, 0, 0, 0, 0, 0, 0, 0, 0, 0, 9//8, 0, 0, 0],
	[10, 14, 19, 12, 21, 1, 2, 15, 1, 1] => QQFieldElem[0, -1//6, 1//6, 0, 0, 0, 0, 0, 0, 0, 0, -1//6, -1//6, 0, 0, 0],
	[10, 14, 19, 12, 21, 1, 1, 15, 1, 1] => QQFieldElem[0, 0, -1//6, 0, 0, 0, 0, -1//6, 0, 0, 0, 0, -1//6, -1//6, 0, 1//6],
	[10, 14, 19, 12, 20, 1, 2, 13, 1, 1] => QQFieldElem[0, 0, -1//6, 1//6, 0, 0, 0, 0, 0, -1//6, 1//6, 0, 1//6, 0, 0, 0])