Dict(
	[10, 13, 13, 15, 19, 1, 1, 8, 1, 1] => QQFieldElem[0, 0, 0, 0, 0, 0, 1//192, 0, 0, 0, 0, 0, 0, 0, 0, 0],
	[10, 13, 13, 15, 7, 1, 1, 8, 1, 1] => QQFieldElem[0, 0, 0, 0, 0, 0, 0, 0, 0, 0, 0, 0, 0, 0, 0, 0],
	[10, 13, 13, 15, 20, 1, 1, 19, 1, 1] => QQFieldElem[0, 0, 0, 0, 0, 0, 0, 1//3, 0, 0, 0, 0, 1//3, 0, 0, 0],
	[10, 13, 13, 15, 20, 1, 1, 21, 1, 1] => QQFieldElem[0, 0, 0, 0, 0, 0, 0, 0, 0, 0, 0, 0, 1//3, 0, 0, -1//3],
	[10, 13, 13, 15, 21, 1, 1, 20, 1, 1] => QQFieldElem[0, 0, 0, 0, 0, 0, 0, 0, 0, 0, 0, 0, 1//3, 0, 0, -1//3],
	[10, 13, 13, 15, 21, 1, 1, 8, 1, 1] => QQFieldElem[0, 0, 0, 0, 0, 0, -1//192, 0, 0, 0, 0, 0, 0, 0, 1//192, 0],
	[10, 13, 13, 15, 20, 1, 1, 20, 1, 1] => QQFieldElem[0, 0, 0, 0, 0, 0, 0, -1//3, 0, 0, 0, 0, 1//3, 0, 0, 1//3],
	[10, 13, 13, 15, 20, 1, 1, 8, 1, 1] => QQFieldElem[0, 0, 0, 0, 0, 0, 0, 0, 0, 0, 0, 0, 0, 0, -1//192, 0],
	[10, 13, 13, 15, 19, 1, 1, 19, 1, 1] => QQFieldElem[0, 0, 0, 0, 0, 0, 0, 0, 0, 0, 0, 0, 1//3, 0, 0, -1//3],
	[10, 13, 13, 15, 7, 1, 1, 19, 1, 1] => QQFieldElem[0, 0, 0, 0, 0, 0, 0, 0, 0, 0, 0, 0, 64, 0, 0, 0],
	[10, 13, 13, 15, 19, 1, 1, 21, 1, 1] => QQFieldElem[0, 0, 0, 0, 0, 0, 0, -1//3, 0, 0, 0, 0, 1//3, 0, 0, 1//3],
	[10, 13, 13, 15, 7, 1, 1, 21, 1, 1] => QQFieldElem[0, 0, 0, 0, -64, 0, 0, 0, 0, 0, 0, 0, 0, 0, 0, 0],
	[10, 13, 13, 15, 19, 1, 1, 20, 1, 1] => QQFieldElem[0, 0, 0, 0, 0, 0, 0, 1//3, 0, 0, 0, 0, 1//3, 0, 0, 0],
	[10, 13, 13, 15, 21, 1, 1, 19, 1, 1] => QQFieldElem[0, 0, 0, 0, 0, 0, 0, -1//3, 0, 0, 0, 0, 1//3, 0, 0, 1//3],
	[10, 13, 13, 15, 21, 1, 1, 21, 1, 1] => QQFieldElem[0, 0, 0, 0, 0, 0, 0, 1//3, 0, 0, 0, 0, 1//3, 0, 0, 0],
	[10, 13, 13, 15, 7, 1, 1, 20, 1, 1] => QQFieldElem[0, 0, 0, 0, 64, 0, 0, 0, 0, 0, 0, 0, -64, 0, 0, 0])