Dict(
	[10, 12, 13, 16, 21, 1, 1, 19, 1, 1] => QQFieldElem[0, 0, 0, 0, 0, 0, 0, 0, 0, 0, 0, 1//4, -1//4, 0, 0, 0],
	[10, 12, 13, 16, 19, 1, 1, 20, 1, 1] => QQFieldElem[0, 0, 0, 1//4, 0, 0, 0, 0, 0, 0, 0, -1//4, -1//4, 0, 0, 0],
	[10, 12, 13, 16, 21, 1, 1, 21, 1, 1] => QQFieldElem[0, 0, 0, 1//4, 0, 0, 0, 0, 0, 0, 0, -1//4, -1//4, 0, 0, 0],
	[10, 12, 13, 16, 14, 1, 1, 19, 1, 1] => QQFieldElem[0, 0, 0, 0, 0, 0, 0, 0, 0, 0, 0, 0, 64, 0, 0, 0],
	[10, 12, 13, 16, 14, 1, 1, 21, 1, 1] => QQFieldElem[0, 0, 0, 0, -64, 0, 0, 0, 0, 0, 0, 0, 0, 0, 0, 0],
	[10, 12, 13, 16, 20, 1, 1, 19, 1, 1] => QQFieldElem[0, 0, 0, 1//4, 0, 0, 0, 0, 0, 0, 0, -1//4, -1//4, 0, 0, 0],
	[10, 12, 13, 16, 21, 1, 1, 20, 1, 1] => QQFieldElem[0, 0, 0, -1//4, 0, 0, 0, 0, 0, 0, 0, 0, -1//4, 0, 0, 0],
	[10, 12, 13, 16, 20, 1, 1, 21, 1, 1] => QQFieldElem[0, 0, 0, -1//4, 0, 0, 0, 0, 0, 0, 0, 0, -1//4, 0, 0, 0],
	[10, 12, 13, 16, 19, 1, 1, 14, 1, 1] => QQFieldElem[0, 0, 0, 0, 0, 0, 1//256, 0, 0, 0, 0, 0, 0, 0, 0, 0],
	[10, 12, 13, 16, 14, 1, 1, 20, 1, 1] => QQFieldElem[0, 0, 0, 0, 64, 0, 0, 0, 0, 0, 0, 0, -64, 0, 0, 0],
	[10, 12, 13, 16, 20, 1, 1, 20, 1, 1] => QQFieldElem[0, 0, 0, 0, 0, 0, 0, 0, 0, 0, 0, 1//4, -1//4, 0, 0, 0],
	[10, 12, 13, 16, 21, 1, 1, 14, 1, 1] => QQFieldElem[0, 0, 0, 0, 0, 0, -1//256, 0, 0, 0, 0, 0, 0, 0, 1//256, 0],
	[10, 12, 13, 16, 19, 1, 1, 19, 1, 1] => QQFieldElem[0, 0, 0, -1//4, 0, 0, 0, 0, 0, 0, 0, 0, -1//4, 0, 0, 0],
	[10, 12, 13, 16, 19, 1, 1, 21, 1, 1] => QQFieldElem[0, 0, 0, 0, 0, 0, 0, 0, 0, 0, 0, 1//4, -1//4, 0, 0, 0],
	[10, 12, 13, 16, 14, 1, 1, 14, 1, 1] => QQFieldElem[0, 0, 0, 0, 0, 0, 0, 0, 0, 0, 0, 0, 0, 0, 0, 0],
	[10, 12, 13, 16, 20, 1, 1, 14, 1, 1] => QQFieldElem[0, 0, 0, 0, 0, 0, 0, 0, 0, 0, 0, 0, 0, 0, -1//256, 0])