Dict(
	[10, 18, 11, 10, 14, 1, 1, 20, 1, 1] => QQFieldElem[0, 0, 0, 0, 0, 0, 0, 0, 0, 0, 0, 0, 0, 0, 128//3, 0],
	[10, 18, 11, 10, 19, 1, 1, 7, 1, 1] => QQFieldElem[0, 0, 0, 0, 0, 0, 0, 0, 0, 0, 0, 0, 16//81, 0, 0, 0],
	[10, 18, 11, 10, 20, 1, 1, 20, 1, 1] => QQFieldElem[0, 0, 0, 0, 0, 0, 0, 0, 0, 0, 0, -4//9, 4//9, 0, 0, 0],
	[10, 18, 11, 10, 19, 1, 1, 19, 1, 1] => QQFieldElem[0, 0, 0, 4//9, 0, 0, 0, 0, 0, 0, 0, 0, 4//9, 0, 0, 0],
	[10, 18, 11, 10, 19, 1, 1, 21, 1, 1] => QQFieldElem[0, 0, 0, 0, 0, 0, 0, 0, 0, 0, 0, -4//9, 4//9, 0, 0, 0],
	[10, 18, 11, 10, 21, 1, 1, 7, 1, 1] => QQFieldElem[0, 0, 0, 0, -16//81, 0, 0, 0, 0, 0, 0, 0, 0, 0, 0, 0],
	[10, 18, 11, 10, 14, 1, 1, 7, 1, 1] => QQFieldElem[0, 0, 0, 0, 0, 0, 0, 0, 0, 0, 0, 0, 0, 0, 0, 0],
	[10, 18, 11, 10, 19, 1, 1, 20, 1, 1] => QQFieldElem[0, 0, 0, -4//9, 0, 0, 0, 0, 0, 0, 0, 4//9, 4//9, 0, 0, 0],
	[10, 18, 11, 10, 21, 1, 1, 19, 1, 1] => QQFieldElem[0, 0, 0, 0, 0, 0, 0, 0, 0, 0, 0, -4//9, 4//9, 0, 0, 0],
	[10, 18, 11, 10, 21, 1, 1, 21, 1, 1] => QQFieldElem[0, 0, 0, -4//9, 0, 0, 0, 0, 0, 0, 0, 4//9, 4//9, 0, 0, 0],
	[10, 18, 11, 10, 20, 1, 1, 7, 1, 1] => QQFieldElem[0, 0, 0, 0, 16//81, 0, 0, 0, 0, 0, 0, 0, -16//81, 0, 0, 0],
	[10, 18, 11, 10, 14, 1, 1, 19, 1, 1] => QQFieldElem[0, 0, 0, 0, 0, 0, -128//3, 0, 0, 0, 0, 0, 0, 0, 0, 0],
	[10, 18, 11, 10, 14, 1, 1, 21, 1, 1] => QQFieldElem[0, 0, 0, 0, 0, 0, 128//3, 0, 0, 0, 0, 0, 0, 0, -128//3, 0],
	[10, 18, 11, 10, 20, 1, 1, 19, 1, 1] => QQFieldElem[0, 0, 0, -4//9, 0, 0, 0, 0, 0, 0, 0, 4//9, 4//9, 0, 0, 0],
	[10, 18, 11, 10, 21, 1, 1, 20, 1, 1] => QQFieldElem[0, 0, 0, 4//9, 0, 0, 0, 0, 0, 0, 0, 0, 4//9, 0, 0, 0],
	[10, 18, 11, 10, 20, 1, 1, 21, 1, 1] => QQFieldElem[0, 0, 0, 4//9, 0, 0, 0, 0, 0, 0, 0, 0, 4//9, 0, 0, 0])