Dict(
	[10, 11, 13, 10, 20, 1, 1, 14, 1, 1] => QQFieldElem[0, 0, 0, 0, 0, 0, 0, 0, 0, 0, 0, 0, 0, 0, 0, 0],
	[10, 11, 13, 10, 21, 1, 1, 3, 1, 1] => QQFieldElem[1//72, 0, 0, 0, 0, 0, 0, 0, 0, 0, 0, 0, 0, 0, 0, 0],
	[10, 11, 13, 10, 21, 1, 1, 19, 1, 1] => QQFieldElem[-4//9, 0, 0, 0, 0, 0, 0, 0, 8//9, 0, 0, 0, 0, 0, 0, 0],
	[10, 11, 13, 10, 19, 1, 1, 20, 1, 1] => QQFieldElem[4//9, 0, 0, 0, 0, 0, 0, 0, -8//9, 0, 0, 0, 0, 0, 0, 0],
	[10, 11, 13, 10, 21, 1, 1, 21, 1, 1] => QQFieldElem[4//9, 0, 0, 0, 0, 0, 0, 0, -8//9, 0, 0, 0, 0, 0, 0, 0],
	[10, 11, 13, 10, 14, 1, 1, 3, 1, 1] => QQFieldElem[0, 0, 0, 0, 0, 0, 0, 0, 0, 0, 0, 0, 0, 0, 0, 0],
	[10, 11, 13, 10, 14, 1, 1, 19, 1, 1] => QQFieldElem[0, 0, 0, 0, 0, 0, 0, 0, 0, 0, 0, 0, 0, 0, 0, 0],
	[10, 11, 13, 10, 14, 1, 1, 21, 1, 1] => QQFieldElem[0, 0, 0, 0, 0, 0, 0, 0, 0, 0, 0, 0, 0, 0, 0, 0],
	[10, 11, 13, 10, 3, 1, 1, 14, 1, 1] => QQFieldElem[0, 0, 0, 0, 0, 0, 0, 0, 0, 0, 0, 0, 0, 0, 0, 0],
	[10, 11, 13, 10, 20, 1, 1, 3, 1, 1] => QQFieldElem[1//72, 0, 0, 0, 0, 0, 0, 0, 0, 0, 0, 0, 0, 0, 0, 0],
	[10, 11, 13, 10, 20, 1, 1, 19, 1, 1] => QQFieldElem[4//9, 0, 0, 0, 0, 0, 0, 0, -8//9, 0, 0, 0, 0, 0, 0, 0],
	[10, 11, 13, 10, 21, 1, 1, 20, 1, 1] => QQFieldElem[0, 0, 0, 0, 0, 0, 0, 0, 0, 0, 0, 0, 0, 0, 0, 0],
	[10, 11, 13, 10, 20, 1, 1, 21, 1, 1] => QQFieldElem[0, 0, 0, 0, 0, 0, 0, 0, 0, 0, 0, 0, 0, 0, 0, 0],
	[10, 11, 13, 10, 19, 1, 1, 14, 1, 1] => QQFieldElem[0, 0, 0, 0, 0, 0, 0, 0, 0, 0, 0, 0, 0, 0, 0, 0],
	[10, 11, 13, 10, 14, 1, 1, 20, 1, 1] => QQFieldElem[0, 0, 0, 0, 0, 0, 0, 0, 0, 0, 0, 0, 0, 0, 0, 0],
	[10, 11, 13, 10, 3, 1, 1, 3, 1, 1] => QQFieldElem[0, 0, 0, 0, 0, 0, 0, 0, 0, 0, 0, 0, 0, 0, 0, 0],
	[10, 11, 13, 10, 3, 1, 1, 19, 1, 1] => QQFieldElem[9//8, 0, 0, 0, 0, 0, 0, 0, 0, 0, 0, 0, 0, 0, 0, 0],
	[10, 11, 13, 10, 20, 1, 1, 20, 1, 1] => QQFieldElem[-4//9, 0, 0, 0, 0, 0, 0, 0, 8//9, 0, 0, 0, 0, 0, 0, 0],
	[10, 11, 13, 10, 3, 1, 1, 21, 1, 1] => QQFieldElem[9//8, 0, 0, 0, 0, 0, 0, 0, 0, 0, 0, 0, 0, 0, 0, 0],
	[10, 11, 13, 10, 19, 1, 1, 3, 1, 1] => QQFieldElem[1//72, 0, 0, 0, 0, 0, 0, 0, 0, 0, 0, 0, 0, 0, 0, 0],
	[10, 11, 13, 10, 21, 1, 1, 14, 1, 1] => QQFieldElem[0, 0, 0, 0, 0, 0, 0, 0, 0, 0, 0, 0, 0, 0, 0, 0],
	[10, 11, 13, 10, 19, 1, 1, 19, 1, 1] => QQFieldElem[0, 0, 0, 0, 0, 0, 0, 0, 0, 0, 0, 0, 0, 0, 0, 0],
	[10, 11, 13, 10, 19, 1, 1, 21, 1, 1] => QQFieldElem[-4//9, 0, 0, 0, 0, 0, 0, 0, 8//9, 0, 0, 0, 0, 0, 0, 0],
	[10, 11, 13, 10, 14, 1, 1, 14, 1, 1] => QQFieldElem[0, 0, 0, 0, 0, 0, 0, 0, 0, 0, 0, 0, -256//9, 0, 0, 0],
	[10, 11, 13, 10, 3, 1, 1, 20, 1, 1] => QQFieldElem[9//8, 0, 0, 0, 0, 0, 0, 0, 0, 0, 0, 0, 0, 0, 0, 0])