Dict(
	[10, 13, 16, 11, 19, 1, 1, 21, 1, 1] => QQFieldElem[0, 0, 0, 0, 0, 0, 0, 0, 0, 0, 0, 0, 1//3, 1//3, 0, 0],
	[10, 13, 16, 11, 19, 1, 1, 9, 1, 1] => QQFieldElem[0, 0, 0, 0, 0, 0, 0, 0, 0, 0, 0, 0, 8//27, 0, 0, 0],
	[10, 13, 16, 11, 8, 1, 1, 19, 1, 1] => QQFieldElem[0, 0, -64, 0, 0, 0, 0, 0, 0, 0, 64, 0, 0, 0, 0, 0],
	[10, 13, 16, 11, 8, 1, 1, 21, 1, 1] => QQFieldElem[0, 0, 64, 0, 0, 0, 0, 0, 0, 0, 0, 0, 0, 0, 0, 0],
	[10, 13, 16, 11, 19, 1, 1, 20, 1, 1] => QQFieldElem[0, 0, 0, 0, 0, -1//3, 0, 0, 0, 0, 0, 0, 1//3, 0, 0, 0],
	[10, 13, 16, 11, 8, 1, 1, 9, 1, 1] => QQFieldElem[0, 0, 0, 0, 0, 0, 0, 0, 0, 0, 0, 0, 0, 0, 0, 0],
	[10, 13, 16, 11, 21, 1, 1, 19, 1, 1] => QQFieldElem[0, 0, 0, 0, 0, 0, 0, 0, 0, 0, 0, 0, 1//3, 1//3, 0, 0],
	[10, 13, 16, 11, 21, 1, 1, 21, 1, 1] => QQFieldElem[0, 0, 0, 0, 0, -1//3, 0, 0, 0, 0, 0, 0, 1//3, 0, 0, 0],
	[10, 13, 16, 11, 21, 1, 1, 9, 1, 1] => QQFieldElem[0, 0, 0, 0, 8//27, 0, 0, 0, 0, 0, 0, 0, -8//27, 0, 0, 0],
	[10, 13, 16, 11, 8, 1, 1, 20, 1, 1] => QQFieldElem[0, 0, 0, 0, 0, 0, 0, 0, 0, 0, -64, 0, 0, 0, 0, 0],
	[10, 13, 16, 11, 20, 1, 1, 19, 1, 1] => QQFieldElem[0, 0, 0, 0, 0, -1//3, 0, 0, 0, 0, 0, 0, 1//3, 0, 0, 0],
	[10, 13, 16, 11, 20, 1, 1, 21, 1, 1] => QQFieldElem[0, 0, 0, 0, 0, 1//3, 0, 0, 0, 0, 0, 0, 1//3, -1//3, 0, 0],
	[10, 13, 16, 11, 21, 1, 1, 20, 1, 1] => QQFieldElem[0, 0, 0, 0, 0, 1//3, 0, 0, 0, 0, 0, 0, 1//3, -1//3, 0, 0],
	[10, 13, 16, 11, 20, 1, 1, 9, 1, 1] => QQFieldElem[0, 0, 0, 0, -8//27, 0, 0, 0, 0, 0, 0, 0, 0, 0, 0, 0],
	[10, 13, 16, 11, 20, 1, 1, 20, 1, 1] => QQFieldElem[0, 0, 0, 0, 0, 0, 0, 0, 0, 0, 0, 0, 1//3, 1//3, 0, 0],
	[10, 13, 16, 11, 19, 1, 1, 19, 1, 1] => QQFieldElem[0, 0, 0, 0, 0, 1//3, 0, 0, 0, 0, 0, 0, 1//3, -1//3, 0, 0])