Dict(
	[10, 11, 14, 21, 12, 1, 1, 21, 1, 2] => QQFieldElem[0, 1//3, 0, 0, 0, 0, 1//3, 0, 0, -1//3, 0, 1//3, 1//3, 0, 0, 0],
	[10, 11, 14, 21, 18, 1, 1, 20, 1, 1] => QQFieldElem[3//8, 3//8, 0, 0, 0, 0, -3//8, 0, -3//8, 0, 0, 0, 0, 0, 0, 3//8],
	[10, 11, 14, 21, 16, 1, 1, 20, 1, 2] => QQFieldElem[0, 0, 0, 0, 0, 0, 0, 0, 0, 0, 0, 0, 1//3, -1//3, 1//3, 1//3],
	[10, 11, 14, 21, 17, 1, 1, 20, 1, 2] => QQFieldElem[0, 0, 0, 0, 0, 1//3, -1//3, 1//3, 0, 0, 0, 0, 1//3, 0, 0, -1//3],
	[10, 11, 14, 21, 11, 1, 1, 20, 1, 1] => QQFieldElem[0, 0, 0, -3//8, 0, 3//8, 3//8, 0, 3//8, 0, 0, 3//8, 0, -3//8, 0, 0],
	[10, 11, 14, 21, 16, 1, 1, 19, 1, 1] => QQFieldElem[0, 0, 0, 0, 0, 0, 0, 0, 0, 0, 0, 0, -1//6, 0, 0, 0],
	[10, 11, 14, 21, 17, 1, 1, 19, 1, 1] => QQFieldElem[0, 0, 0, 0, -1//6, 0, 0, 0, 0, 0, 0, 0, 1//6, 0, 0, 0],
	[10, 11, 14, 21, 15, 1, 1, 20, 1, 1] => QQFieldElem[3//8, 0, 0, 3//8, 0, 0, 3//8, 0, -3//8, 0, 0, 0, 0, 3//8, 0, 0],
	[10, 11, 14, 21, 16, 1, 1, 21, 1, 1] => QQFieldElem[0, 0, 0, 0, 0, 0, -3//8, 3//8, 3//8, 3//8, 0, 0, 0, 0, 0, 0],
	[10, 11, 14, 21, 17, 1, 1, 21, 1, 1] => QQFieldElem[-3//8, 3//8, 0, 0, 0, 0, -3//8, -3//8, 0, -3//8, 0, 0, 0, 0, 0, 3//8],
	[10, 11, 14, 21, 12, 1, 1, 20, 1, 2] => QQFieldElem[0, -1//3, 0, 0, 0, 0, 1//3, 0, 0, 1//3, 0, -1//3, 1//3, 0, 0, 0],
	[10, 11, 14, 21, 18, 1, 1, 19, 1, 2] => QQFieldElem[0, 0, 0, 0, -4//27, 0, 0, 0, 0, 0, 0, 0, 4//27, 0, 0, 0],
	[10, 11, 14, 21, 18, 1, 1, 21, 1, 2] => QQFieldElem[0, 0, 0, 0, 0, 1//3, 1//3, 1//3, 0, 0, 0, 0, 1//3, -1//3, -1//3, 0],
	[10, 11, 14, 21, 12, 1, 1, 19, 1, 1] => QQFieldElem[0, 0, 0, 0, 0, 0, 0, 0, -1//4, 0, 0, 0, 0, 0, 0, 0],
	[10, 11, 14, 21, 11, 1, 1, 19, 1, 2] => QQFieldElem[0, 0, 0, 0, 0, 0, 0, 0, 0, 0, 0, 0, -2//9, 0, 0, 0],
	[10, 11, 14, 21, 12, 1, 1, 21, 1, 1] => QQFieldElem[-3//8, 0, 0, 0, 0, 3//8, 3//8, 0, 0, 0, 0, 3//8, 0, 0, 0, 0],
	[10, 11, 14, 21, 16, 1, 1, 20, 1, 1] => QQFieldElem[0, 0, 0, 0, 0, 0, -3//8, -3//8, 3//8, -3//8, 0, 0, 0, 0, 0, 0],
	[10, 11, 14, 21, 11, 1, 1, 21, 1, 2] => QQFieldElem[0, -1//3, 0, -1//3, 0, 0, 0, 0, 0, 0, 0, 0, 1//3, 0, -1//3, 0],
	[10, 11, 14, 21, 17, 1, 1, 20, 1, 1] => QQFieldElem[-3//8, -3//8, 0, 0, 0, 0, -3//8, 3//8, 0, 3//8, 0, 0, 0, 0, 0, -3//8],
	[10, 11, 14, 21, 15, 1, 1, 19, 1, 2] => QQFieldElem[0, 0, 0, 0, 2//9, 0, 0, 0, 0, 0, 0, 0, 0, 0, 0, 0],
	[10, 11, 14, 21, 15, 1, 1, 21, 1, 2] => QQFieldElem[0, 0, 0, 1//3, 0, 0, -1//3, 0, 0, 1//3, 0, -1//3, 1//3, 0, 1//3, 0],
	[10, 11, 14, 21, 18, 1, 1, 20, 1, 2] => QQFieldElem[0, 0, 0, 0, 0, -1//3, 1//3, -1//3, 0, 0, 0, 0, 1//3, 1//3, -1//3, 0],
	[10, 11, 14, 21, 12, 1, 1, 20, 1, 1] => QQFieldElem[-3//8, 0, 0, 0, 0, -3//8, 3//8, 0, 0, 0, 0, -3//8, 0, 0, 0, 0],
	[10, 11, 14, 21, 11, 1, 1, 20, 1, 2] => QQFieldElem[0, 1//3, 0, 1//3, 0, 0, 0, 0, 0, 0, 0, 0, 1//3, 0, -1//3, 0],
	[10, 11, 14, 21, 18, 1, 1, 19, 1, 1] => QQFieldElem[0, 0, 0, 0, 1//6, 0, 0, 0, 0, 0, 0, 0, 0, 0, 0, 0],
	[10, 11, 14, 21, 16, 1, 1, 19, 1, 2] => QQFieldElem[0, 0, 0, 0, -4//27, 0, 0, 0, 0, 0, 0, 0, 4//27, 0, 0, 0],
	[10, 11, 14, 21, 18, 1, 1, 21, 1, 1] => QQFieldElem[3//8, -3//8, 0, 0, 0, 0, -3//8, 0, -3//8, 0, 0, 0, 0, 0, 0, -3//8],
	[10, 11, 14, 21, 17, 1, 1, 19, 1, 2] => QQFieldElem[0, 0, 0, 0, -4//27, 0, 0, 0, 0, 0, 0, 0, 4//27, 0, 0, 0],
	[10, 11, 14, 21, 16, 1, 1, 21, 1, 2] => QQFieldElem[0, 0, 0, 0, 0, 0, 0, 0, 0, 0, 0, 0, 1//3, 1//3, 1//3, -1//3],
	[10, 11, 14, 21, 11, 1, 1, 19, 1, 1] => QQFieldElem[0, 0, 0, 0, 0, 0, 0, 0, -1//4, 0, 0, 0, 0, 0, 0, 0],
	[10, 11, 14, 21, 15, 1, 1, 20, 1, 2] => QQFieldElem[0, 0, 0, -1//3, 0, 0, -1//3, 0, 0, -1//3, 0, 1//3, 1//3, 0, 1//3, 0],
	[10, 11, 14, 21, 17, 1, 1, 21, 1, 2] => QQFieldElem[0, 0, 0, 0, 0, -1//3, -1//3, -1//3, 0, 0, 0, 0, 1//3, 0, 0, 1//3],
	[10, 11, 14, 21, 11, 1, 1, 21, 1, 1] => QQFieldElem[0, 0, 0, 3//8, 0, -3//8, 3//8, 0, 3//8, 0, 0, -3//8, 0, 3//8, 0, 0],
	[10, 11, 14, 21, 15, 1, 1, 19, 1, 1] => QQFieldElem[0, 0, 0, 0, 0, 0, 0, 0, -1//4, 0, 0, 0, 0, 0, 0, 0],
	[10, 11, 14, 21, 15, 1, 1, 21, 1, 1] => QQFieldElem[3//8, 0, 0, -3//8, 0, 0, 3//8, 0, -3//8, 0, 0, 0, 0, -3//8, 0, 0],
	[10, 11, 14, 21, 12, 1, 1, 19, 1, 2] => QQFieldElem[0, 0, 0, 0, -2//9, 0, 0, 0, 0, 0, 0, 0, 2//9, 0, 0, 0])