Dict(
	[10, 11, 15, 17, 21, 1, 1, 21, 1, 1] => QQFieldElem[-1//3, 1//3, -1//3, 0, 0, 0, -1//3, 1//3, 0, -1//3, 1//3, 0, 0, 0, 0, 0],
	[10, 11, 15, 17, 14, 1, 1, 3, 1, 1] => QQFieldElem[0, 0, 0, 0, 0, 0, 0, 0, 0, 0, 0, 0, 0, 0, 0, 9//16],
	[10, 11, 15, 17, 14, 1, 1, 19, 1, 1] => QQFieldElem[0, 0, 0, 0, 0, 0, 0, 0, 0, 0, 0, 0, 0, 0, 0, 0],
	[10, 11, 15, 17, 14, 1, 1, 21, 1, 1] => QQFieldElem[0, 0, 0, 0, 0, 0, 0, 0, 0, 0, 0, 0, 0, 0, 0, 0],
	[10, 11, 15, 17, 8, 1, 1, 20, 1, 1] => QQFieldElem[0, 0, 0, 0, 0, 0, 0, 0, 0, 0, 0, 0, 0, 0, 0, 0],
	[10, 11, 15, 17, 20, 1, 1, 3, 1, 1] => QQFieldElem[0, 0, 0, 1//6, 0, -1//6, 0, 0, 0, 0, 0, -1//6, -1//6, 0, 0, 0],
	[10, 11, 15, 17, 20, 1, 1, 19, 1, 1] => QQFieldElem[2//3, 1//3, 0, 0, 0, 0, 0, 1//3, 0, -1//3, -1//3, 0, 0, 0, 1//3, 0],
	[10, 11, 15, 17, 20, 1, 1, 21, 1, 1] => QQFieldElem[-1//3, 0, 1//3, 0, 0, 0, 1//3, 0, 0, 1//3, 0, 0, 0, 0, -1//3, -1//3],
	[10, 11, 15, 17, 21, 1, 1, 20, 1, 1] => QQFieldElem[-1//3, 0, 0, 0, 0, 0, 0, 0, 0, 1//3, -1//3, 0, 0, 0, 1//3, -1//3],
	[10, 11, 15, 17, 19, 1, 1, 14, 1, 1] => QQFieldElem[0, 0, 0, 0, 0, 0, 0, 0, 0, 0, 0, 0, 0, 0, 0, 0],
	[10, 11, 15, 17, 7, 1, 1, 14, 1, 1] => QQFieldElem[0, 0, 0, 0, 0, 0, 0, 0, 0, 0, 0, 0, 0, 0, 0, 0],
	[10, 11, 15, 17, 14, 1, 1, 20, 1, 1] => QQFieldElem[0, 0, 0, 0, 0, 0, 0, 0, 0, 0, 0, 0, 0, 0, 0, 0],
	[10, 11, 15, 17, 19, 1, 1, 4, 1, 1] => QQFieldElem[0, 0, 0, 1//6, 0, -1//6, 0, 0, 0, 0, 0, 0, 1//6, 1//6, 0, 0],
	[10, 11, 15, 17, 7, 1, 1, 4, 1, 1] => QQFieldElem[0, 0, 0, 0, 0, 0, 0, 0, 0, 0, 0, 0, 0, 0, 0, 0],
	[10, 11, 15, 17, 8, 1, 1, 14, 1, 1] => QQFieldElem[-9//16, 0, 0, 0, 0, 0, 0, 0, 0, 0, 0, 0, 0, 0, 0, 0],
	[10, 11, 15, 17, 20, 1, 1, 20, 1, 1] => QQFieldElem[-1//3, -1//3, -1//3, 0, 0, 0, -1//3, -1//3, 0, 0, 1//3, 0, 0, 0, 0, 1//3],
	[10, 11, 15, 17, 8, 1, 1, 4, 1, 1] => QQFieldElem[-9//32, 0, 0, 0, 0, 0, 0, 0, 0, 0, 0, 0, 0, 0, 0, 0],
	[10, 11, 15, 17, 19, 1, 1, 3, 1, 1] => QQFieldElem[0, 0, 0, -1//6, 0, 1//6, 0, 0, 0, 0, 0, 0, -1//6, -1//6, 0, 0],
	[10, 11, 15, 17, 21, 1, 1, 14, 1, 1] => QQFieldElem[0, 0, 0, 0, 0, 0, 0, 0, 0, 0, 0, 0, 0, 0, 0, 0],
	[10, 11, 15, 17, 19, 1, 1, 19, 1, 1] => QQFieldElem[2//3, 0, -1//3, 0, 0, 0, -1//3, 0, 0, 1//3, 1//3, 0, 0, 0, 0, -1//3],
	[10, 11, 15, 17, 7, 1, 1, 3, 1, 1] => QQFieldElem[0, 0, 0, 0, 0, 0, 0, 0, 0, 0, 0, 0, 0, 0, 0, 0],
	[10, 11, 15, 17, 7, 1, 1, 19, 1, 1] => QQFieldElem[-27//16, 0, 0, 0, 0, 0, 0, 0, 0, 0, 0, 0, 0, 0, 0, 0],
	[10, 11, 15, 17, 19, 1, 1, 21, 1, 1] => QQFieldElem[-1//3, -1//3, 0, 0, 0, 0, 0, -1//3, 0, 0, -1//3, 0, 0, 0, 1//3, 1//3],
	[10, 11, 15, 17, 21, 1, 1, 4, 1, 1] => QQFieldElem[0, 0, 0, 0, 0, 0, 0, 0, 0, 0, 0, -1//6, 1//6, -1//6, 0, 0],
	[10, 11, 15, 17, 14, 1, 1, 14, 1, 1] => QQFieldElem[0, 0, 0, 0, 0, 0, 0, 0, 0, 0, 0, 0, 0, 0, 0, -9//8],
	[10, 11, 15, 17, 7, 1, 1, 21, 1, 1] => QQFieldElem[-27//16, 0, 0, 0, 0, 0, 0, 0, 0, 0, 0, 0, 0, 0, 0, 0],
	[10, 11, 15, 17, 8, 1, 1, 3, 1, 1] => QQFieldElem[-9//32, 0, 0, 0, 0, 0, 0, 0, 0, 0, 0, 0, 0, 0, 0, 0],
	[10, 11, 15, 17, 8, 1, 1, 19, 1, 1] => QQFieldElem[0, 0, 0, 0, 0, 0, 0, 0, 0, 0, 0, 0, 0, 0, 0, 0],
	[10, 11, 15, 17, 14, 1, 1, 4, 1, 1] => QQFieldElem[0, 0, 0, 0, 0, 0, 0, 0, 0, 0, 0, 0, 0, 0, 0, 9//16],
	[10, 11, 15, 17, 8, 1, 1, 21, 1, 1] => QQFieldElem[0, 0, 0, 0, 0, 0, 0, 0, 0, 0, 0, 0, 0, 0, 0, 0],
	[10, 11, 15, 17, 20, 1, 1, 14, 1, 1] => QQFieldElem[0, 0, 0, 0, 0, 0, 0, 0, 0, 0, 0, 0, 0, 0, 0, 0],
	[10, 11, 15, 17, 21, 1, 1, 3, 1, 1] => QQFieldElem[0, 0, 0, 0, 0, 0, 0, 0, 0, 0, 0, 1//6, -1//6, 1//6, 0, 0],
	[10, 11, 15, 17, 19, 1, 1, 20, 1, 1] => QQFieldElem[-1//3, 1//3, 1//3, 0, 0, 0, 1//3, 1//3, 0, -1//3, 0, 0, 0, 0, -1//3, 0],
	[10, 11, 15, 17, 21, 1, 1, 19, 1, 1] => QQFieldElem[2//3, -1//3, 1//3, 0, 0, 0, 1//3, -1//3, 0, 0, 0, 0, 0, 0, -1//3, 1//3],
	[10, 11, 15, 17, 20, 1, 1, 4, 1, 1] => QQFieldElem[0, 0, 0, -1//6, 0, 1//6, 0, 0, 0, 0, 0, 1//6, 1//6, 0, 0, 0],
	[10, 11, 15, 17, 7, 1, 1, 20, 1, 1] => QQFieldElem[-27//16, 0, 0, 0, 0, 0, 0, 0, 0, 0, 0, 0, 0, 0, 0, 0])