Dict(
	[10, 11, 16, 16, 19, 1, 1, 21, 1, 1] => QQFieldElem[1//3, 0, 0, 0, 0, 0, 0, 0, 0, 0, 1//3, 1//3, 0, 1//3, -1//3, 0],
	[10, 11, 16, 16, 14, 1, 1, 14, 1, 1] => QQFieldElem[0, 0, 0, -9//8, 0, 0, 0, 0, 0, 0, 0, 0, 0, 0, 0, 0],
	[10, 11, 16, 16, 21, 1, 1, 1, 1, 1] => QQFieldElem[0, 1//6, 0, 0, 0, 0, 0, 1//6, 0, 0, 0, 0, -1//6, 0, 0, -1//6],
	[10, 11, 16, 16, 20, 1, 1, 14, 1, 1] => QQFieldElem[0, 0, 0, 0, 0, 0, 0, 0, 0, 0, 0, 0, 0, 0, 0, 0],
	[10, 11, 16, 16, 21, 1, 1, 3, 1, 1] => QQFieldElem[0, -1//6, 0, 0, 0, 0, 0, -1//6, 0, 0, 0, 0, 1//6, 0, 0, 1//6],
	[10, 11, 16, 16, 6, 1, 1, 14, 1, 1] => QQFieldElem[256//3, 0, 0, 0, 0, 0, 0, 0, 0, 0, 0, 0, 0, 0, 0, 0],
	[10, 11, 16, 16, 21, 1, 1, 19, 1, 1] => QQFieldElem[-2//3, 0, -1//3, 0, 0, 0, -1//3, 0, 0, 0, 0, 1//3, 0, 1//3, 1//3, 0],
	[10, 11, 16, 16, 9, 1, 1, 14, 1, 1] => QQFieldElem[-9//16, 0, 0, 0, 0, 0, 0, 0, 0, 0, 0, 0, 0, 0, 0, 0],
	[10, 11, 16, 16, 19, 1, 1, 20, 1, 1] => QQFieldElem[1//3, 0, -1//3, 1//3, 0, -1//3, -1//3, 0, 0, 0, 0, -1//3, 0, 0, 1//3, 0],
	[10, 11, 16, 16, 14, 1, 1, 1, 1, 1] => QQFieldElem[0, 0, 0, 9//16, 0, 0, 0, 0, 0, 0, 0, 0, 0, 0, 0, 0],
	[10, 11, 16, 16, 21, 1, 1, 21, 1, 1] => QQFieldElem[1//3, 0, 1//3, 1//3, 0, -1//3, 1//3, 0, 0, 0, -1//3, -1//3, 0, 0, 0, 0],
	[10, 11, 16, 16, 14, 1, 1, 3, 1, 1] => QQFieldElem[0, 0, 0, 9//16, 0, 0, 0, 0, 0, 0, 0, 0, 0, 0, 0, 0],
	[10, 11, 16, 16, 20, 1, 1, 1, 1, 1] => QQFieldElem[0, -1//6, 0, 0, 0, 0, 0, -1//6, 0, 1//6, 0, 0, -1//6, 0, 0, 0],
	[10, 11, 16, 16, 14, 1, 1, 19, 1, 1] => QQFieldElem[0, 0, 0, 0, 0, 0, 0, 0, 0, 0, 0, 0, 0, 0, 0, 0],
	[10, 11, 16, 16, 6, 1, 1, 1, 1, 1] => QQFieldElem[128//3, 0, 0, 0, 0, 0, 0, 0, 0, 0, 0, 0, 0, 0, 0, 0],
	[10, 11, 16, 16, 9, 1, 1, 1, 1, 1] => QQFieldElem[-9//32, 0, 0, 0, 0, 0, 0, 0, 0, 0, 0, 0, 0, 0, 0, 0],
	[10, 11, 16, 16, 14, 1, 1, 21, 1, 1] => QQFieldElem[0, 0, 0, 0, 0, 0, 0, 0, 0, 0, 0, 0, 0, 0, 0, 0],
	[10, 11, 16, 16, 20, 1, 1, 3, 1, 1] => QQFieldElem[0, 1//6, 0, 0, 0, 0, 0, 1//6, 0, -1//6, 0, 0, 1//6, 0, 0, 0],
	[10, 11, 16, 16, 20, 1, 1, 19, 1, 1] => QQFieldElem[-2//3, 0, 0, 1//3, 0, -1//3, 0, 0, 0, 0, 1//3, -1//3, 0, 0, -1//3, 0],
	[10, 11, 16, 16, 6, 1, 1, 3, 1, 1] => QQFieldElem[128//3, 0, 0, 0, 0, 0, 0, 0, 0, 0, 0, 0, 0, 0, 0, 0],
	[10, 11, 16, 16, 9, 1, 1, 3, 1, 1] => QQFieldElem[-9//32, 0, 0, 0, 0, 0, 0, 0, 0, 0, 0, 0, 0, 0, 0, 0],
	[10, 11, 16, 16, 6, 1, 1, 19, 1, 1] => QQFieldElem[512//3, 0, 0, 0, 0, 0, 0, 0, 0, 0, 0, 0, 0, 0, 0, 0],
	[10, 11, 16, 16, 21, 1, 1, 20, 1, 1] => QQFieldElem[1//3, 0, 0, -1//3, 0, 1//3, 0, 0, 0, 0, 1//3, 0, 0, -1//3, -1//3, 0],
	[10, 11, 16, 16, 9, 1, 1, 19, 1, 1] => QQFieldElem[9//16, 0, 0, 0, 0, 0, 0, 0, 0, 0, 0, 0, 0, 0, 0, 0],
	[10, 11, 16, 16, 20, 1, 1, 21, 1, 1] => QQFieldElem[1//3, 0, -1//3, -1//3, 0, 1//3, -1//3, 0, 0, 0, 0, 0, 0, -1//3, 1//3, 0],
	[10, 11, 16, 16, 6, 1, 1, 21, 1, 1] => QQFieldElem[512//3, 0, 0, 0, 0, 0, 0, 0, 0, 0, 0, 0, 0, 0, 0, 0],
	[10, 11, 16, 16, 9, 1, 1, 21, 1, 1] => QQFieldElem[9//16, 0, 0, 0, 0, 0, 0, 0, 0, 0, 0, 0, 0, 0, 0, 0],
	[10, 11, 16, 16, 19, 1, 1, 14, 1, 1] => QQFieldElem[0, 0, 0, 0, 0, 0, 0, 0, 0, 0, 0, 0, 0, 0, 0, 0],
	[10, 11, 16, 16, 14, 1, 1, 20, 1, 1] => QQFieldElem[0, 0, 0, 0, 0, 0, 0, 0, 0, 0, 0, 0, 0, 0, 0, 0],
	[10, 11, 16, 16, 19, 1, 1, 1, 1, 1] => QQFieldElem[0, 0, 0, 0, 0, 0, 0, 0, 0, -1//6, 0, 0, -1//6, 0, 0, 1//6],
	[10, 11, 16, 16, 20, 1, 1, 20, 1, 1] => QQFieldElem[1//3, 0, 1//3, 0, 0, 0, 1//3, 0, 0, 0, -1//3, 1//3, 0, 1//3, 0, 0],
	[10, 11, 16, 16, 6, 1, 1, 20, 1, 1] => QQFieldElem[512//3, 0, 0, 0, 0, 0, 0, 0, 0, 0, 0, 0, 0, 0, 0, 0],
	[10, 11, 16, 16, 9, 1, 1, 20, 1, 1] => QQFieldElem[9//16, 0, 0, 0, 0, 0, 0, 0, 0, 0, 0, 0, 0, 0, 0, 0],
	[10, 11, 16, 16, 19, 1, 1, 3, 1, 1] => QQFieldElem[0, 0, 0, 0, 0, 0, 0, 0, 0, 1//6, 0, 0, 1//6, 0, 0, -1//6],
	[10, 11, 16, 16, 21, 1, 1, 14, 1, 1] => QQFieldElem[0, 0, 0, 0, 0, 0, 0, 0, 0, 0, 0, 0, 0, 0, 0, 0],
	[10, 11, 16, 16, 19, 1, 1, 19, 1, 1] => QQFieldElem[-2//3, 0, 1//3, -1//3, 0, 1//3, 1//3, 0, 0, 0, -1//3, 0, 0, -1//3, 0, 0])