Dict(
	[10, 16, 13, 13, 19, 1, 1, 21, 1, 1] => QQFieldElem[0, 0, 0, 0, 0, 0, 0, 0, 0, 0, 0, -1//3, 1//3, 0, 0, 0],
	[10, 16, 13, 13, 14, 1, 1, 14, 1, 1] => QQFieldElem[0, 0, 0, 0, 0, 0, 0, 0, 0, 0, 0, 0, 0, 0, 0, 0],
	[10, 16, 13, 13, 20, 1, 1, 14, 1, 1] => QQFieldElem[0, 0, 0, 0, 0, 0, 0, 0, 0, 0, 0, 0, 0, 0, -8//27, 0],
	[10, 16, 13, 13, 21, 1, 1, 19, 1, 1] => QQFieldElem[0, 0, 0, 0, 0, 0, 0, 0, 0, 0, 0, -1//3, 1//3, 0, 0, 0],
	[10, 16, 13, 13, 19, 1, 1, 20, 1, 1] => QQFieldElem[0, 0, 0, -1//3, 0, 0, 0, 0, 0, 0, 0, 1//3, 1//3, 0, 0, 0],
	[10, 16, 13, 13, 21, 1, 1, 21, 1, 1] => QQFieldElem[0, 0, 0, -1//3, 0, 0, 0, 0, 0, 0, 0, 1//3, 1//3, 0, 0, 0],
	[10, 16, 13, 13, 14, 1, 1, 19, 1, 1] => QQFieldElem[-96, 0, 0, 0, 0, 0, 0, 0, 0, 0, 0, 0, 0, 0, 0, 0],
	[10, 16, 13, 13, 14, 1, 1, 21, 1, 1] => QQFieldElem[96, 0, 0, 0, 0, 0, 0, 0, -96, 0, 0, 0, 0, 0, 0, 0],
	[10, 16, 13, 13, 20, 1, 1, 19, 1, 1] => QQFieldElem[0, 0, 0, -1//3, 0, 0, 0, 0, 0, 0, 0, 1//3, 1//3, 0, 0, 0],
	[10, 16, 13, 13, 20, 1, 1, 21, 1, 1] => QQFieldElem[0, 0, 0, 1//3, 0, 0, 0, 0, 0, 0, 0, 0, 1//3, 0, 0, 0],
	[10, 16, 13, 13, 21, 1, 1, 20, 1, 1] => QQFieldElem[0, 0, 0, 1//3, 0, 0, 0, 0, 0, 0, 0, 0, 1//3, 0, 0, 0],
	[10, 16, 13, 13, 19, 1, 1, 14, 1, 1] => QQFieldElem[0, 0, 0, 0, 0, 0, 8//27, 0, 0, 0, 0, 0, 0, 0, 0, 0],
	[10, 16, 13, 13, 14, 1, 1, 20, 1, 1] => QQFieldElem[0, 0, 0, 0, 0, 0, 0, 0, 96, 0, 0, 0, 0, 0, 0, 0],
	[10, 16, 13, 13, 20, 1, 1, 20, 1, 1] => QQFieldElem[0, 0, 0, 0, 0, 0, 0, 0, 0, 0, 0, -1//3, 1//3, 0, 0, 0],
	[10, 16, 13, 13, 21, 1, 1, 14, 1, 1] => QQFieldElem[0, 0, 0, 0, 0, 0, -8//27, 0, 0, 0, 0, 0, 0, 0, 8//27, 0],
	[10, 16, 13, 13, 19, 1, 1, 19, 1, 1] => QQFieldElem[0, 0, 0, 1//3, 0, 0, 0, 0, 0, 0, 0, 0, 1//3, 0, 0, 0])