Dict(
	[10, 11, 17, 12, 20, 1, 1, 19, 1, 1] => QQFieldElem[0, 4//9, 0, 0, 0, 0, 0, 0, 0, -4//9, 0, 0, 4//9, 0, 0, 0],
	[10, 11, 17, 12, 20, 1, 1, 21, 1, 1] => QQFieldElem[0, 0, 0, 0, 0, 0, 0, 0, 0, 4//9, 0, 0, 4//9, 0, 0, 0],
	[10, 11, 17, 12, 21, 1, 1, 20, 1, 1] => QQFieldElem[0, 0, 0, 0, 0, 0, 0, 0, 0, 4//9, 0, 0, 4//9, 0, 0, 0],
	[10, 11, 17, 12, 19, 1, 1, 14, 1, 1] => QQFieldElem[0, 0, 0, 0, 0, 0, 0, 0, 0, 0, 0, 0, -2//9, 0, 0, 0],
	[10, 11, 17, 12, 7, 1, 1, 14, 1, 1] => QQFieldElem[0, 0, 0, 0, 0, 0, 0, 0, 0, 0, 0, 0, 0, 0, 0, 0],
	[10, 11, 17, 12, 20, 1, 1, 20, 1, 1] => QQFieldElem[0, -4//9, 0, 0, 0, 0, 0, 0, 0, 0, 0, 0, 4//9, 0, 0, 0],
	[10, 11, 17, 12, 21, 1, 1, 14, 1, 1] => QQFieldElem[0, 0, 0, 0, -2//9, 0, 0, 0, 0, 0, 0, 0, 2//9, 0, 0, 0],
	[10, 11, 17, 12, 19, 1, 1, 19, 1, 1] => QQFieldElem[0, 0, 0, 0, 0, 0, 0, 0, 0, 4//9, 0, 0, 4//9, 0, 0, 0],
	[10, 11, 17, 12, 7, 1, 1, 19, 1, 1] => QQFieldElem[0, 0, 0, 0, 0, 0, 0, 0, 0, 0, 0, 0, -3//2, 0, 0, 0],
	[10, 11, 17, 12, 19, 1, 1, 21, 1, 1] => QQFieldElem[0, -4//9, 0, 0, 0, 0, 0, 0, 0, 0, 0, 0, 4//9, 0, 0, 0],
	[10, 11, 17, 12, 7, 1, 1, 21, 1, 1] => QQFieldElem[0, 0, 0, 0, -3//2, 0, 0, 0, 0, 0, 0, 0, 3//2, 0, 0, 0],
	[10, 11, 17, 12, 20, 1, 1, 14, 1, 1] => QQFieldElem[0, 0, 0, 0, 2//9, 0, 0, 0, 0, 0, 0, 0, 0, 0, 0, 0],
	[10, 11, 17, 12, 21, 1, 1, 19, 1, 1] => QQFieldElem[0, -4//9, 0, 0, 0, 0, 0, 0, 0, 0, 0, 0, 4//9, 0, 0, 0],
	[10, 11, 17, 12, 19, 1, 1, 20, 1, 1] => QQFieldElem[0, 4//9, 0, 0, 0, 0, 0, 0, 0, -4//9, 0, 0, 4//9, 0, 0, 0],
	[10, 11, 17, 12, 21, 1, 1, 21, 1, 1] => QQFieldElem[0, 4//9, 0, 0, 0, 0, 0, 0, 0, -4//9, 0, 0, 4//9, 0, 0, 0],
	[10, 11, 17, 12, 7, 1, 1, 20, 1, 1] => QQFieldElem[0, 0, 0, 0, 3//2, 0, 0, 0, 0, 0, 0, 0, 0, 0, 0, 0])