Dict(
	[10, 17, 10, 10, 19, 1, 1, 19, 1, 1] => QQFieldElem[0, 0, 0, 0, 0, 0, 0, 0, 0, 0, 0, 0, -4//9, 0, 0, -4//9],
	[10, 17, 10, 10, 19, 1, 1, 21, 1, 1] => QQFieldElem[0, 0, 0, 0, 0, 0, 0, -4//9, 0, 0, 0, 0, -4//9, 0, 0, 4//9],
	[10, 17, 10, 10, 14, 1, 1, 14, 1, 1] => QQFieldElem[0, 0, 0, 0, 0, 0, 0, 0, 0, 0, 0, 0, 0, 0, 0, 0],
	[10, 17, 10, 10, 20, 1, 1, 14, 1, 1] => QQFieldElem[0, 0, 0, 0, -16//81, 0, 0, 0, 0, 0, 0, 0, 16//81, 0, 0, 0],
	[10, 17, 10, 10, 21, 1, 1, 19, 1, 1] => QQFieldElem[0, 0, 0, 0, 0, 0, 0, -4//9, 0, 0, 0, 0, -4//9, 0, 0, 4//9],
	[10, 17, 10, 10, 19, 1, 1, 20, 1, 1] => QQFieldElem[0, 0, 0, 0, 0, 0, 0, 4//9, 0, 0, 0, 0, -4//9, 0, 0, 0],
	[10, 17, 10, 10, 21, 1, 1, 21, 1, 1] => QQFieldElem[0, 0, 0, 0, 0, 0, 0, 4//9, 0, 0, 0, 0, -4//9, 0, 0, 0],
	[10, 17, 10, 10, 14, 1, 1, 19, 1, 1] => QQFieldElem[64, 0, 0, 0, 0, 0, 0, 0, 0, 0, 0, 0, 0, 0, 0, 0],
	[10, 17, 10, 10, 14, 1, 1, 21, 1, 1] => QQFieldElem[-64, 0, 0, 0, 0, 0, 0, 0, 64, 0, 0, 0, 0, 0, 0, 0],
	[10, 17, 10, 10, 20, 1, 1, 19, 1, 1] => QQFieldElem[0, 0, 0, 0, 0, 0, 0, 4//9, 0, 0, 0, 0, -4//9, 0, 0, 0],
	[10, 17, 10, 10, 21, 1, 1, 20, 1, 1] => QQFieldElem[0, 0, 0, 0, 0, 0, 0, 0, 0, 0, 0, 0, -4//9, 0, 0, -4//9],
	[10, 17, 10, 10, 20, 1, 1, 21, 1, 1] => QQFieldElem[0, 0, 0, 0, 0, 0, 0, 0, 0, 0, 0, 0, -4//9, 0, 0, -4//9],
	[10, 17, 10, 10, 19, 1, 1, 14, 1, 1] => QQFieldElem[0, 0, 0, 0, 0, 0, 0, 0, 0, 0, 0, 0, -16//81, 0, 0, 0],
	[10, 17, 10, 10, 14, 1, 1, 20, 1, 1] => QQFieldElem[0, 0, 0, 0, 0, 0, 0, 0, -64, 0, 0, 0, 0, 0, 0, 0],
	[10, 17, 10, 10, 20, 1, 1, 20, 1, 1] => QQFieldElem[0, 0, 0, 0, 0, 0, 0, -4//9, 0, 0, 0, 0, -4//9, 0, 0, 4//9],
	[10, 17, 10, 10, 21, 1, 1, 14, 1, 1] => QQFieldElem[0, 0, 0, 0, 16//81, 0, 0, 0, 0, 0, 0, 0, 0, 0, 0, 0])