Dict(
	[11, 13, 11, 12, 5, 1, 1, 3, 1, 1] => QQFieldElem[3//256, 0, 0, 0, 0, 0, 0, 0, 0, 0, 0, 0, 0, 0, 0, 0],
	[11, 13, 11, 12, 21, 1, 1, 14, 1, 1] => QQFieldElem[0, 0, 0, 0, 0, 0, 0, 0, 0, 0, 0, 0, 0, 0, 0, 0],
	[11, 13, 11, 12, 14, 1, 1, 14, 1, 1] => QQFieldElem[0, 0, 0, 0, 0, 0, 0, 0, 0, 0, 0, 0, 0, 0, 0, 0],
	[11, 13, 11, 12, 3, 1, 1, 20, 1, 1] => QQFieldElem[-9//16, 0, 0, 0, 0, 0, 0, 0, 0, 0, 0, 0, 0, 0, 0, 0],
	[11, 13, 11, 12, 21, 1, 1, 3, 1, 1] => QQFieldElem[-1//144, 0, 0, 0, 0, 0, 0, 0, 0, 0, 0, 0, 0, 0, 0, 0],
	[11, 13, 11, 12, 19, 1, 1, 20, 1, 1] => QQFieldElem[-1//3, 0, 0, 0, 0, 0, 0, 0, 0, 0, 0, 0, 0, 0, 0, 0],
	[11, 13, 11, 12, 14, 1, 1, 3, 1, 1] => QQFieldElem[0, 0, 0, 0, 0, 0, 0, 0, 0, 0, 0, 0, 3//2, 0, 0, 0],
	[11, 13, 11, 12, 2, 1, 1, 5, 1, 1] => QQFieldElem[4//3, 0, 0, 0, 0, 0, 0, 0, 0, 0, 0, 0, 0, 0, 0, 0],
	[11, 13, 11, 12, 2, 1, 1, 19, 1, 1] => QQFieldElem[256//3, 0, 0, 0, 0, 0, 0, 0, 0, 0, 0, 0, 0, 0, 0, 0],
	[11, 13, 11, 12, 3, 1, 1, 14, 1, 1] => QQFieldElem[3//512, 0, 0, 0, 0, 0, 0, 0, 0, 0, 0, 0, 0, 0, 0, 0],
	[11, 13, 11, 12, 20, 1, 1, 21, 1, 1] => QQFieldElem[2//3, 0, 0, 0, 0, 0, 0, 0, 0, 0, 0, 0, 0, 0, 0, 0],
	[11, 13, 11, 12, 19, 1, 1, 14, 1, 1] => QQFieldElem[0, 0, 0, 0, 0, 0, 0, 0, 0, 0, 0, 0, 0, 0, 0, 0],
	[11, 13, 11, 12, 2, 1, 1, 2, 1, 1] => QQFieldElem[1//6, 0, 0, 0, 0, 0, 0, 0, 0, 0, 0, 0, 0, 0, 0, 0],
	[11, 13, 11, 12, 3, 1, 1, 3, 1, 1] => QQFieldElem[3//256, 0, 0, 0, 0, 0, 0, 0, 0, 0, 0, 0, 0, 0, 0, 0],
	[11, 13, 11, 12, 5, 1, 1, 5, 1, 1] => QQFieldElem[9//512, 0, 0, 0, 0, 0, 0, 0, 0, 0, 0, 0, 0, 0, 0, 0],
	[11, 13, 11, 12, 5, 1, 1, 19, 1, 1] => QQFieldElem[0, 0, 0, 0, 0, 0, 0, 0, 0, 0, 0, 0, 0, 0, 0, 0],
	[11, 13, 11, 12, 19, 1, 1, 3, 1, 1] => QQFieldElem[-1//144, 0, 0, 0, 0, 0, 0, 0, 0, 0, 0, 0, 0, 0, 0, 0],
	[11, 13, 11, 12, 5, 1, 1, 2, 1, 1] => QQFieldElem[9//4096, 0, 0, 0, 0, 0, 0, 0, 0, 0, 0, 0, 0, 0, 0, 0],
	[11, 13, 11, 12, 21, 1, 1, 5, 1, 1] => QQFieldElem[0, 0, 0, 0, 0, 0, 0, 0, 0, 0, 0, 0, 0, 0, 0, 0],
	[11, 13, 11, 12, 21, 1, 1, 19, 1, 1] => QQFieldElem[-1//3, 0, 0, 0, 0, 0, 0, 0, 0, 0, 0, 0, 0, 0, 0, 0],
	[11, 13, 11, 12, 14, 1, 1, 5, 1, 1] => QQFieldElem[0, 0, 0, 0, 0, 0, 0, 0, 0, 0, 0, 0, -9//4, 0, 0, 0],
	[11, 13, 11, 12, 14, 1, 1, 19, 1, 1] => QQFieldElem[0, 0, 0, 0, 0, 0, 0, 0, 0, 0, 0, 0, 0, 0, 0, 0],
	[11, 13, 11, 12, 21, 1, 1, 2, 1, 1] => QQFieldElem[1//384, 0, 0, 0, 0, 0, 0, 0, 0, 0, 0, 0, 0, 0, 0, 0],
	[11, 13, 11, 12, 2, 1, 1, 21, 1, 1] => QQFieldElem[256//3, 0, 0, 0, 0, 0, 0, 0, 0, 0, 0, 0, 0, 0, 0, 0],
	[11, 13, 11, 12, 14, 1, 1, 2, 1, 1] => QQFieldElem[0, 0, 0, 0, 0, 0, 0, 0, 0, 0, 0, 0, 9//32, 0, 0, 0],
	[11, 13, 11, 12, 3, 1, 1, 5, 1, 1] => QQFieldElem[9//512, 0, 0, 0, 0, 0, 0, 0, 0, 0, 0, 0, 0, 0, 0, 0],
	[11, 13, 11, 12, 3, 1, 1, 19, 1, 1] => QQFieldElem[-9//16, 0, 0, 0, 0, 0, 0, 0, 0, 0, 0, 0, 0, 0, 0, 0],
	[11, 13, 11, 12, 20, 1, 1, 20, 1, 1] => QQFieldElem[-1//3, 0, 0, 0, 0, 0, 0, 0, 0, 0, 0, 0, 0, 0, 0, 0],
	[11, 13, 11, 12, 19, 1, 1, 5, 1, 1] => QQFieldElem[0, 0, 0, 0, 0, 0, 0, 0, 0, 0, 0, 0, 0, 0, 0, 0],
	[11, 13, 11, 12, 19, 1, 1, 19, 1, 1] => QQFieldElem[2//3, 0, 0, 0, 0, 0, 0, 0, 0, 0, 0, 0, 0, 0, 0, 0],
	[11, 13, 11, 12, 5, 1, 1, 21, 1, 1] => QQFieldElem[0, 0, 0, 0, 0, 0, 0, 0, 0, 0, 0, 0, 0, 0, 0, 0],
	[11, 13, 11, 12, 3, 1, 1, 2, 1, 1] => QQFieldElem[9//4096, 0, 0, 0, 0, 0, 0, 0, 0, 0, 0, 0, 0, 0, 0, 0],
	[11, 13, 11, 12, 19, 1, 1, 2, 1, 1] => QQFieldElem[1//384, 0, 0, 0, 0, 0, 0, 0, 0, 0, 0, 0, 0, 0, 0, 0],
	[11, 13, 11, 12, 20, 1, 1, 14, 1, 1] => QQFieldElem[0, 0, 0, 0, 0, 0, 0, 0, 0, 0, 0, 0, 0, 0, 0, 0],
	[11, 13, 11, 12, 21, 1, 1, 21, 1, 1] => QQFieldElem[-1//3, 0, 0, 0, 0, 0, 0, 0, 0, 0, 0, 0, 0, 0, 0, 0],
	[11, 13, 11, 12, 14, 1, 1, 21, 1, 1] => QQFieldElem[0, 0, 0, 0, 0, 0, 0, 0, 0, 0, 0, 0, 0, 0, 0, 0],
	[11, 13, 11, 12, 20, 1, 1, 3, 1, 1] => QQFieldElem[-1//144, 0, 0, 0, 0, 0, 0, 0, 0, 0, 0, 0, 0, 0, 0, 0],
	[11, 13, 11, 12, 2, 1, 1, 20, 1, 1] => QQFieldElem[256//3, 0, 0, 0, 0, 0, 0, 0, 0, 0, 0, 0, 0, 0, 0, 0],
	[11, 13, 11, 12, 3, 1, 1, 21, 1, 1] => QQFieldElem[-9//16, 0, 0, 0, 0, 0, 0, 0, 0, 0, 0, 0, 0, 0, 0, 0],
	[11, 13, 11, 12, 19, 1, 1, 21, 1, 1] => QQFieldElem[-1//3, 0, 0, 0, 0, 0, 0, 0, 0, 0, 0, 0, 0, 0, 0, 0],
	[11, 13, 11, 12, 2, 1, 1, 14, 1, 1] => QQFieldElem[4//9, 0, 0, 0, 0, 0, 0, 0, 0, 0, 0, 0, 0, 0, 0, 0],
	[11, 13, 11, 12, 5, 1, 1, 20, 1, 1] => QQFieldElem[0, 0, 0, 0, 0, 0, 0, 0, 0, 0, 0, 0, 0, 0, 0, 0],
	[11, 13, 11, 12, 20, 1, 1, 5, 1, 1] => QQFieldElem[0, 0, 0, 0, 0, 0, 0, 0, 0, 0, 0, 0, 0, 0, 0, 0],
	[11, 13, 11, 12, 2, 1, 1, 3, 1, 1] => QQFieldElem[8//9, 0, 0, 0, 0, 0, 0, 0, 0, 0, 0, 0, 0, 0, 0, 0],
	[11, 13, 11, 12, 20, 1, 1, 19, 1, 1] => QQFieldElem[-1//3, 0, 0, 0, 0, 0, 0, 0, 0, 0, 0, 0, 0, 0, 0, 0],
	[11, 13, 11, 12, 21, 1, 1, 20, 1, 1] => QQFieldElem[2//3, 0, 0, 0, 0, 0, 0, 0, 0, 0, 0, 0, 0, 0, 0, 0],
	[11, 13, 11, 12, 5, 1, 1, 14, 1, 1] => QQFieldElem[-3//512, 0, 0, 0, 0, 0, 0, 0, 0, 0, 0, 0, 0, 0, 0, 0],
	[11, 13, 11, 12, 14, 1, 1, 20, 1, 1] => QQFieldElem[0, 0, 0, 0, 0, 0, 0, 0, 0, 0, 0, 0, 0, 0, 0, 0],
	[11, 13, 11, 12, 20, 1, 1, 2, 1, 1] => QQFieldElem[1//384, 0, 0, 0, 0, 0, 0, 0, 0, 0, 0, 0, 0, 0, 0, 0])