Dict(
	[11, 10, 17, 11, 19, 1, 1, 14, 1, 1] => QQFieldElem[0, 0, 0, 0, 0, 0, 0, 0, 0, 0, 0, 0, -1//6, 0, 0, 0],
	[11, 10, 17, 11, 14, 1, 1, 20, 1, 1] => QQFieldElem[0, 0, 0, 0, 0, 0, 0, 0, 0, 0, -32, 0, 0, 0, 0, 0],
	[11, 10, 17, 11, 20, 1, 1, 20, 1, 1] => QQFieldElem[0, -1//4, 0, 0, 0, 0, 0, 0, 0, 0, 0, 0, 1//4, 0, 0, 0],
	[11, 10, 17, 11, 21, 1, 1, 14, 1, 1] => QQFieldElem[0, 0, 0, 0, -1//6, 0, 0, 0, 0, 0, 0, 0, 1//6, 0, 0, 0],
	[11, 10, 17, 11, 19, 1, 1, 19, 1, 1] => QQFieldElem[0, 0, 0, 0, 0, 0, 0, 0, 0, 1//4, 0, 0, 1//4, 0, 0, 0],
	[11, 10, 17, 11, 19, 1, 1, 21, 1, 1] => QQFieldElem[0, -1//4, 0, 0, 0, 0, 0, 0, 0, 0, 0, 0, 1//4, 0, 0, 0],
	[11, 10, 17, 11, 14, 1, 1, 14, 1, 1] => QQFieldElem[0, 0, 0, 0, 0, 0, 0, 0, 0, 0, 0, 0, 0, 0, 0, 0],
	[11, 10, 17, 11, 20, 1, 1, 14, 1, 1] => QQFieldElem[0, 0, 0, 0, 1//6, 0, 0, 0, 0, 0, 0, 0, 0, 0, 0, 0],
	[11, 10, 17, 11, 19, 1, 1, 20, 1, 1] => QQFieldElem[0, 1//4, 0, 0, 0, 0, 0, 0, 0, -1//4, 0, 0, 1//4, 0, 0, 0],
	[11, 10, 17, 11, 21, 1, 1, 19, 1, 1] => QQFieldElem[0, -1//4, 0, 0, 0, 0, 0, 0, 0, 0, 0, 0, 1//4, 0, 0, 0],
	[11, 10, 17, 11, 21, 1, 1, 21, 1, 1] => QQFieldElem[0, 1//4, 0, 0, 0, 0, 0, 0, 0, -1//4, 0, 0, 1//4, 0, 0, 0],
	[11, 10, 17, 11, 14, 1, 1, 19, 1, 1] => QQFieldElem[0, 0, -32, 0, 0, 0, 0, 0, 0, 0, 32, 0, 0, 0, 0, 0],
	[11, 10, 17, 11, 14, 1, 1, 21, 1, 1] => QQFieldElem[0, 0, 32, 0, 0, 0, 0, 0, 0, 0, 0, 0, 0, 0, 0, 0],
	[11, 10, 17, 11, 20, 1, 1, 19, 1, 1] => QQFieldElem[0, 1//4, 0, 0, 0, 0, 0, 0, 0, -1//4, 0, 0, 1//4, 0, 0, 0],
	[11, 10, 17, 11, 21, 1, 1, 20, 1, 1] => QQFieldElem[0, 0, 0, 0, 0, 0, 0, 0, 0, 1//4, 0, 0, 1//4, 0, 0, 0],
	[11, 10, 17, 11, 20, 1, 1, 21, 1, 1] => QQFieldElem[0, 0, 0, 0, 0, 0, 0, 0, 0, 1//4, 0, 0, 1//4, 0, 0, 0])