Dict(
	[11, 15, 19, 19, 10, 1, 1, 21, 1, 1] => QQFieldElem[-10//51, 0, -22//51, 8//51, 0, -10//17, -20//51, 0, 0, 16//51, 22//51, 0, 28//51, 10//17, 0, -2//51],
	[11, 15, 19, 19, 12, 1, 1, 20, 1, 1] => QQFieldElem[-1//2, 0, -3//2, 0, 0, 1//2, 1, 0, 0, -1, 3//2, 0, 1, -1//2, 0, -3//2],
	[11, 15, 19, 19, 16, 1, 1, 19, 1, 2] => QQFieldElem[-1//2, 0, -1//2, 0, 0, 1//2, 0, 0, 0, 0, 1//2, 0, 0, -1//2, 0, -1//2],
	[11, 15, 19, 19, 18, 1, 1, 21, 1, 1] => QQFieldElem[7//51, -1//51, 0, -3//17, -2//17, 0, -1//17, -2//51, -7//51, 0, 5//51, 3//17, 0, -4//51, 1//17, 0],
	[11, 15, 19, 19, 10, 1, 1, 14, 1, 2] => QQFieldElem[0, 0, 0, 1//4, 0, 0, -1//4, 0, 0, -1//4, 0, 0, 1//4, 0, 0, 0],
	[11, 15, 19, 19, 11, 1, 1, 19, 1, 1] => QQFieldElem[1//14, 0, -1//14, 4//7, 0, -3//14, -1//7, 0, 0, 0, 1//14, 0, -1//7, 3//14, 0, -1//14],
	[11, 15, 19, 19, 16, 1, 1, 14, 1, 1] => QQFieldElem[0, 0, 0, -1//4, 0, 0, 1//4, 0, 0, 1//4, 0, 0, 1//4, 0, 0, 0],
	[11, 15, 19, 19, 15, 1, 1, 19, 1, 1] => QQFieldElem[46//51, 0, 10//51, -8//51, 0, -6//17, 28//51, 0, 0, 4//51, -10//51, 0, 20//51, 6//17, 0, -2//51],
	[11, 15, 19, 19, 12, 1, 1, 19, 1, 2] => QQFieldElem[1//7, 0, -4//21, 5//21, 0, 1//3, 2//21, 0, 0, -1//21, 4//21, 0, -3//7, -1//3, 0, 5//21],
	[11, 15, 19, 19, 18, 1, 1, 14, 1, 2] => QQFieldElem[0, 0, 0, 0, 0, 0, 0, -1//6, 0, -1//6, 0, 0, 0, 0, 0, 1//6],
	[11, 15, 19, 19, 12, 1, 1, 14, 1, 1] => QQFieldElem[0, 0, 0, 0, 0, 0, 0, 0, 0, -1//6, 0, 0, 0, 0, 0, 1//6],
	[11, 15, 19, 19, 17, 1, 1, 19, 1, 1] => QQFieldElem[-25//51, 0, -6//17, 11//51, 0, 29//51, 4//51, 0, 0, 1//17, 6//17, 0, 5//17, -29//51, 0, 7//51],
	[11, 15, 19, 19, 11, 1, 1, 8, 1, 1] => QQFieldElem[0, 0, 0, -1//4, 0, 0, 1//4, 0, 0, 1//4, 0, 0, -1//4, 0, 0, 0],
	[11, 15, 19, 19, 10, 1, 1, 7, 1, 1] => QQFieldElem[0, 0, 0, 1//3, 0, 0, -1//3, 0, 0, 1//3, 0, 0, -1//3, 0, 0, 0],
	[11, 15, 19, 19, 15, 1, 1, 8, 1, 1] => QQFieldElem[0, 0, 0, 0, 0, 0, 0, 0, 0, -1//6, 0, 0, 0, 0, 0, 1//6],
	[11, 15, 19, 19, 18, 1, 1, 7, 1, 1] => QQFieldElem[0, 0, 0, 0, 0, 0, 0, -1//6, 0, -1//6, 0, 0, 0, 0, 0, 1//6],
	[11, 15, 19, 19, 17, 1, 1, 8, 1, 1] => QQFieldElem[0, 0, 0, 0, 0, 0, 0, -1//6, 0, -1//6, 0, 0, 0, 0, 0, 0],
	[11, 15, 19, 19, 13, 1, 1, 19, 1, 1] => QQFieldElem[0, 2//21, 1//21, 0, 0, -1//21, 0, 2//21, -1//7, -2//21, 0, 1//21, 0, 0, 1//21, -2//21],
	[11, 15, 19, 19, 10, 1, 1, 20, 1, 1] => QQFieldElem[2, 0, 2, -4//3, 0, -2, 0, 0, 0, 0, -2, 0, -4//3, 2, 0, 2],
	[11, 15, 19, 19, 11, 1, 1, 21, 1, 1] => QQFieldElem[-11//34, 0, 3//34, 1//17, 0, 1//34, 6//17, 0, 0, 2//17, -3//34, 0, -5//17, -1//34, 0, -9//34],
	[11, 15, 19, 19, 15, 1, 1, 21, 1, 1] => QQFieldElem[11//51, 0, 14//51, 5//17, 0, -1//51, -4//17, 0, 0, 13//51, -14//51, 0, 9//17, 1//51, 0, -25//51],
	[11, 15, 19, 19, 18, 1, 1, 20, 1, 1] => QQFieldElem[-1//3, 0, 0, 1//3, 0, 0, -1//3, 0, 1//3, 0, 1//3, -1//3, 0, -1//3, 1//3, 0],
	[11, 15, 19, 19, 11, 1, 1, 14, 1, 2] => QQFieldElem[0, 0, 0, -1//4, 0, 0, -1//4, 0, 0, -1//4, 0, 0, 1//4, 0, 0, 0],
	[11, 15, 19, 19, 10, 1, 1, 19, 1, 2] => QQFieldElem[1//14, 0, 1//14, 2//7, 0, -1//2, -2//7, 0, 0, 1//7, -1//14, 0, 2//7, 1//2, 0, -3//14],
	[11, 15, 19, 19, 13, 1, 1, 8, 1, 1] => QQFieldElem[0, 0, 0, 1//4, 0, 0, 1//4, 0, 0, 1//4, 0, 0, -1//4, 0, 0, 0],
	[11, 15, 19, 19, 16, 1, 1, 19, 1, 1] => QQFieldElem[-5//34, 0, -7//34, -4//17, 0, -1//34, -3//17, 0, 0, 2//17, 7//34, 0, -7//17, 1//34, 0, 15//34],
	[11, 15, 19, 19, 15, 1, 1, 14, 1, 2] => QQFieldElem[0, 0, 0, 1//4, 0, 0, 1//4, 0, 0, -1//4, 0, 0, -1//4, 0, 0, 0],
	[11, 15, 19, 19, 10, 1, 1, 14, 1, 1] => QQFieldElem[0, 0, 0, -1//3, 0, 0, -1//3, 0, 0, -1//3, 0, 0, -1//3, 0, 0, 0],
	[11, 15, 19, 19, 17, 1, 1, 21, 1, 1] => QQFieldElem[0, 1//51, -5//51, 0, 2//17, 4//51, 0, 2//51, 7//51, -1//51, 0, -3//17, -2//17, 0, -1//17, -2//51],
	[11, 15, 19, 19, 18, 1, 1, 19, 1, 2] => QQFieldElem[7//51, -3//17, 0, 1//51, 2//17, 0, 5//51, -4//51, -7//51, 0, -1//17, -1//51, 0, 2//51, -5//51, 0],
	[11, 15, 19, 19, 12, 1, 1, 19, 1, 1] => QQFieldElem[1//7, 0, 2//21, -1//3, 0, -5//21, -4//21, 0, 0, 5//21, -2//21, 0, 3//7, 5//21, 0, -1//21],
	[11, 15, 19, 19, 18, 1, 1, 14, 1, 1] => QQFieldElem[0, 0, 0, 0, 0, 0, 0, 1//6, 0, -1//6, 0, 0, 0, 0, 0, 0],
	[11, 15, 19, 19, 17, 1, 1, 14, 1, 2] => QQFieldElem[0, 0, 0, 0, 0, 0, 0, 0, 0, -1//6, 0, 0, 0, 0, 0, -1//6],
	[11, 15, 19, 19, 16, 1, 1, 8, 1, 1] => QQFieldElem[0, 0, 0, 0, 0, 0, 0, 0, 0, -1//6, 0, 0, 0, 0, 0, 1//6],
	[11, 15, 19, 19, 11, 1, 1, 7, 1, 1] => QQFieldElem[0, 0, 0, -1//4, 0, 0, -1//4, 0, 0, 1//4, 0, 0, 1//4, 0, 0, 0],
	[11, 15, 19, 19, 15, 1, 1, 7, 1, 1] => QQFieldElem[0, 0, 0, 0, 0, 0, 0, 0, 0, -1//6, 0, 0, 0, 0, 0, -1//6],
	[11, 15, 19, 19, 13, 1, 1, 21, 1, 1] => QQFieldElem[15//34, 0, -1//34, -6//17, 0, 11//34, -2//17, 0, 0, 5//17, 1//34, 0, -4//17, -11//34, 0, 3//34],
	[11, 15, 19, 19, 12, 1, 1, 8, 1, 1] => QQFieldElem[0, 0, 0, 1//4, 0, 0, 1//4, 0, 0, -1//4, 0, 0, 1//4, 0, 0, 0],
	[11, 15, 19, 19, 13, 1, 1, 14, 1, 2] => QQFieldElem[0, 0, 0, 0, 0, 0, 0, 1//6, 0, -1//6, 0, 0, 0, 0, 0, -1//6],
	[11, 15, 19, 19, 17, 1, 1, 7, 1, 1] => QQFieldElem[0, 0, 0, 0, 0, 0, 0, 1//6, 0, -1//6, 0, 0, 0, 0, 0, 0],
	[11, 15, 19, 19, 11, 1, 1, 20, 1, 1] => QQFieldElem[-1//2, 0, -1//2, 0, 0, 1//2, 0, 0, 0, 0, 1//2, 0, 0, -1//2, 0, -1//2],
	[11, 15, 19, 19, 15, 1, 1, 20, 1, 1] => QQFieldElem[1//3, 0, -2//3, -1//3, 0, -1//3, 4//3, 0, 0, -1, 2//3, 0, 1, 1//3, 0, -1],
	[11, 15, 19, 19, 16, 1, 1, 21, 1, 1] => QQFieldElem[-25//51, 0, -4//51, 1//17, 0, -7//51, 6//17, 0, 0, -11//51, 4//51, 0, -5//17, 7//51, 0, 29//51],
	[11, 15, 19, 19, 11, 1, 1, 19, 1, 2] => QQFieldElem[1//14, 0, -3//14, -1//7, 0, 1//14, 0, 0, 0, -1//7, 3//14, 0, -4//7, -1//14, 0, 1//14],
	[11, 15, 19, 19, 16, 1, 1, 14, 1, 2] => QQFieldElem[0, 0, 0, -1//4, 0, 0, 1//4, 0, 0, -1//4, 0, 0, -1//4, 0, 0, 0],
	[11, 15, 19, 19, 12, 1, 1, 21, 1, 1] => QQFieldElem[3//34, 0, -7//34, -8//17, 0, 9//34, 3//17, 0, 0, 1//17, 7//34, 0, -11//17, -9//34, 0, -13//34],
	[11, 15, 19, 19, 15, 1, 1, 19, 1, 2] => QQFieldElem[9//34, 0, -1//34, -3//17, 0, -5//34, 2//17, 0, 0, -7//17, 1//34, 0, -1//17, 5//34, 0, 7//34],
	[11, 15, 19, 19, 11, 1, 1, 14, 1, 1] => QQFieldElem[0, 0, 0, -1//4, 0, 0, -1//4, 0, 0, 1//4, 0, 0, -1//4, 0, 0, 0],
	[11, 15, 19, 19, 10, 1, 1, 19, 1, 1] => QQFieldElem[2//21, 0, -2//7, -4//21, 0, 2//21, 0, 0, 0, -4//21, 2//7, 0, 4//7, -2//21, 0, 2//21],
	[11, 15, 19, 19, 17, 1, 1, 20, 1, 1] => QQFieldElem[0, 0, -1//3, 0, 0, 1//3, 0, 0, -1//3, 0, 0, 1//3, 0, 0, -1//3, 0],
	[11, 15, 19, 19, 13, 1, 1, 7, 1, 1] => QQFieldElem[0, 0, 0, 1//4, 0, 0, -1//4, 0, 0, 1//4, 0, 0, 1//4, 0, 0, 0],
	[11, 15, 19, 19, 15, 1, 1, 14, 1, 1] => QQFieldElem[0, 0, 0, -1//3, 0, 0, 1//3, 0, 0, -1//3, 0, 0, 1//3, 0, 0, 0],
	[11, 15, 19, 19, 12, 1, 1, 14, 1, 2] => QQFieldElem[0, 0, 0, 0, 0, 0, 0, 0, 0, -1//6, 0, 0, 0, 0, 0, 1//6],
	[11, 15, 19, 19, 18, 1, 1, 19, 1, 1] => QQFieldElem[0, 3//17, 1//17, 0, -2//17, -2//51, 0, 4//51, 7//51, -3//17, 0, 1//51, 2//17, 0, 5//51, -4//51],
	[11, 15, 19, 19, 17, 1, 1, 19, 1, 2] => QQFieldElem[11//51, 0, 4//17, -13//51, 0, -25//51, -14//51, 0, 0, 5//17, -4//17, 0, -9//17, 25//51, 0, 1//51],
	[11, 15, 19, 19, 17, 1, 1, 14, 1, 1] => QQFieldElem[0, 0, 0, 0, 0, 0, 0, 0, 0, -1//6, 0, 0, 0, 0, 0, -1//6],
	[11, 15, 19, 19, 10, 1, 1, 8, 1, 1] => QQFieldElem[0, 0, 0, 1//3, 0, 0, 1//3, 0, 0, 1//3, 0, 0, 1//3, 0, 0, 0],
	[11, 15, 19, 19, 16, 1, 1, 7, 1, 1] => QQFieldElem[0, 0, 0, 0, 0, 0, 0, 0, 0, -1//6, 0, 0, 0, 0, 0, -1//6],
	[11, 15, 19, 19, 13, 1, 1, 20, 1, 1] => QQFieldElem[-1//2, 0, -1//2, 1, 0, 1//2, 0, 0, 0, 0, 1//2, 0, 0, -1//2, 0, -1//2],
	[11, 15, 19, 19, 18, 1, 1, 8, 1, 1] => QQFieldElem[0, 0, 0, 0, 0, 0, 0, 1//6, 0, -1//6, 0, 0, 0, 0, 0, -1//6],
	[11, 15, 19, 19, 12, 1, 1, 7, 1, 1] => QQFieldElem[0, 0, 0, 1//4, 0, 0, -1//4, 0, 0, -1//4, 0, 0, -1//4, 0, 0, 0],
	[11, 15, 19, 19, 13, 1, 1, 19, 1, 2] => QQFieldElem[-1//7, -2//21, 0, 1//21, 0, 0, 1//21, -2//21, 1//7, 0, -1//21, -1//21, 0, 1//21, -1//21, 0],
	[11, 15, 19, 19, 13, 1, 1, 14, 1, 1] => QQFieldElem[0, 0, 0, 0, 0, 0, 0, -1//6, 0, -1//6, 0, 0, 0, 0, 0, 0],
	[11, 15, 19, 19, 16, 1, 1, 20, 1, 1] => QQFieldElem[1//3, 0, 4//3, -1//3, 0, -1//3, -2//3, 0, 0, 1, -4//3, 0, -1, 1//3, 0, 1])