Dict(
	[11, 13, 10, 16, 8, 1, 1, 14, 1, 1] => QQFieldElem[0, 0, 0, 0, 0, 0, 0, 0, 0, 0, 0, 0, 0, 0, 0, 0],
	[11, 13, 10, 16, 20, 1, 1, 20, 1, 1] => QQFieldElem[0, 0, 0, 0, 0, 0, 0, 0, 0, 0, 0, -1//3, 1//3, 0, 0, 0],
	[11, 13, 10, 16, 21, 1, 1, 14, 1, 1] => QQFieldElem[0, 0, 0, 0, 0, 0, 1//128, 0, 0, 0, 0, 0, 0, 0, -1//128, 0],
	[11, 13, 10, 16, 19, 1, 1, 19, 1, 1] => QQFieldElem[0, 0, 0, 1//3, 0, 0, 0, 0, 0, 0, 0, 0, 1//3, 0, 0, 0],
	[11, 13, 10, 16, 19, 1, 1, 21, 1, 1] => QQFieldElem[0, 0, 0, 0, 0, 0, 0, 0, 0, 0, 0, -1//3, 1//3, 0, 0, 0],
	[11, 13, 10, 16, 8, 1, 1, 19, 1, 1] => QQFieldElem[0, 0, 0, 0, 0, 0, 3//2, 0, 0, 0, 0, 0, 0, 0, 0, 0],
	[11, 13, 10, 16, 8, 1, 1, 21, 1, 1] => QQFieldElem[0, 0, 0, 0, 0, 0, -3//2, 0, 0, 0, 0, 0, 0, 0, 3//2, 0],
	[11, 13, 10, 16, 20, 1, 1, 14, 1, 1] => QQFieldElem[0, 0, 0, 0, 0, 0, 0, 0, 0, 0, 0, 0, 0, 0, 1//128, 0],
	[11, 13, 10, 16, 19, 1, 1, 20, 1, 1] => QQFieldElem[0, 0, 0, -1//3, 0, 0, 0, 0, 0, 0, 0, 1//3, 1//3, 0, 0, 0],
	[11, 13, 10, 16, 21, 1, 1, 19, 1, 1] => QQFieldElem[0, 0, 0, 0, 0, 0, 0, 0, 0, 0, 0, -1//3, 1//3, 0, 0, 0],
	[11, 13, 10, 16, 21, 1, 1, 21, 1, 1] => QQFieldElem[0, 0, 0, -1//3, 0, 0, 0, 0, 0, 0, 0, 1//3, 1//3, 0, 0, 0],
	[11, 13, 10, 16, 8, 1, 1, 20, 1, 1] => QQFieldElem[0, 0, 0, 0, 0, 0, 0, 0, 0, 0, 0, 0, 0, 0, -3//2, 0],
	[11, 13, 10, 16, 20, 1, 1, 19, 1, 1] => QQFieldElem[0, 0, 0, -1//3, 0, 0, 0, 0, 0, 0, 0, 1//3, 1//3, 0, 0, 0],
	[11, 13, 10, 16, 21, 1, 1, 20, 1, 1] => QQFieldElem[0, 0, 0, 1//3, 0, 0, 0, 0, 0, 0, 0, 0, 1//3, 0, 0, 0],
	[11, 13, 10, 16, 20, 1, 1, 21, 1, 1] => QQFieldElem[0, 0, 0, 1//3, 0, 0, 0, 0, 0, 0, 0, 0, 1//3, 0, 0, 0],
	[11, 13, 10, 16, 19, 1, 1, 14, 1, 1] => QQFieldElem[0, 0, 0, 0, 0, 0, -1//128, 0, 0, 0, 0, 0, 0, 0, 0, 0])