Dict(
	[11, 15, 10, 12, 19, 1, 1, 19, 1, 1] => QQFieldElem[0, 0, 0, 0, 0, 0, 0, 0, 0, 0, 0, 0, -1//3, 0, 0, 1//3],
	[11, 15, 10, 12, 19, 1, 1, 21, 1, 1] => QQFieldElem[0, 0, 0, 0, 0, 0, 0, 1//3, 0, 0, 0, 0, -1//3, 0, 0, -1//3],
	[11, 15, 10, 12, 21, 1, 1, 7, 1, 1] => QQFieldElem[0, 0, 0, 0, 4//27, 0, 0, 0, 0, 0, 0, 0, 0, 0, 0, 0],
	[11, 15, 10, 12, 14, 1, 1, 7, 1, 1] => QQFieldElem[0, 0, 0, 0, 0, 0, 0, 0, 0, 0, 0, 0, 0, 0, 0, 0],
	[11, 15, 10, 12, 21, 1, 1, 19, 1, 1] => QQFieldElem[0, 0, 0, 0, 0, 0, 0, 1//3, 0, 0, 0, 0, -1//3, 0, 0, -1//3],
	[11, 15, 10, 12, 19, 1, 1, 20, 1, 1] => QQFieldElem[0, 0, 0, 0, 0, 0, 0, -1//3, 0, 0, 0, 0, -1//3, 0, 0, 0],
	[11, 15, 10, 12, 20, 1, 1, 7, 1, 1] => QQFieldElem[0, 0, 0, 0, -4//27, 0, 0, 0, 0, 0, 0, 0, 4//27, 0, 0, 0],
	[11, 15, 10, 12, 21, 1, 1, 21, 1, 1] => QQFieldElem[0, 0, 0, 0, 0, 0, 0, -1//3, 0, 0, 0, 0, -1//3, 0, 0, 0],
	[11, 15, 10, 12, 14, 1, 1, 19, 1, 1] => QQFieldElem[0, 0, 0, 0, 0, 0, 128//3, 0, 0, 0, 0, 0, 0, 0, 0, 0],
	[11, 15, 10, 12, 14, 1, 1, 21, 1, 1] => QQFieldElem[0, 0, 0, 0, 0, 0, -128//3, 0, 0, 0, 0, 0, 0, 0, 128//3, 0],
	[11, 15, 10, 12, 20, 1, 1, 19, 1, 1] => QQFieldElem[0, 0, 0, 0, 0, 0, 0, -1//3, 0, 0, 0, 0, -1//3, 0, 0, 0],
	[11, 15, 10, 12, 21, 1, 1, 20, 1, 1] => QQFieldElem[0, 0, 0, 0, 0, 0, 0, 0, 0, 0, 0, 0, -1//3, 0, 0, 1//3],
	[11, 15, 10, 12, 20, 1, 1, 21, 1, 1] => QQFieldElem[0, 0, 0, 0, 0, 0, 0, 0, 0, 0, 0, 0, -1//3, 0, 0, 1//3],
	[11, 15, 10, 12, 14, 1, 1, 20, 1, 1] => QQFieldElem[0, 0, 0, 0, 0, 0, 0, 0, 0, 0, 0, 0, 0, 0, -128//3, 0],
	[11, 15, 10, 12, 19, 1, 1, 7, 1, 1] => QQFieldElem[0, 0, 0, 0, 0, 0, 0, 0, 0, 0, 0, 0, -4//27, 0, 0, 0],
	[11, 15, 10, 12, 20, 1, 1, 20, 1, 1] => QQFieldElem[0, 0, 0, 0, 0, 0, 0, 1//3, 0, 0, 0, 0, -1//3, 0, 0, -1//3])