Dict(
	[11, 14, 17, 19, 15, 1, 1, 15, 1, 1] => QQFieldElem[0, 0, 0, -1//4, 0, 1//4, 0, 0, 0, 0, 0, 0, 1//4, -1//4, 0, 0],
	[11, 14, 17, 19, 11, 1, 1, 12, 1, 1] => QQFieldElem[0, 0, 0, 0, 0, 0, -3//2, 0, 0, 0, 0, 0, 0, 0, 0, 0],
	[11, 14, 17, 19, 12, 1, 1, 18, 1, 1] => QQFieldElem[1//4, 0, 1//4, -1//4, 0, 0, 1//4, 0, 0, 0, -1//4, 0, -1//4, 0, 0, -1//4],
	[11, 14, 17, 19, 13, 1, 1, 16, 1, 1] => QQFieldElem[0, 0, 0, -1//4, 0, 0, 0, 0, 0, 1//4, 0, 0, -1//4, 0, 0, 0],
	[11, 14, 17, 19, 17, 1, 1, 11, 1, 1] => QQFieldElem[0, 0, 0, 1//4, 0, 0, 0, 0, 0, 1//4, 0, 0, 1//4, 0, 0, 0],
	[11, 14, 17, 19, 15, 1, 1, 12, 1, 1] => QQFieldElem[0, 0, 0, 1//4, 0, -1//4, 0, 0, 0, 0, 0, 0, -1//4, 1//4, 0, 0],
	[11, 14, 17, 19, 12, 1, 1, 17, 1, 1] => QQFieldElem[-1//4, 0, 1//4, -1//4, 0, 0, -1//4, 0, 0, 0, -1//4, 0, -1//4, 0, 0, 1//4],
	[11, 14, 17, 19, 11, 1, 1, 16, 1, 1] => QQFieldElem[0, 0, 0, 0, 0, 0, -3//2, 0, 0, 0, 0, 0, 0, 0, 0, 0],
	[11, 14, 17, 19, 10, 1, 1, 18, 1, 1] => QQFieldElem[0, 0, 0, 0, 0, 0, 0, 0, 0, 0, 0, 0, 0, 0, 0, 0],
	[11, 14, 17, 19, 15, 1, 1, 16, 1, 1] => QQFieldElem[0, 0, 0, 0, 0, 0, 0, 0, 0, 0, 0, 0, 0, 0, 0, 0],
	[11, 14, 17, 19, 12, 1, 1, 11, 1, 1] => QQFieldElem[0, 0, 0, 0, 0, 0, 0, 0, 0, 0, 0, 0, 0, 0, 0, 0],
	[11, 14, 17, 19, 17, 1, 1, 15, 1, 1] => QQFieldElem[0, 0, 0, 0, 0, 0, 0, 0, 0, 0, 0, 0, 0, 0, 0, 0],
	[11, 14, 17, 19, 10, 1, 1, 17, 1, 1] => QQFieldElem[0, 0, 0, 0, 0, 0, 0, 0, 0, 0, 0, 0, 0, 0, 0, 0],
	[11, 14, 17, 19, 13, 1, 1, 18, 1, 1] => QQFieldElem[-1//4, 0, 1//4, 1//4, 0, 0, 1//4, 0, 0, 0, -1//4, 0, -1//4, 0, 0, 1//4],
	[11, 14, 17, 19, 17, 1, 1, 12, 1, 1] => QQFieldElem[0, 0, 0, 0, 0, 0, 0, 0, 0, 0, 0, 0, 0, 0, 0, 0],
	[11, 14, 17, 19, 10, 1, 1, 11, 1, 1] => QQFieldElem[0, 0, 0, 0, 0, 0, 0, 0, 0, 0, 0, 0, 3//4, 0, 0, 0],
	[11, 14, 17, 19, 13, 1, 1, 17, 1, 1] => QQFieldElem[1//4, 0, -1//4, -1//4, 0, 0, 1//4, 0, 0, 0, 1//4, 0, -1//4, 0, 0, 1//4],
	[11, 14, 17, 19, 12, 1, 1, 15, 1, 1] => QQFieldElem[0, 0, 0, -1//4, 0, -1//4, 0, 0, 0, 0, 0, 0, 1//4, 1//4, 0, 0],
	[11, 14, 17, 19, 11, 1, 1, 18, 1, 1] => QQFieldElem[0, 0, 0, 0, 0, 0, 0, 0, 0, 0, 0, 0, 0, 0, 0, 0],
	[11, 14, 17, 19, 17, 1, 1, 16, 1, 1] => QQFieldElem[0, 0, 0, -1//4, 0, 0, 0, 0, 0, -1//4, 0, 0, -1//4, 0, 0, 0],
	[11, 14, 17, 19, 11, 1, 1, 17, 1, 1] => QQFieldElem[0, 0, 0, 0, 0, 0, 0, 0, 0, 0, 0, 0, 0, 0, 0, 0],
	[11, 14, 17, 19, 13, 1, 1, 11, 1, 1] => QQFieldElem[0, 0, 0, 1//4, 0, 0, 0, 0, 0, -1//4, 0, 0, 1//4, 0, 0, 0],
	[11, 14, 17, 19, 12, 1, 1, 12, 1, 1] => QQFieldElem[0, 0, 0, 1//4, 0, 1//4, 0, 0, 0, 0, 0, 0, -1//4, -1//4, 0, 0],
	[11, 14, 17, 19, 15, 1, 1, 18, 1, 1] => QQFieldElem[1//4, 0, -1//4, 1//4, 0, 0, -1//4, 0, 0, 0, 1//4, 0, -1//4, 0, 0, 1//4],
	[11, 14, 17, 19, 10, 1, 1, 15, 1, 1] => QQFieldElem[0, 0, 0, 0, 0, 0, 0, 0, 0, 0, 0, 0, -3//4, 0, 0, 0],
	[11, 14, 17, 19, 15, 1, 1, 17, 1, 1] => QQFieldElem[-1//4, 0, -1//4, 1//4, 0, 0, 1//4, 0, 0, 0, 1//4, 0, -1//4, 0, 0, -1//4],
	[11, 14, 17, 19, 11, 1, 1, 11, 1, 1] => QQFieldElem[0, 0, 0, 0, 0, 0, -3//2, 0, 0, 0, 0, 0, 0, 0, 0, 0],
	[11, 14, 17, 19, 10, 1, 1, 12, 1, 1] => QQFieldElem[0, 0, 0, 0, 0, 0, 0, 0, 0, 0, 0, 0, -3//4, 0, 0, 0],
	[11, 14, 17, 19, 12, 1, 1, 16, 1, 1] => QQFieldElem[0, 0, 0, 0, 0, 0, 0, 0, 0, 0, 0, 0, 0, 0, 0, 0],
	[11, 14, 17, 19, 15, 1, 1, 11, 1, 1] => QQFieldElem[0, 0, 0, 0, 0, 0, 0, 0, 0, 0, 0, 0, 0, 0, 0, 0],
	[11, 14, 17, 19, 13, 1, 1, 15, 1, 1] => QQFieldElem[0, 0, 0, 0, 0, 0, 0, 0, 0, 0, 0, 0, 0, 0, 0, 0],
	[11, 14, 17, 19, 17, 1, 1, 18, 1, 1] => QQFieldElem[-1//4, 0, -1//4, -1//4, 0, 0, -1//4, 0, 0, 0, 1//4, 0, -1//4, 0, 0, -1//4],
	[11, 14, 17, 19, 10, 1, 1, 16, 1, 1] => QQFieldElem[0, 0, 0, 0, 0, 0, 0, 0, 0, 0, 0, 0, 3//4, 0, 0, 0],
	[11, 14, 17, 19, 13, 1, 1, 12, 1, 1] => QQFieldElem[0, 0, 0, 0, 0, 0, 0, 0, 0, 0, 0, 0, 0, 0, 0, 0],
	[11, 14, 17, 19, 11, 1, 1, 15, 1, 1] => QQFieldElem[0, 0, 0, 0, 0, 0, -3//2, 0, 0, 0, 0, 0, 0, 0, 0, 0],
	[11, 14, 17, 19, 17, 1, 1, 17, 1, 1] => QQFieldElem[1//4, 0, 1//4, 1//4, 0, 0, -1//4, 0, 0, 0, -1//4, 0, -1//4, 0, 0, -1//4])