Dict(
	[11, 15, 11, 11, 20, 1, 1, 21, 1, 1] => QQFieldElem[0, 0, 0, 0, 0, 0, 0, 0, 0, 0, 0, 0, -1//3, 0, 0, 1//3],
	[11, 15, 11, 11, 21, 1, 1, 20, 1, 1] => QQFieldElem[0, 0, 0, 0, 0, 0, 0, 0, 0, 0, 0, 0, -1//3, 0, 0, 1//3],
	[11, 15, 11, 11, 19, 1, 1, 14, 1, 1] => QQFieldElem[0, 0, 0, 0, 0, 0, -2//9, 0, 0, 0, 0, 0, 0, 0, 0, 0],
	[11, 15, 11, 11, 14, 1, 1, 20, 1, 1] => QQFieldElem[0, 0, 0, 0, 0, 0, 0, 0, 0, 0, 0, 0, 0, 0, -128//3, 0],
	[11, 15, 11, 11, 20, 1, 1, 20, 1, 1] => QQFieldElem[0, 0, 0, 0, 0, 0, 0, 1//3, 0, 0, 0, 0, -1//3, 0, 0, -1//3],
	[11, 15, 11, 11, 21, 1, 1, 14, 1, 1] => QQFieldElem[0, 0, 0, 0, 0, 0, 2//9, 0, 0, 0, 0, 0, 0, 0, -2//9, 0],
	[11, 15, 11, 11, 19, 1, 1, 19, 1, 1] => QQFieldElem[0, 0, 0, 0, 0, 0, 0, 0, 0, 0, 0, 0, -1//3, 0, 0, 1//3],
	[11, 15, 11, 11, 19, 1, 1, 21, 1, 1] => QQFieldElem[0, 0, 0, 0, 0, 0, 0, 1//3, 0, 0, 0, 0, -1//3, 0, 0, -1//3],
	[11, 15, 11, 11, 14, 1, 1, 14, 1, 1] => QQFieldElem[0, 0, 0, 0, 0, 0, 0, 0, 0, 0, 0, 0, 0, 0, 0, 0],
	[11, 15, 11, 11, 20, 1, 1, 14, 1, 1] => QQFieldElem[0, 0, 0, 0, 0, 0, 0, 0, 0, 0, 0, 0, 0, 0, 2//9, 0],
	[11, 15, 11, 11, 19, 1, 1, 20, 1, 1] => QQFieldElem[0, 0, 0, 0, 0, 0, 0, -1//3, 0, 0, 0, 0, -1//3, 0, 0, 0],
	[11, 15, 11, 11, 21, 1, 1, 19, 1, 1] => QQFieldElem[0, 0, 0, 0, 0, 0, 0, 1//3, 0, 0, 0, 0, -1//3, 0, 0, -1//3],
	[11, 15, 11, 11, 21, 1, 1, 21, 1, 1] => QQFieldElem[0, 0, 0, 0, 0, 0, 0, -1//3, 0, 0, 0, 0, -1//3, 0, 0, 0],
	[11, 15, 11, 11, 14, 1, 1, 19, 1, 1] => QQFieldElem[0, 0, 0, 0, 0, 0, 128//3, 0, 0, 0, 0, 0, 0, 0, 0, 0],
	[11, 15, 11, 11, 14, 1, 1, 21, 1, 1] => QQFieldElem[0, 0, 0, 0, 0, 0, -128//3, 0, 0, 0, 0, 0, 0, 0, 128//3, 0],
	[11, 15, 11, 11, 20, 1, 1, 19, 1, 1] => QQFieldElem[0, 0, 0, 0, 0, 0, 0, -1//3, 0, 0, 0, 0, -1//3, 0, 0, 0])