Dict(
	[11, 15, 15, 11, 14, 1, 1, 20, 1, 1] => QQFieldElem[0, 0, 0, 0, 0, 0, 0, 0, 0, 0, 0, 0, 0, 0, 0, 0],
	[11, 15, 15, 11, 21, 1, 1, 8, 1, 1] => QQFieldElem[1//288, 0, 0, 0, 0, 0, 0, 0, 0, 0, 0, 0, 0, 0, 0, 0],
	[11, 15, 15, 11, 1, 1, 1, 19, 1, 1] => QQFieldElem[0, 0, -4//3, 0, 0, 0, 4//3, 0, 0, -4//3, 4//3, 0, 4//3, 0, 0, -4//3],
	[11, 15, 15, 11, 19, 1, 1, 7, 1, 1] => QQFieldElem[0, 0, -1//1024, -1//1024, 0, 1//1024, 1//1024, 0, 0, -1//1024, 1//1024, 0, 1//1024, -1//1024, 0, -1//1024],
	[11, 15, 15, 11, 3, 1, 1, 19, 1, 1] => QQFieldElem[0, 0, 1, 0, 0, 0, -1, 0, 0, 1, -1, 0, -1, 0, 0, 1],
	[11, 15, 15, 11, 1, 1, 1, 21, 1, 1] => QQFieldElem[-2//3, 0, 2//3, 2//3, 0, -2//3, -2//3, 0, 4//3, 2//3, -2//3, -4//3, -2//3, -2//3, 0, 2//3],
	[11, 15, 15, 11, 20, 1, 1, 20, 1, 1] => QQFieldElem[1//6, 0, -1//6, -1//6, 0, 1//6, 1//6, 0, -1//3, 1//6, 1//6, 0, -1//6, -1//6, 0, 1//6],
	[11, 15, 15, 11, 14, 1, 1, 8, 1, 1] => QQFieldElem[1//96, 0, 0, 0, 0, 0, 0, 0, 0, 0, 0, 0, 0, 0, 0, 0],
	[11, 15, 15, 11, 3, 1, 1, 21, 1, 1] => QQFieldElem[1//2, 0, -1//2, -1//2, 0, 1//2, 1//2, 0, -1, -1//2, 1//2, 1, 1//2, 1//2, 0, -1//2],
	[11, 15, 15, 11, 20, 1, 1, 8, 1, 1] => QQFieldElem[1//288, 0, 0, 0, 0, 0, 0, 0, 0, 0, 0, 0, 0, 0, 0, 0],
	[11, 15, 15, 11, 21, 1, 1, 14, 1, 1] => QQFieldElem[0, 0, 0, 0, 0, 0, 0, 0, 0, 0, 0, 0, 0, 0, 0, 0],
	[11, 15, 15, 11, 19, 1, 1, 19, 1, 1] => QQFieldElem[0, 0, 1//3, 1//3, 0, -1//3, -1//3, 0, 0, 2//3, -1//3, 0, -2//3, 1//3, 0, 2//3],
	[11, 15, 15, 11, 19, 1, 1, 21, 1, 1] => QQFieldElem[-1//6, 0, 1//2, 1//2, 0, -1//2, -1//2, 0, 1//3, 1//6, -1//6, -1//3, -1//6, 1//6, 1//3, 1//6],
	[11, 15, 15, 11, 1, 1, 1, 20, 1, 1] => QQFieldElem[2//3, 0, 2//3, -2//3, 0, 2//3, -2//3, 0, -4//3, 2//3, -2//3, 4//3, -2//3, 2//3, 0, 2//3],
	[11, 15, 15, 11, 14, 1, 1, 14, 1, 1] => QQFieldElem[0, 0, 0, 0, 0, 0, 0, 0, 0, 0, 0, 0, 0, 0, 0, 1//3],
	[11, 15, 15, 11, 21, 1, 1, 7, 1, 1] => QQFieldElem[0, 0, -1//1024, -1//1024, 0, 1//1024, 1//1024, 0, 0, -1//1024, 1//1024, 0, 1//1024, -1//1024, 0, -1//1024],
	[11, 15, 15, 11, 3, 1, 1, 20, 1, 1] => QQFieldElem[-1//2, 0, -1//2, 1//2, 0, -1//2, 1//2, 0, 1, -1//2, 1//2, -1, 1//2, -1//2, 0, -1//2],
	[11, 15, 15, 11, 1, 1, 1, 8, 1, 1] => QQFieldElem[1//72, 0, 0, 0, 0, 0, 0, 0, 0, 0, 0, 0, 0, 0, 0, 0],
	[11, 15, 15, 11, 14, 1, 1, 7, 1, 1] => QQFieldElem[0, 0, 3//2048, 3//2048, 0, -3//2048, -3//2048, 0, 0, 3//2048, -3//2048, 0, -3//2048, 3//2048, 0, 3//2048],
	[11, 15, 15, 11, 20, 1, 1, 14, 1, 1] => QQFieldElem[0, 0, 0, 0, 0, 0, 0, 0, 0, 0, 0, 0, 0, 0, 0, 0],
	[11, 15, 15, 11, 3, 1, 1, 8, 1, 1] => QQFieldElem[1//96, 0, 0, 0, 0, 0, 0, 0, 0, 0, 0, 0, 0, 0, 0, 0],
	[11, 15, 15, 11, 21, 1, 1, 19, 1, 1] => QQFieldElem[0, 0, -1//3, -1//3, 0, 1//3, 1//3, 0, 0, -1//3, 0, 1//3, 1//3, 0, -1//3, -1//3],
	[11, 15, 15, 11, 19, 1, 1, 20, 1, 1] => QQFieldElem[1//6, 0, 1//6, 1//6, 0, -1//6, -1//6, 0, -1//3, 1//6, -1//2, 1//3, -1//6, 1//2, -1//3, 1//6],
	[11, 15, 15, 11, 21, 1, 1, 21, 1, 1] => QQFieldElem[-1//6, 0, -1//6, -1//6, 0, 1//6, 1//6, 0, 1//3, 1//6, 1//6, 0, -1//6, -1//6, 0, 1//6],
	[11, 15, 15, 11, 20, 1, 1, 7, 1, 1] => QQFieldElem[0, 0, -1//1024, -1//1024, 0, 1//1024, 1//1024, 0, 0, -1//1024, 1//1024, 0, 1//1024, -1//1024, 0, -1//1024],
	[11, 15, 15, 11, 14, 1, 1, 19, 1, 1] => QQFieldElem[0, 0, 0, 0, 0, 0, 0, 0, 0, 0, 0, 0, 0, 0, 0, 0],
	[11, 15, 15, 11, 19, 1, 1, 8, 1, 1] => QQFieldElem[1//288, 0, 0, 0, 0, 0, 0, 0, 0, 0, 0, 0, 0, 0, 0, 0],
	[11, 15, 15, 11, 1, 1, 1, 14, 1, 1] => QQFieldElem[0, 0, 0, 0, 0, 0, 0, 0, 0, 0, 0, 0, 0, 0, 0, -4//9],
	[11, 15, 15, 11, 14, 1, 1, 21, 1, 1] => QQFieldElem[0, 0, 0, 0, 0, 0, 0, 0, 0, 0, 0, 0, 0, 0, 0, 0],
	[11, 15, 15, 11, 3, 1, 1, 14, 1, 1] => QQFieldElem[0, 0, 0, 0, 0, 0, 0, 0, 0, 0, 0, 0, 0, 0, 0, -1//3],
	[11, 15, 15, 11, 20, 1, 1, 19, 1, 1] => QQFieldElem[0, 0, 0, 0, 0, 0, 0, 0, 0, -1//3, 1//3, -1//3, 1//3, -1//3, 1//3, -1//3],
	[11, 15, 15, 11, 1, 1, 1, 7, 1, 1] => QQFieldElem[0, 0, 1//512, 1//512, 0, -1//512, -1//512, 0, 0, 1//512, -1//512, 0, -1//512, 1//512, 0, 1//512],
	[11, 15, 15, 11, 21, 1, 1, 20, 1, 1] => QQFieldElem[-1//3, 0, 0, 0, 0, 0, 0, 0, 2//3, -1//3, 1//3, -1//3, 1//3, -1//3, 1//3, -1//3],
	[11, 15, 15, 11, 20, 1, 1, 21, 1, 1] => QQFieldElem[1//3, 0, -1//3, -1//3, 0, 1//3, 1//3, 0, -2//3, -1//3, 0, 1//3, 1//3, 0, -1//3, -1//3],
	[11, 15, 15, 11, 3, 1, 1, 7, 1, 1] => QQFieldElem[0, 0, 3//2048, 3//2048, 0, -3//2048, -3//2048, 0, 0, 3//2048, -3//2048, 0, -3//2048, 3//2048, 0, 3//2048],
	[11, 15, 15, 11, 19, 1, 1, 14, 1, 1] => QQFieldElem[0, 0, 0, 0, 0, 0, 0, 0, 0, 0, 0, 0, 0, 0, 0, 0])