Dict(
	[11, 17, 12, 10, 21, 1, 1, 19, 1, 1] => QQFieldElem[0, 0, 0, 0, 0, 0, 0, 1//3, 0, 0, 0, 0, -1//3, 0, 0, -1//3],
	[11, 17, 12, 10, 19, 1, 1, 20, 1, 1] => QQFieldElem[0, 0, 0, 0, 0, 0, 0, -1//3, 0, 0, 0, 0, -1//3, 0, 0, 0],
	[11, 17, 12, 10, 21, 1, 1, 21, 1, 1] => QQFieldElem[0, 0, 0, 0, 0, 0, 0, -1//3, 0, 0, 0, 0, -1//3, 0, 0, 0],
	[11, 17, 12, 10, 7, 1, 1, 20, 1, 1] => QQFieldElem[0, 0, 0, 0, 0, 0, 0, 0, 0, 0, 0, 0, 0, 0, -256//3, 0],
	[11, 17, 12, 10, 19, 1, 1, 8, 1, 1] => QQFieldElem[0, 0, 0, 0, 0, 0, -1//6, 0, 0, 0, 0, 0, 0, 0, 0, 0],
	[11, 17, 12, 10, 7, 1, 1, 8, 1, 1] => QQFieldElem[0, 0, 0, 0, 0, 0, 0, 0, 0, 0, 0, 0, 0, 0, 0, 0],
	[11, 17, 12, 10, 20, 1, 1, 19, 1, 1] => QQFieldElem[0, 0, 0, 0, 0, 0, 0, -1//3, 0, 0, 0, 0, -1//3, 0, 0, 0],
	[11, 17, 12, 10, 21, 1, 1, 20, 1, 1] => QQFieldElem[0, 0, 0, 0, 0, 0, 0, 0, 0, 0, 0, 0, -1//3, 0, 0, 1//3],
	[11, 17, 12, 10, 20, 1, 1, 21, 1, 1] => QQFieldElem[0, 0, 0, 0, 0, 0, 0, 0, 0, 0, 0, 0, -1//3, 0, 0, 1//3],
	[11, 17, 12, 10, 21, 1, 1, 8, 1, 1] => QQFieldElem[0, 0, 0, 0, 0, 0, 1//6, 0, 0, 0, 0, 0, 0, 0, -1//6, 0],
	[11, 17, 12, 10, 20, 1, 1, 20, 1, 1] => QQFieldElem[0, 0, 0, 0, 0, 0, 0, 1//3, 0, 0, 0, 0, -1//3, 0, 0, -1//3],
	[11, 17, 12, 10, 20, 1, 1, 8, 1, 1] => QQFieldElem[0, 0, 0, 0, 0, 0, 0, 0, 0, 0, 0, 0, 0, 0, 1//6, 0],
	[11, 17, 12, 10, 19, 1, 1, 19, 1, 1] => QQFieldElem[0, 0, 0, 0, 0, 0, 0, 0, 0, 0, 0, 0, -1//3, 0, 0, 1//3],
	[11, 17, 12, 10, 7, 1, 1, 19, 1, 1] => QQFieldElem[0, 0, 0, 0, 0, 0, 256//3, 0, 0, 0, 0, 0, 0, 0, 0, 0],
	[11, 17, 12, 10, 19, 1, 1, 21, 1, 1] => QQFieldElem[0, 0, 0, 0, 0, 0, 0, 1//3, 0, 0, 0, 0, -1//3, 0, 0, -1//3],
	[11, 17, 12, 10, 7, 1, 1, 21, 1, 1] => QQFieldElem[0, 0, 0, 0, 0, 0, -256//3, 0, 0, 0, 0, 0, 0, 0, 256//3, 0])