Dict(
	[11, 13, 17, 17, 20, 1, 1, 20, 1, 1] => QQFieldElem[-1//3, 1//3, -1//3, 0, 0, 0, 1//3, 1//3, 2//3, 0, 1//3, 0, 0, 0, 0, -1//3],
	[11, 13, 17, 17, 19, 1, 1, 5, 1, 1] => QQFieldElem[0, 0, 0, -1//6, 0, -1//6, 0, 0, 0, 0, 0, 0, -1//6, 1//6, 0, 0],
	[11, 13, 17, 17, 6, 1, 1, 20, 1, 1] => QQFieldElem[9//8, 0, 0, 0, 0, 0, 0, 0, 0, 0, 0, 0, 0, 0, 0, 0],
	[11, 13, 17, 17, 9, 1, 1, 20, 1, 1] => QQFieldElem[0, 0, 0, 0, 0, 0, 0, 0, 0, 0, 0, 0, 0, 0, 0, 0],
	[11, 13, 17, 17, 19, 1, 1, 3, 1, 1] => QQFieldElem[0, 0, 0, 1//6, 0, 1//6, 0, 0, 0, 0, 0, 0, 1//6, -1//6, 0, 0],
	[11, 13, 17, 17, 21, 1, 1, 14, 1, 1] => QQFieldElem[0, 0, 0, 0, 0, 0, 0, 0, 0, 0, 0, 0, 0, 0, 0, 0],
	[11, 13, 17, 17, 19, 1, 1, 19, 1, 1] => QQFieldElem[0, 0, -1//3, 0, 0, 0, 1//3, 0, 0, -1//3, 1//3, 0, 0, 0, 0, 1//3],
	[11, 13, 17, 17, 19, 1, 1, 21, 1, 1] => QQFieldElem[1//3, 1//3, 0, 0, 0, 0, 0, 1//3, -2//3, 0, -1//3, 0, 0, 0, -1//3, -1//3],
	[11, 13, 17, 17, 14, 1, 1, 14, 1, 1] => QQFieldElem[0, 0, 0, 0, 0, 0, 0, 0, 0, 0, 0, 0, 0, 0, 0, 3//2],
	[11, 13, 17, 17, 21, 1, 1, 5, 1, 1] => QQFieldElem[0, 0, 0, 0, 0, 0, 0, 0, 0, 0, 0, 1//6, -1//6, -1//6, 0, 0],
	[11, 13, 17, 17, 20, 1, 1, 14, 1, 1] => QQFieldElem[0, 0, 0, 0, 0, 0, 0, 0, 0, 0, 0, 0, 0, 0, 0, 0],
	[11, 13, 17, 17, 21, 1, 1, 3, 1, 1] => QQFieldElem[0, 0, 0, 0, 0, 0, 0, 0, 0, 0, 0, -1//6, 1//6, 1//6, 0, 0],
	[11, 13, 17, 17, 6, 1, 1, 14, 1, 1] => QQFieldElem[0, 0, 0, 0, 0, 0, 0, 0, 0, 0, 0, 0, 0, 0, 0, 0],
	[11, 13, 17, 17, 9, 1, 1, 14, 1, 1] => QQFieldElem[9//8, 0, 0, 0, 0, 0, 0, 0, 0, 0, 0, 0, 0, 0, 0, 0],
	[11, 13, 17, 17, 14, 1, 1, 5, 1, 1] => QQFieldElem[0, 0, 0, 0, 0, 0, 0, 0, 0, 0, 0, 0, 0, 0, 0, -3//4],
	[11, 13, 17, 17, 19, 1, 1, 20, 1, 1] => QQFieldElem[-1//3, -1//3, 1//3, 0, 0, 0, -1//3, -1//3, 2//3, 1//3, 0, 0, 0, 0, 1//3, 0],
	[11, 13, 17, 17, 21, 1, 1, 19, 1, 1] => QQFieldElem[0, 1//3, 1//3, 0, 0, 0, -1//3, 1//3, 0, 0, 0, 0, 0, 0, 1//3, -1//3],
	[11, 13, 17, 17, 21, 1, 1, 21, 1, 1] => QQFieldElem[1//3, -1//3, -1//3, 0, 0, 0, 1//3, -1//3, -2//3, 1//3, 1//3, 0, 0, 0, 0, 0],
	[11, 13, 17, 17, 14, 1, 1, 3, 1, 1] => QQFieldElem[0, 0, 0, 0, 0, 0, 0, 0, 0, 0, 0, 0, 0, 0, 0, -3//4],
	[11, 13, 17, 17, 14, 1, 1, 19, 1, 1] => QQFieldElem[0, 0, 0, 0, 0, 0, 0, 0, 0, 0, 0, 0, 0, 0, 0, 0],
	[11, 13, 17, 17, 20, 1, 1, 5, 1, 1] => QQFieldElem[0, 0, 0, 1//6, 0, 1//6, 0, 0, 0, 0, 0, -1//6, -1//6, 0, 0, 0],
	[11, 13, 17, 17, 14, 1, 1, 21, 1, 1] => QQFieldElem[0, 0, 0, 0, 0, 0, 0, 0, 0, 0, 0, 0, 0, 0, 0, 0],
	[11, 13, 17, 17, 9, 1, 1, 5, 1, 1] => QQFieldElem[9//16, 0, 0, 0, 0, 0, 0, 0, 0, 0, 0, 0, 0, 0, 0, 0],
	[11, 13, 17, 17, 20, 1, 1, 3, 1, 1] => QQFieldElem[0, 0, 0, -1//6, 0, -1//6, 0, 0, 0, 0, 0, 1//6, 1//6, 0, 0, 0],
	[11, 13, 17, 17, 6, 1, 1, 5, 1, 1] => QQFieldElem[0, 0, 0, 0, 0, 0, 0, 0, 0, 0, 0, 0, 0, 0, 0, 0],
	[11, 13, 17, 17, 20, 1, 1, 19, 1, 1] => QQFieldElem[0, -1//3, 0, 0, 0, 0, 0, -1//3, 0, 1//3, -1//3, 0, 0, 0, -1//3, 0],
	[11, 13, 17, 17, 6, 1, 1, 3, 1, 1] => QQFieldElem[0, 0, 0, 0, 0, 0, 0, 0, 0, 0, 0, 0, 0, 0, 0, 0],
	[11, 13, 17, 17, 9, 1, 1, 3, 1, 1] => QQFieldElem[9//16, 0, 0, 0, 0, 0, 0, 0, 0, 0, 0, 0, 0, 0, 0, 0],
	[11, 13, 17, 17, 6, 1, 1, 19, 1, 1] => QQFieldElem[9//8, 0, 0, 0, 0, 0, 0, 0, 0, 0, 0, 0, 0, 0, 0, 0],
	[11, 13, 17, 17, 21, 1, 1, 20, 1, 1] => QQFieldElem[-1//3, 0, 0, 0, 0, 0, 0, 0, 2//3, -1//3, -1//3, 0, 0, 0, -1//3, 1//3],
	[11, 13, 17, 17, 9, 1, 1, 19, 1, 1] => QQFieldElem[0, 0, 0, 0, 0, 0, 0, 0, 0, 0, 0, 0, 0, 0, 0, 0],
	[11, 13, 17, 17, 20, 1, 1, 21, 1, 1] => QQFieldElem[1//3, 0, 1//3, 0, 0, 0, -1//3, 0, -2//3, -1//3, 0, 0, 0, 0, 1//3, 1//3],
	[11, 13, 17, 17, 6, 1, 1, 21, 1, 1] => QQFieldElem[9//8, 0, 0, 0, 0, 0, 0, 0, 0, 0, 0, 0, 0, 0, 0, 0],
	[11, 13, 17, 17, 19, 1, 1, 14, 1, 1] => QQFieldElem[0, 0, 0, 0, 0, 0, 0, 0, 0, 0, 0, 0, 0, 0, 0, 0],
	[11, 13, 17, 17, 9, 1, 1, 21, 1, 1] => QQFieldElem[0, 0, 0, 0, 0, 0, 0, 0, 0, 0, 0, 0, 0, 0, 0, 0],
	[11, 13, 17, 17, 14, 1, 1, 20, 1, 1] => QQFieldElem[0, 0, 0, 0, 0, 0, 0, 0, 0, 0, 0, 0, 0, 0, 0, 0])