Dict(
	[11, 12, 15, 18, 7, 1, 1, 21, 1, 1] => QQFieldElem[9//16, 0, 0, 0, 0, 0, 0, 0, 0, 0, 0, 0, 9//32, 0, 0, 0],
	[11, 12, 15, 18, 21, 1, 1, 7, 1, 1] => QQFieldElem[0, 0, 0, 0, 0, 0, 0, 0, 0, 0, 0, 0, 0, 0, 0, 0],
	[11, 12, 15, 18, 8, 1, 1, 19, 1, 1] => QQFieldElem[0, 0, 0, 0, 0, 0, 0, 0, 0, 0, 0, 0, 27//32, 0, 0, 0],
	[11, 12, 15, 18, 21, 1, 1, 5, 1, 1] => QQFieldElem[0, 0, 0, 0, 0, 0, 0, -1//8, 0, 0, 0, 0, 1//8, 1//8, 0, 1//8],
	[11, 12, 15, 18, 14, 1, 1, 4, 1, 1] => QQFieldElem[0, 0, 0, 0, 0, 0, 0, 0, 0, -512//9, 0, 0, 0, 0, 0, 0],
	[11, 12, 15, 18, 8, 1, 1, 21, 1, 1] => QQFieldElem[0, 0, 0, 0, 0, 0, 0, 0, 0, 0, 0, 0, 27//32, 0, 0, 0],
	[11, 12, 15, 18, 14, 1, 1, 7, 1, 1] => QQFieldElem[0, 0, 0, 0, 0, 0, 0, 0, 0, -256//3, 0, 0, 0, 0, 0, 0],
	[11, 12, 15, 18, 21, 1, 1, 19, 1, 1] => QQFieldElem[0, -1//4, -1//4, 0, 0, 0, 1//4, 0, 0, 0, 0, -1//4, -1//2, 0, -1//4, 0],
	[11, 12, 15, 18, 19, 1, 1, 20, 1, 1] => QQFieldElem[0, 1//4, -1//4, -1//4, 0, 0, 1//4, 0, 0, -1//4, 0, 1//4, 1//4, 0, -1//4, 0],
	[11, 12, 15, 18, 14, 1, 1, 5, 1, 1] => QQFieldElem[0, 0, 0, 0, 0, 0, 0, 0, 0, 128//3, 0, 0, 0, 0, 0, 0],
	[11, 12, 15, 18, 20, 1, 1, 4, 1, 1] => QQFieldElem[0, 0, 0, 0, 0, -1//6, 0, 1//6, 0, 0, 0, 0, 1//6, 0, 0, 0],
	[11, 12, 15, 18, 21, 1, 1, 21, 1, 1] => QQFieldElem[0, 1//4, 1//4, -1//4, 0, 0, -1//4, 0, 0, -1//4, -1//4, 1//4, 1//4, 0, 0, 0],
	[11, 12, 15, 18, 7, 1, 1, 20, 1, 1] => QQFieldElem[9//16, 0, 0, 0, 0, 0, 0, 0, 0, 0, 0, 0, 9//32, 0, 0, 0],
	[11, 12, 15, 18, 20, 1, 1, 7, 1, 1] => QQFieldElem[0, 0, 0, 0, 0, 0, 0, 0, 0, 0, 0, 0, 0, 0, 0, 0],
	[11, 12, 15, 18, 14, 1, 1, 19, 1, 1] => QQFieldElem[0, 0, 0, 0, 0, 0, 0, 0, 0, 0, 0, 0, 0, 0, 0, 0],
	[11, 12, 15, 18, 20, 1, 1, 5, 1, 1] => QQFieldElem[0, 0, 0, 0, 0, -1//8, 0, 1//8, 0, 0, 0, 0, 1//8, 0, 0, 0],
	[11, 12, 15, 18, 14, 1, 1, 21, 1, 1] => QQFieldElem[0, 0, 0, 0, 0, 0, 0, 0, 0, 0, 0, 0, 0, 0, 0, 0],
	[11, 12, 15, 18, 8, 1, 1, 20, 1, 1] => QQFieldElem[0, 0, 0, 0, 0, 0, 0, 0, 0, 0, 0, 0, 27//32, 0, 0, 0],
	[11, 12, 15, 18, 20, 1, 1, 19, 1, 1] => QQFieldElem[0, 1//4, 0, -1//4, 0, 0, 0, 0, 0, -1//4, 1//4, 1//4, -1//2, 0, 1//4, 0],
	[11, 12, 15, 18, 21, 1, 1, 20, 1, 1] => QQFieldElem[0, 0, 0, 1//4, 0, 0, 0, 0, 0, 1//4, 1//4, 0, 1//4, 0, 1//4, 0],
	[11, 12, 15, 18, 20, 1, 1, 21, 1, 1] => QQFieldElem[0, 0, -1//4, 1//4, 0, 0, 1//4, 0, 0, 1//4, 0, 0, 1//4, 0, -1//4, 0],
	[11, 12, 15, 18, 14, 1, 1, 20, 1, 1] => QQFieldElem[0, 0, 0, 0, 0, 0, 0, 0, 0, 0, 0, 0, 0, 0, 0, 0],
	[11, 12, 15, 18, 19, 1, 1, 4, 1, 1] => QQFieldElem[0, 0, 0, 0, 0, 1//6, 0, 0, 0, 0, 0, 0, 1//6, -1//6, 0, -1//6],
	[11, 12, 15, 18, 19, 1, 1, 7, 1, 1] => QQFieldElem[0, 0, 0, 0, 0, 0, 0, 0, 0, 0, 0, 0, 0, 0, 0, 0],
	[11, 12, 15, 18, 7, 1, 1, 4, 1, 1] => QQFieldElem[-3//32, 0, 0, 0, 0, 0, 0, 0, 0, 0, 0, 0, -9//32, 0, 0, 0],
	[11, 12, 15, 18, 20, 1, 1, 20, 1, 1] => QQFieldElem[0, -1//4, 1//4, 0, 0, 0, -1//4, 0, 0, 0, -1//4, -1//4, 1//4, 0, 0, 0],
	[11, 12, 15, 18, 19, 1, 1, 5, 1, 1] => QQFieldElem[0, 0, 0, 0, 0, 1//8, 0, 0, 0, 0, 0, 0, 1//8, -1//8, 0, -1//8],
	[11, 12, 15, 18, 7, 1, 1, 7, 1, 1] => QQFieldElem[9//64, 0, 0, 0, 0, 0, 0, 0, 0, 0, 0, 0, 27//64, 0, 0, 0],
	[11, 12, 15, 18, 7, 1, 1, 5, 1, 1] => QQFieldElem[9//128, 0, 0, 0, 0, 0, 0, 0, 0, 0, 0, 0, 27//128, 0, 0, 0],
	[11, 12, 15, 18, 8, 1, 1, 4, 1, 1] => QQFieldElem[-9//32, 0, 0, 0, 0, 0, 0, 0, 0, 0, 0, 0, 9//32, 0, 0, 0],
	[11, 12, 15, 18, 19, 1, 1, 19, 1, 1] => QQFieldElem[0, 0, 1//4, 1//4, 0, 0, -1//4, 0, 0, 1//4, -1//4, 0, -1//2, 0, 0, 0],
	[11, 12, 15, 18, 8, 1, 1, 7, 1, 1] => QQFieldElem[27//64, 0, 0, 0, 0, 0, 0, 0, 0, 0, 0, 0, -27//64, 0, 0, 0],
	[11, 12, 15, 18, 7, 1, 1, 19, 1, 1] => QQFieldElem[9//16, 0, 0, 0, 0, 0, 0, 0, 0, 0, 0, 0, 9//32, 0, 0, 0],
	[11, 12, 15, 18, 19, 1, 1, 21, 1, 1] => QQFieldElem[0, -1//4, 0, 0, 0, 0, 0, 0, 0, 0, 1//4, -1//4, 1//4, 0, 1//4, 0],
	[11, 12, 15, 18, 21, 1, 1, 4, 1, 1] => QQFieldElem[0, 0, 0, 0, 0, 0, 0, -1//6, 0, 0, 0, 0, 1//6, 1//6, 0, 1//6],
	[11, 12, 15, 18, 8, 1, 1, 5, 1, 1] => QQFieldElem[27//128, 0, 0, 0, 0, 0, 0, 0, 0, 0, 0, 0, -27//128, 0, 0, 0])