Dict(
	[12, 10, 16, 10, 8, 1, 1, 20, 1, 1] => QQFieldElem[0, 0, 0, 0, -4, 0, 0, 0, 0, 0, 0, 0, 0, 0, 0, 0],
	[12, 10, 16, 10, 20, 1, 1, 19, 1, 1] => QQFieldElem[0, 0, 0, 0, 0, -1//3, 0, 0, 0, 0, 0, 0, -1//3, 0, 0, 0],
	[12, 10, 16, 10, 21, 1, 1, 20, 1, 1] => QQFieldElem[0, 0, 0, 0, 0, 1//3, 0, 0, 0, 0, 0, 0, -1//3, -1//3, 0, 0],
	[12, 10, 16, 10, 20, 1, 1, 21, 1, 1] => QQFieldElem[0, 0, 0, 0, 0, 1//3, 0, 0, 0, 0, 0, 0, -1//3, -1//3, 0, 0],
	[12, 10, 16, 10, 19, 1, 1, 14, 1, 1] => QQFieldElem[0, 0, 0, 0, 0, 0, 0, 0, 0, 0, 0, 0, 1//9, 0, 0, 0],
	[12, 10, 16, 10, 8, 1, 1, 14, 1, 1] => QQFieldElem[0, 0, 0, 0, 0, 0, 0, 0, 0, 0, 0, 0, 0, 0, 0, 0],
	[12, 10, 16, 10, 20, 1, 1, 20, 1, 1] => QQFieldElem[0, 0, 0, 0, 0, 0, 0, 0, 0, 0, 0, 0, -1//3, 1//3, 0, 0],
	[12, 10, 16, 10, 19, 1, 1, 19, 1, 1] => QQFieldElem[0, 0, 0, 0, 0, 1//3, 0, 0, 0, 0, 0, 0, -1//3, -1//3, 0, 0],
	[12, 10, 16, 10, 21, 1, 1, 14, 1, 1] => QQFieldElem[0, 0, 0, 0, 1//9, 0, 0, 0, 0, 0, 0, 0, -1//9, 0, 0, 0],
	[12, 10, 16, 10, 19, 1, 1, 21, 1, 1] => QQFieldElem[0, 0, 0, 0, 0, 0, 0, 0, 0, 0, 0, 0, -1//3, 1//3, 0, 0],
	[12, 10, 16, 10, 8, 1, 1, 19, 1, 1] => QQFieldElem[0, 0, 0, 0, 0, 0, 0, 0, 0, 0, 0, 0, 4, 0, 0, 0],
	[12, 10, 16, 10, 20, 1, 1, 14, 1, 1] => QQFieldElem[0, 0, 0, 0, -1//9, 0, 0, 0, 0, 0, 0, 0, 0, 0, 0, 0],
	[12, 10, 16, 10, 8, 1, 1, 21, 1, 1] => QQFieldElem[0, 0, 0, 0, 4, 0, 0, 0, 0, 0, 0, 0, -4, 0, 0, 0],
	[12, 10, 16, 10, 21, 1, 1, 19, 1, 1] => QQFieldElem[0, 0, 0, 0, 0, 0, 0, 0, 0, 0, 0, 0, -1//3, 1//3, 0, 0],
	[12, 10, 16, 10, 19, 1, 1, 20, 1, 1] => QQFieldElem[0, 0, 0, 0, 0, -1//3, 0, 0, 0, 0, 0, 0, -1//3, 0, 0, 0],
	[12, 10, 16, 10, 21, 1, 1, 21, 1, 1] => QQFieldElem[0, 0, 0, 0, 0, -1//3, 0, 0, 0, 0, 0, 0, -1//3, 0, 0, 0])