Dict(
	[12, 17, 12, 10, 21, 1, 1, 8, 1, 1] => QQFieldElem[0, 0, 0, 0, 0, 0, -4//27, 0, 0, 0, 0, 0, 0, 0, 4//27, 0],
	[12, 17, 12, 10, 20, 1, 1, 20, 1, 1] => QQFieldElem[0, 0, 0, 0, 0, 0, 0, -4//9, 0, 0, 0, 0, -4//9, 0, 0, 4//9],
	[12, 17, 12, 10, 20, 1, 1, 8, 1, 1] => QQFieldElem[0, 0, 0, 0, 0, 0, 0, 0, 0, 0, 0, 0, 0, 0, -4//27, 0],
	[12, 17, 12, 10, 19, 1, 1, 19, 1, 1] => QQFieldElem[0, 0, 0, 0, 0, 0, 0, 0, 0, 0, 0, 0, -4//9, 0, 0, -4//9],
	[12, 17, 12, 10, 19, 1, 1, 21, 1, 1] => QQFieldElem[0, 0, 0, 0, 0, 0, 0, -4//9, 0, 0, 0, 0, -4//9, 0, 0, 4//9],
	[12, 17, 12, 10, 8, 1, 1, 19, 1, 1] => QQFieldElem[0, 0, 0, 0, 0, 0, -1024//9, 0, 0, 0, 0, 0, 0, 0, 0, 0],
	[12, 17, 12, 10, 8, 1, 1, 21, 1, 1] => QQFieldElem[0, 0, 0, 0, 0, 0, 1024//9, 0, 0, 0, 0, 0, 0, 0, -1024//9, 0],
	[12, 17, 12, 10, 19, 1, 1, 20, 1, 1] => QQFieldElem[0, 0, 0, 0, 0, 0, 0, 4//9, 0, 0, 0, 0, -4//9, 0, 0, 0],
	[12, 17, 12, 10, 21, 1, 1, 19, 1, 1] => QQFieldElem[0, 0, 0, 0, 0, 0, 0, -4//9, 0, 0, 0, 0, -4//9, 0, 0, 4//9],
	[12, 17, 12, 10, 21, 1, 1, 21, 1, 1] => QQFieldElem[0, 0, 0, 0, 0, 0, 0, 4//9, 0, 0, 0, 0, -4//9, 0, 0, 0],
	[12, 17, 12, 10, 19, 1, 1, 8, 1, 1] => QQFieldElem[0, 0, 0, 0, 0, 0, 4//27, 0, 0, 0, 0, 0, 0, 0, 0, 0],
	[12, 17, 12, 10, 8, 1, 1, 20, 1, 1] => QQFieldElem[0, 0, 0, 0, 0, 0, 0, 0, 0, 0, 0, 0, 0, 0, 1024//9, 0],
	[12, 17, 12, 10, 20, 1, 1, 19, 1, 1] => QQFieldElem[0, 0, 0, 0, 0, 0, 0, 4//9, 0, 0, 0, 0, -4//9, 0, 0, 0],
	[12, 17, 12, 10, 20, 1, 1, 21, 1, 1] => QQFieldElem[0, 0, 0, 0, 0, 0, 0, 0, 0, 0, 0, 0, -4//9, 0, 0, -4//9],
	[12, 17, 12, 10, 8, 1, 1, 8, 1, 1] => QQFieldElem[0, 0, 0, 0, 0, 0, 0, 0, 0, 0, 0, 0, 0, 0, 0, 0],
	[12, 17, 12, 10, 21, 1, 1, 20, 1, 1] => QQFieldElem[0, 0, 0, 0, 0, 0, 0, 0, 0, 0, 0, 0, -4//9, 0, 0, -4//9])