Dict(
	[12, 11, 17, 15, 14, 1, 1, 19, 1, 1] => QQFieldElem[9//16, 0, 0, 0, 0, 0, 0, 0, 0, 0, 0, 0, 0, 0, 0, 0],
	[12, 11, 17, 15, 14, 1, 1, 21, 1, 1] => QQFieldElem[9//16, 0, 0, 0, 0, 0, 0, 0, 0, 0, 0, 0, 0, 0, 0, 0],
	[12, 11, 17, 15, 20, 1, 1, 19, 1, 1] => QQFieldElem[-2//3, 1//3, 0, 0, 0, 0, 0, 1//3, 0, -1//3, 1//3, 0, 0, 0, -1//3, 0],
	[12, 11, 17, 15, 20, 1, 1, 21, 1, 1] => QQFieldElem[1//3, 0, -1//3, 0, 0, 0, -1//3, 0, 0, 1//3, 0, 0, 0, 0, 1//3, -1//3],
	[12, 11, 17, 15, 21, 1, 1, 20, 1, 1] => QQFieldElem[1//3, 0, 0, 0, 0, 0, 0, 0, 0, 1//3, 1//3, 0, 0, 0, -1//3, -1//3],
	[12, 11, 17, 15, 14, 1, 1, 20, 1, 1] => QQFieldElem[9//16, 0, 0, 0, 0, 0, 0, 0, 0, 0, 0, 0, 0, 0, 0, 0],
	[12, 11, 17, 15, 19, 1, 1, 4, 1, 1] => QQFieldElem[0, 0, 0, -1//3, 0, 1//3, 0, 0, 0, 0, 0, 0, 1//3, -1//3, 0, 0],
	[12, 11, 17, 15, 20, 1, 1, 20, 1, 1] => QQFieldElem[1//3, -1//3, 1//3, 0, 0, 0, 1//3, -1//3, 0, 0, -1//3, 0, 0, 0, 0, 1//3],
	[12, 11, 17, 15, 19, 1, 1, 19, 1, 1] => QQFieldElem[-2//3, 0, 1//3, 0, 0, 0, 1//3, 0, 0, 1//3, -1//3, 0, 0, 0, 0, -1//3],
	[12, 11, 17, 15, 19, 1, 1, 21, 1, 1] => QQFieldElem[1//3, -1//3, 0, 0, 0, 0, 0, -1//3, 0, 0, 1//3, 0, 0, 0, -1//3, 1//3],
	[12, 11, 17, 15, 21, 1, 1, 4, 1, 1] => QQFieldElem[0, 0, 0, 0, 0, 0, 0, 0, 0, 0, 0, 1//3, 1//3, 1//3, 0, 0],
	[12, 11, 17, 15, 14, 1, 1, 4, 1, 1] => QQFieldElem[0, 0, 0, 0, 0, 0, 0, 0, 0, 0, 0, 0, 0, 0, 0, 0],
	[12, 11, 17, 15, 21, 1, 1, 19, 1, 1] => QQFieldElem[-2//3, -1//3, -1//3, 0, 0, 0, -1//3, -1//3, 0, 0, 0, 0, 0, 0, 1//3, 1//3],
	[12, 11, 17, 15, 19, 1, 1, 20, 1, 1] => QQFieldElem[1//3, 1//3, -1//3, 0, 0, 0, -1//3, 1//3, 0, -1//3, 0, 0, 0, 0, 1//3, 0],
	[12, 11, 17, 15, 20, 1, 1, 4, 1, 1] => QQFieldElem[0, 0, 0, 1//3, 0, -1//3, 0, 0, 0, 0, 0, -1//3, 1//3, 0, 0, 0],
	[12, 11, 17, 15, 21, 1, 1, 21, 1, 1] => QQFieldElem[1//3, 1//3, 1//3, 0, 0, 0, 1//3, 1//3, 0, -1//3, -1//3, 0, 0, 0, 0, 0])