Dict(
	[12, 13, 14, 14, 16, 1, 1, 14, 1, 1] => QQFieldElem[256//3, 0, 0, 0, 0, 0, 0, 0, 0, 0, 0, 0, 0, 0, 0, 0],
	[12, 13, 14, 14, 17, 1, 1, 14, 1, 1] => QQFieldElem[-9//16, 0, 0, 0, 0, 0, 0, 0, 0, 0, 0, 0, 0, 0, 0, 0],
	[12, 13, 14, 14, 15, 1, 1, 3, 1, 1] => QQFieldElem[0, 0, 0, 0, 0, 0, 0, 0, 0, 0, 0, 0, 0, 0, 0, 0],
	[12, 13, 14, 14, 16, 1, 1, 4, 1, 1] => QQFieldElem[0, 0, 0, 0, 0, 0, 0, 0, 0, 0, 0, 0, 0, 0, 0, 0],
	[12, 13, 14, 14, 17, 1, 1, 4, 1, 1] => QQFieldElem[0, 0, 0, 0, 0, -72, 0, 0, 0, 0, 0, 0, 0, 72, 0, 0],
	[12, 13, 14, 14, 13, 1, 1, 14, 1, 2] => QQFieldElem[0, 0, 0, 0, 0, 0, 0, 0, 0, 0, 0, 0, 0, 0, 0, 0],
	[12, 13, 14, 14, 18, 1, 1, 14, 1, 2] => QQFieldElem[0, 0, 0, -64, 0, 0, 0, 0, 0, 0, 0, 0, 0, 0, 0, 0],
	[12, 13, 14, 14, 16, 1, 1, 1, 1, 1] => QQFieldElem[1//16, 0, 0, 0, 0, 0, 0, 0, 0, 0, 0, 0, 0, 0, 0, 0],
	[12, 13, 14, 14, 17, 1, 1, 1, 1, 1] => QQFieldElem[0, 0, 0, 0, 0, 0, 0, 0, 0, 0, 0, 0, 0, 0, 0, 0],
	[12, 13, 14, 14, 10, 1, 1, 3, 1, 2] => QQFieldElem[0, 0, 0, 0, 0, 0, 0, 0, 0, 0, 0, 0, 0, 0, 0, 0],
	[12, 13, 14, 14, 16, 1, 1, 3, 1, 1] => QQFieldElem[256//3, 0, 0, 0, 0, 0, 0, 0, 0, 0, 0, 0, 0, 0, 0, 0],
	[12, 13, 14, 14, 17, 1, 1, 3, 1, 1] => QQFieldElem[-9//16, 0, 0, 0, 0, 0, 0, 0, 0, 0, 0, 0, 0, 0, 0, 0],
	[12, 13, 14, 14, 15, 1, 1, 14, 1, 2] => QQFieldElem[0, 0, 0, 0, 0, 0, 0, 0, 0, 0, 0, 0, 0, 0, 0, 64],
	[12, 13, 14, 14, 10, 1, 1, 14, 1, 1] => QQFieldElem[256//3, 0, 0, 0, 0, 0, 0, 0, 0, 0, 0, 0, 0, 0, 0, 0],
	[12, 13, 14, 14, 13, 1, 1, 3, 1, 2] => QQFieldElem[-1//512, 0, 0, 0, 0, 0, 0, 0, 0, 0, 0, 0, 0, 0, 0, 0],
	[12, 13, 14, 14, 18, 1, 1, 3, 1, 2] => QQFieldElem[0, 0, 0, 0, 0, 0, 0, 0, 0, 0, 0, 0, 0, 0, 0, -64],
	[12, 13, 14, 14, 10, 1, 1, 4, 1, 1] => QQFieldElem[256//3, 0, 0, 0, 0, 0, 0, 0, 0, 0, 0, 0, 0, 0, 0, 0],
	[12, 13, 14, 14, 10, 1, 1, 1, 1, 1] => QQFieldElem[-128//27, 0, 0, 0, 0, 0, 0, 0, 0, 0, 0, 0, 0, 0, 0, 0],
	[12, 13, 14, 14, 13, 1, 1, 14, 1, 1] => QQFieldElem[-9//16, 0, 0, 0, 0, 0, 0, 0, 0, 0, 0, 0, 0, 0, 0, 0],
	[12, 13, 14, 14, 18, 1, 1, 14, 1, 1] => QQFieldElem[0, 0, 0, 0, 0, 72, 0, 0, 0, 0, 0, 0, 0, -72, 0, 0],
	[12, 13, 14, 14, 16, 1, 1, 14, 1, 2] => QQFieldElem[0, 0, -27//16, 0, 0, 0, 0, 0, 0, 0, 27//16, 0, 0, 0, 0, 0],
	[12, 13, 14, 14, 15, 1, 1, 3, 1, 2] => QQFieldElem[0, 0, 0, 0, 0, 0, 0, 0, 0, 0, 0, 0, 0, 0, 0, 0],
	[12, 13, 14, 14, 13, 1, 1, 4, 1, 1] => QQFieldElem[0, 0, -27//16, 0, 0, 0, 0, 0, 0, 0, 27//16, 0, 0, 0, 0, 0],
	[12, 13, 14, 14, 10, 1, 1, 3, 1, 1] => QQFieldElem[-4//27, 0, 0, 0, 0, 0, 0, 0, 0, 0, 0, 0, 0, 0, 0, 0],
	[12, 13, 14, 14, 18, 1, 1, 4, 1, 1] => QQFieldElem[0, 0, 0, 64, 0, 0, 0, 0, 0, 0, 0, 0, 0, 0, 0, 0],
	[12, 13, 14, 14, 17, 1, 1, 14, 1, 2] => QQFieldElem[0, 0, 0, 0, 0, 0, 0, 0, 0, 0, 0, 0, 0, 0, 0, 0],
	[12, 13, 14, 14, 13, 1, 1, 1, 1, 1] => QQFieldElem[0, 0, 0, 0, 0, 0, 0, 0, 0, 0, 0, 0, 0, 0, 0, 0],
	[12, 13, 14, 14, 18, 1, 1, 1, 1, 1] => QQFieldElem[0, 0, 0, 0, 0, 0, 0, 0, 0, 0, 0, 0, 0, 0, 0, 0],
	[12, 13, 14, 14, 15, 1, 1, 14, 1, 1] => QQFieldElem[0, 0, 0, 0, 0, 0, 0, 0, 0, 72, 0, 0, 0, 0, 0, 0],
	[12, 13, 14, 14, 13, 1, 1, 3, 1, 1] => QQFieldElem[-1//512, 0, 0, 0, 0, 0, 0, 0, 0, 0, 0, 0, 0, 0, 0, 0],
	[12, 13, 14, 14, 15, 1, 1, 4, 1, 1] => QQFieldElem[-9//16, 0, 0, 0, 0, 0, 0, 0, 0, 0, 0, 0, 0, 0, 0, 0],
	[12, 13, 14, 14, 18, 1, 1, 3, 1, 1] => QQFieldElem[0, 0, 0, 0, 0, 0, 0, 0, 0, -72, 0, 0, 0, 0, 0, 0],
	[12, 13, 14, 14, 16, 1, 1, 3, 1, 2] => QQFieldElem[0, 0, 27//16, 0, 0, 0, 0, 0, 0, 0, -27//16, 0, 0, 0, 0, 0],
	[12, 13, 14, 14, 17, 1, 1, 3, 1, 2] => QQFieldElem[0, 0, 0, 0, 0, 0, 0, 0, 0, 0, 0, 0, 0, 0, 0, 0],
	[12, 13, 14, 14, 15, 1, 1, 1, 1, 1] => QQFieldElem[-1//16, 0, 0, 0, 0, 0, 0, 0, 0, 0, 0, 0, 0, 0, 0, 0],
	[12, 13, 14, 14, 10, 1, 1, 14, 1, 2] => QQFieldElem[0, 0, 27//16, 0, 0, 0, 0, 0, 0, 0, -27//16, 0, 0, 0, 0, 0])