Dict(
	[12, 12, 12, 16, 8, 1, 1, 8, 1, 1] => QQFieldElem[0, 0, 0, 0, 0, 0, 0, 0, 0, 0, 0, 0, 0, 0, 0, 0],
	[12, 12, 12, 16, 21, 1, 1, 8, 1, 1] => QQFieldElem[0, 0, 0, 0, 0, 0, 3//1024, 0, 0, 0, 0, 0, 0, 0, -3//1024, 0],
	[12, 12, 12, 16, 20, 1, 1, 20, 1, 1] => QQFieldElem[0, 0, 0, 0, 0, 0, 0, 0, 0, 0, 0, 1//4, 1//4, 0, 0, 0],
	[12, 12, 12, 16, 20, 1, 1, 8, 1, 1] => QQFieldElem[0, 0, 0, 0, 0, 0, 0, 0, 0, 0, 0, 0, 0, 0, 3//1024, 0],
	[12, 12, 12, 16, 19, 1, 1, 19, 1, 1] => QQFieldElem[0, 0, 0, -1//4, 0, 0, 0, 0, 0, 0, 0, 0, 1//4, 0, 0, 0],
	[12, 12, 12, 16, 19, 1, 1, 21, 1, 1] => QQFieldElem[0, 0, 0, 0, 0, 0, 0, 0, 0, 0, 0, 1//4, 1//4, 0, 0, 0],
	[12, 12, 12, 16, 8, 1, 1, 19, 1, 1] => QQFieldElem[0, 0, 0, 0, 0, 0, 0, 0, 0, 0, 0, 0, -64, 0, 0, 0],
	[12, 12, 12, 16, 8, 1, 1, 21, 1, 1] => QQFieldElem[0, 0, 0, 0, 64, 0, 0, 0, 0, 0, 0, 0, 0, 0, 0, 0],
	[12, 12, 12, 16, 21, 1, 1, 19, 1, 1] => QQFieldElem[0, 0, 0, 0, 0, 0, 0, 0, 0, 0, 0, 1//4, 1//4, 0, 0, 0],
	[12, 12, 12, 16, 19, 1, 1, 20, 1, 1] => QQFieldElem[0, 0, 0, 1//4, 0, 0, 0, 0, 0, 0, 0, -1//4, 1//4, 0, 0, 0],
	[12, 12, 12, 16, 21, 1, 1, 21, 1, 1] => QQFieldElem[0, 0, 0, 1//4, 0, 0, 0, 0, 0, 0, 0, -1//4, 1//4, 0, 0, 0],
	[12, 12, 12, 16, 19, 1, 1, 8, 1, 1] => QQFieldElem[0, 0, 0, 0, 0, 0, -3//1024, 0, 0, 0, 0, 0, 0, 0, 0, 0],
	[12, 12, 12, 16, 8, 1, 1, 20, 1, 1] => QQFieldElem[0, 0, 0, 0, -64, 0, 0, 0, 0, 0, 0, 0, 64, 0, 0, 0],
	[12, 12, 12, 16, 20, 1, 1, 19, 1, 1] => QQFieldElem[0, 0, 0, 1//4, 0, 0, 0, 0, 0, 0, 0, -1//4, 1//4, 0, 0, 0],
	[12, 12, 12, 16, 20, 1, 1, 21, 1, 1] => QQFieldElem[0, 0, 0, -1//4, 0, 0, 0, 0, 0, 0, 0, 0, 1//4, 0, 0, 0],
	[12, 12, 12, 16, 21, 1, 1, 20, 1, 1] => QQFieldElem[0, 0, 0, -1//4, 0, 0, 0, 0, 0, 0, 0, 0, 1//4, 0, 0, 0])