Dict(
	[12, 11, 17, 16, 8, 1, 1, 19, 1, 1] => QQFieldElem[0, 0, 0, 0, 0, 0, 0, 0, 0, 0, 0, 0, -27//32, 0, 0, 0],
	[12, 11, 17, 16, 21, 1, 1, 5, 1, 1] => QQFieldElem[0, 0, 0, 0, 0, 0, 0, 1//6, 0, 0, 0, 0, 1//6, -1//6, 0, -1//6],
	[12, 11, 17, 16, 14, 1, 1, 4, 1, 1] => QQFieldElem[0, 0, 0, 0, 0, 0, 0, 0, 0, -64//3, 0, 0, 0, 0, 0, 0],
	[12, 11, 17, 16, 8, 1, 1, 21, 1, 1] => QQFieldElem[0, 0, 0, 0, 0, 0, 0, 0, 0, 0, 0, 0, -27//32, 0, 0, 0],
	[12, 11, 17, 16, 14, 1, 1, 7, 1, 1] => QQFieldElem[0, 0, 0, 0, 0, 0, 0, 0, 0, 128//3, 0, 0, 0, 0, 0, 0],
	[12, 11, 17, 16, 21, 1, 1, 19, 1, 1] => QQFieldElem[0, -1//3, 1//3, 0, 0, 0, -1//3, 0, 0, 0, 0, -1//3, 2//3, 0, 1//3, 0],
	[12, 11, 17, 16, 19, 1, 1, 20, 1, 1] => QQFieldElem[0, 1//3, 1//3, -1//3, 0, 0, -1//3, 0, 0, -1//3, 0, 1//3, -1//3, 0, 1//3, 0],
	[12, 11, 17, 16, 14, 1, 1, 5, 1, 1] => QQFieldElem[0, 0, 0, 0, 0, 0, 0, 0, 0, -64//3, 0, 0, 0, 0, 0, 0],
	[12, 11, 17, 16, 20, 1, 1, 4, 1, 1] => QQFieldElem[0, 0, 0, 0, 0, -1//6, 0, 1//6, 0, 0, 0, 0, -1//6, 0, 0, 0],
	[12, 11, 17, 16, 21, 1, 1, 21, 1, 1] => QQFieldElem[0, 1//3, -1//3, -1//3, 0, 0, 1//3, 0, 0, -1//3, 1//3, 1//3, -1//3, 0, 0, 0],
	[12, 11, 17, 16, 7, 1, 1, 20, 1, 1] => QQFieldElem[-9//16, 0, 0, 0, 0, 0, 0, 0, 0, 0, 0, 0, -9//32, 0, 0, 0],
	[12, 11, 17, 16, 20, 1, 1, 7, 1, 1] => QQFieldElem[0, 0, 0, 0, 0, 0, 0, 0, 0, 0, 0, 0, 0, 0, 0, 0],
	[12, 11, 17, 16, 14, 1, 1, 19, 1, 1] => QQFieldElem[0, 0, 0, 0, 0, 0, 0, 0, 0, 0, 0, 0, 0, 0, 0, 0],
	[12, 11, 17, 16, 20, 1, 1, 5, 1, 1] => QQFieldElem[0, 0, 0, 0, 0, 1//6, 0, -1//6, 0, 0, 0, 0, 1//6, 0, 0, 0],
	[12, 11, 17, 16, 14, 1, 1, 21, 1, 1] => QQFieldElem[0, 0, 0, 0, 0, 0, 0, 0, 0, 0, 0, 0, 0, 0, 0, 0],
	[12, 11, 17, 16, 8, 1, 1, 20, 1, 1] => QQFieldElem[0, 0, 0, 0, 0, 0, 0, 0, 0, 0, 0, 0, -27//32, 0, 0, 0],
	[12, 11, 17, 16, 20, 1, 1, 19, 1, 1] => QQFieldElem[0, 1//3, 0, -1//3, 0, 0, 0, 0, 0, -1//3, -1//3, 1//3, 2//3, 0, -1//3, 0],
	[12, 11, 17, 16, 21, 1, 1, 20, 1, 1] => QQFieldElem[0, 0, 0, 1//3, 0, 0, 0, 0, 0, 1//3, -1//3, 0, -1//3, 0, -1//3, 0],
	[12, 11, 17, 16, 20, 1, 1, 21, 1, 1] => QQFieldElem[0, 0, 1//3, 1//3, 0, 0, -1//3, 0, 0, 1//3, 0, 0, -1//3, 0, 1//3, 0],
	[12, 11, 17, 16, 14, 1, 1, 20, 1, 1] => QQFieldElem[0, 0, 0, 0, 0, 0, 0, 0, 0, 0, 0, 0, 0, 0, 0, 0],
	[12, 11, 17, 16, 19, 1, 1, 4, 1, 1] => QQFieldElem[0, 0, 0, 0, 0, 1//6, 0, 0, 0, 0, 0, 0, -1//6, -1//6, 0, -1//6],
	[12, 11, 17, 16, 19, 1, 1, 7, 1, 1] => QQFieldElem[0, 0, 0, 0, 0, 0, 0, 0, 0, 0, 0, 0, 0, 0, 0, 0],
	[12, 11, 17, 16, 7, 1, 1, 4, 1, 1] => QQFieldElem[-9//128, 0, 0, 0, 0, 0, 0, 0, 0, 0, 0, 0, -27//128, 0, 0, 0],
	[12, 11, 17, 16, 20, 1, 1, 20, 1, 1] => QQFieldElem[0, -1//3, -1//3, 0, 0, 0, 1//3, 0, 0, 0, 1//3, -1//3, -1//3, 0, 0, 0],
	[12, 11, 17, 16, 7, 1, 1, 7, 1, 1] => QQFieldElem[-9//64, 0, 0, 0, 0, 0, 0, 0, 0, 0, 0, 0, -27//64, 0, 0, 0],
	[12, 11, 17, 16, 19, 1, 1, 5, 1, 1] => QQFieldElem[0, 0, 0, 0, 0, -1//6, 0, 0, 0, 0, 0, 0, 1//6, 1//6, 0, 1//6],
	[12, 11, 17, 16, 7, 1, 1, 5, 1, 1] => QQFieldElem[-9//128, 0, 0, 0, 0, 0, 0, 0, 0, 0, 0, 0, -27//128, 0, 0, 0],
	[12, 11, 17, 16, 8, 1, 1, 4, 1, 1] => QQFieldElem[-27//128, 0, 0, 0, 0, 0, 0, 0, 0, 0, 0, 0, 27//128, 0, 0, 0],
	[12, 11, 17, 16, 19, 1, 1, 19, 1, 1] => QQFieldElem[0, 0, -1//3, 1//3, 0, 0, 1//3, 0, 0, 1//3, 1//3, 0, 2//3, 0, 0, 0],
	[12, 11, 17, 16, 8, 1, 1, 7, 1, 1] => QQFieldElem[-27//64, 0, 0, 0, 0, 0, 0, 0, 0, 0, 0, 0, 27//64, 0, 0, 0],
	[12, 11, 17, 16, 7, 1, 1, 19, 1, 1] => QQFieldElem[-9//16, 0, 0, 0, 0, 0, 0, 0, 0, 0, 0, 0, -9//32, 0, 0, 0],
	[12, 11, 17, 16, 8, 1, 1, 5, 1, 1] => QQFieldElem[-27//128, 0, 0, 0, 0, 0, 0, 0, 0, 0, 0, 0, 27//128, 0, 0, 0],
	[12, 11, 17, 16, 21, 1, 1, 4, 1, 1] => QQFieldElem[0, 0, 0, 0, 0, 0, 0, -1//6, 0, 0, 0, 0, -1//6, 1//6, 0, 1//6],
	[12, 11, 17, 16, 19, 1, 1, 21, 1, 1] => QQFieldElem[0, -1//3, 0, 0, 0, 0, 0, 0, 0, 0, -1//3, -1//3, -1//3, 0, -1//3, 0],
	[12, 11, 17, 16, 7, 1, 1, 21, 1, 1] => QQFieldElem[-9//16, 0, 0, 0, 0, 0, 0, 0, 0, 0, 0, 0, -9//32, 0, 0, 0],
	[12, 11, 17, 16, 21, 1, 1, 7, 1, 1] => QQFieldElem[0, 0, 0, 0, 0, 0, 0, 0, 0, 0, 0, 0, 0, 0, 0, 0])