Dict(
	[12, 11, 15, 13, 21, 1, 1, 19, 1, 1] => QQFieldElem[0, 1//3, 0, 0, 0, 0, 0, 0, 0, 0, 0, 0, 1//3, 0, 0, 0],
	[12, 11, 15, 13, 21, 1, 1, 21, 1, 1] => QQFieldElem[0, -1//3, 0, 0, 0, 0, 0, 0, 0, 1//3, 0, 0, 1//3, 0, 0, 0],
	[12, 11, 15, 13, 7, 1, 1, 20, 1, 1] => QQFieldElem[0, 0, 0, 0, 0, 0, 0, 0, 0, 0, -128//3, 0, 0, 0, 0, 0],
	[12, 11, 15, 13, 19, 1, 1, 6, 1, 1] => QQFieldElem[0, 0, 0, 0, 0, 0, 0, 0, 0, 0, 0, 0, 1//12, 0, 0, 0],
	[12, 11, 15, 13, 7, 1, 1, 6, 1, 1] => QQFieldElem[0, 0, 0, 0, 0, 0, 0, 0, 0, 0, 0, 0, 0, 0, 0, 0],
	[12, 11, 15, 13, 20, 1, 1, 19, 1, 1] => QQFieldElem[0, -1//3, 0, 0, 0, 0, 0, 0, 0, 1//3, 0, 0, 1//3, 0, 0, 0],
	[12, 11, 15, 13, 21, 1, 1, 20, 1, 1] => QQFieldElem[0, 0, 0, 0, 0, 0, 0, 0, 0, -1//3, 0, 0, 1//3, 0, 0, 0],
	[12, 11, 15, 13, 20, 1, 1, 21, 1, 1] => QQFieldElem[0, 0, 0, 0, 0, 0, 0, 0, 0, -1//3, 0, 0, 1//3, 0, 0, 0],
	[12, 11, 15, 13, 21, 1, 1, 6, 1, 1] => QQFieldElem[0, 0, 0, 0, 1//12, 0, 0, 0, 0, 0, 0, 0, -1//12, 0, 0, 0],
	[12, 11, 15, 13, 20, 1, 1, 20, 1, 1] => QQFieldElem[0, 1//3, 0, 0, 0, 0, 0, 0, 0, 0, 0, 0, 1//3, 0, 0, 0],
	[12, 11, 15, 13, 20, 1, 1, 6, 1, 1] => QQFieldElem[0, 0, 0, 0, -1//12, 0, 0, 0, 0, 0, 0, 0, 0, 0, 0, 0],
	[12, 11, 15, 13, 19, 1, 1, 19, 1, 1] => QQFieldElem[0, 0, 0, 0, 0, 0, 0, 0, 0, -1//3, 0, 0, 1//3, 0, 0, 0],
	[12, 11, 15, 13, 7, 1, 1, 19, 1, 1] => QQFieldElem[0, 0, -128//3, 0, 0, 0, 0, 0, 0, 0, 128//3, 0, 0, 0, 0, 0],
	[12, 11, 15, 13, 19, 1, 1, 21, 1, 1] => QQFieldElem[0, 1//3, 0, 0, 0, 0, 0, 0, 0, 0, 0, 0, 1//3, 0, 0, 0],
	[12, 11, 15, 13, 7, 1, 1, 21, 1, 1] => QQFieldElem[0, 0, 128//3, 0, 0, 0, 0, 0, 0, 0, 0, 0, 0, 0, 0, 0],
	[12, 11, 15, 13, 19, 1, 1, 20, 1, 1] => QQFieldElem[0, -1//3, 0, 0, 0, 0, 0, 0, 0, 1//3, 0, 0, 1//3, 0, 0, 0])