Dict(
	[12, 10, 10, 18, 20, 1, 1, 20, 1, 1] => QQFieldElem[0, 0, 0, 0, 0, 0, 0, 0, 0, 0, 0, 1//4, 1//4, 0, 0, 0],
	[12, 10, 10, 18, 21, 1, 1, 14, 1, 1] => QQFieldElem[0, 0, 0, 0, 0, 0, 1//128, 0, 0, 0, 0, 0, 0, 0, -1//128, 0],
	[12, 10, 10, 18, 19, 1, 1, 19, 1, 1] => QQFieldElem[0, 0, 0, -1//4, 0, 0, 0, 0, 0, 0, 0, 0, 1//4, 0, 0, 0],
	[12, 10, 10, 18, 7, 1, 1, 19, 1, 1] => QQFieldElem[0, 0, 0, 0, 0, 0, -3, 0, 0, 0, 0, 0, 0, 0, 0, 0],
	[12, 10, 10, 18, 19, 1, 1, 21, 1, 1] => QQFieldElem[0, 0, 0, 0, 0, 0, 0, 0, 0, 0, 0, 1//4, 1//4, 0, 0, 0],
	[12, 10, 10, 18, 7, 1, 1, 21, 1, 1] => QQFieldElem[0, 0, 0, 0, 0, 0, 3, 0, 0, 0, 0, 0, 0, 0, -3, 0],
	[12, 10, 10, 18, 20, 1, 1, 14, 1, 1] => QQFieldElem[0, 0, 0, 0, 0, 0, 0, 0, 0, 0, 0, 0, 0, 0, 1//128, 0],
	[12, 10, 10, 18, 19, 1, 1, 20, 1, 1] => QQFieldElem[0, 0, 0, 1//4, 0, 0, 0, 0, 0, 0, 0, -1//4, 1//4, 0, 0, 0],
	[12, 10, 10, 18, 21, 1, 1, 19, 1, 1] => QQFieldElem[0, 0, 0, 0, 0, 0, 0, 0, 0, 0, 0, 1//4, 1//4, 0, 0, 0],
	[12, 10, 10, 18, 21, 1, 1, 21, 1, 1] => QQFieldElem[0, 0, 0, 1//4, 0, 0, 0, 0, 0, 0, 0, -1//4, 1//4, 0, 0, 0],
	[12, 10, 10, 18, 7, 1, 1, 20, 1, 1] => QQFieldElem[0, 0, 0, 0, 0, 0, 0, 0, 0, 0, 0, 0, 0, 0, 3, 0],
	[12, 10, 10, 18, 20, 1, 1, 19, 1, 1] => QQFieldElem[0, 0, 0, 1//4, 0, 0, 0, 0, 0, 0, 0, -1//4, 1//4, 0, 0, 0],
	[12, 10, 10, 18, 20, 1, 1, 21, 1, 1] => QQFieldElem[0, 0, 0, -1//4, 0, 0, 0, 0, 0, 0, 0, 0, 1//4, 0, 0, 0],
	[12, 10, 10, 18, 21, 1, 1, 20, 1, 1] => QQFieldElem[0, 0, 0, -1//4, 0, 0, 0, 0, 0, 0, 0, 0, 1//4, 0, 0, 0],
	[12, 10, 10, 18, 19, 1, 1, 14, 1, 1] => QQFieldElem[0, 0, 0, 0, 0, 0, -1//128, 0, 0, 0, 0, 0, 0, 0, 0, 0],
	[12, 10, 10, 18, 7, 1, 1, 14, 1, 1] => QQFieldElem[0, 0, 0, 0, 0, 0, 0, 0, 0, 0, 0, 0, 0, 0, 0, 0])