Dict(
	[12, 16, 13, 10, 8, 1, 1, 14, 1, 1] => QQFieldElem[0, 0, 0, 0, 0, 0, 0, 0, 0, 0, 0, 0, 0, 0, 0, 0],
	[12, 16, 13, 10, 20, 1, 1, 20, 1, 1] => QQFieldElem[0, 0, 0, 0, 0, 0, 0, 0, 0, 0, 0, 4//9, 4//9, 0, 0, 0],
	[12, 16, 13, 10, 19, 1, 1, 19, 1, 1] => QQFieldElem[0, 0, 0, -4//9, 0, 0, 0, 0, 0, 0, 0, 0, 4//9, 0, 0, 0],
	[12, 16, 13, 10, 21, 1, 1, 14, 1, 1] => QQFieldElem[0, 0, 0, 0, 0, 0, 4//27, 0, 0, 0, 0, 0, 0, 0, -4//27, 0],
	[12, 16, 13, 10, 19, 1, 1, 21, 1, 1] => QQFieldElem[0, 0, 0, 0, 0, 0, 0, 0, 0, 0, 0, 4//9, 4//9, 0, 0, 0],
	[12, 16, 13, 10, 8, 1, 1, 19, 1, 1] => QQFieldElem[0, 0, 0, 0, 0, 0, -256//3, 0, 0, 0, 0, 0, 0, 0, 0, 0],
	[12, 16, 13, 10, 20, 1, 1, 14, 1, 1] => QQFieldElem[0, 0, 0, 0, 0, 0, 0, 0, 0, 0, 0, 0, 0, 0, 4//27, 0],
	[12, 16, 13, 10, 8, 1, 1, 21, 1, 1] => QQFieldElem[0, 0, 0, 0, 0, 0, 256//3, 0, 0, 0, 0, 0, 0, 0, -256//3, 0],
	[12, 16, 13, 10, 21, 1, 1, 19, 1, 1] => QQFieldElem[0, 0, 0, 0, 0, 0, 0, 0, 0, 0, 0, 4//9, 4//9, 0, 0, 0],
	[12, 16, 13, 10, 19, 1, 1, 20, 1, 1] => QQFieldElem[0, 0, 0, 4//9, 0, 0, 0, 0, 0, 0, 0, -4//9, 4//9, 0, 0, 0],
	[12, 16, 13, 10, 21, 1, 1, 21, 1, 1] => QQFieldElem[0, 0, 0, 4//9, 0, 0, 0, 0, 0, 0, 0, -4//9, 4//9, 0, 0, 0],
	[12, 16, 13, 10, 8, 1, 1, 20, 1, 1] => QQFieldElem[0, 0, 0, 0, 0, 0, 0, 0, 0, 0, 0, 0, 0, 0, 256//3, 0],
	[12, 16, 13, 10, 20, 1, 1, 19, 1, 1] => QQFieldElem[0, 0, 0, 4//9, 0, 0, 0, 0, 0, 0, 0, -4//9, 4//9, 0, 0, 0],
	[12, 16, 13, 10, 21, 1, 1, 20, 1, 1] => QQFieldElem[0, 0, 0, -4//9, 0, 0, 0, 0, 0, 0, 0, 0, 4//9, 0, 0, 0],
	[12, 16, 13, 10, 20, 1, 1, 21, 1, 1] => QQFieldElem[0, 0, 0, -4//9, 0, 0, 0, 0, 0, 0, 0, 0, 4//9, 0, 0, 0],
	[12, 16, 13, 10, 19, 1, 1, 14, 1, 1] => QQFieldElem[0, 0, 0, 0, 0, 0, -4//27, 0, 0, 0, 0, 0, 0, 0, 0, 0])