Dict(
	[12, 11, 17, 11, 21, 1, 1, 7, 1, 1] => QQFieldElem[0, 0, 2//27, 0, 0, 0, 0, 0, 0, 0, 0, 0, 0, 0, 0, 0],
	[12, 11, 17, 11, 14, 1, 1, 7, 1, 1] => QQFieldElem[0, 0, 0, 0, 0, 0, 0, 0, 0, 0, 0, 0, 0, 0, 0, 0],
	[12, 11, 17, 11, 21, 1, 1, 19, 1, 1] => QQFieldElem[0, -1//3, 0, 0, 0, 0, 0, 0, 0, 0, 0, 0, 1//3, 0, 0, 0],
	[12, 11, 17, 11, 19, 1, 1, 20, 1, 1] => QQFieldElem[0, 1//3, 0, 0, 0, 0, 0, 0, 0, -1//3, 0, 0, 1//3, 0, 0, 0],
	[12, 11, 17, 11, 21, 1, 1, 21, 1, 1] => QQFieldElem[0, 1//3, 0, 0, 0, 0, 0, 0, 0, -1//3, 0, 0, 1//3, 0, 0, 0],
	[12, 11, 17, 11, 20, 1, 1, 7, 1, 1] => QQFieldElem[0, 0, 0, 0, 0, 0, 0, 0, 0, 0, -2//27, 0, 0, 0, 0, 0],
	[12, 11, 17, 11, 14, 1, 1, 19, 1, 1] => QQFieldElem[0, 0, -128//3, 0, 0, 0, 0, 0, 0, 0, 128//3, 0, 0, 0, 0, 0],
	[12, 11, 17, 11, 14, 1, 1, 21, 1, 1] => QQFieldElem[0, 0, 128//3, 0, 0, 0, 0, 0, 0, 0, 0, 0, 0, 0, 0, 0],
	[12, 11, 17, 11, 20, 1, 1, 19, 1, 1] => QQFieldElem[0, 1//3, 0, 0, 0, 0, 0, 0, 0, -1//3, 0, 0, 1//3, 0, 0, 0],
	[12, 11, 17, 11, 21, 1, 1, 20, 1, 1] => QQFieldElem[0, 0, 0, 0, 0, 0, 0, 0, 0, 1//3, 0, 0, 1//3, 0, 0, 0],
	[12, 11, 17, 11, 20, 1, 1, 21, 1, 1] => QQFieldElem[0, 0, 0, 0, 0, 0, 0, 0, 0, 1//3, 0, 0, 1//3, 0, 0, 0],
	[12, 11, 17, 11, 14, 1, 1, 20, 1, 1] => QQFieldElem[0, 0, 0, 0, 0, 0, 0, 0, 0, 0, -128//3, 0, 0, 0, 0, 0],
	[12, 11, 17, 11, 19, 1, 1, 7, 1, 1] => QQFieldElem[0, 0, -2//27, 0, 0, 0, 0, 0, 0, 0, 2//27, 0, 0, 0, 0, 0],
	[12, 11, 17, 11, 20, 1, 1, 20, 1, 1] => QQFieldElem[0, -1//3, 0, 0, 0, 0, 0, 0, 0, 0, 0, 0, 1//3, 0, 0, 0],
	[12, 11, 17, 11, 19, 1, 1, 19, 1, 1] => QQFieldElem[0, 0, 0, 0, 0, 0, 0, 0, 0, 1//3, 0, 0, 1//3, 0, 0, 0],
	[12, 11, 17, 11, 19, 1, 1, 21, 1, 1] => QQFieldElem[0, -1//3, 0, 0, 0, 0, 0, 0, 0, 0, 0, 0, 1//3, 0, 0, 0])