Dict(
	[12, 15, 17, 12, 4, 1, 1, 8, 1, 1] => QQFieldElem[1//48, 0, 0, 0, 0, 0, 0, 0, 0, 0, 0, 0, 0, 0, 0, 0],
	[12, 15, 17, 12, 20, 1, 1, 7, 1, 1] => QQFieldElem[1//72, 0, 0, 0, 0, 0, 0, 0, 0, 0, 0, 0, 0, 0, 0, 0],
	[12, 15, 17, 12, 21, 1, 1, 21, 1, 1] => QQFieldElem[26//207, -44//207, -22//207, -22//207, 0, -22//207, 22//207, -44//207, -52//207, 26//207, 14//207, 4//69, 2//207, 10//207, -8//207, 2//23],
	[12, 15, 17, 12, 19, 1, 1, 8, 1, 1] => QQFieldElem[0, 0, 0, 0, 0, 0, 0, 0, 0, 0, 0, 0, 0, 0, 0, 0],
	[12, 15, 17, 12, 14, 1, 1, 19, 1, 1] => QQFieldElem[0, 0, 0, 0, 0, 0, 0, 0, 0, 0, 0, 0, 0, 0, 0, 0],
	[12, 15, 17, 12, 14, 1, 1, 21, 1, 1] => QQFieldElem[0, 0, 0, 0, 0, 0, 0, 0, 0, 0, 0, 0, 0, 0, 0, 0],
	[12, 15, 17, 12, 3, 1, 1, 14, 1, 1] => QQFieldElem[0, 0, 0, 0, 0, 0, 0, 0, 0, 0, 0, 0, 0, 0, 0, -1//6],
	[12, 15, 17, 12, 20, 1, 1, 19, 1, 1] => QQFieldElem[-8//63, -8//63, 8//63, 0, 0, 0, -8//63, -8//63, 16//63, 4//21, -4//63, -4//63, 4//63, 4//63, 4//63, -4//63],
	[12, 15, 17, 12, 4, 1, 1, 14, 1, 1] => QQFieldElem[0, 0, 0, 0, 0, 0, 0, 0, 0, 0, 0, 0, 0, 0, 0, -2//9],
	[12, 15, 17, 12, 21, 1, 1, 20, 1, 1] => QQFieldElem[8//69, 16//207, 20//207, -4//69, 0, -4//69, -20//207, 16//207, -16//69, -40//207, 8//207, 4//207, -16//207, 8//207, 28//207, 8//69],
	[12, 15, 17, 12, 20, 1, 1, 21, 1, 1] => QQFieldElem[-8//69, -16//207, -8//207, -8//207, 0, -8//207, 8//207, -16//207, 16//69, -8//69, -20//207, -4//207, -16//207, 4//69, -28//207, 40//207],
	[12, 15, 17, 12, 3, 1, 1, 7, 1, 1] => QQFieldElem[0, 0, 0, 0, 0, 0, 0, 0, 0, 0, 0, 0, 0, 0, 0, 0],
	[12, 15, 17, 12, 19, 1, 1, 14, 1, 1] => QQFieldElem[0, 0, 0, 0, 0, 0, 0, 0, 0, 0, 0, 0, 0, 0, 0, 0],
	[12, 15, 17, 12, 4, 1, 1, 7, 1, 1] => QQFieldElem[0, 0, 0, 0, 0, 0, 0, 0, 0, 0, 0, 0, 0, 0, 0, 0],
	[12, 15, 17, 12, 14, 1, 1, 20, 1, 1] => QQFieldElem[0, 0, 0, 0, 0, 0, 0, 0, 0, 0, 0, 0, 0, 0, 0, 0],
	[12, 15, 17, 12, 21, 1, 1, 8, 1, 1] => QQFieldElem[0, 0, 0, 0, 0, 0, 0, 0, 0, 0, 0, 0, 0, 0, 0, 0],
	[12, 15, 17, 12, 19, 1, 1, 7, 1, 1] => QQFieldElem[1//72, 0, 0, 0, 0, 0, 0, 0, 0, 0, 0, 0, 0, 0, 0, 0],
	[12, 15, 17, 12, 3, 1, 1, 19, 1, 1] => QQFieldElem[0, 0, -1//7, -2//7, 0, -2//7, 1//7, 0, 0, 1//7, 1//7, 0, -3//7, 2//7, 0, -1//7],
	[12, 15, 17, 12, 20, 1, 1, 20, 1, 1] => QQFieldElem[-26//207, 44//207, -14//207, -10//207, 0, -10//207, 14//207, 44//207, 52//207, -2//23, 22//207, -4//69, 2//207, 22//207, 8//207, -26//207],
	[12, 15, 17, 12, 14, 1, 1, 8, 1, 1] => QQFieldElem[1//48, 0, 0, 0, 0, 0, 0, 0, 0, 0, 0, 0, 0, 0, 0, 0],
	[12, 15, 17, 12, 4, 1, 1, 19, 1, 1] => QQFieldElem[0, 0, 4//21, 8//21, 0, 8//21, -4//21, 0, 0, -4//21, -4//21, 0, 4//7, -8//21, 0, 4//21],
	[12, 15, 17, 12, 3, 1, 1, 21, 1, 1] => QQFieldElem[3//46, 1//23, 1//46, 1//46, 0, 1//46, -1//46, 1//23, -3//23, 3//46, -9//46, 6//23, -21//46, -13//46, -4//23, -5//46],
	[12, 15, 17, 12, 4, 1, 1, 21, 1, 1] => QQFieldElem[-2//23, -4//69, -2//69, -2//69, 0, -2//69, 2//69, -4//69, 4//23, -2//23, 6//23, -8//23, 14//23, 26//69, 16//69, 10//69],
	[12, 15, 17, 12, 19, 1, 1, 19, 1, 1] => QQFieldElem[0, 0, -4//21, 4//63, 0, 4//63, 4//21, 0, 0, -16//63, 4//21, 0, -8//63, -4//63, 0, 16//63],
	[12, 15, 17, 12, 20, 1, 1, 8, 1, 1] => QQFieldElem[0, 0, 0, 0, 0, 0, 0, 0, 0, 0, 0, 0, 0, 0, 0, 0],
	[12, 15, 17, 12, 21, 1, 1, 14, 1, 1] => QQFieldElem[0, 0, 0, 0, 0, 0, 0, 0, 0, 0, 0, 0, 0, 0, 0, 0],
	[12, 15, 17, 12, 19, 1, 1, 21, 1, 1] => QQFieldElem[-2//207, 20//69, 10//69, 10//69, 0, 10//69, -10//69, 20//69, 4//207, -2//207, 2//69, -8//207, 14//207, -22//207, 4//23, -58//207],
	[12, 15, 17, 12, 21, 1, 1, 7, 1, 1] => QQFieldElem[1//72, 0, 0, 0, 0, 0, 0, 0, 0, 0, 0, 0, 0, 0, 0, 0],
	[12, 15, 17, 12, 14, 1, 1, 14, 1, 1] => QQFieldElem[0, 0, 0, 0, 0, 0, 0, 0, 0, 0, 0, 0, 0, 0, 0, 2//9],
	[12, 15, 17, 12, 3, 1, 1, 20, 1, 1] => QQFieldElem[-3//46, -1//23, 9//46, 13//46, 0, 13//46, -9//46, -1//23, 3//23, 5//46, -1//46, -6//23, -21//46, -1//46, 4//23, -3//46],
	[12, 15, 17, 12, 4, 1, 1, 20, 1, 1] => QQFieldElem[2//23, 4//69, -6//23, -26//69, 0, -26//69, 6//23, 4//69, -4//23, -10//69, 2//69, 8//23, 14//23, 2//69, -16//69, 2//23],
	[12, 15, 17, 12, 14, 1, 1, 7, 1, 1] => QQFieldElem[0, 0, 0, 0, 0, 0, 0, 0, 0, 0, 0, 0, 0, 0, 0, 0],
	[12, 15, 17, 12, 20, 1, 1, 14, 1, 1] => QQFieldElem[0, 0, 0, 0, 0, 0, 0, 0, 0, 0, 0, 0, 0, 0, 0, 0],
	[12, 15, 17, 12, 3, 1, 1, 8, 1, 1] => QQFieldElem[1//64, 0, 0, 0, 0, 0, 0, 0, 0, 0, 0, 0, 0, 0, 0, 0],
	[12, 15, 17, 12, 21, 1, 1, 19, 1, 1] => QQFieldElem[8//63, 8//63, 4//63, -4//63, 0, -4//63, -4//63, 8//63, -16//63, 4//63, -8//63, 4//63, 4//63, 0, -4//63, -4//21],
	[12, 15, 17, 12, 19, 1, 1, 20, 1, 1] => QQFieldElem[2//207, -20//69, -2//69, 22//207, 0, 22//207, 2//69, -20//69, -4//207, 58//207, -10//69, 8//207, 14//207, -10//69, -4//23, 2//207])