Dict(
	[12, 15, 11, 10, 8, 1, 1, 19, 1, 1] => QQFieldElem[0, 0, 0, 0, 0, 0, 128//3, 0, 0, 0, 0, 0, 0, 0, 0, 0],
	[12, 15, 11, 10, 8, 1, 1, 21, 1, 1] => QQFieldElem[0, 0, 0, 0, 0, 0, -128//3, 0, 0, 0, 0, 0, 0, 0, 128//3, 0],
	[12, 15, 11, 10, 21, 1, 1, 19, 1, 1] => QQFieldElem[0, 0, 0, 0, 0, 0, 0, 4//9, 0, 0, 0, 0, 4//9, 0, 0, -4//9],
	[12, 15, 11, 10, 19, 1, 1, 20, 1, 1] => QQFieldElem[0, 0, 0, 0, 0, 0, 0, -4//9, 0, 0, 0, 0, 4//9, 0, 0, 0],
	[12, 15, 11, 10, 20, 1, 1, 7, 1, 1] => QQFieldElem[0, 0, 0, 0, 0, 0, 0, 0, 0, 0, 0, 0, 0, 0, -4//27, 0],
	[12, 15, 11, 10, 21, 1, 1, 21, 1, 1] => QQFieldElem[0, 0, 0, 0, 0, 0, 0, -4//9, 0, 0, 0, 0, 4//9, 0, 0, 0],
	[12, 15, 11, 10, 8, 1, 1, 20, 1, 1] => QQFieldElem[0, 0, 0, 0, 0, 0, 0, 0, 0, 0, 0, 0, 0, 0, -128//3, 0],
	[12, 15, 11, 10, 20, 1, 1, 19, 1, 1] => QQFieldElem[0, 0, 0, 0, 0, 0, 0, -4//9, 0, 0, 0, 0, 4//9, 0, 0, 0],
	[12, 15, 11, 10, 21, 1, 1, 20, 1, 1] => QQFieldElem[0, 0, 0, 0, 0, 0, 0, 0, 0, 0, 0, 0, 4//9, 0, 0, 4//9],
	[12, 15, 11, 10, 20, 1, 1, 21, 1, 1] => QQFieldElem[0, 0, 0, 0, 0, 0, 0, 0, 0, 0, 0, 0, 4//9, 0, 0, 4//9],
	[12, 15, 11, 10, 19, 1, 1, 7, 1, 1] => QQFieldElem[0, 0, 0, 0, 0, 0, 4//27, 0, 0, 0, 0, 0, 0, 0, 0, 0],
	[12, 15, 11, 10, 20, 1, 1, 20, 1, 1] => QQFieldElem[0, 0, 0, 0, 0, 0, 0, 4//9, 0, 0, 0, 0, 4//9, 0, 0, -4//9],
	[12, 15, 11, 10, 19, 1, 1, 19, 1, 1] => QQFieldElem[0, 0, 0, 0, 0, 0, 0, 0, 0, 0, 0, 0, 4//9, 0, 0, 4//9],
	[12, 15, 11, 10, 8, 1, 1, 7, 1, 1] => QQFieldElem[0, 0, 0, 0, 0, 0, 0, 0, 0, 0, 0, 0, 0, 0, 0, 0],
	[12, 15, 11, 10, 19, 1, 1, 21, 1, 1] => QQFieldElem[0, 0, 0, 0, 0, 0, 0, 4//9, 0, 0, 0, 0, 4//9, 0, 0, -4//9],
	[12, 15, 11, 10, 21, 1, 1, 7, 1, 1] => QQFieldElem[0, 0, 0, 0, 0, 0, -4//27, 0, 0, 0, 0, 0, 0, 0, 4//27, 0])