Dict(
	[12, 10, 19, 21, 12, 1, 1, 19, 1, 1] => QQFieldElem[0, 0, 3, 0, 0, 0, 0, 0, 0, 0, 0, 0, 0, 0, 0, 0],
	[12, 10, 19, 21, 18, 1, 1, 14, 1, 1] => QQFieldElem[0, 0, 0, 0, 0, 0, 0, 0, -3//8, 0, 0, 0, -1//8, 0, 0, 0],
	[12, 10, 19, 21, 17, 1, 1, 14, 1, 2] => QQFieldElem[0, 0, 0, 0, 0, 0, 0, 0, 3//8, 0, 0, 0, -1//8, 0, 0, 0],
	[12, 10, 19, 21, 10, 1, 1, 3, 1, 1] => QQFieldElem[-9//16, 0, 0, 0, 0, 0, 0, 0, 9//32, 0, 0, 0, 0, 0, 0, 0],
	[12, 10, 19, 21, 13, 1, 1, 20, 1, 2] => QQFieldElem[0, 0, 0, 1//4, 0, 1//4, 0, 0, 0, 0, 0, -1//4, 0, -1//4, 0, 0],
	[12, 10, 19, 21, 18, 1, 1, 3, 1, 1] => QQFieldElem[0, 0, 0, 0, 0, 0, 0, 0, 0, 0, 0, 0, -1//6, 0, 0, 0],
	[12, 10, 19, 21, 13, 1, 1, 21, 1, 1] => QQFieldElem[0, 0, -3, 0, 0, 0, 0, 0, 0, 0, 0, 0, 0, 0, 0, 0],
	[12, 10, 19, 21, 13, 1, 1, 14, 1, 2] => QQFieldElem[0, 0, 0, 0, 0, 0, 0, 0, 0, 0, 0, 0, -1//6, 0, 0, 0],
	[12, 10, 19, 21, 16, 1, 1, 20, 1, 2] => QQFieldElem[0, 0, 3, 0, 0, 0, 0, 0, 0, 0, 0, 0, 0, 0, 0, 0],
	[12, 10, 19, 21, 11, 1, 1, 20, 1, 1] => QQFieldElem[0, 0, -3, 0, 0, 0, 0, 0, 0, 0, 0, 0, 0, 0, 0, 0],
	[12, 10, 19, 21, 15, 1, 1, 20, 1, 1] => QQFieldElem[27//64, 0, 0, 0, 0, 0, 0, 0, 27//64, 0, 0, 0, 0, 0, 0, 0],
	[12, 10, 19, 21, 16, 1, 1, 21, 1, 1] => QQFieldElem[0, 0, 0, 0, 0, 1//4, 0, 0, 0, 0, 0, -1//4, 0, 0, 0, 0],
	[12, 10, 19, 21, 12, 1, 1, 20, 1, 2] => QQFieldElem[0, 0, 0, 0, 0, -1//4, 0, 0, 0, 0, 0, 1//4, 0, 0, 0, 0],
	[12, 10, 19, 21, 10, 1, 1, 5, 1, 1] => QQFieldElem[27//64, 0, 0, 0, 0, 0, 0, 0, -27//128, 0, 0, 0, 0, 0, 0, 0],
	[12, 10, 19, 21, 16, 1, 1, 14, 1, 2] => QQFieldElem[0, 0, 0, 0, -3//2, 0, 0, 0, 0, 0, 0, 0, 0, 0, 0, 0],
	[12, 10, 19, 21, 12, 1, 1, 21, 1, 1] => QQFieldElem[0, 0, -3, 0, 0, 0, 0, 0, 0, 0, 0, 0, 0, 0, 0, 0],
	[12, 10, 19, 21, 17, 1, 1, 20, 1, 1] => QQFieldElem[0, 1//4, 0, 0, 0, 0, 0, 0, 0, 0, 0, 0, 0, 0, 0, -1//4],
	[12, 10, 19, 21, 10, 1, 1, 19, 1, 1] => QQFieldElem[27//64, 0, 0, 0, 0, 0, 0, 0, 27//64, 0, 0, 0, 0, 0, 0, 0],
	[12, 10, 19, 21, 11, 1, 1, 14, 1, 1] => QQFieldElem[0, 0, 0, 0, 2, 0, 0, 0, 0, 0, 0, 0, 0, 0, 0, 0],
	[12, 10, 19, 21, 15, 1, 1, 14, 1, 1] => QQFieldElem[27//64, 0, 0, 0, 0, 0, 0, 0, -27//128, 0, 0, 0, 0, 0, 0, 0],
	[12, 10, 19, 21, 18, 1, 1, 5, 1, 1] => QQFieldElem[0, 0, 0, 0, 0, 0, 0, 0, 0, 0, 0, 0, -1//8, 0, 0, 0],
	[12, 10, 19, 21, 12, 1, 1, 14, 1, 2] => QQFieldElem[0, 0, 0, 0, 0, 0, 0, 0, -1//2, 0, 0, 0, -1//6, 0, 0, 0],
	[12, 10, 19, 21, 18, 1, 1, 19, 1, 1] => QQFieldElem[0, 0, 0, 0, 0, 0, 0, -1//4, 0, 1//4, 0, 0, 0, 0, 0, 0],
	[12, 10, 19, 21, 11, 1, 1, 3, 1, 1] => QQFieldElem[0, 0, 0, 0, 0, 0, 0, 0, -9//32, 0, 0, 0, 0, 0, 0, 0],
	[12, 10, 19, 21, 15, 1, 1, 3, 1, 1] => QQFieldElem[0, 0, 0, 0, 0, 0, 0, 0, 0, 0, 0, 0, -1//6, 0, 0, 0],
	[12, 10, 19, 21, 17, 1, 1, 14, 1, 1] => QQFieldElem[0, 0, 0, 0, 0, 0, 0, 0, 0, 0, 0, 0, -1//8, 0, 0, 0],
	[12, 10, 19, 21, 13, 1, 1, 20, 1, 1] => QQFieldElem[0, 0, 0, 0, 0, -1//4, 0, 0, 0, 0, 0, 1//4, 0, 0, 0, 0],
	[12, 10, 19, 21, 17, 1, 1, 3, 1, 1] => QQFieldElem[0, 0, 0, 0, 0, 0, 0, 0, -1//2, 0, 0, 0, -1//6, 0, 0, 0],
	[12, 10, 19, 21, 13, 1, 1, 14, 1, 1] => QQFieldElem[0, 0, 0, 0, 0, 0, 0, 0, 1//2, 0, 0, 0, -1//6, 0, 0, 0],
	[12, 10, 19, 21, 10, 1, 1, 20, 1, 2] => QQFieldElem[27//64, 0, 0, 0, 0, 0, 0, 0, -27//64, 0, 0, 0, 0, 0, 0, 0],
	[12, 10, 19, 21, 16, 1, 1, 20, 1, 1] => QQFieldElem[0, 0, 3, 0, 0, 0, 0, 0, 0, 0, 0, 0, 0, 0, 0, 0],
	[12, 10, 19, 21, 10, 1, 1, 21, 1, 1] => QQFieldElem[27//64, 0, 0, 0, 0, 0, 0, 0, 27//64, 0, 0, 0, 0, 0, 0, 0],
	[12, 10, 19, 21, 18, 1, 1, 20, 1, 2] => QQFieldElem[0, 0, 0, 0, 0, 0, 0, 1//4, 0, -1//4, 0, 0, 0, 0, 0, 0],
	[12, 10, 19, 21, 13, 1, 1, 3, 1, 1] => QQFieldElem[0, 0, 0, 0, 2, 0, 0, 0, 0, 0, 0, 0, 0, 0, 0, 0],
	[12, 10, 19, 21, 12, 1, 1, 20, 1, 1] => QQFieldElem[0, 0, 0, -1//4, 0, 0, 0, 0, 0, 0, 0, 0, 0, 1//4, 0, 0],
	[12, 10, 19, 21, 11, 1, 1, 5, 1, 1] => QQFieldElem[0, 0, 0, 0, 0, 0, 0, 0, 27//128, 0, 0, 0, 0, 0, 0, 0],
	[12, 10, 19, 21, 18, 1, 1, 21, 1, 1] => QQFieldElem[0, 0, 0, -1//4, 0, -1//4, 0, 0, 0, 0, 0, 1//4, 0, 1//4, 0, 0],
	[12, 10, 19, 21, 10, 1, 1, 14, 1, 2] => QQFieldElem[0, 0, 0, 0, 0, 0, 0, 0, -9//32, 0, 0, 0, 0, 0, 0, 0],
	[12, 10, 19, 21, 11, 1, 1, 19, 1, 1] => QQFieldElem[27//64, 0, 0, 0, 0, 0, 0, 0, -27//64, 0, 0, 0, 0, 0, 0, 0],
	[12, 10, 19, 21, 15, 1, 1, 5, 1, 1] => QQFieldElem[0, 0, 0, 0, 0, 0, 0, 0, 0, 0, 0, 0, -1//8, 0, 0, 0],
	[12, 10, 19, 21, 16, 1, 1, 14, 1, 1] => QQFieldElem[0, 0, 0, 0, 3//2, 0, 0, 0, 0, 0, 0, 0, 0, 0, 0, 0],
	[12, 10, 19, 21, 15, 1, 1, 19, 1, 1] => QQFieldElem[0, -1//4, 0, 0, 0, 0, 0, 0, 0, 0, 0, 0, 0, 0, 0, 1//4],
	[12, 10, 19, 21, 18, 1, 1, 14, 1, 2] => QQFieldElem[0, 0, 0, 0, 0, 0, 0, 0, 0, 0, 0, 0, -1//8, 0, 0, 0],
	[12, 10, 19, 21, 12, 1, 1, 14, 1, 1] => QQFieldElem[0, 0, 0, 0, 0, 0, 0, 0, 0, 0, 0, 0, -1//6, 0, 0, 0],
	[12, 10, 19, 21, 17, 1, 1, 5, 1, 1] => QQFieldElem[0, 0, 0, 0, 0, 0, 0, 0, 3//8, 0, 0, 0, -1//8, 0, 0, 0],
	[12, 10, 19, 21, 16, 1, 1, 3, 1, 1] => QQFieldElem[0, 0, 0, 0, 0, 0, 0, 0, 1//2, 0, 0, 0, -1//6, 0, 0, 0],
	[12, 10, 19, 21, 17, 1, 1, 19, 1, 1] => QQFieldElem[0, 1//4, 0, 0, 0, 0, 0, 1//4, 0, -1//4, 0, 0, 0, 0, 0, -1//4],
	[12, 10, 19, 21, 12, 1, 1, 3, 1, 1] => QQFieldElem[0, 0, 0, 0, -2, 0, 0, 0, 0, 0, 0, 0, 0, 0, 0, 0],
	[12, 10, 19, 21, 13, 1, 1, 5, 1, 1] => QQFieldElem[0, 0, 0, 0, 3//2, 0, 0, 0, 0, 0, 0, 0, 0, 0, 0, 0],
	[12, 10, 19, 21, 13, 1, 1, 19, 1, 1] => QQFieldElem[0, 0, 3, 0, 0, 0, 0, 0, 0, 0, 0, 0, 0, 0, 0, 0],
	[12, 10, 19, 21, 11, 1, 1, 20, 1, 2] => QQFieldElem[0, 0, -3, 0, 0, 0, 0, 0, 0, 0, 0, 0, 0, 0, 0, 0],
	[12, 10, 19, 21, 15, 1, 1, 20, 1, 2] => QQFieldElem[27//64, 0, 0, 0, 0, 0, 0, 0, -27//64, 0, 0, 0, 0, 0, 0, 0],
	[12, 10, 19, 21, 10, 1, 1, 20, 1, 1] => QQFieldElem[27//64, 0, 0, 0, 0, 0, 0, 0, 27//64, 0, 0, 0, 0, 0, 0, 0],
	[12, 10, 19, 21, 11, 1, 1, 21, 1, 1] => QQFieldElem[27//64, 0, 0, 0, 0, 0, 0, 0, -27//64, 0, 0, 0, 0, 0, 0, 0],
	[12, 10, 19, 21, 15, 1, 1, 21, 1, 1] => QQFieldElem[0, 0, 0, 1//4, 0, 0, 0, 0, 0, 0, 0, 0, 0, -1//4, 0, 0],
	[12, 10, 19, 21, 18, 1, 1, 20, 1, 1] => QQFieldElem[0, -1//4, 0, 0, 0, 0, 0, -1//4, 0, 1//4, 0, 0, 0, 0, 0, 1//4],
	[12, 10, 19, 21, 16, 1, 1, 5, 1, 1] => QQFieldElem[0, 0, 0, 0, 0, 0, 0, 0, -3//8, 0, 0, 0, -1//8, 0, 0, 0],
	[12, 10, 19, 21, 11, 1, 1, 14, 1, 2] => QQFieldElem[0, 0, 0, 0, -2, 0, 0, 0, 0, 0, 0, 0, 0, 0, 0, 0],
	[12, 10, 19, 21, 17, 1, 1, 20, 1, 2] => QQFieldElem[0, -1//4, 0, 0, 0, 0, 0, -1//4, 0, 1//4, 0, 0, 0, 0, 0, 1//4],
	[12, 10, 19, 21, 16, 1, 1, 19, 1, 1] => QQFieldElem[0, 1//4, 0, 0, 0, 0, 0, 1//4, 0, -1//4, 0, 0, 0, 0, 0, -1//4],
	[12, 10, 19, 21, 15, 1, 1, 14, 1, 2] => QQFieldElem[0, 0, 0, 0, 0, 0, 0, 0, 27//128, 0, 0, 0, 0, 0, 0, 0],
	[12, 10, 19, 21, 10, 1, 1, 14, 1, 1] => QQFieldElem[-9//16, 0, 0, 0, 0, 0, 0, 0, 9//32, 0, 0, 0, 0, 0, 0, 0],
	[12, 10, 19, 21, 17, 1, 1, 21, 1, 1] => QQFieldElem[0, 0, 0, 0, 0, 1//4, 0, 0, 0, 0, 0, -1//4, 0, 0, 0, 0],
	[12, 10, 19, 21, 12, 1, 1, 5, 1, 1] => QQFieldElem[0, 0, 0, 0, -3//2, 0, 0, 0, 0, 0, 0, 0, 0, 0, 0, 0])