Dict(
	[12, 10, 15, 18, 21, 1, 1, 21, 1, 1] => QQFieldElem[0, -1//4, -1//4, -1//4, -1//2, 0, -1//4, 0, 0, 1//4, 1//4, 1//4, 1//4, 0, 0, 0],
	[12, 10, 15, 18, 14, 1, 1, 19, 1, 1] => QQFieldElem[27//32, 0, 0, 0, 0, 0, 0, 0, 0, 0, 0, 0, 0, 0, 0, 0],
	[12, 10, 15, 18, 20, 1, 1, 5, 1, 1] => QQFieldElem[0, 0, 0, 0, 0, 1//4, 0, -1//4, 0, 0, 0, 0, -1//4, 0, 0, 0],
	[12, 10, 15, 18, 14, 1, 1, 21, 1, 1] => QQFieldElem[27//32, 0, 0, 0, 0, 0, 0, 0, 0, 0, 0, 0, 0, 0, 0, 0],
	[12, 10, 15, 18, 20, 1, 1, 19, 1, 1] => QQFieldElem[0, -1//4, 0, -1//4, 0, 0, 0, 0, 0, 1//4, -1//4, 1//4, 0, 0, 1//4, 0],
	[12, 10, 15, 18, 20, 1, 1, 21, 1, 1] => QQFieldElem[0, 0, 1//4, 1//4, -1//2, 0, 1//4, 0, 0, -1//4, 0, 0, 1//4, 0, -1//4, 0],
	[12, 10, 15, 18, 21, 1, 1, 20, 1, 1] => QQFieldElem[0, 0, 0, 1//4, 1//2, 0, 0, 0, 0, -1//4, -1//4, 0, -1//4, 0, 1//4, 0],
	[12, 10, 15, 18, 14, 1, 1, 20, 1, 1] => QQFieldElem[27//32, 0, 0, 0, 0, 0, 0, 0, 0, 0, 0, 0, 0, 0, 0, 0],
	[12, 10, 15, 18, 20, 1, 1, 20, 1, 1] => QQFieldElem[0, 1//4, -1//4, 0, 1//2, 0, -1//4, 0, 0, 0, 1//4, -1//4, -1//4, 0, 0, 0],
	[12, 10, 15, 18, 19, 1, 1, 5, 1, 1] => QQFieldElem[0, 0, 0, 0, 0, -1//4, 0, 0, 0, 0, 0, 0, -1//4, 1//4, 0, 1//4],
	[12, 10, 15, 18, 19, 1, 1, 19, 1, 1] => QQFieldElem[0, 0, -1//4, 1//4, 0, 0, -1//4, 0, 0, -1//4, 1//4, 0, 0, 0, 0, 0],
	[12, 10, 15, 18, 19, 1, 1, 21, 1, 1] => QQFieldElem[0, 1//4, 0, 0, -1//2, 0, 0, 0, 0, 0, -1//4, -1//4, 1//4, 0, 1//4, 0],
	[12, 10, 15, 18, 21, 1, 1, 5, 1, 1] => QQFieldElem[0, 0, 0, 0, 0, 0, 0, 1//4, 0, 0, 0, 0, -1//4, -1//4, 0, -1//4],
	[12, 10, 15, 18, 19, 1, 1, 20, 1, 1] => QQFieldElem[0, -1//4, 1//4, -1//4, 1//2, 0, 1//4, 0, 0, 1//4, 0, 1//4, -1//4, 0, -1//4, 0],
	[12, 10, 15, 18, 14, 1, 1, 5, 1, 1] => QQFieldElem[0, 0, 0, 0, 0, 0, 0, 0, 0, 0, 0, 0, 0, 0, 0, 0],
	[12, 10, 15, 18, 21, 1, 1, 19, 1, 1] => QQFieldElem[0, 1//4, 1//4, 0, 0, 0, 1//4, 0, 0, 0, 0, -1//4, 0, 0, -1//4, 0])