Dict(
	[12, 18, 10, 10, 20, 1, 1, 20, 1, 1] => QQFieldElem[0, 0, 0, 0, 0, 0, 0, 0, 0, 0, 0, -4//9, -4//9, 0, 0, 0],
	[12, 18, 10, 10, 8, 1, 1, 14, 1, 1] => QQFieldElem[0, 0, 0, 0, 0, 0, 0, 0, 0, 0, 0, 0, 0, 0, 0, 0],
	[12, 18, 10, 10, 21, 1, 1, 14, 1, 1] => QQFieldElem[0, 0, 0, 0, 0, 0, 4//27, 0, 0, 0, 0, 0, 0, 0, -4//27, 0],
	[12, 18, 10, 10, 19, 1, 1, 19, 1, 1] => QQFieldElem[0, 0, 0, 4//9, 0, 0, 0, 0, 0, 0, 0, 0, -4//9, 0, 0, 0],
	[12, 18, 10, 10, 19, 1, 1, 21, 1, 1] => QQFieldElem[0, 0, 0, 0, 0, 0, 0, 0, 0, 0, 0, -4//9, -4//9, 0, 0, 0],
	[12, 18, 10, 10, 8, 1, 1, 19, 1, 1] => QQFieldElem[-64, 0, 0, 0, 0, 0, 0, 0, 0, 0, 0, 0, 0, 0, 0, 0],
	[12, 18, 10, 10, 8, 1, 1, 21, 1, 1] => QQFieldElem[64, 0, 0, 0, 0, 0, 0, 0, -64, 0, 0, 0, 0, 0, 0, 0],
	[12, 18, 10, 10, 20, 1, 1, 14, 1, 1] => QQFieldElem[0, 0, 0, 0, 0, 0, 0, 0, 0, 0, 0, 0, 0, 0, 4//27, 0],
	[12, 18, 10, 10, 21, 1, 1, 19, 1, 1] => QQFieldElem[0, 0, 0, 0, 0, 0, 0, 0, 0, 0, 0, -4//9, -4//9, 0, 0, 0],
	[12, 18, 10, 10, 19, 1, 1, 20, 1, 1] => QQFieldElem[0, 0, 0, -4//9, 0, 0, 0, 0, 0, 0, 0, 4//9, -4//9, 0, 0, 0],
	[12, 18, 10, 10, 21, 1, 1, 21, 1, 1] => QQFieldElem[0, 0, 0, -4//9, 0, 0, 0, 0, 0, 0, 0, 4//9, -4//9, 0, 0, 0],
	[12, 18, 10, 10, 8, 1, 1, 20, 1, 1] => QQFieldElem[0, 0, 0, 0, 0, 0, 0, 0, 64, 0, 0, 0, 0, 0, 0, 0],
	[12, 18, 10, 10, 20, 1, 1, 19, 1, 1] => QQFieldElem[0, 0, 0, -4//9, 0, 0, 0, 0, 0, 0, 0, 4//9, -4//9, 0, 0, 0],
	[12, 18, 10, 10, 21, 1, 1, 20, 1, 1] => QQFieldElem[0, 0, 0, 4//9, 0, 0, 0, 0, 0, 0, 0, 0, -4//9, 0, 0, 0],
	[12, 18, 10, 10, 20, 1, 1, 21, 1, 1] => QQFieldElem[0, 0, 0, 4//9, 0, 0, 0, 0, 0, 0, 0, 0, -4//9, 0, 0, 0],
	[12, 18, 10, 10, 19, 1, 1, 14, 1, 1] => QQFieldElem[0, 0, 0, 0, 0, 0, -4//27, 0, 0, 0, 0, 0, 0, 0, 0, 0])