Dict(
	[12, 19, 12, 19, 17, 1, 1, 11, 1, 1] => QQFieldElem[0, 0, 0, 0, 0, 0, 0, 0, 0, 1//8, 0, 0, -1//8, 0, 0, 0],
	[12, 19, 12, 19, 16, 1, 1, 13, 1, 1] => QQFieldElem[0, 0, 0, 0, 0, 1//8, 0, 0, 0, 0, 0, 0, -1//8, -1//8, 0, 0],
	[12, 19, 12, 19, 11, 1, 1, 10, 1, 1] => QQFieldElem[1//2, 0, 0, 0, 0, 0, 0, 0, 0, 0, 0, 0, 0, 0, 0, 0],
	[12, 19, 12, 19, 12, 1, 1, 13, 1, 1] => QQFieldElem[-1//2, 0, 0, 0, 0, 0, 0, 0, 0, 0, 0, 0, 0, 0, 0, 0],
	[12, 19, 12, 19, 15, 1, 1, 10, 1, 1] => QQFieldElem[0, 0, 0, 0, 0, 0, 0, 0, 0, 1//8, 0, 0, 1//8, 0, 0, 0],
	[12, 19, 12, 19, 11, 1, 1, 18, 1, 1] => QQFieldElem[0, 0, 0, 0, 0, 1//2, 0, 0, 0, 0, 0, 0, -1//2, -1//2, 0, 0],
	[12, 19, 12, 19, 11, 1, 1, 17, 1, 1] => QQFieldElem[0, 0, 0, 0, 0, 0, 0, 0, 0, 1//2, 0, 0, -1//2, 0, 0, 0],
	[12, 19, 12, 19, 13, 1, 1, 11, 1, 1] => QQFieldElem[0, 0, 0, 0, 0, 0, 0, 0, 0, 0, 0, 0, 0, 0, 0, 0],
	[12, 19, 12, 19, 15, 1, 1, 18, 1, 1] => QQFieldElem[0, 0, 1//4, 0, 0, 0, 0, 0, 0, 0, -1//4, 0, 1//4, 0, 0, 0],
	[12, 19, 12, 19, 10, 1, 1, 15, 1, 1] => QQFieldElem[0, 0, 0, 0, 0, 0, 0, 0, 0, -1//2, 0, 0, -1//2, 0, 0, 0],
	[12, 19, 12, 19, 15, 1, 1, 17, 1, 1] => QQFieldElem[0, 0, 0, 0, 0, 0, -1//4, 0, 0, 0, 0, 0, -1//4, 0, 0, 0],
	[12, 19, 12, 19, 10, 1, 1, 12, 1, 1] => QQFieldElem[0, 0, 0, 0, 0, 0, 0, 0, 0, 0, 0, 0, 0, 0, 0, 0],
	[12, 19, 12, 19, 17, 1, 1, 10, 1, 1] => QQFieldElem[0, 0, 0, 0, 0, 0, 0, 0, 0, -1//8, 0, 0, 1//8, 0, 0, 0],
	[12, 19, 12, 19, 18, 1, 1, 15, 1, 1] => QQFieldElem[0, 0, 1//4, 0, 0, 0, 0, 0, 0, 0, -1//4, 0, 1//4, 0, 0, 0],
	[12, 19, 12, 19, 17, 1, 1, 18, 1, 1] => QQFieldElem[0, 0, -1//4, 0, 0, 0, 0, 0, 0, 0, 1//4, 0, 1//4, 0, 0, 0],
	[12, 19, 12, 19, 10, 1, 1, 16, 1, 1] => QQFieldElem[0, 0, 0, 0, 0, -1//2, 0, 0, 0, 0, 0, 0, -1//2, 1//2, 0, 0],
	[12, 19, 12, 19, 18, 1, 1, 12, 1, 1] => QQFieldElem[0, 0, 0, 0, 0, 1//8, 0, 0, 0, 0, 0, 0, 1//8, -1//8, 0, 0],
	[12, 19, 12, 19, 17, 1, 1, 17, 1, 1] => QQFieldElem[0, 0, 0, 0, 0, 0, 1//4, 0, 0, 0, 0, 0, -1//4, 0, 0, 0],
	[12, 19, 12, 19, 16, 1, 1, 11, 1, 1] => QQFieldElem[0, 0, 0, 0, 0, -1//8, 0, 0, 0, 0, 0, 0, -1//8, 1//8, 0, 0],
	[12, 19, 12, 19, 18, 1, 1, 16, 1, 1] => QQFieldElem[0, 0, 0, 0, 0, 0, 1//4, 0, 0, 0, 0, 0, -1//4, 0, 0, 0],
	[12, 19, 12, 19, 13, 1, 1, 10, 1, 1] => QQFieldElem[0, 0, 0, 0, 0, 0, 0, 0, 0, 0, 0, 0, 0, 0, 0, 0],
	[12, 19, 12, 19, 12, 1, 1, 11, 1, 1] => QQFieldElem[0, 0, 0, 0, 0, 0, 0, 0, 0, 0, 0, 0, 0, 0, 0, 0],
	[12, 19, 12, 19, 13, 1, 1, 18, 1, 1] => QQFieldElem[0, 0, 0, 0, 0, -1//2, 0, 0, 0, 0, 0, 0, -1//2, 1//2, 0, 0],
	[12, 19, 12, 19, 13, 1, 1, 17, 1, 1] => QQFieldElem[0, 0, 0, 0, 0, 0, 0, 0, 0, -1//2, 0, 0, -1//2, 0, 0, 0],
	[12, 19, 12, 19, 10, 1, 1, 13, 1, 1] => QQFieldElem[0, 0, 0, 0, 0, 0, 0, 0, 0, 0, 0, 0, 0, 0, 0, 0],
	[12, 19, 12, 19, 16, 1, 1, 10, 1, 1] => QQFieldElem[0, 0, 0, 0, 0, 1//8, 0, 0, 0, 0, 0, 0, 1//8, -1//8, 0, 0],
	[12, 19, 12, 19, 18, 1, 1, 13, 1, 1] => QQFieldElem[0, 0, 0, 0, 0, -1//8, 0, 0, 0, 0, 0, 0, -1//8, 1//8, 0, 0],
	[12, 19, 12, 19, 16, 1, 1, 18, 1, 1] => QQFieldElem[0, 0, 0, 0, 0, 0, 1//4, 0, 0, 0, 0, 0, -1//4, 0, 0, 0],
	[12, 19, 12, 19, 12, 1, 1, 10, 1, 1] => QQFieldElem[0, 0, 0, 0, 0, 0, 0, 0, 0, 0, 0, 0, 0, 0, 0, 0],
	[12, 19, 12, 19, 16, 1, 1, 17, 1, 1] => QQFieldElem[0, 0, 1//4, 0, 0, 0, 0, 0, 0, 0, -1//4, 0, 1//4, 0, 0, 0],
	[12, 19, 12, 19, 11, 1, 1, 15, 1, 1] => QQFieldElem[0, 0, 0, 0, 0, 0, 0, 0, 0, -1//2, 0, 0, -1//2, 0, 0, 0],
	[12, 19, 12, 19, 15, 1, 1, 15, 1, 1] => QQFieldElem[0, 0, 0, 0, 0, 0, 1//4, 0, 0, 0, 0, 0, -1//4, 0, 0, 0],
	[12, 19, 12, 19, 11, 1, 1, 12, 1, 1] => QQFieldElem[0, 0, 0, 0, 0, 0, 0, 0, 0, 0, 0, 0, 0, 0, 0, 0],
	[12, 19, 12, 19, 12, 1, 1, 18, 1, 1] => QQFieldElem[0, 0, 0, 0, 0, -1//2, 0, 0, 0, 0, 0, 0, -1//2, 1//2, 0, 0],
	[12, 19, 12, 19, 15, 1, 1, 12, 1, 1] => QQFieldElem[0, 0, 0, 0, 0, 0, 0, 0, 0, -1//8, 0, 0, 1//8, 0, 0, 0],
	[12, 19, 12, 19, 12, 1, 1, 17, 1, 1] => QQFieldElem[0, 0, 0, 0, 0, 0, 0, 0, 0, -1//2, 0, 0, -1//2, 0, 0, 0],
	[12, 19, 12, 19, 11, 1, 1, 16, 1, 1] => QQFieldElem[0, 0, 0, 0, 0, -1//2, 0, 0, 0, 0, 0, 0, -1//2, 1//2, 0, 0],
	[12, 19, 12, 19, 15, 1, 1, 16, 1, 1] => QQFieldElem[0, 0, -1//4, 0, 0, 0, 0, 0, 0, 0, 1//4, 0, 1//4, 0, 0, 0],
	[12, 19, 12, 19, 17, 1, 1, 15, 1, 1] => QQFieldElem[0, 0, 0, 0, 0, 0, -1//4, 0, 0, 0, 0, 0, -1//4, 0, 0, 0],
	[12, 19, 12, 19, 17, 1, 1, 12, 1, 1] => QQFieldElem[0, 0, 0, 0, 0, 0, 0, 0, 0, 1//8, 0, 0, 1//8, 0, 0, 0],
	[12, 19, 12, 19, 10, 1, 1, 11, 1, 1] => QQFieldElem[-1//2, 0, 0, 0, 0, 0, 0, 0, 0, 0, 0, 0, 0, 0, 0, 0],
	[12, 19, 12, 19, 17, 1, 1, 16, 1, 1] => QQFieldElem[0, 0, 1//4, 0, 0, 0, 0, 0, 0, 0, -1//4, 0, 1//4, 0, 0, 0],
	[12, 19, 12, 19, 18, 1, 1, 11, 1, 1] => QQFieldElem[0, 0, 0, 0, 0, 1//8, 0, 0, 0, 0, 0, 0, -1//8, -1//8, 0, 0],
	[12, 19, 12, 19, 11, 1, 1, 13, 1, 1] => QQFieldElem[0, 0, 0, 0, 0, 0, 0, 0, 0, 0, 0, 0, 0, 0, 0, 0],
	[12, 19, 12, 19, 13, 1, 1, 15, 1, 1] => QQFieldElem[0, 0, 0, 0, 0, 0, 0, 0, 0, 1//2, 0, 0, -1//2, 0, 0, 0],
	[12, 19, 12, 19, 15, 1, 1, 13, 1, 1] => QQFieldElem[0, 0, 0, 0, 0, 0, 0, 0, 0, 1//8, 0, 0, -1//8, 0, 0, 0],
	[12, 19, 12, 19, 13, 1, 1, 12, 1, 1] => QQFieldElem[1//2, 0, 0, 0, 0, 0, 0, 0, 0, 0, 0, 0, 0, 0, 0, 0],
	[12, 19, 12, 19, 10, 1, 1, 10, 1, 1] => QQFieldElem[-1//2, 0, 0, 0, 0, 0, 0, 0, 0, 0, 0, 0, 0, 0, 0, 0],
	[12, 19, 12, 19, 13, 1, 1, 16, 1, 1] => QQFieldElem[0, 0, 0, 0, 0, 1//2, 0, 0, 0, 0, 0, 0, -1//2, -1//2, 0, 0],
	[12, 19, 12, 19, 17, 1, 1, 13, 1, 1] => QQFieldElem[0, 0, 0, 0, 0, 0, 0, 0, 0, -1//8, 0, 0, -1//8, 0, 0, 0],
	[12, 19, 12, 19, 10, 1, 1, 18, 1, 1] => QQFieldElem[0, 0, 0, 0, 0, 1//2, 0, 0, 0, 0, 0, 0, -1//2, -1//2, 0, 0],
	[12, 19, 12, 19, 18, 1, 1, 10, 1, 1] => QQFieldElem[0, 0, 0, 0, 0, -1//8, 0, 0, 0, 0, 0, 0, 1//8, 1//8, 0, 0],
	[12, 19, 12, 19, 16, 1, 1, 15, 1, 1] => QQFieldElem[0, 0, -1//4, 0, 0, 0, 0, 0, 0, 0, 1//4, 0, 1//4, 0, 0, 0],
	[12, 19, 12, 19, 10, 1, 1, 17, 1, 1] => QQFieldElem[0, 0, 0, 0, 0, 0, 0, 0, 0, 1//2, 0, 0, -1//2, 0, 0, 0],
	[12, 19, 12, 19, 16, 1, 1, 12, 1, 1] => QQFieldElem[0, 0, 0, 0, 0, -1//8, 0, 0, 0, 0, 0, 0, 1//8, 1//8, 0, 0],
	[12, 19, 12, 19, 18, 1, 1, 18, 1, 1] => QQFieldElem[0, 0, 0, 0, 0, 0, -1//4, 0, 0, 0, 0, 0, -1//4, 0, 0, 0],
	[12, 19, 12, 19, 18, 1, 1, 17, 1, 1] => QQFieldElem[0, 0, -1//4, 0, 0, 0, 0, 0, 0, 0, 1//4, 0, 1//4, 0, 0, 0],
	[12, 19, 12, 19, 12, 1, 1, 15, 1, 1] => QQFieldElem[0, 0, 0, 0, 0, 0, 0, 0, 0, 1//2, 0, 0, -1//2, 0, 0, 0],
	[12, 19, 12, 19, 16, 1, 1, 16, 1, 1] => QQFieldElem[0, 0, 0, 0, 0, 0, -1//4, 0, 0, 0, 0, 0, -1//4, 0, 0, 0],
	[12, 19, 12, 19, 12, 1, 1, 12, 1, 1] => QQFieldElem[-1//2, 0, 0, 0, 0, 0, 0, 0, 0, 0, 0, 0, 0, 0, 0, 0],
	[12, 19, 12, 19, 13, 1, 1, 13, 1, 1] => QQFieldElem[1//2, 0, 0, 0, 0, 0, 0, 0, 0, 0, 0, 0, 0, 0, 0, 0],
	[12, 19, 12, 19, 11, 1, 1, 11, 1, 1] => QQFieldElem[1//2, 0, 0, 0, 0, 0, 0, 0, 0, 0, 0, 0, 0, 0, 0, 0],
	[12, 19, 12, 19, 12, 1, 1, 16, 1, 1] => QQFieldElem[0, 0, 0, 0, 0, 1//2, 0, 0, 0, 0, 0, 0, -1//2, -1//2, 0, 0],
	[12, 19, 12, 19, 15, 1, 1, 11, 1, 1] => QQFieldElem[0, 0, 0, 0, 0, 0, 0, 0, 0, -1//8, 0, 0, -1//8, 0, 0, 0])