Dict(
	[12, 14, 14, 11, 2, 1, 1, 17, 1, 1] => QQFieldElem[0, 0, 0, 0, 0, 0, 0, 0, 0, 0, 0, 0, 0, 0, 0, 0],
	[12, 14, 14, 11, 14, 1, 2, 11, 1, 1] => QQFieldElem[-1//512, 0, 0, 0, 0, 0, 0, 0, 0, 0, 0, 0, 0, 0, 0, 0],
	[12, 14, 14, 11, 5, 1, 1, 16, 1, 1] => QQFieldElem[0, 0, 0, 0, 0, 0, 0, 0, 0, 0, 0, 0, 0, 0, 0, 0],
	[12, 14, 14, 11, 14, 1, 1, 11, 1, 1] => QQFieldElem[-1//512, 0, 0, 0, 0, 0, 0, 0, 0, 0, 0, 0, 0, 0, 0, 0],
	[12, 14, 14, 11, 2, 1, 1, 11, 1, 1] => QQFieldElem[27//1024, 0, 0, 0, 0, 0, 0, 0, 0, 0, 0, 0, 0, 0, 0, 0],
	[12, 14, 14, 11, 3, 1, 2, 18, 1, 1] => QQFieldElem[0, 0, 0, 0, 0, 0, 0, 0, 0, 0, 0, 0, 0, 0, 0, -1//18],
	[12, 14, 14, 11, 14, 1, 2, 15, 1, 1] => QQFieldElem[1//192, 0, 0, 0, 0, 0, 0, 0, 0, 0, 0, 0, 0, 0, 0, 0],
	[12, 14, 14, 11, 3, 1, 1, 18, 1, 1] => QQFieldElem[0, 0, 0, 0, 0, 0, 0, 0, 0, 0, 0, 0, 0, 0, 0, 0],
	[12, 14, 14, 11, 14, 1, 1, 15, 1, 1] => QQFieldElem[1//192, 0, 0, 0, 0, 0, 0, 0, 0, 0, 0, 0, 0, 0, 0, 0],
	[12, 14, 14, 11, 3, 1, 2, 17, 1, 1] => QQFieldElem[0, 0, 0, 0, 0, -4//81, 0, 0, 0, 0, 0, 0, 0, 4//81, 0, 0],
	[12, 14, 14, 11, 14, 1, 2, 12, 1, 1] => QQFieldElem[0, 0, 0, 0, 0, 0, -1//144, 0, 0, 0, 0, 0, 0, 0, 0, 0],
	[12, 14, 14, 11, 5, 1, 1, 18, 1, 1] => QQFieldElem[0, 0, 0, 1//18, 0, 0, 0, 0, 0, 0, 0, 0, 0, 0, 0, 0],
	[12, 14, 14, 11, 14, 1, 1, 12, 1, 1] => QQFieldElem[0, 0, 0, 0, 0, 0, 1//144, 0, 0, 0, 0, 0, 0, 0, 0, 0],
	[12, 14, 14, 11, 3, 1, 1, 17, 1, 1] => QQFieldElem[0, 0, 0, 0, 0, 0, 0, 0, 0, 0, 0, 0, 0, 0, 0, 0],
	[12, 14, 14, 11, 2, 1, 1, 15, 1, 1] => QQFieldElem[9//64, 0, 0, 0, 0, 0, 0, 0, 0, 0, 0, 0, 0, 0, 0, 0],
	[12, 14, 14, 11, 3, 1, 2, 11, 1, 1] => QQFieldElem[-1//512, 0, 0, 0, 0, 0, 0, 0, 0, 0, 0, 0, 0, 0, 0, 0],
	[12, 14, 14, 11, 2, 1, 1, 12, 1, 1] => QQFieldElem[0, 0, 0, 0, 0, 0, 0, 0, 0, 0, 0, 0, 0, 0, 0, 0],
	[12, 14, 14, 11, 3, 1, 1, 11, 1, 1] => QQFieldElem[-27//512, 0, 0, 0, 0, 0, 0, 0, 0, 0, 0, 0, 0, 0, 0, 0],
	[12, 14, 14, 11, 5, 1, 1, 17, 1, 1] => QQFieldElem[0, 0, 0, 0, 0, 0, 0, 0, 0, 4//81, 0, 0, 0, 0, 0, 0],
	[12, 14, 14, 11, 14, 1, 2, 16, 1, 1] => QQFieldElem[0, 0, 0, 0, 0, 0, 0, 0, 0, 0, 0, 0, 0, 0, 0, 0],
	[12, 14, 14, 11, 14, 1, 1, 16, 1, 1] => QQFieldElem[0, 0, 0, 0, 0, 0, 0, 0, 0, 0, 0, 0, 0, 0, 0, 0],
	[12, 14, 14, 11, 5, 1, 1, 11, 1, 1] => QQFieldElem[-1//512, 0, 0, 0, 0, 0, 0, 0, 0, 0, 0, 0, 0, 0, 0, 0],
	[12, 14, 14, 11, 2, 1, 1, 16, 1, 1] => QQFieldElem[27//128, 0, 0, 0, 0, 0, 0, 0, 0, 0, 0, 0, 0, 0, 0, 0],
	[12, 14, 14, 11, 3, 1, 2, 15, 1, 1] => QQFieldElem[1//192, 0, 0, 0, 0, 0, 0, 0, 0, 0, 0, 0, 0, 0, 0, 0],
	[12, 14, 14, 11, 3, 1, 1, 15, 1, 1] => QQFieldElem[-9//32, 0, 0, 0, 0, 0, 0, 0, 0, 0, 0, 0, 0, 0, 0, 0],
	[12, 14, 14, 11, 3, 1, 2, 12, 1, 1] => QQFieldElem[0, 0, 0, 0, 0, 0, 1//144, 0, 0, 0, 0, 0, 0, 0, 0, 0],
	[12, 14, 14, 11, 3, 1, 1, 12, 1, 1] => QQFieldElem[0, 0, 0, 0, 0, 0, 0, 0, 0, 0, 0, 0, 0, 0, 0, 0],
	[12, 14, 14, 11, 5, 1, 1, 15, 1, 1] => QQFieldElem[1//192, 0, 0, 0, 0, 0, 0, 0, 0, 0, 0, 0, 0, 0, 0, 0],
	[12, 14, 14, 11, 14, 1, 2, 18, 1, 1] => QQFieldElem[0, 0, 0, -1//18, 0, 0, 0, 0, 0, 0, 0, 0, 0, 0, 0, 0],
	[12, 14, 14, 11, 14, 1, 1, 18, 1, 1] => QQFieldElem[0, 0, 0, 0, 0, 0, 0, 0, 0, 0, 0, 0, 0, 0, 0, 1//18],
	[12, 14, 14, 11, 5, 1, 1, 12, 1, 1] => QQFieldElem[0, 0, 0, 0, 0, 0, -1//144, 0, 0, 0, 0, 0, 0, 0, 0, 0],
	[12, 14, 14, 11, 3, 1, 2, 16, 1, 1] => QQFieldElem[0, 0, 0, 0, 0, 0, 0, 0, 0, 0, 0, 0, 0, 0, 0, 0],
	[12, 14, 14, 11, 14, 1, 2, 17, 1, 1] => QQFieldElem[0, 0, 0, 0, 0, 0, 0, 0, 0, -4//81, 0, 0, 0, 0, 0, 0],
	[12, 14, 14, 11, 2, 1, 1, 18, 1, 1] => QQFieldElem[0, 0, 0, 0, 0, 0, 0, 0, 0, 0, 0, 0, 0, 0, 0, 0],
	[12, 14, 14, 11, 3, 1, 1, 16, 1, 1] => QQFieldElem[27//64, 0, 0, 0, 0, 0, 0, 0, 0, 0, 0, 0, 0, 0, 0, 0],
	[12, 14, 14, 11, 14, 1, 1, 17, 1, 1] => QQFieldElem[0, 0, 0, 0, 0, 4//81, 0, 0, 0, 0, 0, 0, 0, -4//81, 0, 0])