Dict(
	[12, 16, 14, 14, 13, 1, 1, 6, 1, 1] => QQFieldElem[0, 0, 0, -1//8, 0, 0, 0, 0, 0, 0, 0, 0, 0, 0, 0, 0],
	[12, 16, 14, 14, 18, 1, 1, 6, 1, 1] => QQFieldElem[0, 0, 0, 1//8, 0, 0, 0, 0, 0, 0, 0, 0, 0, 0, 0, 0],
	[12, 16, 14, 14, 10, 1, 1, 14, 1, 1] => QQFieldElem[1//2, 0, 0, 0, 0, 0, 0, 0, 0, 0, 0, 0, 1//2, 0, 0, 0],
	[12, 16, 14, 14, 16, 1, 1, 9, 1, 1] => QQFieldElem[0, 0, 0, 0, 0, 0, 0, 0, 0, 0, 0, 0, 0, 0, 0, 9//1024],
	[12, 16, 14, 14, 13, 1, 1, 14, 1, 1] => QQFieldElem[0, 0, -9//16, 0, 0, 0, 9//16, 0, 0, 0, 9//16, 0, 0, 0, 0, 0],
	[12, 16, 14, 14, 18, 1, 1, 14, 1, 1] => QQFieldElem[0, 0, 9//16, 0, 0, 0, 9//16, 0, 0, 0, -9//16, 0, 0, 0, 0, 0],
	[12, 16, 14, 14, 16, 1, 1, 14, 1, 2] => QQFieldElem[-1//2, 0, 0, 0, 0, 0, 0, 0, 0, 0, 0, 0, 1//2, 0, 0, 0],
	[12, 16, 14, 14, 16, 1, 1, 6, 1, 1] => QQFieldElem[0, 0, 0, 0, 0, -9//64, 0, 0, 0, 0, 0, 0, 0, 9//64, 0, 0],
	[12, 16, 14, 14, 10, 1, 1, 9, 1, 1] => QQFieldElem[0, 0, 0, 0, 0, -1//128, 0, 0, 0, 0, 0, 0, 0, 1//128, 0, 0],
	[12, 16, 14, 14, 10, 1, 1, 14, 1, 2] => QQFieldElem[1//2, 0, 0, 0, 0, 0, 0, 0, 0, 0, 0, 0, 1//2, 0, 0, 0],
	[12, 16, 14, 14, 13, 1, 1, 9, 1, 1] => QQFieldElem[0, 0, 0, 0, 0, 1//128, 0, 0, 0, 0, 0, 0, 0, -1//128, 0, 0],
	[12, 16, 14, 14, 16, 1, 1, 14, 1, 1] => QQFieldElem[-1//2, 0, 0, 0, 0, 0, 0, 0, 0, 0, 0, 0, 1//2, 0, 0, 0],
	[12, 16, 14, 14, 18, 1, 1, 9, 1, 1] => QQFieldElem[0, 0, 0, 0, 0, 1//128, 0, 0, 0, 0, 0, 0, 0, -1//128, 0, 0],
	[12, 16, 14, 14, 10, 1, 1, 6, 1, 1] => QQFieldElem[0, 0, 0, 1//8, 0, 0, 0, 0, 0, 0, 0, 0, 0, 0, 0, 0],
	[12, 16, 14, 14, 13, 1, 1, 14, 1, 2] => QQFieldElem[-1//2, 0, 0, 0, 0, 0, 0, 0, 0, 0, 0, 0, 1//2, 0, 0, 0],
	[12, 16, 14, 14, 18, 1, 1, 14, 1, 2] => QQFieldElem[1//2, 0, 0, 0, 0, 0, 0, 0, 0, 0, 0, 0, 1//2, 0, 0, 0])