Dict(
	[12, 13, 11, 16, 21, 1, 1, 20, 1, 1] => QQFieldElem[0, 0, 0, 1//3, 0, 0, 0, 0, 0, 0, 0, 0, 1//3, 0, 0, 0],
	[12, 13, 11, 16, 20, 1, 1, 21, 1, 1] => QQFieldElem[0, 0, 0, 1//3, 0, 0, 0, 0, 0, 0, 0, 0, 1//3, 0, 0, 0],
	[12, 13, 11, 16, 19, 1, 1, 14, 1, 1] => QQFieldElem[0, 0, 0, 0, 0, 0, -1//128, 0, 0, 0, 0, 0, 0, 0, 0, 0],
	[12, 13, 11, 16, 14, 1, 1, 20, 1, 1] => QQFieldElem[0, 0, 0, 0, -64, 0, 0, 0, 0, 0, 0, 0, 64, 0, 0, 0],
	[12, 13, 11, 16, 20, 1, 1, 20, 1, 1] => QQFieldElem[0, 0, 0, 0, 0, 0, 0, 0, 0, 0, 0, -1//3, 1//3, 0, 0, 0],
	[12, 13, 11, 16, 21, 1, 1, 14, 1, 1] => QQFieldElem[0, 0, 0, 0, 0, 0, 1//128, 0, 0, 0, 0, 0, 0, 0, -1//128, 0],
	[12, 13, 11, 16, 19, 1, 1, 19, 1, 1] => QQFieldElem[0, 0, 0, 1//3, 0, 0, 0, 0, 0, 0, 0, 0, 1//3, 0, 0, 0],
	[12, 13, 11, 16, 19, 1, 1, 21, 1, 1] => QQFieldElem[0, 0, 0, 0, 0, 0, 0, 0, 0, 0, 0, -1//3, 1//3, 0, 0, 0],
	[12, 13, 11, 16, 14, 1, 1, 14, 1, 1] => QQFieldElem[0, 0, 0, 0, 0, 0, 0, 0, 0, 0, 0, 0, 0, 0, 0, 0],
	[12, 13, 11, 16, 20, 1, 1, 14, 1, 1] => QQFieldElem[0, 0, 0, 0, 0, 0, 0, 0, 0, 0, 0, 0, 0, 0, 1//128, 0],
	[12, 13, 11, 16, 19, 1, 1, 20, 1, 1] => QQFieldElem[0, 0, 0, -1//3, 0, 0, 0, 0, 0, 0, 0, 1//3, 1//3, 0, 0, 0],
	[12, 13, 11, 16, 21, 1, 1, 19, 1, 1] => QQFieldElem[0, 0, 0, 0, 0, 0, 0, 0, 0, 0, 0, -1//3, 1//3, 0, 0, 0],
	[12, 13, 11, 16, 21, 1, 1, 21, 1, 1] => QQFieldElem[0, 0, 0, -1//3, 0, 0, 0, 0, 0, 0, 0, 1//3, 1//3, 0, 0, 0],
	[12, 13, 11, 16, 14, 1, 1, 19, 1, 1] => QQFieldElem[0, 0, 0, 0, 0, 0, 0, 0, 0, 0, 0, 0, -64, 0, 0, 0],
	[12, 13, 11, 16, 14, 1, 1, 21, 1, 1] => QQFieldElem[0, 0, 0, 0, 64, 0, 0, 0, 0, 0, 0, 0, 0, 0, 0, 0],
	[12, 13, 11, 16, 20, 1, 1, 19, 1, 1] => QQFieldElem[0, 0, 0, -1//3, 0, 0, 0, 0, 0, 0, 0, 1//3, 1//3, 0, 0, 0])