Dict(
	[12, 19, 21, 12, 14, 1, 2, 11, 1, 1] => QQFieldElem[1//48, 0, 0, 0, 0, 0, 0, 0, -1//48, 0, 0, 0, 0, 0, 0, 0],
	[12, 19, 21, 12, 21, 1, 1, 15, 1, 1] => QQFieldElem[0, 0, 0, 0, 0, -1//3, 0, 0, 0, 0, 0, -1//3, 0, 1//3, 0, 0],
	[12, 19, 21, 12, 4, 1, 1, 10, 1, 1] => QQFieldElem[1//144, 0, 0, 0, 0, 0, 0, 0, 1//144, 0, 0, 0, 0, 0, 0, 0],
	[12, 19, 21, 12, 20, 1, 1, 11, 1, 1] => QQFieldElem[0, 0, 0, 0, 0, 0, 0, 0, 1//96, 0, 0, 0, 0, 0, 0, 0],
	[12, 19, 21, 12, 21, 1, 1, 12, 1, 1] => QQFieldElem[0, 0, 1//18, 0, 0, 0, 0, 0, 0, 0, -1//18, 0, 0, 0, 0, 0],
	[12, 19, 21, 12, 14, 1, 1, 15, 1, 1] => QQFieldElem[0, 0, 0, 0, 0, 0, 0, 0, 0, 0, 0, 0, -1//2, 0, 0, 0],
	[12, 19, 21, 12, 4, 1, 1, 18, 1, 1] => QQFieldElem[0, 0, 0, 0, 0, 0, 0, 0, 0, 0, 0, 0, 2//3, 0, 0, 0],
	[12, 19, 21, 12, 14, 1, 1, 12, 1, 1] => QQFieldElem[0, 0, 0, 0, 0, 0, 0, 0, 0, 0, 0, 0, -1//12, 0, 0, 0],
	[12, 19, 21, 12, 20, 1, 2, 15, 1, 1] => QQFieldElem[0, 0, 0, 0, 0, 0, 0, -1//3, 0, -1//3, 0, 0, 0, 0, 0, 1//3],
	[12, 19, 21, 12, 21, 1, 1, 16, 1, 1] => QQFieldElem[0, 0, 0, -1//6, 0, 0, 0, 0, 0, 0, 0, 1//6, 0, -1//6, 0, 0],
	[12, 19, 21, 12, 4, 1, 1, 17, 1, 1] => QQFieldElem[1//3, 0, 0, 0, 0, 0, 0, 0, -1//3, 0, 0, 0, 1//3, 0, 0, 0],
	[12, 19, 21, 12, 20, 1, 2, 12, 1, 1] => QQFieldElem[0, 0, -1//18, 0, 0, 0, 0, 0, 0, 0, 1//18, 0, 0, 0, 0, 0],
	[12, 19, 21, 12, 14, 1, 1, 16, 1, 1] => QQFieldElem[1//4, 0, 0, 0, 0, 0, 0, 0, -1//4, 0, 0, 0, -1//4, 0, 0, 0],
	[12, 19, 21, 12, 20, 1, 2, 16, 1, 1] => QQFieldElem[0, 1//6, 0, 0, 0, 0, 0, 1//6, 0, 0, 0, 0, 0, 0, 0, 0],
	[12, 19, 21, 12, 14, 1, 2, 10, 1, 1] => QQFieldElem[1//144, 0, 0, 0, 0, 0, 0, 0, 1//144, 0, 0, 0, 0, 0, 0, 0],
	[12, 19, 21, 12, 3, 1, 1, 15, 1, 1] => QQFieldElem[0, 0, 0, 0, 0, 0, 0, 0, 0, 0, 0, 0, -1//2, 0, 0, 0],
	[12, 19, 21, 12, 3, 1, 1, 12, 1, 1] => QQFieldElem[0, 0, 0, 0, 0, 0, 0, 0, 0, 0, 0, 0, 1//12, 0, 0, 0],
	[12, 19, 21, 12, 14, 1, 2, 18, 1, 1] => QQFieldElem[0, 0, 0, 0, 0, 0, 0, 0, 0, 0, 0, 0, 2//3, 0, 0, 0],
	[12, 19, 21, 12, 20, 1, 1, 10, 1, 1] => QQFieldElem[1//144, 0, 0, 0, 0, 0, 0, 0, -1//288, 0, 0, 0, 0, 0, 0, 0],
	[12, 19, 21, 12, 19, 1, 1, 15, 1, 1] => QQFieldElem[0, 0, 0, 0, 0, 0, 0, 1//3, 0, 1//3, 0, 0, 0, 0, 0, -1//3],
	[12, 19, 21, 12, 14, 1, 2, 17, 1, 1] => QQFieldElem[-1//3, 0, 0, 0, 0, 0, 0, 0, 1//3, 0, 0, 0, 1//3, 0, 0, 0],
	[12, 19, 21, 12, 3, 1, 1, 16, 1, 1] => QQFieldElem[-1//4, 0, 0, 0, 0, 0, 0, 0, 1//4, 0, 0, 0, -1//4, 0, 0, 0],
	[12, 19, 21, 12, 19, 1, 1, 12, 1, 1] => QQFieldElem[0, 0, -1//18, 0, 0, 0, 0, 0, 0, 0, 1//18, 0, 0, 0, 0, 0],
	[12, 19, 21, 12, 20, 1, 1, 18, 1, 1] => QQFieldElem[0, 0, 0, -1//3, 0, -1//3, 0, 0, 0, 0, 0, 0, 0, 0, 0, 0],
	[12, 19, 21, 12, 21, 1, 1, 13, 1, 1] => QQFieldElem[0, 0, 1//18, 0, 0, 0, 0, 0, 0, 0, -1//18, 0, 0, 0, 0, 0],
	[12, 19, 21, 12, 20, 1, 1, 17, 1, 1] => QQFieldElem[0, 0, 0, 1//6, 0, 0, 0, 0, 0, 0, 0, -1//6, 0, 1//6, 0, 0],
	[12, 19, 21, 12, 19, 1, 1, 16, 1, 1] => QQFieldElem[0, -1//6, 0, 0, 0, 0, 0, -1//6, 0, 0, 0, 0, 0, 0, 0, 0],
	[12, 19, 21, 12, 14, 1, 1, 13, 1, 1] => QQFieldElem[0, 0, 0, 0, 0, 0, 0, 0, 0, 0, 0, 0, 1//12, 0, 0, 0],
	[12, 19, 21, 12, 20, 1, 2, 13, 1, 1] => QQFieldElem[0, 0, -1//18, 0, 0, 0, 0, 0, 0, 0, 1//18, 0, 0, 0, 0, 0],
	[12, 19, 21, 12, 3, 1, 1, 13, 1, 1] => QQFieldElem[0, 0, 0, 0, 0, 0, 0, 0, 0, 0, 0, 0, -1//12, 0, 0, 0],
	[12, 19, 21, 12, 19, 1, 1, 13, 1, 1] => QQFieldElem[0, 0, -1//18, 0, 0, 0, 0, 0, 0, 0, 1//18, 0, 0, 0, 0, 0],
	[12, 19, 21, 12, 4, 1, 1, 15, 1, 1] => QQFieldElem[0, 0, 0, 0, 0, 0, 0, 0, 0, 0, 0, 0, 2//3, 0, 0, 0],
	[12, 19, 21, 12, 4, 1, 1, 12, 1, 1] => QQFieldElem[0, 0, 0, 0, 0, 0, 0, 0, 0, 0, 0, 0, -1//9, 0, 0, 0],
	[12, 19, 21, 12, 21, 1, 1, 11, 1, 1] => QQFieldElem[0, 0, 0, 0, 0, 0, 0, 0, 1//96, 0, 0, 0, 0, 0, 0, 0],
	[12, 19, 21, 12, 4, 1, 1, 16, 1, 1] => QQFieldElem[-1//3, 0, 0, 0, 0, 0, 0, 0, 1//3, 0, 0, 0, 1//3, 0, 0, 0],
	[12, 19, 21, 12, 14, 1, 1, 11, 1, 1] => QQFieldElem[1//64, 0, 0, 0, 0, 0, 0, 0, -1//64, 0, 0, 0, 0, 0, 0, 0],
	[12, 19, 21, 12, 20, 1, 2, 11, 1, 1] => QQFieldElem[0, 0, 0, 0, 0, 0, 0, 0, 1//96, 0, 0, 0, 0, 0, 0, 0],
	[12, 19, 21, 12, 14, 1, 2, 15, 1, 1] => QQFieldElem[0, 0, 0, 0, 0, 0, 0, 0, 0, 0, 0, 0, 2//3, 0, 0, 0],
	[12, 19, 21, 12, 14, 1, 2, 12, 1, 1] => QQFieldElem[0, 0, 0, 0, 0, 0, 0, 0, 0, 0, 0, 0, 1//9, 0, 0, 0],
	[12, 19, 21, 12, 20, 1, 1, 15, 1, 1] => QQFieldElem[0, 0, 0, 0, 0, 1//3, 0, 0, 0, 0, 0, 1//3, 0, -1//3, 0, 0],
	[12, 19, 21, 12, 3, 1, 1, 11, 1, 1] => QQFieldElem[1//64, 0, 0, 0, 0, 0, 0, 0, -1//64, 0, 0, 0, 0, 0, 0, 0],
	[12, 19, 21, 12, 14, 1, 2, 16, 1, 1] => QQFieldElem[1//3, 0, 0, 0, 0, 0, 0, 0, -1//3, 0, 0, 0, 1//3, 0, 0, 0],
	[12, 19, 21, 12, 20, 1, 1, 12, 1, 1] => QQFieldElem[0, 0, 1//18, 0, 0, 0, 0, 0, 0, 0, -1//18, 0, 0, 0, 0, 0],
	[12, 19, 21, 12, 21, 1, 1, 10, 1, 1] => QQFieldElem[1//144, 0, 0, 0, 0, 0, 0, 0, -1//288, 0, 0, 0, 0, 0, 0, 0],
	[12, 19, 21, 12, 4, 1, 1, 13, 1, 1] => QQFieldElem[0, 0, 0, 0, 0, 0, 0, 0, 0, 0, 0, 0, 1//9, 0, 0, 0],
	[12, 19, 21, 12, 19, 1, 1, 11, 1, 1] => QQFieldElem[0, 0, 0, 0, 0, 0, 0, 0, 1//96, 0, 0, 0, 0, 0, 0, 0],
	[12, 19, 21, 12, 20, 1, 1, 16, 1, 1] => QQFieldElem[0, 0, 0, 1//6, 0, 0, 0, 0, 0, 0, 0, -1//6, 0, 1//6, 0, 0],
	[12, 19, 21, 12, 14, 1, 1, 10, 1, 1] => QQFieldElem[1//192, 0, 0, 0, 0, 0, 0, 0, 1//192, 0, 0, 0, 0, 0, 0, 0],
	[12, 19, 21, 12, 21, 1, 1, 18, 1, 1] => QQFieldElem[0, 0, 0, 1//3, 0, 1//3, 0, 0, 0, 0, 0, 0, 0, 0, 0, 0],
	[12, 19, 21, 12, 20, 1, 2, 10, 1, 1] => QQFieldElem[1//144, 0, 0, 0, 0, 0, 0, 0, -1//288, 0, 0, 0, 0, 0, 0, 0],
	[12, 19, 21, 12, 21, 1, 1, 17, 1, 1] => QQFieldElem[0, 0, 0, -1//6, 0, 0, 0, 0, 0, 0, 0, 1//6, 0, -1//6, 0, 0],
	[12, 19, 21, 12, 14, 1, 1, 18, 1, 1] => QQFieldElem[0, 0, 0, 0, 0, 0, 0, 0, 0, 0, 0, 0, -1//2, 0, 0, 0],
	[12, 19, 21, 12, 20, 1, 2, 18, 1, 1] => QQFieldElem[0, -1//3, 0, 0, 0, 0, 0, 0, 0, 1//3, 0, 0, 0, 0, 0, -1//3],
	[12, 19, 21, 12, 14, 1, 1, 17, 1, 1] => QQFieldElem[-1//4, 0, 0, 0, 0, 0, 0, 0, 1//4, 0, 0, 0, -1//4, 0, 0, 0],
	[12, 19, 21, 12, 20, 1, 2, 17, 1, 1] => QQFieldElem[0, 1//6, 0, 0, 0, 0, 0, 1//6, 0, 0, 0, 0, 0, 0, 0, 0],
	[12, 19, 21, 12, 14, 1, 2, 13, 1, 1] => QQFieldElem[0, 0, 0, 0, 0, 0, 0, 0, 0, 0, 0, 0, -1//9, 0, 0, 0],
	[12, 19, 21, 12, 3, 1, 1, 10, 1, 1] => QQFieldElem[1//192, 0, 0, 0, 0, 0, 0, 0, 1//192, 0, 0, 0, 0, 0, 0, 0],
	[12, 19, 21, 12, 3, 1, 1, 18, 1, 1] => QQFieldElem[0, 0, 0, 0, 0, 0, 0, 0, 0, 0, 0, 0, -1//2, 0, 0, 0],
	[12, 19, 21, 12, 20, 1, 1, 13, 1, 1] => QQFieldElem[0, 0, 1//18, 0, 0, 0, 0, 0, 0, 0, -1//18, 0, 0, 0, 0, 0],
	[12, 19, 21, 12, 19, 1, 1, 10, 1, 1] => QQFieldElem[1//144, 0, 0, 0, 0, 0, 0, 0, -1//288, 0, 0, 0, 0, 0, 0, 0],
	[12, 19, 21, 12, 3, 1, 1, 17, 1, 1] => QQFieldElem[1//4, 0, 0, 0, 0, 0, 0, 0, -1//4, 0, 0, 0, -1//4, 0, 0, 0],
	[12, 19, 21, 12, 19, 1, 1, 18, 1, 1] => QQFieldElem[0, 1//3, 0, 0, 0, 0, 0, 0, 0, -1//3, 0, 0, 0, 0, 0, 1//3],
	[12, 19, 21, 12, 19, 1, 1, 17, 1, 1] => QQFieldElem[0, -1//6, 0, 0, 0, 0, 0, -1//6, 0, 0, 0, 0, 0, 0, 0, 0],
	[12, 19, 21, 12, 4, 1, 1, 11, 1, 1] => QQFieldElem[1//48, 0, 0, 0, 0, 0, 0, 0, -1//48, 0, 0, 0, 0, 0, 0, 0])