Dict(
	[12, 10, 17, 17, 20, 1, 1, 14, 1, 1] => QQFieldElem[0, 0, 0, 0, 0, 0, 0, 0, 0, 0, 0, 0, 0, 0, 0, 0],
	[12, 10, 17, 17, 21, 1, 1, 3, 1, 1] => QQFieldElem[0, 0, 0, 0, 0, 0, 0, 0, 0, 0, 0, 1//6, -1//6, -1//6, 0, 0],
	[12, 10, 17, 17, 6, 1, 1, 14, 1, 1] => QQFieldElem[0, 0, 0, 0, 0, 0, 0, 0, 0, 0, 0, 0, 0, 0, 0, 0],
	[12, 10, 17, 17, 9, 1, 1, 14, 1, 1] => QQFieldElem[27//32, 0, 0, 0, 0, 0, 0, 0, 0, 0, 0, 0, 0, 0, 0, 0],
	[12, 10, 17, 17, 19, 1, 1, 20, 1, 1] => QQFieldElem[1//4, 1//4, -1//4, 0, 0, 0, 1//4, 1//4, -1//2, -1//4, 0, 0, 0, 0, -1//4, 0],
	[12, 10, 17, 17, 14, 1, 1, 5, 1, 1] => QQFieldElem[0, 0, 0, 0, 0, 0, 0, 0, 0, 0, 0, 0, 0, 0, 0, -3//2],
	[12, 10, 17, 17, 21, 1, 1, 19, 1, 1] => QQFieldElem[0, -1//4, -1//4, 0, 0, 0, 1//4, -1//4, 0, 0, 0, 0, 0, 0, -1//4, 1//4],
	[12, 10, 17, 17, 21, 1, 1, 21, 1, 1] => QQFieldElem[-1//4, 1//4, 1//4, 0, 0, 0, -1//4, 1//4, 1//2, -1//4, -1//4, 0, 0, 0, 0, 0],
	[12, 10, 17, 17, 14, 1, 1, 3, 1, 1] => QQFieldElem[0, 0, 0, 0, 0, 0, 0, 0, 0, 0, 0, 0, 0, 0, 0, 2],
	[12, 10, 17, 17, 14, 1, 1, 19, 1, 1] => QQFieldElem[0, 0, 0, 0, 0, 0, 0, 0, 0, 0, 0, 0, 0, 0, 0, 0],
	[12, 10, 17, 17, 20, 1, 1, 5, 1, 1] => QQFieldElem[0, 0, 0, 1//8, 0, 1//8, 0, 0, 0, 0, 0, -1//8, -1//8, 0, 0, 0],
	[12, 10, 17, 17, 6, 1, 1, 5, 1, 1] => QQFieldElem[0, 0, 0, 0, 0, 0, 0, 0, 0, 0, 0, 0, 0, 0, 0, 0],
	[12, 10, 17, 17, 9, 1, 1, 5, 1, 1] => QQFieldElem[27//64, 0, 0, 0, 0, 0, 0, 0, 0, 0, 0, 0, 0, 0, 0, 0],
	[12, 10, 17, 17, 20, 1, 1, 3, 1, 1] => QQFieldElem[0, 0, 0, 1//6, 0, 1//6, 0, 0, 0, 0, 0, -1//6, -1//6, 0, 0, 0],
	[12, 10, 17, 17, 14, 1, 1, 21, 1, 1] => QQFieldElem[0, 0, 0, 0, 0, 0, 0, 0, 0, 0, 0, 0, 0, 0, 0, 0],
	[12, 10, 17, 17, 20, 1, 1, 19, 1, 1] => QQFieldElem[0, 1//4, 0, 0, 0, 0, 0, 1//4, 0, -1//4, 1//4, 0, 0, 0, 1//4, 0],
	[12, 10, 17, 17, 6, 1, 1, 3, 1, 1] => QQFieldElem[0, 0, 0, 0, 0, 0, 0, 0, 0, 0, 0, 0, 0, 0, 0, 0],
	[12, 10, 17, 17, 9, 1, 1, 3, 1, 1] => QQFieldElem[-9//16, 0, 0, 0, 0, 0, 0, 0, 0, 0, 0, 0, 0, 0, 0, 0],
	[12, 10, 17, 17, 6, 1, 1, 19, 1, 1] => QQFieldElem[27//32, 0, 0, 0, 0, 0, 0, 0, 0, 0, 0, 0, 0, 0, 0, 0],
	[12, 10, 17, 17, 20, 1, 1, 21, 1, 1] => QQFieldElem[-1//4, 0, -1//4, 0, 0, 0, 1//4, 0, 1//2, 1//4, 0, 0, 0, 0, -1//4, -1//4],
	[12, 10, 17, 17, 21, 1, 1, 20, 1, 1] => QQFieldElem[1//4, 0, 0, 0, 0, 0, 0, 0, -1//2, 1//4, 1//4, 0, 0, 0, 1//4, -1//4],
	[12, 10, 17, 17, 9, 1, 1, 19, 1, 1] => QQFieldElem[0, 0, 0, 0, 0, 0, 0, 0, 0, 0, 0, 0, 0, 0, 0, 0],
	[12, 10, 17, 17, 6, 1, 1, 21, 1, 1] => QQFieldElem[27//32, 0, 0, 0, 0, 0, 0, 0, 0, 0, 0, 0, 0, 0, 0, 0],
	[12, 10, 17, 17, 19, 1, 1, 14, 1, 1] => QQFieldElem[0, 0, 0, 0, 0, 0, 0, 0, 0, 0, 0, 0, 0, 0, 0, 0],
	[12, 10, 17, 17, 9, 1, 1, 21, 1, 1] => QQFieldElem[0, 0, 0, 0, 0, 0, 0, 0, 0, 0, 0, 0, 0, 0, 0, 0],
	[12, 10, 17, 17, 14, 1, 1, 20, 1, 1] => QQFieldElem[0, 0, 0, 0, 0, 0, 0, 0, 0, 0, 0, 0, 0, 0, 0, 0],
	[12, 10, 17, 17, 20, 1, 1, 20, 1, 1] => QQFieldElem[1//4, -1//4, 1//4, 0, 0, 0, -1//4, -1//4, -1//2, 0, -1//4, 0, 0, 0, 0, 1//4],
	[12, 10, 17, 17, 19, 1, 1, 5, 1, 1] => QQFieldElem[0, 0, 0, -1//8, 0, -1//8, 0, 0, 0, 0, 0, 0, -1//8, 1//8, 0, 0],
	[12, 10, 17, 17, 6, 1, 1, 20, 1, 1] => QQFieldElem[27//32, 0, 0, 0, 0, 0, 0, 0, 0, 0, 0, 0, 0, 0, 0, 0],
	[12, 10, 17, 17, 9, 1, 1, 20, 1, 1] => QQFieldElem[0, 0, 0, 0, 0, 0, 0, 0, 0, 0, 0, 0, 0, 0, 0, 0],
	[12, 10, 17, 17, 19, 1, 1, 3, 1, 1] => QQFieldElem[0, 0, 0, -1//6, 0, -1//6, 0, 0, 0, 0, 0, 0, -1//6, 1//6, 0, 0],
	[12, 10, 17, 17, 21, 1, 1, 14, 1, 1] => QQFieldElem[0, 0, 0, 0, 0, 0, 0, 0, 0, 0, 0, 0, 0, 0, 0, 0],
	[12, 10, 17, 17, 19, 1, 1, 19, 1, 1] => QQFieldElem[0, 0, 1//4, 0, 0, 0, -1//4, 0, 0, 1//4, -1//4, 0, 0, 0, 0, -1//4],
	[12, 10, 17, 17, 19, 1, 1, 21, 1, 1] => QQFieldElem[-1//4, -1//4, 0, 0, 0, 0, 0, -1//4, 1//2, 0, 1//4, 0, 0, 0, 1//4, 1//4],
	[12, 10, 17, 17, 14, 1, 1, 14, 1, 1] => QQFieldElem[0, 0, 0, 0, 0, 0, 0, 0, 0, 0, 0, 0, 0, 0, 0, 3],
	[12, 10, 17, 17, 21, 1, 1, 5, 1, 1] => QQFieldElem[0, 0, 0, 0, 0, 0, 0, 0, 0, 0, 0, 1//8, -1//8, -1//8, 0, 0])