Dict(
	[12, 17, 14, 14, 10, 1, 1, 8, 1, 1] => QQFieldElem[0, 0, 0, 0, 0, 0, 0, 0, 0, 1//128, 0, 0, 0, 0, 0, 0],
	[12, 17, 14, 14, 13, 1, 1, 14, 1, 2] => QQFieldElem[1//2, 0, 0, 0, 0, 0, 0, 0, 0, 0, 0, 0, 1//2, 0, 0, 0],
	[12, 17, 14, 14, 17, 1, 1, 7, 1, 1] => QQFieldElem[0, 0, 0, 0, 0, 0, 0, 0, 0, 0, 0, 0, 0, 0, 0, 1//8],
	[12, 17, 14, 14, 13, 1, 1, 8, 1, 1] => QQFieldElem[0, 0, 0, 0, 0, 0, 0, 0, 0, -1//128, 0, 0, 0, 0, 0, 0],
	[12, 17, 14, 14, 15, 1, 1, 14, 1, 2] => QQFieldElem[1//2, 0, 0, 0, 0, 0, 0, 0, 0, 0, 0, 0, 1//2, 0, 0, 0],
	[12, 17, 14, 14, 10, 1, 1, 14, 1, 1] => QQFieldElem[-1//2, 0, 0, 0, 0, 0, 0, 0, 0, 0, 0, 0, 1//2, 0, 0, 0],
	[12, 17, 14, 14, 10, 1, 1, 7, 1, 1] => QQFieldElem[0, 0, 0, 0, 0, 0, 0, 0, 0, 0, 0, 0, 0, 0, 0, 1//8],
	[12, 17, 14, 14, 15, 1, 1, 8, 1, 1] => QQFieldElem[0, 0, 0, -9//1024, 0, 0, 0, 0, 0, 0, 0, 0, 0, 0, 0, 0],
	[12, 17, 14, 14, 13, 1, 1, 14, 1, 1] => QQFieldElem[0, 0, -9//16, 0, 0, 0, -9//16, 0, 0, 0, 9//16, 0, 0, 0, 0, 0],
	[12, 17, 14, 14, 17, 1, 1, 14, 1, 2] => QQFieldElem[-1//2, 0, 0, 0, 0, 0, 0, 0, 0, 0, 0, 0, 1//2, 0, 0, 0],
	[12, 17, 14, 14, 13, 1, 1, 7, 1, 1] => QQFieldElem[0, 0, 0, 0, 0, 0, 0, 0, 0, 0, 0, 0, 0, 0, 0, -1//8],
	[12, 17, 14, 14, 15, 1, 1, 14, 1, 1] => QQFieldElem[1//2, 0, 0, 0, 0, 0, 0, 0, 0, 0, 0, 0, 1//2, 0, 0, 0],
	[12, 17, 14, 14, 17, 1, 1, 8, 1, 1] => QQFieldElem[0, 0, 0, 0, 0, 0, 0, 0, 0, -1//128, 0, 0, 0, 0, 0, 0],
	[12, 17, 14, 14, 15, 1, 1, 7, 1, 1] => QQFieldElem[0, 0, 0, 0, 0, 0, 0, 0, 0, 9//64, 0, 0, 0, 0, 0, 0],
	[12, 17, 14, 14, 10, 1, 1, 14, 1, 2] => QQFieldElem[-1//2, 0, 0, 0, 0, 0, 0, 0, 0, 0, 0, 0, 1//2, 0, 0, 0],
	[12, 17, 14, 14, 17, 1, 1, 14, 1, 1] => QQFieldElem[0, 0, 9//16, 0, 0, 0, -9//16, 0, 0, 0, -9//16, 0, 0, 0, 0, 0])