Dict(
	[13, 18, 13, 11, 20, 1, 1, 7, 1, 1] => QQFieldElem[0, 0, 0, 0, 0, 0, 0, 0, 0, 0, 0, 0, 0, 0, 1//12, 0],
	[13, 18, 13, 11, 21, 1, 1, 21, 1, 1] => QQFieldElem[0, 0, 0, -1//3, 0, 0, 0, 0, 0, 0, 0, 1//3, -1//3, 0, 0, 0],
	[13, 18, 13, 11, 7, 1, 1, 20, 1, 1] => QQFieldElem[0, 0, 0, 0, 0, 0, 0, 0, 0, 0, 0, 0, 0, 0, 256//3, 0],
	[13, 18, 13, 11, 20, 1, 1, 19, 1, 1] => QQFieldElem[0, 0, 0, -1//3, 0, 0, 0, 0, 0, 0, 0, 1//3, -1//3, 0, 0, 0],
	[13, 18, 13, 11, 21, 1, 1, 20, 1, 1] => QQFieldElem[0, 0, 0, 1//3, 0, 0, 0, 0, 0, 0, 0, 0, -1//3, 0, 0, 0],
	[13, 18, 13, 11, 20, 1, 1, 21, 1, 1] => QQFieldElem[0, 0, 0, 1//3, 0, 0, 0, 0, 0, 0, 0, 0, -1//3, 0, 0, 0],
	[13, 18, 13, 11, 19, 1, 1, 7, 1, 1] => QQFieldElem[0, 0, 0, 0, 0, 0, -1//12, 0, 0, 0, 0, 0, 0, 0, 0, 0],
	[13, 18, 13, 11, 7, 1, 1, 7, 1, 1] => QQFieldElem[0, 0, 0, 0, 0, 0, 0, 0, 0, 0, 0, 0, 0, 0, 0, 0],
	[13, 18, 13, 11, 20, 1, 1, 20, 1, 1] => QQFieldElem[0, 0, 0, 0, 0, 0, 0, 0, 0, 0, 0, -1//3, -1//3, 0, 0, 0],
	[13, 18, 13, 11, 19, 1, 1, 19, 1, 1] => QQFieldElem[0, 0, 0, 1//3, 0, 0, 0, 0, 0, 0, 0, 0, -1//3, 0, 0, 0],
	[13, 18, 13, 11, 19, 1, 1, 21, 1, 1] => QQFieldElem[0, 0, 0, 0, 0, 0, 0, 0, 0, 0, 0, -1//3, -1//3, 0, 0, 0],
	[13, 18, 13, 11, 7, 1, 1, 19, 1, 1] => QQFieldElem[0, 0, 0, 0, 0, 0, -256//3, 0, 0, 0, 0, 0, 0, 0, 0, 0],
	[13, 18, 13, 11, 21, 1, 1, 7, 1, 1] => QQFieldElem[0, 0, 0, 0, 0, 0, 1//12, 0, 0, 0, 0, 0, 0, 0, -1//12, 0],
	[13, 18, 13, 11, 7, 1, 1, 21, 1, 1] => QQFieldElem[0, 0, 0, 0, 0, 0, 256//3, 0, 0, 0, 0, 0, 0, 0, -256//3, 0],
	[13, 18, 13, 11, 21, 1, 1, 19, 1, 1] => QQFieldElem[0, 0, 0, 0, 0, 0, 0, 0, 0, 0, 0, -1//3, -1//3, 0, 0, 0],
	[13, 18, 13, 11, 19, 1, 1, 20, 1, 1] => QQFieldElem[0, 0, 0, -1//3, 0, 0, 0, 0, 0, 0, 0, 1//3, -1//3, 0, 0, 0])