Dict(
	[13, 10, 17, 11, 20, 1, 1, 19, 1, 1] => QQFieldElem[0, -1//4, 0, 0, 0, 0, 0, 0, 0, 1//4, 0, 0, 1//4, 0, 0, 0],
	[13, 10, 17, 11, 6, 1, 1, 19, 1, 1] => QQFieldElem[0, 0, -32, 0, 0, 0, 0, 0, 0, 0, 32, 0, 0, 0, 0, 0],
	[13, 10, 17, 11, 21, 1, 1, 20, 1, 1] => QQFieldElem[0, 0, 0, 0, 0, 0, 0, 0, 0, -1//4, 0, 0, 1//4, 0, 0, 0],
	[13, 10, 17, 11, 20, 1, 1, 21, 1, 1] => QQFieldElem[0, 0, 0, 0, 0, 0, 0, 0, 0, -1//4, 0, 0, 1//4, 0, 0, 0],
	[13, 10, 17, 11, 6, 1, 1, 21, 1, 1] => QQFieldElem[0, 0, 32, 0, 0, 0, 0, 0, 0, 0, 0, 0, 0, 0, 0, 0],
	[13, 10, 17, 11, 21, 1, 1, 8, 1, 1] => QQFieldElem[0, 0, 0, 0, 1//12, 0, 0, 0, 0, 0, 0, 0, -1//12, 0, 0, 0],
	[13, 10, 17, 11, 20, 1, 1, 20, 1, 1] => QQFieldElem[0, 1//4, 0, 0, 0, 0, 0, 0, 0, 0, 0, 0, 1//4, 0, 0, 0],
	[13, 10, 17, 11, 6, 1, 1, 20, 1, 1] => QQFieldElem[0, 0, 0, 0, 0, 0, 0, 0, 0, 0, -32, 0, 0, 0, 0, 0],
	[13, 10, 17, 11, 19, 1, 1, 19, 1, 1] => QQFieldElem[0, 0, 0, 0, 0, 0, 0, 0, 0, -1//4, 0, 0, 1//4, 0, 0, 0],
	[13, 10, 17, 11, 20, 1, 1, 8, 1, 1] => QQFieldElem[0, 0, 0, 0, -1//12, 0, 0, 0, 0, 0, 0, 0, 0, 0, 0, 0],
	[13, 10, 17, 11, 6, 1, 1, 8, 1, 1] => QQFieldElem[0, 0, 0, 0, 0, 0, 0, 0, 0, 0, 0, 0, 0, 0, 0, 0],
	[13, 10, 17, 11, 19, 1, 1, 21, 1, 1] => QQFieldElem[0, 1//4, 0, 0, 0, 0, 0, 0, 0, 0, 0, 0, 1//4, 0, 0, 0],
	[13, 10, 17, 11, 19, 1, 1, 20, 1, 1] => QQFieldElem[0, -1//4, 0, 0, 0, 0, 0, 0, 0, 1//4, 0, 0, 1//4, 0, 0, 0],
	[13, 10, 17, 11, 21, 1, 1, 19, 1, 1] => QQFieldElem[0, 1//4, 0, 0, 0, 0, 0, 0, 0, 0, 0, 0, 1//4, 0, 0, 0],
	[13, 10, 17, 11, 21, 1, 1, 21, 1, 1] => QQFieldElem[0, -1//4, 0, 0, 0, 0, 0, 0, 0, 1//4, 0, 0, 1//4, 0, 0, 0],
	[13, 10, 17, 11, 19, 1, 1, 8, 1, 1] => QQFieldElem[0, 0, 0, 0, 0, 0, 0, 0, 0, 0, 0, 0, 1//12, 0, 0, 0])