Dict(
	[13, 13, 13, 11, 6, 1, 1, 6, 1, 1] => QQFieldElem[0, 0, 0, 0, 0, 0, 32//3, 0, 0, 0, 0, 0, 0, 0, 0, 0],
	[13, 13, 13, 11, 19, 1, 1, 21, 1, 1] => QQFieldElem[-1//3, 0, 0, 0, 0, 0, 0, 0, 2//3, 0, 0, 0, 0, 0, 0, 0],
	[13, 13, 13, 11, 21, 1, 1, 7, 1, 1] => QQFieldElem[0, 0, 0, 0, 0, 0, 0, 0, 0, 0, 0, 0, 0, 0, 0, 0],
	[13, 13, 13, 11, 5, 1, 1, 20, 1, 1] => QQFieldElem[9//16, 0, 0, 0, 0, 0, 0, 0, 0, 0, 0, 0, 0, 0, 0, 0],
	[13, 13, 13, 11, 5, 1, 1, 6, 1, 1] => QQFieldElem[0, 0, -9//4096, 0, 0, 0, 0, 0, 0, 0, 9//4096, 0, 0, 0, 0, 0],
	[13, 13, 13, 11, 6, 1, 1, 4, 1, 1] => QQFieldElem[256//3, 0, 0, 0, 0, 0, 0, 0, 0, 0, 0, 0, 0, 0, 0, 0],
	[13, 13, 13, 11, 7, 1, 1, 20, 1, 1] => QQFieldElem[0, 0, 0, 0, 0, 0, 0, 0, 0, 0, 0, 0, 0, 0, 0, 0],
	[13, 13, 13, 11, 20, 1, 1, 5, 1, 1] => QQFieldElem[1//96, 0, 0, 0, 0, 0, 0, 0, 0, 0, 0, 0, 0, 0, 0, 0],
	[13, 13, 13, 11, 7, 1, 1, 6, 1, 1] => QQFieldElem[0, 0, 0, 0, 0, 0, -32//3, 0, 0, 0, 0, 0, 0, 0, 0, 0],
	[13, 13, 13, 11, 20, 1, 1, 19, 1, 1] => QQFieldElem[1//3, 0, 0, 0, 0, 0, 0, 0, -2//3, 0, 0, 0, 0, 0, 0, 0],
	[13, 13, 13, 11, 21, 1, 1, 20, 1, 1] => QQFieldElem[0, 0, 0, 0, 0, 0, 0, 0, 0, 0, 0, 0, 0, 0, 0, 0],
	[13, 13, 13, 11, 5, 1, 1, 4, 1, 1] => QQFieldElem[0, 0, 0, 0, 0, 0, 0, 0, 0, 0, 0, 0, 0, 0, 0, 0],
	[13, 13, 13, 11, 21, 1, 1, 6, 1, 1] => QQFieldElem[0, 0, 0, 0, 0, 0, 0, 0, 0, 0, 0, 0, 0, 0, 0, 0],
	[13, 13, 13, 11, 19, 1, 1, 7, 1, 1] => QQFieldElem[0, 0, 0, 0, 0, 0, 0, 0, 0, 0, 0, 0, 0, 0, 0, 0],
	[13, 13, 13, 11, 7, 1, 1, 4, 1, 1] => QQFieldElem[256//3, 0, 0, 0, 0, 0, 0, 0, 0, 0, 0, 0, 0, 0, 0, 0],
	[13, 13, 13, 11, 4, 1, 1, 21, 1, 1] => QQFieldElem[9//16, 0, 0, 0, 0, 0, 0, 0, 0, 0, 0, 0, 0, 0, 0, 0],
	[13, 13, 13, 11, 21, 1, 1, 4, 1, 1] => QQFieldElem[1//96, 0, 0, 0, 0, 0, 0, 0, 0, 0, 0, 0, 0, 0, 0, 0],
	[13, 13, 13, 11, 19, 1, 1, 20, 1, 1] => QQFieldElem[1//3, 0, 0, 0, 0, 0, 0, 0, -2//3, 0, 0, 0, 0, 0, 0, 0],
	[13, 13, 13, 11, 19, 1, 1, 6, 1, 1] => QQFieldElem[0, 0, 0, 0, 0, 0, 0, 0, 0, 0, 0, 0, 0, 0, 0, 0],
	[13, 13, 13, 11, 6, 1, 1, 5, 1, 1] => QQFieldElem[-256//3, 0, 0, 0, 0, 0, 0, 0, 0, 0, 0, 0, 0, 0, 0, 0],
	[13, 13, 13, 11, 6, 1, 1, 19, 1, 1] => QQFieldElem[0, 0, 0, 0, 0, 0, 0, 0, 0, 0, 0, 0, 0, 0, 0, 0],
	[13, 13, 13, 11, 20, 1, 1, 21, 1, 1] => QQFieldElem[0, 0, 0, 0, 0, 0, 0, 0, 0, 0, 0, 0, 0, 0, 0, 0],
	[13, 13, 13, 11, 4, 1, 1, 7, 1, 1] => QQFieldElem[0, 0, -9//4096, 0, 0, 0, 0, 0, 0, 0, 9//4096, 0, 0, 0, 0, 0],
	[13, 13, 13, 11, 19, 1, 1, 4, 1, 1] => QQFieldElem[1//96, 0, 0, 0, 0, 0, 0, 0, 0, 0, 0, 0, 0, 0, 0, 0],
	[13, 13, 13, 11, 5, 1, 1, 5, 1, 1] => QQFieldElem[0, 0, 0, 0, 0, 0, 0, 0, 0, 0, 0, 0, 0, 0, 0, 0],
	[13, 13, 13, 11, 5, 1, 1, 19, 1, 1] => QQFieldElem[9//16, 0, 0, 0, 0, 0, 0, 0, 0, 0, 0, 0, 0, 0, 0, 0],
	[13, 13, 13, 11, 7, 1, 1, 5, 1, 1] => QQFieldElem[-256//3, 0, 0, 0, 0, 0, 0, 0, 0, 0, 0, 0, 0, 0, 0, 0],
	[13, 13, 13, 11, 7, 1, 1, 19, 1, 1] => QQFieldElem[0, 0, 0, 0, 0, 0, 0, 0, 0, 0, 0, 0, 0, 0, 0, 0],
	[13, 13, 13, 11, 21, 1, 1, 5, 1, 1] => QQFieldElem[1//96, 0, 0, 0, 0, 0, 0, 0, 0, 0, 0, 0, 0, 0, 0, 0],
	[13, 13, 13, 11, 4, 1, 1, 20, 1, 1] => QQFieldElem[9//16, 0, 0, 0, 0, 0, 0, 0, 0, 0, 0, 0, 0, 0, 0, 0],
	[13, 13, 13, 11, 21, 1, 1, 19, 1, 1] => QQFieldElem[-1//3, 0, 0, 0, 0, 0, 0, 0, 2//3, 0, 0, 0, 0, 0, 0, 0],
	[13, 13, 13, 11, 4, 1, 1, 6, 1, 1] => QQFieldElem[0, 0, 9//4096, 0, 0, 0, 0, 0, 0, 0, -9//4096, 0, 0, 0, 0, 0],
	[13, 13, 13, 11, 20, 1, 1, 7, 1, 1] => QQFieldElem[0, 0, 0, 0, 0, 0, 0, 0, 0, 0, 0, 0, 0, 0, 0, 0],
	[13, 13, 13, 11, 6, 1, 1, 21, 1, 1] => QQFieldElem[0, 0, 0, 0, 0, 0, 0, 0, 0, 0, 0, 0, 0, 0, 0, 0],
	[13, 13, 13, 11, 4, 1, 1, 4, 1, 1] => QQFieldElem[0, 0, 0, 0, 0, 0, 0, 0, 0, 0, 0, 0, 0, 0, 0, 0],
	[13, 13, 13, 11, 20, 1, 1, 20, 1, 1] => QQFieldElem[-1//3, 0, 0, 0, 0, 0, 0, 0, 2//3, 0, 0, 0, 0, 0, 0, 0],
	[13, 13, 13, 11, 19, 1, 1, 5, 1, 1] => QQFieldElem[1//96, 0, 0, 0, 0, 0, 0, 0, 0, 0, 0, 0, 0, 0, 0, 0],
	[13, 13, 13, 11, 20, 1, 1, 6, 1, 1] => QQFieldElem[0, 0, 0, 0, 0, 0, 0, 0, 0, 0, 0, 0, 0, 0, 0, 0],
	[13, 13, 13, 11, 19, 1, 1, 19, 1, 1] => QQFieldElem[0, 0, 0, 0, 0, 0, 0, 0, 0, 0, 0, 0, 0, 0, 0, 0],
	[13, 13, 13, 11, 5, 1, 1, 21, 1, 1] => QQFieldElem[9//16, 0, 0, 0, 0, 0, 0, 0, 0, 0, 0, 0, 0, 0, 0, 0],
	[13, 13, 13, 11, 7, 1, 1, 21, 1, 1] => QQFieldElem[0, 0, 0, 0, 0, 0, 0, 0, 0, 0, 0, 0, 0, 0, 0, 0],
	[13, 13, 13, 11, 20, 1, 1, 4, 1, 1] => QQFieldElem[1//96, 0, 0, 0, 0, 0, 0, 0, 0, 0, 0, 0, 0, 0, 0, 0],
	[13, 13, 13, 11, 21, 1, 1, 21, 1, 1] => QQFieldElem[1//3, 0, 0, 0, 0, 0, 0, 0, -2//3, 0, 0, 0, 0, 0, 0, 0],
	[13, 13, 13, 11, 6, 1, 1, 7, 1, 1] => QQFieldElem[0, 0, 0, 0, 0, 0, 32//3, 0, 0, 0, 0, 0, 0, 0, 0, 0],
	[13, 13, 13, 11, 5, 1, 1, 7, 1, 1] => QQFieldElem[0, 0, 9//4096, 0, 0, 0, 0, 0, 0, 0, -9//4096, 0, 0, 0, 0, 0],
	[13, 13, 13, 11, 4, 1, 1, 5, 1, 1] => QQFieldElem[0, 0, 0, 0, 0, 0, 0, 0, 0, 0, 0, 0, 0, 0, 0, 0],
	[13, 13, 13, 11, 7, 1, 1, 7, 1, 1] => QQFieldElem[0, 0, 0, 0, 0, 0, -32//3, 0, 0, 0, 0, 0, 0, 0, 0, 0],
	[13, 13, 13, 11, 4, 1, 1, 19, 1, 1] => QQFieldElem[9//16, 0, 0, 0, 0, 0, 0, 0, 0, 0, 0, 0, 0, 0, 0, 0],
	[13, 13, 13, 11, 6, 1, 1, 20, 1, 1] => QQFieldElem[0, 0, 0, 0, 0, 0, 0, 0, 0, 0, 0, 0, 0, 0, 0, 0])