Dict(
	[13, 10, 10, 11, 21, 1, 1, 20, 1, 1] => QQFieldElem[0, 0, 0, 0, 0, 0, 0, 0, 0, 0, 0, 0, 0, 0, 0, 0],
	[13, 10, 10, 11, 5, 1, 1, 4, 1, 1] => QQFieldElem[0, 0, 0, 0, 0, 0, 0, 0, 0, 0, 0, 0, 0, 0, 0, 0],
	[13, 10, 10, 11, 7, 1, 1, 4, 1, 1] => QQFieldElem[64//3, 0, 0, 0, 0, 0, 0, 0, 0, 0, 0, 0, 0, 0, 0, 0],
	[13, 10, 10, 11, 4, 1, 1, 21, 1, 1] => QQFieldElem[-3//4, 0, 0, 0, 0, 0, 0, 0, 0, 0, 0, 0, 0, 0, 0, 0],
	[13, 10, 10, 11, 20, 1, 1, 8, 1, 1] => QQFieldElem[0, 0, 0, 0, 0, 0, 0, 0, 0, 0, 0, 0, 0, 0, 0, 0],
	[13, 10, 10, 11, 4, 1, 1, 9, 1, 1] => QQFieldElem[0, 0, -3//512, 0, 0, 0, 0, 0, 0, 0, 3//512, 0, 0, 0, 0, 0],
	[13, 10, 10, 11, 21, 1, 1, 4, 1, 1] => QQFieldElem[1//128, 0, 0, 0, 0, 0, 0, 0, 0, 0, 0, 0, 0, 0, 0, 0],
	[13, 10, 10, 11, 19, 1, 1, 20, 1, 1] => QQFieldElem[-1//4, 0, 0, 0, 0, 0, 0, 0, 1//2, 0, 0, 0, 0, 0, 0, 0],
	[13, 10, 10, 11, 6, 1, 1, 5, 1, 1] => QQFieldElem[-64//3, 0, 0, 0, 0, 0, 0, 0, 0, 0, 0, 0, 0, 0, 0, 0],
	[13, 10, 10, 11, 6, 1, 1, 19, 1, 1] => QQFieldElem[0, 0, 0, 0, 0, 0, 0, 0, 0, 0, 0, 0, 0, 0, 0, 0],
	[13, 10, 10, 11, 20, 1, 1, 21, 1, 1] => QQFieldElem[0, 0, 0, 0, 0, 0, 0, 0, 0, 0, 0, 0, 0, 0, 0, 0],
	[13, 10, 10, 11, 20, 1, 1, 9, 1, 1] => QQFieldElem[0, 0, 0, 0, 0, 0, 0, 0, 0, 0, 0, 0, 0, 0, 0, 0],
	[13, 10, 10, 11, 19, 1, 1, 4, 1, 1] => QQFieldElem[1//128, 0, 0, 0, 0, 0, 0, 0, 0, 0, 0, 0, 0, 0, 0, 0],
	[13, 10, 10, 11, 5, 1, 1, 5, 1, 1] => QQFieldElem[0, 0, 0, 0, 0, 0, 0, 0, 0, 0, 0, 0, 0, 0, 0, 0],
	[13, 10, 10, 11, 7, 1, 1, 5, 1, 1] => QQFieldElem[-64//3, 0, 0, 0, 0, 0, 0, 0, 0, 0, 0, 0, 0, 0, 0, 0],
	[13, 10, 10, 11, 5, 1, 1, 19, 1, 1] => QQFieldElem[-3//4, 0, 0, 0, 0, 0, 0, 0, 0, 0, 0, 0, 0, 0, 0, 0],
	[13, 10, 10, 11, 6, 1, 1, 8, 1, 1] => QQFieldElem[0, 0, 0, 0, 0, 0, 16//3, 0, 0, 0, 0, 0, 0, 0, 0, 0],
	[13, 10, 10, 11, 7, 1, 1, 19, 1, 1] => QQFieldElem[0, 0, 0, 0, 0, 0, 0, 0, 0, 0, 0, 0, 0, 0, 0, 0],
	[13, 10, 10, 11, 21, 1, 1, 5, 1, 1] => QQFieldElem[1//128, 0, 0, 0, 0, 0, 0, 0, 0, 0, 0, 0, 0, 0, 0, 0],
	[13, 10, 10, 11, 4, 1, 1, 20, 1, 1] => QQFieldElem[-3//4, 0, 0, 0, 0, 0, 0, 0, 0, 0, 0, 0, 0, 0, 0, 0],
	[13, 10, 10, 11, 21, 1, 1, 19, 1, 1] => QQFieldElem[1//4, 0, 0, 0, 0, 0, 0, 0, -1//2, 0, 0, 0, 0, 0, 0, 0],
	[13, 10, 10, 11, 5, 1, 1, 8, 1, 1] => QQFieldElem[0, 0, -3//512, 0, 0, 0, 0, 0, 0, 0, 3//512, 0, 0, 0, 0, 0],
	[13, 10, 10, 11, 7, 1, 1, 8, 1, 1] => QQFieldElem[0, 0, 0, 0, 0, 0, -16//3, 0, 0, 0, 0, 0, 0, 0, 0, 0],
	[13, 10, 10, 11, 6, 1, 1, 21, 1, 1] => QQFieldElem[0, 0, 0, 0, 0, 0, 0, 0, 0, 0, 0, 0, 0, 0, 0, 0],
	[13, 10, 10, 11, 4, 1, 1, 4, 1, 1] => QQFieldElem[0, 0, 0, 0, 0, 0, 0, 0, 0, 0, 0, 0, 0, 0, 0, 0],
	[13, 10, 10, 11, 6, 1, 1, 9, 1, 1] => QQFieldElem[0, 0, 0, 0, 0, 0, 16//3, 0, 0, 0, 0, 0, 0, 0, 0, 0],
	[13, 10, 10, 11, 21, 1, 1, 8, 1, 1] => QQFieldElem[0, 0, 0, 0, 0, 0, 0, 0, 0, 0, 0, 0, 0, 0, 0, 0],
	[13, 10, 10, 11, 20, 1, 1, 20, 1, 1] => QQFieldElem[1//4, 0, 0, 0, 0, 0, 0, 0, -1//2, 0, 0, 0, 0, 0, 0, 0],
	[13, 10, 10, 11, 19, 1, 1, 5, 1, 1] => QQFieldElem[1//128, 0, 0, 0, 0, 0, 0, 0, 0, 0, 0, 0, 0, 0, 0, 0],
	[13, 10, 10, 11, 19, 1, 1, 19, 1, 1] => QQFieldElem[0, 0, 0, 0, 0, 0, 0, 0, 0, 0, 0, 0, 0, 0, 0, 0],
	[13, 10, 10, 11, 5, 1, 1, 21, 1, 1] => QQFieldElem[-3//4, 0, 0, 0, 0, 0, 0, 0, 0, 0, 0, 0, 0, 0, 0, 0],
	[13, 10, 10, 11, 5, 1, 1, 9, 1, 1] => QQFieldElem[0, 0, 3//512, 0, 0, 0, 0, 0, 0, 0, -3//512, 0, 0, 0, 0, 0],
	[13, 10, 10, 11, 7, 1, 1, 21, 1, 1] => QQFieldElem[0, 0, 0, 0, 0, 0, 0, 0, 0, 0, 0, 0, 0, 0, 0, 0],
	[13, 10, 10, 11, 7, 1, 1, 9, 1, 1] => QQFieldElem[0, 0, 0, 0, 0, 0, -16//3, 0, 0, 0, 0, 0, 0, 0, 0, 0],
	[13, 10, 10, 11, 20, 1, 1, 4, 1, 1] => QQFieldElem[1//128, 0, 0, 0, 0, 0, 0, 0, 0, 0, 0, 0, 0, 0, 0, 0],
	[13, 10, 10, 11, 21, 1, 1, 21, 1, 1] => QQFieldElem[-1//4, 0, 0, 0, 0, 0, 0, 0, 1//2, 0, 0, 0, 0, 0, 0, 0],
	[13, 10, 10, 11, 21, 1, 1, 9, 1, 1] => QQFieldElem[0, 0, 0, 0, 0, 0, 0, 0, 0, 0, 0, 0, 0, 0, 0, 0],
	[13, 10, 10, 11, 19, 1, 1, 8, 1, 1] => QQFieldElem[0, 0, 0, 0, 0, 0, 0, 0, 0, 0, 0, 0, 0, 0, 0, 0],
	[13, 10, 10, 11, 4, 1, 1, 5, 1, 1] => QQFieldElem[0, 0, 0, 0, 0, 0, 0, 0, 0, 0, 0, 0, 0, 0, 0, 0],
	[13, 10, 10, 11, 4, 1, 1, 19, 1, 1] => QQFieldElem[-3//4, 0, 0, 0, 0, 0, 0, 0, 0, 0, 0, 0, 0, 0, 0, 0],
	[13, 10, 10, 11, 6, 1, 1, 20, 1, 1] => QQFieldElem[0, 0, 0, 0, 0, 0, 0, 0, 0, 0, 0, 0, 0, 0, 0, 0],
	[13, 10, 10, 11, 19, 1, 1, 21, 1, 1] => QQFieldElem[1//4, 0, 0, 0, 0, 0, 0, 0, -1//2, 0, 0, 0, 0, 0, 0, 0],
	[13, 10, 10, 11, 19, 1, 1, 9, 1, 1] => QQFieldElem[0, 0, 0, 0, 0, 0, 0, 0, 0, 0, 0, 0, 0, 0, 0, 0],
	[13, 10, 10, 11, 5, 1, 1, 20, 1, 1] => QQFieldElem[-3//4, 0, 0, 0, 0, 0, 0, 0, 0, 0, 0, 0, 0, 0, 0, 0],
	[13, 10, 10, 11, 4, 1, 1, 8, 1, 1] => QQFieldElem[0, 0, 3//512, 0, 0, 0, 0, 0, 0, 0, -3//512, 0, 0, 0, 0, 0],
	[13, 10, 10, 11, 7, 1, 1, 20, 1, 1] => QQFieldElem[0, 0, 0, 0, 0, 0, 0, 0, 0, 0, 0, 0, 0, 0, 0, 0],
	[13, 10, 10, 11, 6, 1, 1, 4, 1, 1] => QQFieldElem[64//3, 0, 0, 0, 0, 0, 0, 0, 0, 0, 0, 0, 0, 0, 0, 0],
	[13, 10, 10, 11, 20, 1, 1, 5, 1, 1] => QQFieldElem[1//128, 0, 0, 0, 0, 0, 0, 0, 0, 0, 0, 0, 0, 0, 0, 0],
	[13, 10, 10, 11, 20, 1, 1, 19, 1, 1] => QQFieldElem[-1//4, 0, 0, 0, 0, 0, 0, 0, 1//2, 0, 0, 0, 0, 0, 0, 0])