Dict(
	[13, 10, 18, 13, 19, 1, 1, 8, 1, 1] => QQFieldElem[0, 0, 1//18, 0, 0, 0, 0, 0, 0, 0, -1//18, 0, 0, 0, 0, 0],
	[13, 10, 18, 13, 14, 1, 1, 19, 1, 1] => QQFieldElem[0, 0, 32, 0, 0, 0, 0, 0, 0, 0, -32, 0, 0, 0, 0, 0],
	[13, 10, 18, 13, 14, 1, 1, 21, 1, 1] => QQFieldElem[0, 0, -32, 0, 0, 0, 0, 0, 0, 0, 0, 0, 0, 0, 0, 0],
	[13, 10, 18, 13, 20, 1, 1, 19, 1, 1] => QQFieldElem[0, 0, 0, 0, 0, 1//4, 0, 0, 0, 0, 0, 0, 1//4, 0, 0, 0],
	[13, 10, 18, 13, 21, 1, 1, 20, 1, 1] => QQFieldElem[0, 0, 0, 0, 0, -1//4, 0, 0, 0, 0, 0, 0, 1//4, 1//4, 0, 0],
	[13, 10, 18, 13, 20, 1, 1, 21, 1, 1] => QQFieldElem[0, 0, 0, 0, 0, -1//4, 0, 0, 0, 0, 0, 0, 1//4, 1//4, 0, 0],
	[13, 10, 18, 13, 14, 1, 1, 20, 1, 1] => QQFieldElem[0, 0, 0, 0, 0, 0, 0, 0, 0, 0, 32, 0, 0, 0, 0, 0],
	[13, 10, 18, 13, 21, 1, 1, 8, 1, 1] => QQFieldElem[0, 0, -1//18, 0, 0, 0, 0, 0, 0, 0, 0, 0, 0, 0, 0, 0],
	[13, 10, 18, 13, 20, 1, 1, 20, 1, 1] => QQFieldElem[0, 0, 0, 0, 0, 0, 0, 0, 0, 0, 0, 0, 1//4, -1//4, 0, 0],
	[13, 10, 18, 13, 14, 1, 1, 8, 1, 1] => QQFieldElem[0, 0, 0, 0, 0, 0, 0, 0, 0, 0, 0, 0, 0, 0, 0, 0],
	[13, 10, 18, 13, 19, 1, 1, 19, 1, 1] => QQFieldElem[0, 0, 0, 0, 0, -1//4, 0, 0, 0, 0, 0, 0, 1//4, 1//4, 0, 0],
	[13, 10, 18, 13, 20, 1, 1, 8, 1, 1] => QQFieldElem[0, 0, 0, 0, 0, 0, 0, 0, 0, 0, 1//18, 0, 0, 0, 0, 0],
	[13, 10, 18, 13, 19, 1, 1, 21, 1, 1] => QQFieldElem[0, 0, 0, 0, 0, 0, 0, 0, 0, 0, 0, 0, 1//4, -1//4, 0, 0],
	[13, 10, 18, 13, 19, 1, 1, 20, 1, 1] => QQFieldElem[0, 0, 0, 0, 0, 1//4, 0, 0, 0, 0, 0, 0, 1//4, 0, 0, 0],
	[13, 10, 18, 13, 21, 1, 1, 19, 1, 1] => QQFieldElem[0, 0, 0, 0, 0, 0, 0, 0, 0, 0, 0, 0, 1//4, -1//4, 0, 0],
	[13, 10, 18, 13, 21, 1, 1, 21, 1, 1] => QQFieldElem[0, 0, 0, 0, 0, 1//4, 0, 0, 0, 0, 0, 0, 1//4, 0, 0, 0])