Dict(
	[13, 16, 10, 15, 21, 1, 1, 7, 1, 1] => QQFieldElem[0, 0, 0, 0, 0, 0, 0, 0, 0, 0, 0, 0, 0, 0, -1//6, 0],
	[13, 16, 10, 15, 8, 1, 1, 19, 1, 1] => QQFieldElem[0, 0, 0, 0, 0, 0, 1, 0, 0, 0, 0, 0, 0, 0, 0, 0],
	[13, 16, 10, 15, 8, 1, 1, 21, 1, 1] => QQFieldElem[0, 0, 0, 0, 0, 0, 0, 0, 0, 0, 0, 0, 0, 0, -1, 0],
	[13, 16, 10, 15, 14, 1, 1, 7, 1, 1] => QQFieldElem[0, 0, -1//4, 0, 0, 0, 0, 0, 0, 0, 1//4, 0, -1//4, 0, 0, 0],
	[13, 16, 10, 15, 20, 1, 1, 14, 1, 1] => QQFieldElem[0, 0, 0, 0, 0, 0, 0, 0, 0, 0, 0, 0, 0, 0, 0, 0],
	[13, 16, 10, 15, 21, 1, 1, 19, 1, 1] => QQFieldElem[0, 0, 0, 0, 1//3, 0, 1//3, 0, 0, 0, 0, 0, 0, 0, 0, 0],
	[13, 16, 10, 15, 19, 1, 1, 20, 1, 1] => QQFieldElem[0, 0, 0, 0, -1//3, 0, 1//3, 0, 0, 0, 0, 0, 1//3, 0, 0, 0],
	[13, 16, 10, 15, 21, 1, 1, 21, 1, 1] => QQFieldElem[0, 0, 0, 0, -1//3, 0, 1//3, 0, 0, 0, 0, 0, 1//3, 0, 0, 0],
	[13, 16, 10, 15, 7, 1, 1, 20, 1, 1] => QQFieldElem[0, 0, 0, 0, 0, 0, -4//3, 0, 0, 0, 0, 0, 0, 0, 4//3, 0],
	[13, 16, 10, 15, 20, 1, 1, 7, 1, 1] => QQFieldElem[0, 0, 0, 0, 0, 0, -1//6, 0, 0, 0, 0, 0, 0, 0, 1//6, 0],
	[13, 16, 10, 15, 19, 1, 1, 8, 1, 1] => QQFieldElem[0, 0, 0, 0, 0, 0, 1//6, 0, 0, 0, 0, 0, 0, 0, 0, 0],
	[13, 16, 10, 15, 14, 1, 1, 19, 1, 1] => QQFieldElem[0, 0, 0, 0, 0, 0, 0, 0, 0, 0, 0, 0, 0, 0, 0, 0],
	[13, 16, 10, 15, 8, 1, 1, 20, 1, 1] => QQFieldElem[0, 0, 0, 0, 0, 0, -1, 0, 0, 0, 0, 0, 0, 0, 1, 0],
	[13, 16, 10, 15, 7, 1, 1, 8, 1, 1] => QQFieldElem[0, 0, 1//3, 0, 0, 0, 0, 0, 0, 0, -1//3, 0, -1//3, 0, 0, 0],
	[13, 16, 10, 15, 14, 1, 1, 21, 1, 1] => QQFieldElem[0, 0, 0, 0, 0, 0, 0, 0, 0, 0, 0, 0, 0, 0, 0, 0],
	[13, 16, 10, 15, 20, 1, 1, 19, 1, 1] => QQFieldElem[0, 0, 0, 0, -1//3, 0, 1//3, 0, 0, 0, 0, 0, 1//3, 0, 0, 0],
	[13, 16, 10, 15, 20, 1, 1, 21, 1, 1] => QQFieldElem[0, 0, 0, 0, 0, 0, 1//3, 0, 0, 0, 0, 0, -1//3, 0, 0, 0],
	[13, 16, 10, 15, 8, 1, 1, 8, 1, 1] => QQFieldElem[0, 0, -1//4, 0, 0, 0, 0, 0, 0, 0, 1//4, 0, 1//4, 0, 0, 0],
	[13, 16, 10, 15, 21, 1, 1, 20, 1, 1] => QQFieldElem[0, 0, 0, 0, 0, 0, 1//3, 0, 0, 0, 0, 0, -1//3, 0, 0, 0],
	[13, 16, 10, 15, 19, 1, 1, 14, 1, 1] => QQFieldElem[0, 0, 0, 0, 0, 0, 0, 0, 0, 0, 0, 0, 0, 0, 0, 0],
	[13, 16, 10, 15, 21, 1, 1, 8, 1, 1] => QQFieldElem[0, 0, 0, 0, 0, 0, 0, 0, 0, 0, 0, 0, 0, 0, -1//6, 0],
	[13, 16, 10, 15, 7, 1, 1, 14, 1, 1] => QQFieldElem[0, 0, -2//3, 0, 0, 0, 0, 0, 0, 0, 2//3, 0, -2//3, 0, 0, 0],
	[13, 16, 10, 15, 14, 1, 1, 20, 1, 1] => QQFieldElem[0, 0, 0, 0, 0, 0, 0, 0, 0, 0, 0, 0, 0, 0, 0, 0],
	[13, 16, 10, 15, 19, 1, 1, 7, 1, 1] => QQFieldElem[0, 0, 0, 0, 0, 0, 1//6, 0, 0, 0, 0, 0, 0, 0, 0, 0],
	[13, 16, 10, 15, 8, 1, 1, 14, 1, 1] => QQFieldElem[0, 0, 1//2, 0, 0, 0, 0, 0, 0, 0, -1//2, 0, 1//2, 0, 0, 0],
	[13, 16, 10, 15, 7, 1, 1, 7, 1, 1] => QQFieldElem[0, 0, -1//3, 0, 0, 0, 0, 0, 0, 0, 1//3, 0, 1//3, 0, 0, 0],
	[13, 16, 10, 15, 20, 1, 1, 20, 1, 1] => QQFieldElem[0, 0, 0, 0, 1//3, 0, 1//3, 0, 0, 0, 0, 0, 0, 0, 0, 0],
	[13, 16, 10, 15, 14, 1, 1, 8, 1, 1] => QQFieldElem[0, 0, 1//4, 0, 0, 0, 0, 0, 0, 0, -1//4, 0, 1//4, 0, 0, 0],
	[13, 16, 10, 15, 20, 1, 1, 8, 1, 1] => QQFieldElem[0, 0, 0, 0, 0, 0, -1//6, 0, 0, 0, 0, 0, 0, 0, 1//6, 0],
	[13, 16, 10, 15, 21, 1, 1, 14, 1, 1] => QQFieldElem[0, 0, 0, 0, 0, 0, 0, 0, 0, 0, 0, 0, 0, 0, 0, 0],
	[13, 16, 10, 15, 19, 1, 1, 19, 1, 1] => QQFieldElem[0, 0, 0, 0, 0, 0, 1//3, 0, 0, 0, 0, 0, -1//3, 0, 0, 0],
	[13, 16, 10, 15, 8, 1, 1, 7, 1, 1] => QQFieldElem[0, 0, 1//4, 0, 0, 0, 0, 0, 0, 0, -1//4, 0, -1//4, 0, 0, 0],
	[13, 16, 10, 15, 7, 1, 1, 19, 1, 1] => QQFieldElem[0, 0, 0, 0, 0, 0, 4//3, 0, 0, 0, 0, 0, 0, 0, 0, 0],
	[13, 16, 10, 15, 19, 1, 1, 21, 1, 1] => QQFieldElem[0, 0, 0, 0, 1//3, 0, 1//3, 0, 0, 0, 0, 0, 0, 0, 0, 0],
	[13, 16, 10, 15, 14, 1, 1, 14, 1, 1] => QQFieldElem[0, 0, -1//2, 0, 0, 0, 0, 0, 0, 0, 1//2, 0, 1//2, 0, 0, 0],
	[13, 16, 10, 15, 7, 1, 1, 21, 1, 1] => QQFieldElem[0, 0, 0, 0, 0, 0, 0, 0, 0, 0, 0, 0, 0, 0, -4//3, 0])