Dict(
	[13, 12, 17, 15, 19, 1, 1, 19, 1, 1] => QQFieldElem[-1//2, 0, 1//4, 0, 0, 0, 1//4, 0, 0, 1//4, -1//4, 0, 0, 0, 0, -1//4],
	[13, 12, 17, 15, 7, 1, 1, 3, 1, 1] => QQFieldElem[0, 0, 0, 0, 0, 0, 0, 0, 0, 0, 0, 0, 0, 0, 0, 0],
	[13, 12, 17, 15, 19, 1, 1, 21, 1, 1] => QQFieldElem[1//4, -1//4, 0, 0, 0, 0, 0, -1//4, 0, 0, 1//4, 0, 0, 0, -1//4, 1//4],
	[13, 12, 17, 15, 7, 1, 1, 19, 1, 1] => QQFieldElem[27//16, 0, 0, 0, 0, 0, 0, 0, 0, 0, 0, 0, 0, 0, 0, 0],
	[13, 12, 17, 15, 21, 1, 1, 4, 1, 1] => QQFieldElem[0, 0, 0, 0, 0, 0, 0, 0, 0, 0, 0, 1//8, 1//8, 1//8, 0, 0],
	[13, 12, 17, 15, 14, 1, 1, 14, 1, 1] => QQFieldElem[0, 0, 0, 0, 0, 0, 0, 0, 0, 0, 0, 0, 0, 0, 0, -3],
	[13, 12, 17, 15, 7, 1, 1, 21, 1, 1] => QQFieldElem[27//16, 0, 0, 0, 0, 0, 0, 0, 0, 0, 0, 0, 0, 0, 0, 0],
	[13, 12, 17, 15, 8, 1, 1, 3, 1, 1] => QQFieldElem[-3//8, 0, 0, 0, 0, 0, 0, 0, 0, 0, 0, 0, 0, 0, 0, 0],
	[13, 12, 17, 15, 8, 1, 1, 19, 1, 1] => QQFieldElem[0, 0, 0, 0, 0, 0, 0, 0, 0, 0, 0, 0, 0, 0, 0, 0],
	[13, 12, 17, 15, 14, 1, 1, 4, 1, 1] => QQFieldElem[0, 0, 0, 0, 0, 0, 0, 0, 0, 0, 0, 0, 0, 0, 0, 3//2],
	[13, 12, 17, 15, 8, 1, 1, 21, 1, 1] => QQFieldElem[0, 0, 0, 0, 0, 0, 0, 0, 0, 0, 0, 0, 0, 0, 0, 0],
	[13, 12, 17, 15, 20, 1, 1, 14, 1, 1] => QQFieldElem[0, 0, 0, 0, 0, 0, 0, 0, 0, 0, 0, 0, 0, 0, 0, 0],
	[13, 12, 17, 15, 21, 1, 1, 3, 1, 1] => QQFieldElem[0, 0, 0, 0, 0, 0, 0, 0, 0, 0, 0, 1//6, 1//6, 1//6, 0, 0],
	[13, 12, 17, 15, 21, 1, 1, 19, 1, 1] => QQFieldElem[-1//2, -1//4, -1//4, 0, 0, 0, -1//4, -1//4, 0, 0, 0, 0, 0, 0, 1//4, 1//4],
	[13, 12, 17, 15, 19, 1, 1, 20, 1, 1] => QQFieldElem[1//4, 1//4, -1//4, 0, 0, 0, -1//4, 1//4, 0, -1//4, 0, 0, 0, 0, 1//4, 0],
	[13, 12, 17, 15, 20, 1, 1, 4, 1, 1] => QQFieldElem[0, 0, 0, 1//8, 0, -1//8, 0, 0, 0, 0, 0, -1//8, 1//8, 0, 0, 0],
	[13, 12, 17, 15, 21, 1, 1, 21, 1, 1] => QQFieldElem[1//4, 1//4, 1//4, 0, 0, 0, 1//4, 1//4, 0, -1//4, -1//4, 0, 0, 0, 0, 0],
	[13, 12, 17, 15, 7, 1, 1, 20, 1, 1] => QQFieldElem[27//16, 0, 0, 0, 0, 0, 0, 0, 0, 0, 0, 0, 0, 0, 0, 0],
	[13, 12, 17, 15, 14, 1, 1, 3, 1, 1] => QQFieldElem[0, 0, 0, 0, 0, 0, 0, 0, 0, 0, 0, 0, 0, 0, 0, -2],
	[13, 12, 17, 15, 14, 1, 1, 19, 1, 1] => QQFieldElem[0, 0, 0, 0, 0, 0, 0, 0, 0, 0, 0, 0, 0, 0, 0, 0],
	[13, 12, 17, 15, 14, 1, 1, 21, 1, 1] => QQFieldElem[0, 0, 0, 0, 0, 0, 0, 0, 0, 0, 0, 0, 0, 0, 0, 0],
	[13, 12, 17, 15, 8, 1, 1, 20, 1, 1] => QQFieldElem[0, 0, 0, 0, 0, 0, 0, 0, 0, 0, 0, 0, 0, 0, 0, 0],
	[13, 12, 17, 15, 20, 1, 1, 3, 1, 1] => QQFieldElem[0, 0, 0, 1//6, 0, -1//6, 0, 0, 0, 0, 0, -1//6, 1//6, 0, 0, 0],
	[13, 12, 17, 15, 20, 1, 1, 19, 1, 1] => QQFieldElem[-1//2, 1//4, 0, 0, 0, 0, 0, 1//4, 0, -1//4, 1//4, 0, 0, 0, -1//4, 0],
	[13, 12, 17, 15, 21, 1, 1, 20, 1, 1] => QQFieldElem[1//4, 0, 0, 0, 0, 0, 0, 0, 0, 1//4, 1//4, 0, 0, 0, -1//4, -1//4],
	[13, 12, 17, 15, 20, 1, 1, 21, 1, 1] => QQFieldElem[1//4, 0, -1//4, 0, 0, 0, -1//4, 0, 0, 1//4, 0, 0, 0, 0, 1//4, -1//4],
	[13, 12, 17, 15, 19, 1, 1, 14, 1, 1] => QQFieldElem[0, 0, 0, 0, 0, 0, 0, 0, 0, 0, 0, 0, 0, 0, 0, 0],
	[13, 12, 17, 15, 14, 1, 1, 20, 1, 1] => QQFieldElem[0, 0, 0, 0, 0, 0, 0, 0, 0, 0, 0, 0, 0, 0, 0, 0],
	[13, 12, 17, 15, 7, 1, 1, 14, 1, 1] => QQFieldElem[0, 0, 0, 0, 0, 0, 0, 0, 0, 0, 0, 0, 0, 0, 0, 0],
	[13, 12, 17, 15, 19, 1, 1, 4, 1, 1] => QQFieldElem[0, 0, 0, -1//8, 0, 1//8, 0, 0, 0, 0, 0, 0, 1//8, -1//8, 0, 0],
	[13, 12, 17, 15, 7, 1, 1, 4, 1, 1] => QQFieldElem[0, 0, 0, 0, 0, 0, 0, 0, 0, 0, 0, 0, 0, 0, 0, 0],
	[13, 12, 17, 15, 8, 1, 1, 14, 1, 1] => QQFieldElem[9//16, 0, 0, 0, 0, 0, 0, 0, 0, 0, 0, 0, 0, 0, 0, 0],
	[13, 12, 17, 15, 20, 1, 1, 20, 1, 1] => QQFieldElem[1//4, -1//4, 1//4, 0, 0, 0, 1//4, -1//4, 0, 0, -1//4, 0, 0, 0, 0, 1//4],
	[13, 12, 17, 15, 8, 1, 1, 4, 1, 1] => QQFieldElem[9//32, 0, 0, 0, 0, 0, 0, 0, 0, 0, 0, 0, 0, 0, 0, 0],
	[13, 12, 17, 15, 19, 1, 1, 3, 1, 1] => QQFieldElem[0, 0, 0, -1//6, 0, 1//6, 0, 0, 0, 0, 0, 0, 1//6, -1//6, 0, 0],
	[13, 12, 17, 15, 21, 1, 1, 14, 1, 1] => QQFieldElem[0, 0, 0, 0, 0, 0, 0, 0, 0, 0, 0, 0, 0, 0, 0, 0])