Dict(
	[13, 10, 21, 20, 13, 1, 1, 19, 1, 1] => QQFieldElem[0, 0, 0, 0, 0, 0, 0, 1//4, 0, 1//4, 0, 0, 0, 0, 0, 0],
	[13, 10, 21, 20, 10, 1, 1, 20, 1, 1] => QQFieldElem[9//64, 0, 0, 0, 0, 0, 0, 0, -27//64, 0, 0, 0, 0, 0, 0, 0],
	[13, 10, 21, 20, 11, 1, 1, 21, 1, 1] => QQFieldElem[27//64, 0, 0, 0, 0, 0, 0, 0, 27//64, 0, 0, 0, 0, 0, 0, 0],
	[13, 10, 21, 20, 11, 1, 1, 9, 1, 1] => QQFieldElem[0, 0, 0, 0, 0, 0, 0, 0, -27//128, 0, 0, 0, 0, 0, 0, 0],
	[13, 10, 21, 20, 15, 1, 1, 21, 1, 1] => QQFieldElem[0, 0, 0, 0, 0, 1//4, 0, 0, 0, 0, 0, 1//4, 0, 0, 0, 0],
	[13, 10, 21, 20, 15, 1, 1, 9, 1, 1] => QQFieldElem[0, 0, 0, 0, 0, 0, 0, 0, 3//8, 0, 0, 0, 1//8, 0, 0, 0],
	[13, 10, 21, 20, 16, 1, 1, 5, 1, 1] => QQFieldElem[0, 0, 0, 0, 0, 0, 0, 0, 3//8, 0, 0, 0, 1//8, 0, 0, 0],
	[13, 10, 21, 20, 18, 1, 1, 20, 1, 1] => QQFieldElem[0, 1//4, 0, 0, 0, 0, 0, 0, 0, 0, 0, 0, 0, 0, 0, 1//4],
	[13, 10, 21, 20, 10, 1, 1, 19, 1, 2] => QQFieldElem[27//64, 0, 0, 0, 0, 0, 0, 0, 27//64, 0, 0, 0, 0, 0, 0, 0],
	[13, 10, 21, 20, 13, 1, 1, 8, 1, 1] => QQFieldElem[0, 0, -32//3, 0, -32//3, 0, 0, 0, 0, 0, 0, 0, 32//3, 0, 0, 0],
	[13, 10, 21, 20, 16, 1, 1, 19, 1, 1] => QQFieldElem[16, 0, 0, 0, 0, 0, -16, 0, -16, 0, 0, 0, 0, 0, 16, 0],
	[13, 10, 21, 20, 17, 1, 1, 21, 1, 1] => QQFieldElem[0, 0, 0, 1//4, 0, -1//4, 0, 0, 0, 0, 0, -1//4, 0, 1//4, 0, 0],
	[13, 10, 21, 20, 12, 1, 1, 5, 1, 1] => QQFieldElem[0, 0, -8, 0, 8, 0, 0, 0, 0, 0, 0, 0, -8, 0, 0, 0],
	[13, 10, 21, 20, 10, 1, 1, 4, 1, 1] => QQFieldElem[-3//8, 0, 0, 0, 0, 0, 0, 0, 15//32, 0, 0, 0, 0, 0, 0, 0],
	[13, 10, 21, 20, 18, 1, 1, 19, 1, 2] => QQFieldElem[0, 0, 0, 1//4, 0, 0, 0, 0, 0, 0, 0, 0, 0, 1//4, 0, 0],
	[13, 10, 21, 20, 17, 1, 1, 9, 1, 1] => QQFieldElem[0, 0, 0, 0, 0, 0, 0, 0, 0, 0, 0, 0, 1//8, 0, 0, 0],
	[13, 10, 21, 20, 12, 1, 1, 19, 1, 1] => QQFieldElem[0, 1//4, 0, 0, 0, 0, 0, -1//4, 0, -1//4, 0, 0, 0, 0, 0, 1//4],
	[13, 10, 21, 20, 18, 1, 1, 4, 1, 1] => QQFieldElem[0, 0, 0, 0, 0, 0, 0, 0, 0, 0, 0, 0, 1//6, 0, 0, 0],
	[13, 10, 21, 20, 16, 1, 1, 8, 1, 1] => QQFieldElem[0, 0, 0, 0, 0, 0, 0, 0, 1//2, 0, 0, 0, 1//6, 0, 0, 0],
	[13, 10, 21, 20, 13, 1, 1, 21, 1, 1] => QQFieldElem[-16, 0, 0, 0, 0, 0, -16, 0, 16, 0, 0, 0, 0, 0, 16, 0],
	[13, 10, 21, 20, 12, 1, 1, 8, 1, 1] => QQFieldElem[0, 0, 32//3, 0, -32//3, 0, 0, 0, 0, 0, 0, 0, 32//3, 0, 0, 0],
	[13, 10, 21, 20, 13, 1, 1, 9, 1, 1] => QQFieldElem[0, 0, -8, 0, -8, 0, 0, 0, 0, 0, 0, 0, 8, 0, 0, 0],
	[13, 10, 21, 20, 11, 1, 1, 20, 1, 1] => QQFieldElem[27//64, 0, 0, 0, 0, 0, 0, 0, 27//64, 0, 0, 0, 0, 0, 0, 0],
	[13, 10, 21, 20, 15, 1, 1, 20, 1, 1] => QQFieldElem[0, -1//4, 0, 0, 0, 0, 0, 1//4, 0, 1//4, 0, 0, 0, 0, 0, -1//4],
	[13, 10, 21, 20, 16, 1, 1, 21, 1, 1] => QQFieldElem[0, 0, 0, 0, 0, 1//4, 0, 0, 0, 0, 0, 1//4, 0, 0, 0, 0],
	[13, 10, 21, 20, 16, 1, 1, 9, 1, 1] => QQFieldElem[0, 0, 0, 0, 0, 0, 0, 0, -3//8, 0, 0, 0, 1//8, 0, 0, 0],
	[13, 10, 21, 20, 11, 1, 1, 19, 1, 2] => QQFieldElem[16, 0, 0, 0, 0, 0, 16, 0, -16, 0, 0, 0, 0, 0, -16, 0],
	[13, 10, 21, 20, 10, 1, 1, 5, 1, 1] => QQFieldElem[9//32, 0, 0, 0, 0, 0, 0, 0, -45//128, 0, 0, 0, 0, 0, 0, 0],
	[13, 10, 21, 20, 12, 1, 1, 21, 1, 1] => QQFieldElem[16, 0, 0, 0, 0, 0, -16, 0, -16, 0, 0, 0, 0, 0, 16, 0],
	[13, 10, 21, 20, 15, 1, 1, 19, 1, 2] => QQFieldElem[27//64, 0, 0, 0, 0, 0, 0, 0, 27//64, 0, 0, 0, 0, 0, 0, 0],
	[13, 10, 21, 20, 10, 1, 1, 19, 1, 1] => QQFieldElem[9//64, 0, 0, 0, 0, 0, 0, 0, -27//64, 0, 0, 0, 0, 0, 0, 0],
	[13, 10, 21, 20, 17, 1, 1, 20, 1, 1] => QQFieldElem[0, 0, 0, 0, 0, 0, 0, -1//4, 0, -1//4, 0, 0, 0, 0, 0, 0],
	[13, 10, 21, 20, 12, 1, 1, 9, 1, 1] => QQFieldElem[0, 0, 8, 0, -8, 0, 0, 0, 0, 0, 0, 0, 8, 0, 0, 0],
	[13, 10, 21, 20, 11, 1, 1, 4, 1, 1] => QQFieldElem[0, 0, 0, 0, 0, 0, 0, 0, 9//32, 0, 0, 0, 0, 0, 0, 0],
	[13, 10, 21, 20, 18, 1, 1, 5, 1, 1] => QQFieldElem[0, 0, 0, 0, 0, 0, 0, 0, 0, 0, 0, 0, 1//8, 0, 0, 0],
	[13, 10, 21, 20, 15, 1, 1, 4, 1, 1] => QQFieldElem[0, 0, 0, 0, 0, 0, 0, 0, 1//2, 0, 0, 0, 1//6, 0, 0, 0],
	[13, 10, 21, 20, 18, 1, 1, 19, 1, 1] => QQFieldElem[0, 0, 0, -1//4, 0, 1//4, 0, 0, 0, 0, 0, 1//4, 0, -1//4, 0, 0],
	[13, 10, 21, 20, 17, 1, 1, 19, 1, 2] => QQFieldElem[0, 0, 0, 0, 0, -1//4, 0, 0, 0, 0, 0, -1//4, 0, 0, 0, 0],
	[13, 10, 21, 20, 10, 1, 1, 8, 1, 1] => QQFieldElem[-3//8, 0, 0, 0, 0, 0, 0, 0, 15//32, 0, 0, 0, 0, 0, 0, 0],
	[13, 10, 21, 20, 17, 1, 1, 4, 1, 1] => QQFieldElem[0, 0, 0, 0, 0, 0, 0, 0, 0, 0, 0, 0, 1//6, 0, 0, 0],
	[13, 10, 21, 20, 13, 1, 1, 20, 1, 1] => QQFieldElem[16, 0, 0, 0, 0, 0, 16, 0, -16, 0, 0, 0, 0, 0, -16, 0],
	[13, 10, 21, 20, 18, 1, 1, 8, 1, 1] => QQFieldElem[0, 0, 0, 0, 0, 0, 0, 0, 0, 0, 0, 0, 1//6, 0, 0, 0],
	[13, 10, 21, 20, 13, 1, 1, 19, 1, 2] => QQFieldElem[0, -1//4, 0, 0, 0, 0, 0, 0, 0, 0, 0, 0, 0, 0, 0, -1//4],
	[13, 10, 21, 20, 16, 1, 1, 20, 1, 1] => QQFieldElem[0, -1//4, 0, 0, 0, 0, 0, 1//4, 0, 1//4, 0, 0, 0, 0, 0, -1//4],
	[13, 10, 21, 20, 13, 1, 1, 4, 1, 1] => QQFieldElem[0, 0, 32//3, 0, 32//3, 0, 0, 0, 0, 0, 0, 0, -32//3, 0, 0, 0],
	[13, 10, 21, 20, 10, 1, 1, 21, 1, 1] => QQFieldElem[9//64, 0, 0, 0, 0, 0, 0, 0, -27//64, 0, 0, 0, 0, 0, 0, 0],
	[13, 10, 21, 20, 10, 1, 1, 9, 1, 1] => QQFieldElem[9//32, 0, 0, 0, 0, 0, 0, 0, -45//128, 0, 0, 0, 0, 0, 0, 0],
	[13, 10, 21, 20, 12, 1, 1, 20, 1, 1] => QQFieldElem[-16, 0, 0, 0, 0, 0, 16, 0, 16, 0, 0, 0, 0, 0, -16, 0],
	[13, 10, 21, 20, 11, 1, 1, 5, 1, 1] => QQFieldElem[0, 0, 0, 0, 0, 0, 0, 0, -27//128, 0, 0, 0, 0, 0, 0, 0],
	[13, 10, 21, 20, 16, 1, 1, 19, 1, 2] => QQFieldElem[-16, 0, 0, 0, 0, 0, -16, 0, 16, 0, 0, 0, 0, 0, 16, 0],
	[13, 10, 21, 20, 18, 1, 1, 21, 1, 1] => QQFieldElem[0, 0, 0, -1//4, 0, 0, 0, 0, 0, 0, 0, 0, 0, -1//4, 0, 0],
	[13, 10, 21, 20, 15, 1, 1, 5, 1, 1] => QQFieldElem[0, 0, 0, 0, 0, 0, 0, 0, -3//8, 0, 0, 0, 1//8, 0, 0, 0],
	[13, 10, 21, 20, 11, 1, 1, 19, 1, 1] => QQFieldElem[-16, 0, 0, 0, 0, 0, 16, 0, 16, 0, 0, 0, 0, 0, -16, 0],
	[13, 10, 21, 20, 18, 1, 1, 9, 1, 1] => QQFieldElem[0, 0, 0, 0, 0, 0, 0, 0, 0, 0, 0, 0, 1//8, 0, 0, 0],
	[13, 10, 21, 20, 15, 1, 1, 19, 1, 1] => QQFieldElem[9//64, 0, 0, 0, 0, 0, 0, 0, -27//64, 0, 0, 0, 0, 0, 0, 0],
	[13, 10, 21, 20, 16, 1, 1, 4, 1, 1] => QQFieldElem[0, 0, 0, 0, 0, 0, 0, 0, -1//2, 0, 0, 0, 1//6, 0, 0, 0],
	[13, 10, 21, 20, 12, 1, 1, 19, 1, 2] => QQFieldElem[0, 1//4, 0, 0, 0, 0, 0, -1//4, 0, -1//4, 0, 0, 0, 0, 0, 1//4],
	[13, 10, 21, 20, 17, 1, 1, 5, 1, 1] => QQFieldElem[0, 0, 0, 0, 0, 0, 0, 0, 0, 0, 0, 0, 1//8, 0, 0, 0],
	[13, 10, 21, 20, 12, 1, 1, 4, 1, 1] => QQFieldElem[0, 0, -32//3, 0, 32//3, 0, 0, 0, 0, 0, 0, 0, -32//3, 0, 0, 0],
	[13, 10, 21, 20, 17, 1, 1, 19, 1, 1] => QQFieldElem[0, 0, 0, 0, 0, -1//4, 0, 0, 0, 0, 0, -1//4, 0, 0, 0, 0],
	[13, 10, 21, 20, 11, 1, 1, 8, 1, 1] => QQFieldElem[0, 0, 0, 0, 0, 0, 0, 0, 9//32, 0, 0, 0, 0, 0, 0, 0],
	[13, 10, 21, 20, 15, 1, 1, 8, 1, 1] => QQFieldElem[0, 0, 0, 0, 0, 0, 0, 0, -1//2, 0, 0, 0, 1//6, 0, 0, 0],
	[13, 10, 21, 20, 13, 1, 1, 5, 1, 1] => QQFieldElem[0, 0, 8, 0, 8, 0, 0, 0, 0, 0, 0, 0, -8, 0, 0, 0],
	[13, 10, 21, 20, 17, 1, 1, 8, 1, 1] => QQFieldElem[0, 0, 0, 0, 0, 0, 0, 0, 0, 0, 0, 0, 1//6, 0, 0, 0])