Dict(
	[13, 11, 19, 19, 10, 1, 1, 20, 1, 1] => QQFieldElem[-512//3, 0, 0, 0, 0, 0, 0, 0, 0, 0, 0, 0, 0, 0, 0, 0],
	[13, 11, 19, 19, 11, 1, 1, 21, 1, 1] => QQFieldElem[9//8, 0, 0, 0, 0, 0, 0, 0, 0, 0, 0, 0, 0, 0, 0, 0],
	[13, 11, 19, 19, 13, 1, 1, 2, 1, 1] => QQFieldElem[0, 0, 0, 0, 0, 0, 0, 0, 0, 0, 0, 0, 64//3, 0, 0, 0],
	[13, 11, 19, 19, 15, 1, 1, 21, 1, 1] => QQFieldElem[0, 0, 0, -1//3, 0, 1//3, 0, 0, 0, 0, 0, 0, 0, -1//3, 0, 0],
	[13, 11, 19, 19, 18, 1, 1, 20, 1, 1] => QQFieldElem[0, 1//3, 0, 0, 0, 0, 0, -1//3, 0, -1//3, 0, 0, 0, 0, 0, 0],
	[13, 11, 19, 19, 16, 1, 1, 5, 1, 1] => QQFieldElem[-1//2, 0, 0, 0, 0, 0, 0, 0, 0, 0, 0, 0, -1//6, 0, 0, 0],
	[13, 11, 19, 19, 11, 1, 1, 14, 1, 2] => QQFieldElem[0, 0, 0, 0, 0, 0, 0, 0, 0, 0, 0, 0, -64//3, 0, 0, 0],
	[13, 11, 19, 19, 10, 1, 1, 19, 1, 2] => QQFieldElem[9//8, 0, 0, 0, 0, 0, 0, 0, 0, 0, 0, 0, 0, 0, 0, 0],
	[13, 11, 19, 19, 16, 1, 1, 19, 1, 1] => QQFieldElem[0, 0, 0, 0, 0, 0, -128//3, 0, 0, 0, 0, 0, 0, 0, 0, 0],
	[13, 11, 19, 19, 15, 1, 1, 14, 1, 2] => QQFieldElem[9//16, 0, 0, 0, 0, 0, 0, 0, 0, 0, 0, 0, 0, 0, 0, 0],
	[13, 11, 19, 19, 10, 1, 1, 14, 1, 1] => QQFieldElem[256//3, 0, 0, 0, 0, 0, 0, 0, 0, 0, 0, 0, 0, 0, 0, 0],
	[13, 11, 19, 19, 17, 1, 1, 21, 1, 1] => QQFieldElem[0, 0, 0, 0, 0, 0, 0, 0, 0, 0, 0, 1//3, 0, 1//3, 0, 0],
	[13, 11, 19, 19, 12, 1, 1, 5, 1, 1] => QQFieldElem[0, 0, 0, 0, 0, 0, 0, 0, 0, 0, 0, 0, -64//3, 0, 0, 0],
	[13, 11, 19, 19, 18, 1, 1, 19, 1, 2] => QQFieldElem[0, 0, 0, -1//3, 0, 1//3, 0, 0, 0, 0, 0, 1//3, 0, 0, 0, 0],
	[13, 11, 19, 19, 16, 1, 1, 2, 1, 1] => QQFieldElem[-1//2, 0, 0, 0, 0, 0, 0, 0, 0, 0, 0, 0, 1//6, 0, 0, 0],
	[13, 11, 19, 19, 12, 1, 1, 19, 1, 1] => QQFieldElem[0, 0, 0, 0, 0, 0, 0, 0, 0, -1//3, 0, 0, 0, 0, 0, -1//3],
	[13, 11, 19, 19, 18, 1, 1, 14, 1, 1] => QQFieldElem[0, 0, 0, 0, 0, 0, 0, 0, 0, 0, 0, 0, -1//6, 0, 0, 0],
	[13, 11, 19, 19, 17, 1, 1, 14, 1, 2] => QQFieldElem[1//2, 0, 0, 0, 0, 0, 0, 0, 0, 0, 0, 0, -1//6, 0, 0, 0],
	[13, 11, 19, 19, 12, 1, 1, 2, 1, 1] => QQFieldElem[0, 0, 0, 0, 0, 0, 0, 0, 0, 0, 0, 0, 64//3, 0, 0, 0],
	[13, 11, 19, 19, 13, 1, 1, 21, 1, 1] => QQFieldElem[0, 0, 0, 0, 0, 0, 128//3, 0, 0, 0, 0, 0, 0, 0, 0, 0],
	[13, 11, 19, 19, 13, 1, 1, 14, 1, 2] => QQFieldElem[0, 0, 0, 0, 0, 0, 0, 0, 0, 0, 0, 0, 1//6, 0, 0, 0],
	[13, 11, 19, 19, 11, 1, 1, 20, 1, 1] => QQFieldElem[9//8, 0, 0, 0, 0, 0, 0, 0, 0, 0, 0, 0, 0, 0, 0, 0],
	[13, 11, 19, 19, 16, 1, 1, 21, 1, 1] => QQFieldElem[0, 0, 0, -1//3, 0, 1//3, 0, 0, 0, 0, 0, 0, 0, -1//3, 0, 0],
	[13, 11, 19, 19, 15, 1, 1, 20, 1, 1] => QQFieldElem[0, 0, 0, 0, 0, 0, 0, 0, 0, 1//3, 0, 0, 0, 0, 0, 1//3],
	[13, 11, 19, 19, 11, 1, 1, 19, 1, 2] => QQFieldElem[0, 0, 0, 0, 0, 0, -128//3, 0, 0, 0, 0, 0, 0, 0, 0, 0],
	[13, 11, 19, 19, 10, 1, 1, 5, 1, 1] => QQFieldElem[256//3, 0, 0, 0, 0, 0, 0, 0, 0, 0, 0, 0, 0, 0, 0, 0],
	[13, 11, 19, 19, 16, 1, 1, 14, 1, 2] => QQFieldElem[0, 0, 0, 0, 0, 0, 0, 0, 0, 0, 0, 0, 64//3, 0, 0, 0],
	[13, 11, 19, 19, 12, 1, 1, 21, 1, 1] => QQFieldElem[0, 0, 0, 0, 0, 0, -128//3, 0, 0, 0, 0, 0, 0, 0, 0, 0],
	[13, 11, 19, 19, 15, 1, 1, 19, 1, 2] => QQFieldElem[9//8, 0, 0, 0, 0, 0, 0, 0, 0, 0, 0, 0, 0, 0, 0, 0],
	[13, 11, 19, 19, 11, 1, 1, 14, 1, 1] => QQFieldElem[0, 0, 0, 0, 0, 0, 0, 0, 0, 0, 0, 0, -64//3, 0, 0, 0],
	[13, 11, 19, 19, 10, 1, 1, 19, 1, 1] => QQFieldElem[-512//3, 0, 0, 0, 0, 0, 0, 0, 0, 0, 0, 0, 0, 0, 0, 0],
	[13, 11, 19, 19, 17, 1, 1, 20, 1, 1] => QQFieldElem[0, -1//3, 0, 0, 0, 0, 0, 1//3, 0, 0, 0, 0, 0, 0, 0, -1//3],
	[13, 11, 19, 19, 15, 1, 1, 14, 1, 1] => QQFieldElem[256//3, 0, 0, 0, 0, 0, 0, 0, 0, 0, 0, 0, 0, 0, 0, 0],
	[13, 11, 19, 19, 18, 1, 1, 5, 1, 1] => QQFieldElem[0, 0, 0, 0, 0, 0, 0, 0, 0, 0, 0, 0, -1//6, 0, 0, 0],
	[13, 11, 19, 19, 12, 1, 1, 14, 1, 2] => QQFieldElem[1//2, 0, 0, 0, 0, 0, 0, 0, 0, 0, 0, 0, 1//6, 0, 0, 0],
	[13, 11, 19, 19, 18, 1, 1, 19, 1, 1] => QQFieldElem[0, 0, 0, 0, 0, 0, 0, 0, 0, 0, 0, -1//3, 0, -1//3, 0, 0],
	[13, 11, 19, 19, 10, 1, 1, 2, 1, 1] => QQFieldElem[256//3, 0, 0, 0, 0, 0, 0, 0, 0, 0, 0, 0, 0, 0, 0, 0],
	[13, 11, 19, 19, 17, 1, 1, 19, 1, 2] => QQFieldElem[0, 0, 0, 1//3, 0, -1//3, 0, 0, 0, 0, 0, 0, 0, 1//3, 0, 0],
	[13, 11, 19, 19, 17, 1, 1, 14, 1, 1] => QQFieldElem[-1//2, 0, 0, 0, 0, 0, 0, 0, 0, 0, 0, 0, -1//6, 0, 0, 0],
	[13, 11, 19, 19, 18, 1, 1, 2, 1, 1] => QQFieldElem[0, 0, 0, 0, 0, 0, 0, 0, 0, 0, 0, 0, 1//6, 0, 0, 0],
	[13, 11, 19, 19, 13, 1, 1, 20, 1, 1] => QQFieldElem[0, 0, 0, 0, 0, 0, -128//3, 0, 0, 0, 0, 0, 0, 0, 0, 0],
	[13, 11, 19, 19, 13, 1, 1, 19, 1, 2] => QQFieldElem[0, -1//3, 0, 0, 0, 0, 0, 1//3, 0, 1//3, 0, 0, 0, 0, 0, 0],
	[13, 11, 19, 19, 13, 1, 1, 14, 1, 1] => QQFieldElem[0, 0, 0, 0, 0, 0, 0, 0, 0, 0, 0, 0, 1//6, 0, 0, 0],
	[13, 11, 19, 19, 16, 1, 1, 20, 1, 1] => QQFieldElem[0, 0, 0, 0, 0, 0, 0, 0, 0, 1//3, 0, 0, 0, 0, 0, 1//3],
	[13, 11, 19, 19, 10, 1, 1, 21, 1, 1] => QQFieldElem[-512//3, 0, 0, 0, 0, 0, 0, 0, 0, 0, 0, 0, 0, 0, 0, 0],
	[13, 11, 19, 19, 12, 1, 1, 20, 1, 1] => QQFieldElem[0, 0, 0, 0, 0, 0, 128//3, 0, 0, 0, 0, 0, 0, 0, 0, 0],
	[13, 11, 19, 19, 11, 1, 1, 5, 1, 1] => QQFieldElem[9//16, 0, 0, 0, 0, 0, 0, 0, 0, 0, 0, 0, 0, 0, 0, 0],
	[13, 11, 19, 19, 16, 1, 1, 19, 1, 2] => QQFieldElem[0, 0, 0, 0, 0, 0, 128//3, 0, 0, 0, 0, 0, 0, 0, 0, 0],
	[13, 11, 19, 19, 18, 1, 1, 21, 1, 1] => QQFieldElem[0, 0, 0, 1//3, 0, -1//3, 0, 0, 0, 0, 0, -1//3, 0, 0, 0, 0],
	[13, 11, 19, 19, 15, 1, 1, 5, 1, 1] => QQFieldElem[1//2, 0, 0, 0, 0, 0, 0, 0, 0, 0, 0, 0, -1//6, 0, 0, 0],
	[13, 11, 19, 19, 11, 1, 1, 19, 1, 1] => QQFieldElem[0, 0, 0, 0, 0, 0, 128//3, 0, 0, 0, 0, 0, 0, 0, 0, 0],
	[13, 11, 19, 19, 10, 1, 1, 14, 1, 2] => QQFieldElem[9//16, 0, 0, 0, 0, 0, 0, 0, 0, 0, 0, 0, 0, 0, 0, 0],
	[13, 11, 19, 19, 16, 1, 1, 14, 1, 1] => QQFieldElem[0, 0, 0, 0, 0, 0, 0, 0, 0, 0, 0, 0, 64//3, 0, 0, 0],
	[13, 11, 19, 19, 15, 1, 1, 19, 1, 1] => QQFieldElem[-512//3, 0, 0, 0, 0, 0, 0, 0, 0, 0, 0, 0, 0, 0, 0, 0],
	[13, 11, 19, 19, 12, 1, 1, 19, 1, 2] => QQFieldElem[0, 0, 0, 0, 0, 0, 0, 0, 0, -1//3, 0, 0, 0, 0, 0, -1//3],
	[13, 11, 19, 19, 18, 1, 1, 14, 1, 2] => QQFieldElem[0, 0, 0, 0, 0, 0, 0, 0, 0, 0, 0, 0, -1//6, 0, 0, 0],
	[13, 11, 19, 19, 11, 1, 1, 2, 1, 1] => QQFieldElem[9//16, 0, 0, 0, 0, 0, 0, 0, 0, 0, 0, 0, 0, 0, 0, 0],
	[13, 11, 19, 19, 12, 1, 1, 14, 1, 1] => QQFieldElem[-1//2, 0, 0, 0, 0, 0, 0, 0, 0, 0, 0, 0, 1//6, 0, 0, 0],
	[13, 11, 19, 19, 17, 1, 1, 5, 1, 1] => QQFieldElem[0, 0, 0, 0, 0, 0, 0, 0, 0, 0, 0, 0, -1//6, 0, 0, 0],
	[13, 11, 19, 19, 15, 1, 1, 2, 1, 1] => QQFieldElem[1//2, 0, 0, 0, 0, 0, 0, 0, 0, 0, 0, 0, 1//6, 0, 0, 0],
	[13, 11, 19, 19, 17, 1, 1, 19, 1, 1] => QQFieldElem[0, 0, 0, 1//3, 0, -1//3, 0, 0, 0, 0, 0, 0, 0, 1//3, 0, 0],
	[13, 11, 19, 19, 17, 1, 1, 2, 1, 1] => QQFieldElem[0, 0, 0, 0, 0, 0, 0, 0, 0, 0, 0, 0, 1//6, 0, 0, 0],
	[13, 11, 19, 19, 13, 1, 1, 5, 1, 1] => QQFieldElem[0, 0, 0, 0, 0, 0, 0, 0, 0, 0, 0, 0, -64//3, 0, 0, 0],
	[13, 11, 19, 19, 13, 1, 1, 19, 1, 1] => QQFieldElem[0, 1//3, 0, 0, 0, 0, 0, -1//3, 0, 0, 0, 0, 0, 0, 0, 1//3])