Dict(
	[13, 11, 14, 14, 15, 1, 1, 14, 1, 2] => QQFieldElem[0, 0, 0, 0, 0, 0, 0, 0, 0, 0, 0, 0, 0, 0, 0, 128//3],
	[13, 11, 14, 14, 12, 1, 1, 5, 1, 1] => QQFieldElem[0, 0, 9//8, 0, 0, 0, 0, 0, 0, 0, -9//8, 0, 0, 0, 0, 0],
	[13, 11, 14, 14, 18, 1, 1, 3, 1, 2] => QQFieldElem[0, 0, 0, 0, 0, 0, 0, 0, 0, 0, 0, 0, 0, 0, 0, -128//3],
	[13, 11, 14, 14, 12, 1, 1, 3, 1, 1] => QQFieldElem[0, 0, 0, 0, 0, 0, 0, 0, 0, 0, 0, 0, 0, 0, 0, 0],
	[13, 11, 14, 14, 16, 1, 1, 2, 1, 1] => QQFieldElem[0, 0, 0, 0, 0, 0, 0, 0, 0, 0, 0, 0, -9//512, 0, 0, 0],
	[13, 11, 14, 14, 11, 1, 1, 3, 1, 2] => QQFieldElem[1//8, 0, 0, 0, 0, 0, 0, 0, 0, 0, 0, 0, 0, 0, 0, 0],
	[13, 11, 14, 14, 17, 1, 1, 2, 1, 1] => QQFieldElem[0, 0, 0, 0, 0, 0, 0, 0, 0, 0, 0, 0, 0, 0, 0, 0],
	[13, 11, 14, 14, 18, 1, 1, 14, 1, 1] => QQFieldElem[0, 0, 0, 0, 0, -48, 0, 0, 0, 0, 0, 0, 0, 48, 0, 0],
	[13, 11, 14, 14, 16, 1, 1, 14, 1, 2] => QQFieldElem[0, 0, 9//8, 0, 0, 0, 0, 0, 0, 0, -9//8, 0, 0, 0, 0, 0],
	[13, 11, 14, 14, 17, 1, 1, 14, 1, 2] => QQFieldElem[0, 0, 0, 0, 0, 0, 0, 0, 0, 0, 0, 0, 0, 0, 0, 0],
	[13, 11, 14, 14, 15, 1, 1, 3, 1, 2] => QQFieldElem[0, 0, 0, 0, 0, 0, 0, 0, 0, 0, 0, 0, 0, 0, 0, 0],
	[13, 11, 14, 14, 11, 1, 1, 14, 1, 1] => QQFieldElem[0, 0, 128, 0, 0, 0, 0, 0, 0, 0, -128, 0, 0, 0, 0, 0],
	[13, 11, 14, 14, 12, 1, 1, 2, 1, 1] => QQFieldElem[0, 0, 0, 0, 0, 0, 0, 0, 0, 0, 0, 0, -9//512, 0, 0, 0],
	[13, 11, 14, 14, 15, 1, 1, 14, 1, 1] => QQFieldElem[0, 0, 0, 0, 0, 0, 0, 0, 0, -48, 0, 0, 0, 0, 0, 0],
	[13, 11, 14, 14, 18, 1, 1, 5, 1, 1] => QQFieldElem[0, 0, 0, 128//3, 0, 0, 0, 0, 0, 0, 0, 0, 0, 0, 0, 0],
	[13, 11, 14, 14, 12, 1, 1, 14, 1, 2] => QQFieldElem[0, 0, 0, 0, 0, 0, 0, 0, 0, 0, 0, 0, 0, 0, 0, 0],
	[13, 11, 14, 14, 18, 1, 1, 3, 1, 1] => QQFieldElem[0, 0, 0, 0, 0, 0, 0, 0, 0, 48, 0, 0, 0, 0, 0, 0],
	[13, 11, 14, 14, 11, 1, 1, 5, 1, 1] => QQFieldElem[0, 0, -128, 0, 0, 0, 0, 0, 0, 0, 128, 0, 0, 0, 0, 0],
	[13, 11, 14, 14, 16, 1, 1, 3, 1, 2] => QQFieldElem[0, 0, -9//8, 0, 0, 0, 0, 0, 0, 0, 9//8, 0, 0, 0, 0, 0],
	[13, 11, 14, 14, 17, 1, 1, 3, 1, 2] => QQFieldElem[0, 0, 0, 0, 0, 0, 0, 0, 0, 0, 0, 0, 0, 0, 0, 0],
	[13, 11, 14, 14, 11, 1, 1, 3, 1, 1] => QQFieldElem[64//9, 0, 0, 0, 0, 0, 0, 0, 0, 0, 0, 0, 0, 0, 0, 0],
	[13, 11, 14, 14, 15, 1, 1, 5, 1, 1] => QQFieldElem[9//8, 0, 0, 0, 0, 0, 0, 0, 0, 0, 0, 0, 0, 0, 0, 0],
	[13, 11, 14, 14, 16, 1, 1, 14, 1, 1] => QQFieldElem[0, 0, -128, 0, 0, 0, 0, 0, 0, 0, 128, 0, 0, 0, 0, 0],
	[13, 11, 14, 14, 15, 1, 1, 3, 1, 1] => QQFieldElem[0, 0, 0, 0, 0, 0, 0, 0, 0, 0, 0, 0, 0, 0, 0, 0],
	[13, 11, 14, 14, 17, 1, 1, 14, 1, 1] => QQFieldElem[9//8, 0, 0, 0, 0, 0, 0, 0, 0, 0, 0, 0, 0, 0, 0, 0],
	[13, 11, 14, 14, 18, 1, 1, 2, 1, 1] => QQFieldElem[0, 0, 0, 0, 0, 0, 0, 0, 0, 0, 0, 0, 0, 0, 0, 0],
	[13, 11, 14, 14, 12, 1, 1, 3, 1, 2] => QQFieldElem[-1//8, 0, 0, 0, 0, 0, 0, 0, 0, 0, 0, 0, 0, 0, 0, 0],
	[13, 11, 14, 14, 18, 1, 1, 14, 1, 2] => QQFieldElem[0, 0, 0, -128//3, 0, 0, 0, 0, 0, 0, 0, 0, 0, 0, 0, 0],
	[13, 11, 14, 14, 11, 1, 1, 2, 1, 1] => QQFieldElem[0, 0, 0, 0, 0, 0, 0, 0, 0, 0, 0, 0, -1, 0, 0, 0],
	[13, 11, 14, 14, 16, 1, 1, 5, 1, 1] => QQFieldElem[0, 0, 0, 0, 0, 0, 0, 0, 0, 0, 0, 0, 0, 0, 0, 0],
	[13, 11, 14, 14, 12, 1, 1, 14, 1, 1] => QQFieldElem[9//8, 0, 0, 0, 0, 0, 0, 0, 0, 0, 0, 0, 0, 0, 0, 0],
	[13, 11, 14, 14, 17, 1, 1, 5, 1, 1] => QQFieldElem[0, 0, 0, 0, 0, 48, 0, 0, 0, 0, 0, 0, 0, -48, 0, 0],
	[13, 11, 14, 14, 11, 1, 1, 14, 1, 2] => QQFieldElem[0, 0, -9//8, 0, 0, 0, 0, 0, 0, 0, 9//8, 0, 0, 0, 0, 0],
	[13, 11, 14, 14, 15, 1, 1, 2, 1, 1] => QQFieldElem[0, 0, 0, 0, 0, 0, 0, 0, 0, 0, 0, 0, 0, 0, 0, 0],
	[13, 11, 14, 14, 16, 1, 1, 3, 1, 1] => QQFieldElem[0, 0, 128, 0, 0, 0, 0, 0, 0, 0, -128, 0, 0, 0, 0, 0],
	[13, 11, 14, 14, 17, 1, 1, 3, 1, 1] => QQFieldElem[9//8, 0, 0, 0, 0, 0, 0, 0, 0, 0, 0, 0, 0, 0, 0, 0])