Dict(
	[13, 12, 11, 16, 20, 1, 1, 14, 1, 1] => QQFieldElem[0, 0, 0, 0, 0, 0, 0, 0, 0, 0, 0, 0, 0, 0, 1//128, 0],
	[13, 12, 11, 16, 6, 1, 1, 14, 1, 1] => QQFieldElem[0, 0, 0, 0, 0, 0, 0, 0, 0, 0, 0, 0, 0, 0, 0, 0],
	[13, 12, 11, 16, 19, 1, 1, 20, 1, 1] => QQFieldElem[0, 0, 0, 1//4, 0, 0, 0, 0, 0, 0, 0, -1//4, 1//4, 0, 0, 0],
	[13, 12, 11, 16, 21, 1, 1, 19, 1, 1] => QQFieldElem[0, 0, 0, 0, 0, 0, 0, 0, 0, 0, 0, 1//4, 1//4, 0, 0, 0],
	[13, 12, 11, 16, 21, 1, 1, 21, 1, 1] => QQFieldElem[0, 0, 0, 1//4, 0, 0, 0, 0, 0, 0, 0, -1//4, 1//4, 0, 0, 0],
	[13, 12, 11, 16, 20, 1, 1, 19, 1, 1] => QQFieldElem[0, 0, 0, 1//4, 0, 0, 0, 0, 0, 0, 0, -1//4, 1//4, 0, 0, 0],
	[13, 12, 11, 16, 6, 1, 1, 19, 1, 1] => QQFieldElem[0, 0, 0, 0, 0, 0, 3, 0, 0, 0, 0, 0, 0, 0, 0, 0],
	[13, 12, 11, 16, 21, 1, 1, 20, 1, 1] => QQFieldElem[0, 0, 0, -1//4, 0, 0, 0, 0, 0, 0, 0, 0, 1//4, 0, 0, 0],
	[13, 12, 11, 16, 20, 1, 1, 21, 1, 1] => QQFieldElem[0, 0, 0, -1//4, 0, 0, 0, 0, 0, 0, 0, 0, 1//4, 0, 0, 0],
	[13, 12, 11, 16, 6, 1, 1, 21, 1, 1] => QQFieldElem[0, 0, 0, 0, 0, 0, -3, 0, 0, 0, 0, 0, 0, 0, 3, 0],
	[13, 12, 11, 16, 19, 1, 1, 14, 1, 1] => QQFieldElem[0, 0, 0, 0, 0, 0, -1//128, 0, 0, 0, 0, 0, 0, 0, 0, 0],
	[13, 12, 11, 16, 20, 1, 1, 20, 1, 1] => QQFieldElem[0, 0, 0, 0, 0, 0, 0, 0, 0, 0, 0, 1//4, 1//4, 0, 0, 0],
	[13, 12, 11, 16, 6, 1, 1, 20, 1, 1] => QQFieldElem[0, 0, 0, 0, 0, 0, 0, 0, 0, 0, 0, 0, 0, 0, -3, 0],
	[13, 12, 11, 16, 21, 1, 1, 14, 1, 1] => QQFieldElem[0, 0, 0, 0, 0, 0, 1//128, 0, 0, 0, 0, 0, 0, 0, -1//128, 0],
	[13, 12, 11, 16, 19, 1, 1, 19, 1, 1] => QQFieldElem[0, 0, 0, -1//4, 0, 0, 0, 0, 0, 0, 0, 0, 1//4, 0, 0, 0],
	[13, 12, 11, 16, 19, 1, 1, 21, 1, 1] => QQFieldElem[0, 0, 0, 0, 0, 0, 0, 0, 0, 0, 0, 1//4, 1//4, 0, 0, 0])