Dict(
	[13, 16, 10, 10, 21, 1, 1, 14, 1, 1] => QQFieldElem[0, 0, 0, 0, 0, 0, -4//27, 0, 0, 0, 0, 0, 0, 0, 4//27, 0],
	[13, 16, 10, 10, 19, 1, 1, 19, 1, 1] => QQFieldElem[0, 0, 0, 1//3, 0, 0, 0, 0, 0, 0, 0, 0, -1//3, 0, 0, 0],
	[13, 16, 10, 10, 19, 1, 1, 21, 1, 1] => QQFieldElem[0, 0, 0, 0, 0, 0, 0, 0, 0, 0, 0, -1//3, -1//3, 0, 0, 0],
	[13, 16, 10, 10, 14, 1, 1, 14, 1, 1] => QQFieldElem[0, 0, 0, 0, 0, 0, 0, 0, 0, 0, 0, 0, 0, 0, 0, 0],
	[13, 16, 10, 10, 20, 1, 1, 14, 1, 1] => QQFieldElem[0, 0, 0, 0, 0, 0, 0, 0, 0, 0, 0, 0, 0, 0, -4//27, 0],
	[13, 16, 10, 10, 21, 1, 1, 19, 1, 1] => QQFieldElem[0, 0, 0, 0, 0, 0, 0, 0, 0, 0, 0, -1//3, -1//3, 0, 0, 0],
	[13, 16, 10, 10, 19, 1, 1, 20, 1, 1] => QQFieldElem[0, 0, 0, -1//3, 0, 0, 0, 0, 0, 0, 0, 1//3, -1//3, 0, 0, 0],
	[13, 16, 10, 10, 21, 1, 1, 21, 1, 1] => QQFieldElem[0, 0, 0, -1//3, 0, 0, 0, 0, 0, 0, 0, 1//3, -1//3, 0, 0, 0],
	[13, 16, 10, 10, 14, 1, 1, 19, 1, 1] => QQFieldElem[-48, 0, 0, 0, 0, 0, 0, 0, 0, 0, 0, 0, 0, 0, 0, 0],
	[13, 16, 10, 10, 14, 1, 1, 21, 1, 1] => QQFieldElem[48, 0, 0, 0, 0, 0, 0, 0, -48, 0, 0, 0, 0, 0, 0, 0],
	[13, 16, 10, 10, 20, 1, 1, 19, 1, 1] => QQFieldElem[0, 0, 0, -1//3, 0, 0, 0, 0, 0, 0, 0, 1//3, -1//3, 0, 0, 0],
	[13, 16, 10, 10, 20, 1, 1, 21, 1, 1] => QQFieldElem[0, 0, 0, 1//3, 0, 0, 0, 0, 0, 0, 0, 0, -1//3, 0, 0, 0],
	[13, 16, 10, 10, 21, 1, 1, 20, 1, 1] => QQFieldElem[0, 0, 0, 1//3, 0, 0, 0, 0, 0, 0, 0, 0, -1//3, 0, 0, 0],
	[13, 16, 10, 10, 19, 1, 1, 14, 1, 1] => QQFieldElem[0, 0, 0, 0, 0, 0, 4//27, 0, 0, 0, 0, 0, 0, 0, 0, 0],
	[13, 16, 10, 10, 14, 1, 1, 20, 1, 1] => QQFieldElem[0, 0, 0, 0, 0, 0, 0, 0, 48, 0, 0, 0, 0, 0, 0, 0],
	[13, 16, 10, 10, 20, 1, 1, 20, 1, 1] => QQFieldElem[0, 0, 0, 0, 0, 0, 0, 0, 0, 0, 0, -1//3, -1//3, 0, 0, 0])