Dict(
	[13, 14, 14, 13, 14, 1, 2, 13, 1, 1] => QQFieldElem[0, 0, 0, 0, 0, 0, -1//288, 0, 0, 0, 0, 0, 0, 0, 0, 0],
	[13, 14, 14, 13, 3, 1, 1, 10, 1, 1] => QQFieldElem[-27//512, 0, 0, 0, 0, 0, 0, 0, 0, 0, 0, 0, 0, 0, 0, 0],
	[13, 14, 14, 13, 14, 1, 1, 13, 1, 1] => QQFieldElem[0, 0, 0, 0, 0, 0, 1//288, 0, 0, 0, 0, 0, 0, 0, 0, 0],
	[13, 14, 14, 13, 4, 1, 1, 10, 1, 1] => QQFieldElem[0, 0, 0, 0, 0, 0, -1//768, 0, 0, 0, 0, 0, 0, 0, 0, 0],
	[13, 14, 14, 13, 1, 1, 1, 18, 1, 1] => QQFieldElem[0, 0, 0, 0, 0, 0, 0, 0, 0, 0, 0, 0, 0, 0, 0, 0],
	[13, 14, 14, 13, 3, 1, 2, 18, 1, 1] => QQFieldElem[0, 0, 0, 0, 0, 0, 0, 0, 0, 0, 0, 0, 0, 0, 0, 1//18],
	[13, 14, 14, 13, 14, 1, 2, 15, 1, 1] => QQFieldElem[1//128, 0, 0, 0, 0, 0, 0, 0, 0, 0, 0, 0, 0, 0, 0, 0],
	[13, 14, 14, 13, 3, 1, 1, 18, 1, 1] => QQFieldElem[0, 0, 0, 0, 0, 0, 0, 0, 0, 0, 0, 0, 0, 0, 0, 0],
	[13, 14, 14, 13, 14, 1, 1, 15, 1, 1] => QQFieldElem[1//128, 0, 0, 0, 0, 0, 0, 0, 0, 0, 0, 0, 0, 0, 0, 0],
	[13, 14, 14, 13, 1, 1, 1, 17, 1, 1] => QQFieldElem[0, 0, 0, 0, 0, 0, 0, 0, 0, 0, 0, 0, 0, 0, 0, 0],
	[13, 14, 14, 13, 4, 1, 1, 18, 1, 1] => QQFieldElem[0, 0, 0, -1//18, 0, 0, 0, 0, 0, 0, 0, 0, 0, 0, 0, 0],
	[13, 14, 14, 13, 3, 1, 2, 17, 1, 1] => QQFieldElem[0, 0, 0, 0, 0, -4//81, 0, 0, 0, 0, 0, 0, 0, 4//81, 0, 0],
	[13, 14, 14, 13, 3, 1, 1, 17, 1, 1] => QQFieldElem[0, 0, 0, 0, 0, 0, 0, 0, 0, 0, 0, 0, 0, 0, 0, 0],
	[13, 14, 14, 13, 4, 1, 1, 17, 1, 1] => QQFieldElem[0, 0, 0, 0, 0, 0, 0, 0, 0, 4//81, 0, 0, 0, 0, 0, 0],
	[13, 14, 14, 13, 14, 1, 2, 16, 1, 1] => QQFieldElem[0, 0, 0, 0, 0, 0, 0, 0, 0, 0, 0, 0, 0, 0, 0, 0],
	[13, 14, 14, 13, 3, 1, 2, 13, 1, 1] => QQFieldElem[0, 0, 0, 0, 0, 0, 1//288, 0, 0, 0, 0, 0, 0, 0, 0, 0],
	[13, 14, 14, 13, 14, 1, 1, 16, 1, 1] => QQFieldElem[0, 0, 0, 0, 0, 0, 0, 0, 0, 0, 0, 0, 0, 0, 0, 0],
	[13, 14, 14, 13, 3, 1, 1, 13, 1, 1] => QQFieldElem[9//32, 0, 0, 0, 0, 0, 0, 0, 0, 0, 0, 0, 0, 0, 0, 0],
	[13, 14, 14, 13, 1, 1, 1, 13, 1, 1] => QQFieldElem[0, 0, 0, 0, 0, 0, 0, 0, 0, 0, 0, 0, 3//64, 0, 0, 0],
	[13, 14, 14, 13, 4, 1, 1, 13, 1, 1] => QQFieldElem[0, 0, 0, 0, 0, 0, -1//288, 0, 0, 0, 0, 0, 0, 0, 0, 0],
	[13, 14, 14, 13, 1, 1, 1, 15, 1, 1] => QQFieldElem[0, 0, 0, 0, 0, 0, 0, 0, 0, 0, 0, 0, 0, 0, 0, 0],
	[13, 14, 14, 13, 3, 1, 2, 15, 1, 1] => QQFieldElem[1//128, 0, 0, 0, 0, 0, 0, 0, 0, 0, 0, 0, 0, 0, 0, 0],
	[13, 14, 14, 13, 14, 1, 2, 10, 1, 1] => QQFieldElem[0, 0, 0, 0, 0, 0, -1//768, 0, 0, 0, 0, 0, 0, 0, 0, 0],
	[13, 14, 14, 13, 3, 1, 1, 15, 1, 1] => QQFieldElem[0, 0, 0, 0, 0, 0, 0, 0, 0, 0, 0, 0, 0, 0, 0, 0],
	[13, 14, 14, 13, 14, 1, 1, 10, 1, 1] => QQFieldElem[0, 0, 0, 0, 0, 0, 1//768, 0, 0, 0, 0, 0, 0, 0, 0, 0],
	[13, 14, 14, 13, 4, 1, 1, 15, 1, 1] => QQFieldElem[1//128, 0, 0, 0, 0, 0, 0, 0, 0, 0, 0, 0, 0, 0, 0, 0],
	[13, 14, 14, 13, 14, 1, 2, 18, 1, 1] => QQFieldElem[0, 0, 0, 1//18, 0, 0, 0, 0, 0, 0, 0, 0, 0, 0, 0, 0],
	[13, 14, 14, 13, 14, 1, 1, 18, 1, 1] => QQFieldElem[0, 0, 0, 0, 0, 0, 0, 0, 0, 0, 0, 0, 0, 0, 0, -1//18],
	[13, 14, 14, 13, 1, 1, 1, 16, 1, 1] => QQFieldElem[0, 0, 0, 0, 0, 0, 0, 0, 0, 0, 0, 0, -9//128, 0, 0, 0],
	[13, 14, 14, 13, 3, 1, 2, 16, 1, 1] => QQFieldElem[0, 0, 0, 0, 0, 0, 0, 0, 0, 0, 0, 0, 0, 0, 0, 0],
	[13, 14, 14, 13, 14, 1, 2, 17, 1, 1] => QQFieldElem[0, 0, 0, 0, 0, 0, 0, 0, 0, -4//81, 0, 0, 0, 0, 0, 0],
	[13, 14, 14, 13, 3, 1, 1, 16, 1, 1] => QQFieldElem[27//64, 0, 0, 0, 0, 0, 0, 0, 0, 0, 0, 0, 0, 0, 0, 0],
	[13, 14, 14, 13, 14, 1, 1, 17, 1, 1] => QQFieldElem[0, 0, 0, 0, 0, 4//81, 0, 0, 0, 0, 0, 0, 0, -4//81, 0, 0],
	[13, 14, 14, 13, 4, 1, 1, 16, 1, 1] => QQFieldElem[0, 0, 0, 0, 0, 0, 0, 0, 0, 0, 0, 0, 0, 0, 0, 0],
	[13, 14, 14, 13, 1, 1, 1, 10, 1, 1] => QQFieldElem[0, 0, 0, 0, 0, 0, 0, 0, 0, 0, 0, 0, -9//1024, 0, 0, 0],
	[13, 14, 14, 13, 3, 1, 2, 10, 1, 1] => QQFieldElem[0, 0, 0, 0, 0, 0, 1//768, 0, 0, 0, 0, 0, 0, 0, 0, 0])