Dict(
	[13, 10, 19, 14, 11, 1, 1, 20, 1, 1] => QQFieldElem[0, 0, 1//4, 0, 0, 1//4, 0, 0, 0, 0, -1//4, 0, -1//4, -1//4, 0, 1//4],
	[13, 10, 19, 14, 16, 1, 1, 19, 1, 1] => QQFieldElem[0, 0, 0, 0, 0, 0, 0, 0, 0, 0, 0, 0, -1//12, 0, 0, 0],
	[13, 10, 19, 14, 17, 1, 1, 19, 1, 1] => QQFieldElem[0, 0, 0, 0, 1//12, 0, 0, 0, 0, 0, 0, 0, 0, 0, 0, 0],
	[13, 10, 19, 14, 15, 1, 1, 20, 1, 1] => QQFieldElem[0, 0, 0, 0, 0, -1//4, 0, -1//4, 0, 0, 1//4, 0, -1//4, 0, 0, 0],
	[13, 10, 19, 14, 16, 1, 1, 21, 1, 1] => QQFieldElem[0, 0, -1//4, 1//4, 0, 0, 0, 0, 0, 1//4, 1//4, 0, -1//4, 0, 0, 0],
	[13, 10, 19, 14, 17, 1, 1, 21, 1, 1] => QQFieldElem[0, -1//4, 1//4, 0, 0, 0, 0, 0, 0, 0, 0, -1//4, -1//4, 0, 0, 0],
	[13, 10, 19, 14, 12, 1, 1, 20, 1, 2] => QQFieldElem[0, 0, -1//4, 0, 0, 0, 0, -1//4, 0, 0, 0, 0, 1//4, 1//4, 0, 1//4],
	[13, 10, 19, 14, 18, 1, 1, 19, 1, 2] => QQFieldElem[0, 0, 0, 0, 1//12, 0, 0, 0, 0, 0, 0, 0, -1//12, 0, 0, 0],
	[13, 10, 19, 14, 12, 1, 1, 19, 1, 1] => QQFieldElem[0, 0, 0, 0, 0, 0, 0, 0, 0, 0, 0, 0, 3//512, 0, 0, 0],
	[13, 10, 19, 14, 18, 1, 1, 21, 1, 2] => QQFieldElem[0, 1//4, 0, 1//4, 0, 0, 0, 0, 0, -1//4, -1//4, -1//4, 1//4, 0, 0, 0],
	[13, 10, 19, 14, 11, 1, 1, 19, 1, 2] => QQFieldElem[0, 0, 0, 0, 0, 0, 0, 0, 0, 0, 0, 0, 3//512, 0, 0, 0],
	[13, 10, 19, 14, 12, 1, 1, 21, 1, 1] => QQFieldElem[0, 0, -1//4, 0, 0, 0, 0, -1//4, 0, 0, 0, 0, -1//4, -1//4, 0, 1//4],
	[13, 10, 19, 14, 11, 1, 1, 21, 1, 2] => QQFieldElem[0, 0, 1//4, 0, 0, -1//4, 0, 0, 0, 0, -1//4, 0, 1//4, 1//4, 0, 1//4],
	[13, 10, 19, 14, 16, 1, 1, 20, 1, 1] => QQFieldElem[0, 0, -1//4, -1//4, 0, 0, 0, 0, 0, -1//4, 1//4, 0, -1//4, 0, 0, 0],
	[13, 10, 19, 14, 15, 1, 1, 19, 1, 2] => QQFieldElem[0, 0, 0, 0, 0, 0, 0, 0, 0, 0, 0, 0, 3//512, 0, 0, 0],
	[13, 10, 19, 14, 17, 1, 1, 20, 1, 1] => QQFieldElem[0, 1//4, 1//4, 0, 0, 0, 0, 0, 0, 0, 0, 1//4, -1//4, 0, 0, 0],
	[13, 10, 19, 14, 15, 1, 1, 21, 1, 2] => QQFieldElem[0, 0, 0, 0, 0, 1//4, 0, -1//4, 0, 0, 1//4, 0, 1//4, 0, 0, 0],
	[13, 10, 19, 14, 18, 1, 1, 20, 1, 2] => QQFieldElem[0, -1//4, 0, -1//4, 0, 0, 0, 0, 0, 1//4, -1//4, 1//4, 1//4, 0, 0, 0],
	[13, 10, 19, 14, 12, 1, 1, 20, 1, 1] => QQFieldElem[0, 0, -1//4, 0, 0, 0, 0, 1//4, 0, 0, 0, 0, -1//4, 1//4, 0, -1//4],
	[13, 10, 19, 14, 18, 1, 1, 19, 1, 1] => QQFieldElem[0, 0, 0, 0, -1//12, 0, 0, 0, 0, 0, 0, 0, 1//12, 0, 0, 0],
	[13, 10, 19, 14, 11, 1, 1, 20, 1, 2] => QQFieldElem[0, 0, 1//4, 0, 0, 1//4, 0, 0, 0, 0, -1//4, 0, 1//4, -1//4, 0, -1//4],
	[13, 10, 19, 14, 16, 1, 1, 19, 1, 2] => QQFieldElem[0, 0, 0, 0, 0, 0, 0, 0, 0, 0, 0, 0, 1//12, 0, 0, 0],
	[13, 10, 19, 14, 18, 1, 1, 21, 1, 1] => QQFieldElem[0, 1//4, 0, -1//4, 0, 0, 0, 0, 0, -1//4, -1//4, 1//4, -1//4, 0, 0, 0],
	[13, 10, 19, 14, 17, 1, 1, 19, 1, 2] => QQFieldElem[0, 0, 0, 0, -1//12, 0, 0, 0, 0, 0, 0, 0, 0, 0, 0, 0],
	[13, 10, 19, 14, 11, 1, 1, 19, 1, 1] => QQFieldElem[0, 0, 0, 0, 0, 0, 0, 0, 0, 0, 0, 0, 3//512, 0, 0, 0],
	[13, 10, 19, 14, 15, 1, 1, 20, 1, 2] => QQFieldElem[0, 0, 0, 0, 0, -1//4, 0, 1//4, 0, 0, 1//4, 0, 1//4, 0, 0, 0],
	[13, 10, 19, 14, 17, 1, 1, 21, 1, 2] => QQFieldElem[0, -1//4, 1//4, 0, 0, 0, 0, 0, 0, 0, 0, 1//4, 1//4, 0, 0, 0],
	[13, 10, 19, 14, 16, 1, 1, 21, 1, 2] => QQFieldElem[0, 0, -1//4, -1//4, 0, 0, 0, 0, 0, 1//4, 1//4, 0, 1//4, 0, 0, 0],
	[13, 10, 19, 14, 11, 1, 1, 21, 1, 1] => QQFieldElem[0, 0, 1//4, 0, 0, -1//4, 0, 0, 0, 0, -1//4, 0, -1//4, 1//4, 0, -1//4],
	[13, 10, 19, 14, 15, 1, 1, 19, 1, 1] => QQFieldElem[0, 0, 0, 0, 0, 0, 0, 0, 0, 0, 0, 0, 3//512, 0, 0, 0],
	[13, 10, 19, 14, 15, 1, 1, 21, 1, 1] => QQFieldElem[0, 0, 0, 0, 0, 1//4, 0, 1//4, 0, 0, 1//4, 0, -1//4, 0, 0, 0],
	[13, 10, 19, 14, 12, 1, 1, 19, 1, 2] => QQFieldElem[0, 0, 0, 0, 0, 0, 0, 0, 0, 0, 0, 0, 3//512, 0, 0, 0],
	[13, 10, 19, 14, 18, 1, 1, 20, 1, 1] => QQFieldElem[0, -1//4, 0, 1//4, 0, 0, 0, 0, 0, 1//4, -1//4, -1//4, -1//4, 0, 0, 0],
	[13, 10, 19, 14, 12, 1, 1, 21, 1, 2] => QQFieldElem[0, 0, -1//4, 0, 0, 0, 0, 1//4, 0, 0, 0, 0, 1//4, -1//4, 0, -1//4],
	[13, 10, 19, 14, 16, 1, 1, 20, 1, 2] => QQFieldElem[0, 0, -1//4, 1//4, 0, 0, 0, 0, 0, -1//4, 1//4, 0, 1//4, 0, 0, 0],
	[13, 10, 19, 14, 17, 1, 1, 20, 1, 2] => QQFieldElem[0, 1//4, 1//4, 0, 0, 0, 0, 0, 0, 0, 0, -1//4, 1//4, 0, 0, 0])