Dict(
	[13, 12, 16, 16, 19, 1, 1, 21, 1, 1] => QQFieldElem[-1//4, 0, 0, 0, 0, 0, 0, 0, 0, 0, -1//4, -1//4, 0, -1//4, 1//4, 0],
	[13, 12, 16, 16, 14, 1, 1, 14, 1, 1] => QQFieldElem[0, 0, 0, 3, 0, 0, 0, 0, 0, 0, 0, 0, 0, 0, 0, 0],
	[13, 12, 16, 16, 21, 1, 1, 1, 1, 1] => QQFieldElem[0, -1//6, 0, 0, 0, 0, 0, -1//6, 0, 0, 0, 0, 1//6, 0, 0, 1//6],
	[13, 12, 16, 16, 20, 1, 1, 14, 1, 1] => QQFieldElem[0, 0, 0, 0, 0, 0, 0, 0, 0, 0, 0, 0, 0, 0, 0, 0],
	[13, 12, 16, 16, 21, 1, 1, 3, 1, 1] => QQFieldElem[0, -1//8, 0, 0, 0, 0, 0, -1//8, 0, 0, 0, 0, 1//8, 0, 0, 1//8],
	[13, 12, 16, 16, 14, 1, 1, 1, 1, 1] => QQFieldElem[0, 0, 0, 2, 0, 0, 0, 0, 0, 0, 0, 0, 0, 0, 0, 0],
	[13, 12, 16, 16, 9, 1, 1, 14, 1, 1] => QQFieldElem[9//16, 0, 0, 0, 0, 0, 0, 0, 0, 0, 0, 0, 0, 0, 0, 0],
	[13, 12, 16, 16, 19, 1, 1, 20, 1, 1] => QQFieldElem[-1//4, 0, 1//4, -1//4, 0, 1//4, 1//4, 0, 0, 0, 0, 1//4, 0, 0, -1//4, 0],
	[13, 12, 16, 16, 6, 1, 1, 14, 1, 1] => QQFieldElem[256//3, 0, 0, 0, 0, 0, 0, 0, 0, 0, 0, 0, 0, 0, 0, 0],
	[13, 12, 16, 16, 21, 1, 1, 19, 1, 1] => QQFieldElem[1//2, 0, 1//4, 0, 0, 0, 1//4, 0, 0, 0, 0, -1//4, 0, -1//4, -1//4, 0],
	[13, 12, 16, 16, 21, 1, 1, 21, 1, 1] => QQFieldElem[-1//4, 0, -1//4, -1//4, 0, 1//4, -1//4, 0, 0, 0, 1//4, 1//4, 0, 0, 0, 0],
	[13, 12, 16, 16, 14, 1, 1, 3, 1, 1] => QQFieldElem[0, 0, 0, -3//2, 0, 0, 0, 0, 0, 0, 0, 0, 0, 0, 0, 0],
	[13, 12, 16, 16, 20, 1, 1, 1, 1, 1] => QQFieldElem[0, 1//6, 0, 0, 0, 0, 0, 1//6, 0, -1//6, 0, 0, 1//6, 0, 0, 0],
	[13, 12, 16, 16, 14, 1, 1, 19, 1, 1] => QQFieldElem[0, 0, 0, 0, 0, 0, 0, 0, 0, 0, 0, 0, 0, 0, 0, 0],
	[13, 12, 16, 16, 6, 1, 1, 1, 1, 1] => QQFieldElem[-512//9, 0, 0, 0, 0, 0, 0, 0, 0, 0, 0, 0, 0, 0, 0, 0],
	[13, 12, 16, 16, 9, 1, 1, 1, 1, 1] => QQFieldElem[-3//8, 0, 0, 0, 0, 0, 0, 0, 0, 0, 0, 0, 0, 0, 0, 0],
	[13, 12, 16, 16, 14, 1, 1, 21, 1, 1] => QQFieldElem[0, 0, 0, 0, 0, 0, 0, 0, 0, 0, 0, 0, 0, 0, 0, 0],
	[13, 12, 16, 16, 20, 1, 1, 3, 1, 1] => QQFieldElem[0, 1//8, 0, 0, 0, 0, 0, 1//8, 0, -1//8, 0, 0, 1//8, 0, 0, 0],
	[13, 12, 16, 16, 20, 1, 1, 19, 1, 1] => QQFieldElem[1//2, 0, 0, -1//4, 0, 1//4, 0, 0, 0, 0, -1//4, 1//4, 0, 0, 1//4, 0],
	[13, 12, 16, 16, 6, 1, 1, 3, 1, 1] => QQFieldElem[128//3, 0, 0, 0, 0, 0, 0, 0, 0, 0, 0, 0, 0, 0, 0, 0],
	[13, 12, 16, 16, 9, 1, 1, 3, 1, 1] => QQFieldElem[9//32, 0, 0, 0, 0, 0, 0, 0, 0, 0, 0, 0, 0, 0, 0, 0],
	[13, 12, 16, 16, 6, 1, 1, 19, 1, 1] => QQFieldElem[512//3, 0, 0, 0, 0, 0, 0, 0, 0, 0, 0, 0, 0, 0, 0, 0],
	[13, 12, 16, 16, 20, 1, 1, 21, 1, 1] => QQFieldElem[-1//4, 0, 1//4, 1//4, 0, -1//4, 1//4, 0, 0, 0, 0, 0, 0, 1//4, -1//4, 0],
	[13, 12, 16, 16, 21, 1, 1, 20, 1, 1] => QQFieldElem[-1//4, 0, 0, 1//4, 0, -1//4, 0, 0, 0, 0, -1//4, 0, 0, 1//4, 1//4, 0],
	[13, 12, 16, 16, 9, 1, 1, 19, 1, 1] => QQFieldElem[-9//16, 0, 0, 0, 0, 0, 0, 0, 0, 0, 0, 0, 0, 0, 0, 0],
	[13, 12, 16, 16, 6, 1, 1, 21, 1, 1] => QQFieldElem[512//3, 0, 0, 0, 0, 0, 0, 0, 0, 0, 0, 0, 0, 0, 0, 0],
	[13, 12, 16, 16, 19, 1, 1, 14, 1, 1] => QQFieldElem[0, 0, 0, 0, 0, 0, 0, 0, 0, 0, 0, 0, 0, 0, 0, 0],
	[13, 12, 16, 16, 9, 1, 1, 21, 1, 1] => QQFieldElem[-9//16, 0, 0, 0, 0, 0, 0, 0, 0, 0, 0, 0, 0, 0, 0, 0],
	[13, 12, 16, 16, 14, 1, 1, 20, 1, 1] => QQFieldElem[0, 0, 0, 0, 0, 0, 0, 0, 0, 0, 0, 0, 0, 0, 0, 0],
	[13, 12, 16, 16, 19, 1, 1, 1, 1, 1] => QQFieldElem[0, 0, 0, 0, 0, 0, 0, 0, 0, 1//6, 0, 0, 1//6, 0, 0, -1//6],
	[13, 12, 16, 16, 20, 1, 1, 20, 1, 1] => QQFieldElem[-1//4, 0, -1//4, 0, 0, 0, -1//4, 0, 0, 0, 1//4, -1//4, 0, -1//4, 0, 0],
	[13, 12, 16, 16, 6, 1, 1, 20, 1, 1] => QQFieldElem[512//3, 0, 0, 0, 0, 0, 0, 0, 0, 0, 0, 0, 0, 0, 0, 0],
	[13, 12, 16, 16, 9, 1, 1, 20, 1, 1] => QQFieldElem[-9//16, 0, 0, 0, 0, 0, 0, 0, 0, 0, 0, 0, 0, 0, 0, 0],
	[13, 12, 16, 16, 19, 1, 1, 3, 1, 1] => QQFieldElem[0, 0, 0, 0, 0, 0, 0, 0, 0, 1//8, 0, 0, 1//8, 0, 0, -1//8],
	[13, 12, 16, 16, 21, 1, 1, 14, 1, 1] => QQFieldElem[0, 0, 0, 0, 0, 0, 0, 0, 0, 0, 0, 0, 0, 0, 0, 0],
	[13, 12, 16, 16, 19, 1, 1, 19, 1, 1] => QQFieldElem[1//2, 0, -1//4, 1//4, 0, -1//4, -1//4, 0, 0, 0, 1//4, 0, 0, 1//4, 0, 0])