Dict(
	[13, 17, 11, 10, 21, 1, 1, 19, 1, 1] => QQFieldElem[0, 0, 0, 0, 0, 0, 0, 1//3, 0, 0, 0, 0, 1//3, 0, 0, -1//3],
	[13, 17, 11, 10, 19, 1, 1, 20, 1, 1] => QQFieldElem[0, 0, 0, 0, 0, 0, 0, -1//3, 0, 0, 0, 0, 1//3, 0, 0, 0],
	[13, 17, 11, 10, 21, 1, 1, 21, 1, 1] => QQFieldElem[0, 0, 0, 0, 0, 0, 0, -1//3, 0, 0, 0, 0, 1//3, 0, 0, 0],
	[13, 17, 11, 10, 19, 1, 1, 6, 1, 1] => QQFieldElem[0, 0, 0, 0, 0, 0, -4//27, 0, 0, 0, 0, 0, 0, 0, 0, 0],
	[13, 17, 11, 10, 14, 1, 1, 19, 1, 1] => QQFieldElem[0, 0, 0, 0, 0, 0, 128//3, 0, 0, 0, 0, 0, 0, 0, 0, 0],
	[13, 17, 11, 10, 14, 1, 1, 21, 1, 1] => QQFieldElem[0, 0, 0, 0, 0, 0, -128//3, 0, 0, 0, 0, 0, 0, 0, 128//3, 0],
	[13, 17, 11, 10, 20, 1, 1, 19, 1, 1] => QQFieldElem[0, 0, 0, 0, 0, 0, 0, -1//3, 0, 0, 0, 0, 1//3, 0, 0, 0],
	[13, 17, 11, 10, 20, 1, 1, 21, 1, 1] => QQFieldElem[0, 0, 0, 0, 0, 0, 0, 0, 0, 0, 0, 0, 1//3, 0, 0, 1//3],
	[13, 17, 11, 10, 21, 1, 1, 20, 1, 1] => QQFieldElem[0, 0, 0, 0, 0, 0, 0, 0, 0, 0, 0, 0, 1//3, 0, 0, 1//3],
	[13, 17, 11, 10, 21, 1, 1, 6, 1, 1] => QQFieldElem[0, 0, 0, 0, 0, 0, 4//27, 0, 0, 0, 0, 0, 0, 0, -4//27, 0],
	[13, 17, 11, 10, 14, 1, 1, 20, 1, 1] => QQFieldElem[0, 0, 0, 0, 0, 0, 0, 0, 0, 0, 0, 0, 0, 0, -128//3, 0],
	[13, 17, 11, 10, 14, 1, 1, 6, 1, 1] => QQFieldElem[0, 0, 0, 0, 0, 0, 0, 0, 0, 0, 0, 0, 0, 0, 0, 0],
	[13, 17, 11, 10, 20, 1, 1, 20, 1, 1] => QQFieldElem[0, 0, 0, 0, 0, 0, 0, 1//3, 0, 0, 0, 0, 1//3, 0, 0, -1//3],
	[13, 17, 11, 10, 20, 1, 1, 6, 1, 1] => QQFieldElem[0, 0, 0, 0, 0, 0, 0, 0, 0, 0, 0, 0, 0, 0, 4//27, 0],
	[13, 17, 11, 10, 19, 1, 1, 19, 1, 1] => QQFieldElem[0, 0, 0, 0, 0, 0, 0, 0, 0, 0, 0, 0, 1//3, 0, 0, 1//3],
	[13, 17, 11, 10, 19, 1, 1, 21, 1, 1] => QQFieldElem[0, 0, 0, 0, 0, 0, 0, 1//3, 0, 0, 0, 0, 1//3, 0, 0, -1//3])