Dict(
	[13, 18, 12, 12, 19, 1, 1, 19, 1, 1] => QQFieldElem[0, 0, 0, 1//3, 0, 0, 0, 0, 0, 0, 0, 0, -1//3, 0, 0, 0],
	[13, 18, 12, 12, 19, 1, 1, 21, 1, 1] => QQFieldElem[0, 0, 0, 0, 0, 0, 0, 0, 0, 0, 0, -1//3, -1//3, 0, 0, 0],
	[13, 18, 12, 12, 20, 1, 1, 14, 1, 1] => QQFieldElem[0, 0, 0, 0, 0, 0, 0, 0, 0, 0, 0, 0, 0, 0, -4//27, 0],
	[13, 18, 12, 12, 21, 1, 1, 19, 1, 1] => QQFieldElem[0, 0, 0, 0, 0, 0, 0, 0, 0, 0, 0, -1//3, -1//3, 0, 0, 0],
	[13, 18, 12, 12, 9, 1, 1, 14, 1, 1] => QQFieldElem[0, 0, 0, 0, 0, 0, 0, 0, 0, 0, 0, 0, 0, 0, 0, 0],
	[13, 18, 12, 12, 19, 1, 1, 20, 1, 1] => QQFieldElem[0, 0, 0, -1//3, 0, 0, 0, 0, 0, 0, 0, 1//3, -1//3, 0, 0, 0],
	[13, 18, 12, 12, 21, 1, 1, 21, 1, 1] => QQFieldElem[0, 0, 0, -1//3, 0, 0, 0, 0, 0, 0, 0, 1//3, -1//3, 0, 0, 0],
	[13, 18, 12, 12, 20, 1, 1, 19, 1, 1] => QQFieldElem[0, 0, 0, -1//3, 0, 0, 0, 0, 0, 0, 0, 1//3, -1//3, 0, 0, 0],
	[13, 18, 12, 12, 21, 1, 1, 20, 1, 1] => QQFieldElem[0, 0, 0, 1//3, 0, 0, 0, 0, 0, 0, 0, 0, -1//3, 0, 0, 0],
	[13, 18, 12, 12, 9, 1, 1, 19, 1, 1] => QQFieldElem[0, 0, 0, 0, 0, 0, -256//3, 0, 0, 0, 0, 0, 0, 0, 0, 0],
	[13, 18, 12, 12, 20, 1, 1, 21, 1, 1] => QQFieldElem[0, 0, 0, 1//3, 0, 0, 0, 0, 0, 0, 0, 0, -1//3, 0, 0, 0],
	[13, 18, 12, 12, 19, 1, 1, 14, 1, 1] => QQFieldElem[0, 0, 0, 0, 0, 0, 4//27, 0, 0, 0, 0, 0, 0, 0, 0, 0],
	[13, 18, 12, 12, 9, 1, 1, 21, 1, 1] => QQFieldElem[0, 0, 0, 0, 0, 0, 256//3, 0, 0, 0, 0, 0, 0, 0, -256//3, 0],
	[13, 18, 12, 12, 20, 1, 1, 20, 1, 1] => QQFieldElem[0, 0, 0, 0, 0, 0, 0, 0, 0, 0, 0, -1//3, -1//3, 0, 0, 0],
	[13, 18, 12, 12, 9, 1, 1, 20, 1, 1] => QQFieldElem[0, 0, 0, 0, 0, 0, 0, 0, 0, 0, 0, 0, 0, 0, 256//3, 0],
	[13, 18, 12, 12, 21, 1, 1, 14, 1, 1] => QQFieldElem[0, 0, 0, 0, 0, 0, -4//27, 0, 0, 0, 0, 0, 0, 0, 4//27, 0])