Dict(
	[13, 11, 18, 18, 6, 1, 1, 5, 1, 1] => QQFieldElem[0, 0, 0, 0, 0, 0, 0, 0, 0, 0, 0, 0, 0, 0, 0, 0],
	[13, 11, 18, 18, 9, 1, 1, 5, 1, 1] => QQFieldElem[9//16, 0, 0, 0, 0, 0, 0, 0, 0, 0, 0, 0, 0, 0, 0, 0],
	[13, 11, 18, 18, 20, 1, 1, 3, 1, 1] => QQFieldElem[0, -1//6, 0, 0, 0, 0, 0, -1//6, 0, 1//6, 0, 0, 1//6, 0, 0, 0],
	[13, 11, 18, 18, 14, 1, 1, 21, 1, 1] => QQFieldElem[0, 0, 0, 0, 0, 0, 0, 0, 0, 0, 0, 0, 0, 0, 0, 0],
	[13, 11, 18, 18, 20, 1, 1, 19, 1, 1] => QQFieldElem[0, 0, 0, 1//3, 0, 1//3, 0, 0, 0, 0, 1//3, -1//3, 0, 0, 1//3, 0],
	[13, 11, 18, 18, 6, 1, 1, 3, 1, 1] => QQFieldElem[0, 0, 0, 0, 0, 0, 0, 0, 0, 0, 0, 0, 0, 0, 0, 0],
	[13, 11, 18, 18, 9, 1, 1, 3, 1, 1] => QQFieldElem[9//16, 0, 0, 0, 0, 0, 0, 0, 0, 0, 0, 0, 0, 0, 0, 0],
	[13, 11, 18, 18, 6, 1, 1, 19, 1, 1] => QQFieldElem[9//8, 0, 0, 0, 0, 0, 0, 0, 0, 0, 0, 0, 0, 0, 0, 0],
	[13, 11, 18, 18, 21, 1, 1, 20, 1, 1] => QQFieldElem[-1//3, 0, 0, -1//3, 0, -1//3, 0, 0, 2//3, 0, 1//3, 0, 0, 1//3, 1//3, 0],
	[13, 11, 18, 18, 9, 1, 1, 19, 1, 1] => QQFieldElem[0, 0, 0, 0, 0, 0, 0, 0, 0, 0, 0, 0, 0, 0, 0, 0],
	[13, 11, 18, 18, 20, 1, 1, 21, 1, 1] => QQFieldElem[1//3, 0, -1//3, -1//3, 0, -1//3, 1//3, 0, -2//3, 0, 0, 0, 0, 1//3, -1//3, 0],
	[13, 11, 18, 18, 6, 1, 1, 21, 1, 1] => QQFieldElem[9//8, 0, 0, 0, 0, 0, 0, 0, 0, 0, 0, 0, 0, 0, 0, 0],
	[13, 11, 18, 18, 19, 1, 1, 14, 1, 1] => QQFieldElem[0, 0, 0, 0, 0, 0, 0, 0, 0, 0, 0, 0, 0, 0, 0, 0],
	[13, 11, 18, 18, 9, 1, 1, 21, 1, 1] => QQFieldElem[0, 0, 0, 0, 0, 0, 0, 0, 0, 0, 0, 0, 0, 0, 0, 0],
	[13, 11, 18, 18, 14, 1, 1, 20, 1, 1] => QQFieldElem[0, 0, 0, 0, 0, 0, 0, 0, 0, 0, 0, 0, 0, 0, 0, 0],
	[13, 11, 18, 18, 20, 1, 1, 20, 1, 1] => QQFieldElem[-1//3, 0, 1//3, 0, 0, 0, -1//3, 0, 2//3, 0, -1//3, 1//3, 0, -1//3, 0, 0],
	[13, 11, 18, 18, 19, 1, 1, 5, 1, 1] => QQFieldElem[0, 0, 0, 0, 0, 0, 0, 0, 0, 1//6, 0, 0, -1//6, 0, 0, -1//6],
	[13, 11, 18, 18, 6, 1, 1, 20, 1, 1] => QQFieldElem[9//8, 0, 0, 0, 0, 0, 0, 0, 0, 0, 0, 0, 0, 0, 0, 0],
	[13, 11, 18, 18, 9, 1, 1, 20, 1, 1] => QQFieldElem[0, 0, 0, 0, 0, 0, 0, 0, 0, 0, 0, 0, 0, 0, 0, 0],
	[13, 11, 18, 18, 19, 1, 1, 3, 1, 1] => QQFieldElem[0, 0, 0, 0, 0, 0, 0, 0, 0, -1//6, 0, 0, 1//6, 0, 0, 1//6],
	[13, 11, 18, 18, 21, 1, 1, 14, 1, 1] => QQFieldElem[0, 0, 0, 0, 0, 0, 0, 0, 0, 0, 0, 0, 0, 0, 0, 0],
	[13, 11, 18, 18, 19, 1, 1, 19, 1, 1] => QQFieldElem[0, 0, 1//3, -1//3, 0, -1//3, -1//3, 0, 0, 0, -1//3, 0, 0, 1//3, 0, 0],
	[13, 11, 18, 18, 19, 1, 1, 21, 1, 1] => QQFieldElem[1//3, 0, 0, 0, 0, 0, 0, 0, -2//3, 0, 1//3, 1//3, 0, -1//3, 1//3, 0],
	[13, 11, 18, 18, 14, 1, 1, 14, 1, 1] => QQFieldElem[0, 0, 0, 0, 0, 128//3, 0, 0, 0, 0, 0, 0, 0, -128//3, 0, 0],
	[13, 11, 18, 18, 21, 1, 1, 5, 1, 1] => QQFieldElem[0, -1//6, 0, 0, 0, 0, 0, -1//6, 0, 0, 0, 0, -1//6, 0, 0, 1//6],
	[13, 11, 18, 18, 20, 1, 1, 14, 1, 1] => QQFieldElem[0, 0, 0, 0, 0, 0, 0, 0, 0, 0, 0, 0, 0, 0, 0, 0],
	[13, 11, 18, 18, 21, 1, 1, 3, 1, 1] => QQFieldElem[0, 1//6, 0, 0, 0, 0, 0, 1//6, 0, 0, 0, 0, 1//6, 0, 0, -1//6],
	[13, 11, 18, 18, 6, 1, 1, 14, 1, 1] => QQFieldElem[0, 0, 0, 0, 0, 0, 0, 0, 0, 0, 0, 0, 0, 0, 0, 0],
	[13, 11, 18, 18, 9, 1, 1, 14, 1, 1] => QQFieldElem[9//8, 0, 0, 0, 0, 0, 0, 0, 0, 0, 0, 0, 0, 0, 0, 0],
	[13, 11, 18, 18, 19, 1, 1, 20, 1, 1] => QQFieldElem[-1//3, 0, -1//3, 1//3, 0, 1//3, 1//3, 0, 2//3, 0, 0, -1//3, 0, 0, -1//3, 0],
	[13, 11, 18, 18, 14, 1, 1, 5, 1, 1] => QQFieldElem[0, 0, 0, 0, 0, -64//3, 0, 0, 0, 0, 0, 0, 0, 64//3, 0, 0],
	[13, 11, 18, 18, 21, 1, 1, 19, 1, 1] => QQFieldElem[0, 0, -1//3, 0, 0, 0, 1//3, 0, 0, 0, 0, 1//3, 0, -1//3, -1//3, 0],
	[13, 11, 18, 18, 21, 1, 1, 21, 1, 1] => QQFieldElem[1//3, 0, 1//3, 1//3, 0, 1//3, -1//3, 0, -2//3, 0, -1//3, -1//3, 0, 0, 0, 0],
	[13, 11, 18, 18, 14, 1, 1, 3, 1, 1] => QQFieldElem[0, 0, 0, 0, 0, -64//3, 0, 0, 0, 0, 0, 0, 0, 64//3, 0, 0],
	[13, 11, 18, 18, 14, 1, 1, 19, 1, 1] => QQFieldElem[0, 0, 0, 0, 0, 0, 0, 0, 0, 0, 0, 0, 0, 0, 0, 0],
	[13, 11, 18, 18, 20, 1, 1, 5, 1, 1] => QQFieldElem[0, 1//6, 0, 0, 0, 0, 0, 1//6, 0, -1//6, 0, 0, -1//6, 0, 0, 0])