Dict(
	[13, 12, 12, 18, 20, 1, 1, 20, 1, 1] => QQFieldElem[0, 0, 0, 0, 0, 0, 0, 0, 0, 0, 0, -1//4, -1//4, 0, 0, 0],
	[13, 12, 12, 18, 9, 1, 1, 20, 1, 1] => QQFieldElem[0, 0, 0, 0, 0, 0, 0, 0, 0, 0, 0, 0, 0, 0, -3, 0],
	[13, 12, 12, 18, 21, 1, 1, 14, 1, 1] => QQFieldElem[0, 0, 0, 0, 0, 0, 3//1024, 0, 0, 0, 0, 0, 0, 0, -3//1024, 0],
	[13, 12, 12, 18, 19, 1, 1, 19, 1, 1] => QQFieldElem[0, 0, 0, 1//4, 0, 0, 0, 0, 0, 0, 0, 0, -1//4, 0, 0, 0],
	[13, 12, 12, 18, 19, 1, 1, 21, 1, 1] => QQFieldElem[0, 0, 0, 0, 0, 0, 0, 0, 0, 0, 0, -1//4, -1//4, 0, 0, 0],
	[13, 12, 12, 18, 20, 1, 1, 14, 1, 1] => QQFieldElem[0, 0, 0, 0, 0, 0, 0, 0, 0, 0, 0, 0, 0, 0, 3//1024, 0],
	[13, 12, 12, 18, 21, 1, 1, 19, 1, 1] => QQFieldElem[0, 0, 0, 0, 0, 0, 0, 0, 0, 0, 0, -1//4, -1//4, 0, 0, 0],
	[13, 12, 12, 18, 9, 1, 1, 14, 1, 1] => QQFieldElem[0, 0, 0, 0, 0, 0, 0, 0, 0, 0, 0, 0, 0, 0, 0, 0],
	[13, 12, 12, 18, 19, 1, 1, 20, 1, 1] => QQFieldElem[0, 0, 0, -1//4, 0, 0, 0, 0, 0, 0, 0, 1//4, -1//4, 0, 0, 0],
	[13, 12, 12, 18, 21, 1, 1, 21, 1, 1] => QQFieldElem[0, 0, 0, -1//4, 0, 0, 0, 0, 0, 0, 0, 1//4, -1//4, 0, 0, 0],
	[13, 12, 12, 18, 20, 1, 1, 19, 1, 1] => QQFieldElem[0, 0, 0, -1//4, 0, 0, 0, 0, 0, 0, 0, 1//4, -1//4, 0, 0, 0],
	[13, 12, 12, 18, 21, 1, 1, 20, 1, 1] => QQFieldElem[0, 0, 0, 1//4, 0, 0, 0, 0, 0, 0, 0, 0, -1//4, 0, 0, 0],
	[13, 12, 12, 18, 9, 1, 1, 19, 1, 1] => QQFieldElem[0, 0, 0, 0, 0, 0, 3, 0, 0, 0, 0, 0, 0, 0, 0, 0],
	[13, 12, 12, 18, 20, 1, 1, 21, 1, 1] => QQFieldElem[0, 0, 0, 1//4, 0, 0, 0, 0, 0, 0, 0, 0, -1//4, 0, 0, 0],
	[13, 12, 12, 18, 19, 1, 1, 14, 1, 1] => QQFieldElem[0, 0, 0, 0, 0, 0, -3//1024, 0, 0, 0, 0, 0, 0, 0, 0, 0],
	[13, 12, 12, 18, 9, 1, 1, 21, 1, 1] => QQFieldElem[0, 0, 0, 0, 0, 0, -3, 0, 0, 0, 0, 0, 0, 0, 3, 0])