Dict(
	[14, 18, 16, 14, 2, 1, 1, 12, 1, 1] => QQFieldElem[1//48, 0, 0, 0, 0, 0, 0, 0, 0, 0, 0, 0, 0, 0, 0, 0],
	[14, 18, 16, 14, 3, 1, 1, 11, 1, 1] => QQFieldElem[0, 0, 0, 0, 0, 0, 1//144, 0, 0, 0, 0, 0, 0, 0, 0, 0],
	[14, 18, 16, 14, 14, 2, 1, 12, 1, 1] => QQFieldElem[0, 0, 0, 0, 0, 0, 0, 0, 0, 0, 0, 0, 0, 0, 0, 0],
	[14, 18, 16, 14, 14, 1, 1, 16, 1, 1] => QQFieldElem[0, 0, 0, 0, 0, 0, 0, 0, 0, 0, 0, 0, 0, 0, 0, 0],
	[14, 18, 16, 14, 3, 1, 1, 13, 1, 1] => QQFieldElem[0, 0, 0, 0, 0, 0, 0, 0, 0, 0, 0, 0, 0, 0, 0, 0],
	[14, 18, 16, 14, 3, 2, 1, 11, 1, 1] => QQFieldElem[0, 0, 0, 0, 0, 0, 1//108, 0, 0, 0, 0, 0, 0, 0, 0, 0],
	[14, 18, 16, 14, 4, 1, 1, 11, 1, 1] => QQFieldElem[0, 0, 0, 0, 0, 0, -1//144, 0, 0, 0, 0, 0, 0, 0, 0, 0],
	[14, 18, 16, 14, 4, 1, 1, 13, 1, 1] => QQFieldElem[0, 0, 0, 0, 0, 0, 0, 0, 0, 0, 0, 0, 0, 0, 0, 0],
	[14, 18, 16, 14, 14, 2, 1, 16, 1, 1] => QQFieldElem[0, 0, 0, 0, 0, 0, 0, 0, 0, 0, 0, 0, 0, 0, 0, 0],
	[14, 18, 16, 14, 2, 1, 1, 16, 1, 1] => QQFieldElem[0, 0, 8//27, 0, 0, 0, -8//27, 0, 0, 0, -8//27, 0, 0, 0, 0, 0],
	[14, 18, 16, 14, 3, 2, 1, 13, 1, 1] => QQFieldElem[0, 0, 0, 0, 0, 0, 0, 0, 0, 0, 0, 0, 0, 0, 0, 0],
	[14, 18, 16, 14, 14, 1, 1, 10, 1, 1] => QQFieldElem[0, 0, -1//768, 0, 0, 0, 0, 0, 0, 0, 1//768, 0, 0, 0, 0, 0],
	[14, 18, 16, 14, 3, 1, 1, 12, 1, 1] => QQFieldElem[1//64, 0, 0, 0, 0, 0, 0, 0, 0, 0, 0, 0, 0, 0, 0, 0],
	[14, 18, 16, 14, 2, 1, 1, 10, 1, 1] => QQFieldElem[0, 0, 0, 0, 0, 0, -1//576, 0, 0, 0, 0, 0, 0, 0, 0, 0],
	[14, 18, 16, 14, 14, 2, 1, 10, 1, 1] => QQFieldElem[0, 0, 1//768, 0, 0, 0, 0, 0, 0, 0, -1//768, 0, 0, 0, 0, 0],
	[14, 18, 16, 14, 14, 1, 1, 18, 1, 1] => QQFieldElem[0, 0, 0, 0, 0, 0, 0, 0, 0, 0, 0, 0, 0, 0, 0, 0],
	[14, 18, 16, 14, 4, 1, 1, 12, 1, 1] => QQFieldElem[1//64, 0, 0, 0, 0, 0, 0, 0, 0, 0, 0, 0, 0, 0, 0, 0],
	[14, 18, 16, 14, 3, 2, 1, 12, 1, 1] => QQFieldElem[1//48, 0, 0, 0, 0, 0, 0, 0, 0, 0, 0, 0, 0, 0, 0, 0],
	[14, 18, 16, 14, 2, 1, 1, 18, 1, 1] => QQFieldElem[1//3, 0, 0, 0, 0, 0, 0, 0, 0, 0, 0, 0, 1//3, 0, 0, 0],
	[14, 18, 16, 14, 14, 2, 1, 18, 1, 1] => QQFieldElem[0, 0, 0, 0, 0, 0, 0, 0, 0, 0, 0, 0, 0, 0, 0, 0],
	[14, 18, 16, 14, 3, 1, 1, 16, 1, 1] => QQFieldElem[0, 0, 2//9, 0, 0, 0, 2//9, 0, 0, 0, -2//9, 0, 0, 0, 0, 0],
	[14, 18, 16, 14, 4, 1, 1, 16, 1, 1] => QQFieldElem[0, 0, -2//9, 0, 0, 0, 2//9, 0, 0, 0, 2//9, 0, 0, 0, 0, 0],
	[14, 18, 16, 14, 3, 2, 1, 16, 1, 1] => QQFieldElem[0, 0, -8//27, 0, 0, 0, -8//27, 0, 0, 0, 8//27, 0, 0, 0, 0, 0],
	[14, 18, 16, 14, 14, 1, 1, 11, 1, 1] => QQFieldElem[0, 0, 1//72, 0, 0, 0, 0, 0, 0, 0, -1//72, 0, 0, 0, 0, 0],
	[14, 18, 16, 14, 3, 1, 1, 10, 1, 1] => QQFieldElem[0, 0, 0, 0, 0, 0, 1//768, 0, 0, 0, 0, 0, 0, 0, 0, 0],
	[14, 18, 16, 14, 14, 1, 1, 13, 1, 1] => QQFieldElem[1//64, 0, 0, 0, 0, 0, 0, 0, 0, 0, 0, 0, 0, 0, 0, 0],
	[14, 18, 16, 14, 14, 2, 1, 11, 1, 1] => QQFieldElem[0, 0, -1//72, 0, 0, 0, 0, 0, 0, 0, 1//72, 0, 0, 0, 0, 0],
	[14, 18, 16, 14, 4, 1, 1, 10, 1, 1] => QQFieldElem[0, 0, 0, 0, 0, 0, -1//768, 0, 0, 0, 0, 0, 0, 0, 0, 0],
	[14, 18, 16, 14, 2, 1, 1, 11, 1, 1] => QQFieldElem[0, 0, 0, 0, 0, 0, -1//108, 0, 0, 0, 0, 0, 0, 0, 0, 0],
	[14, 18, 16, 14, 3, 2, 1, 10, 1, 1] => QQFieldElem[0, 0, 0, 0, 0, 0, 1//576, 0, 0, 0, 0, 0, 0, 0, 0, 0],
	[14, 18, 16, 14, 2, 1, 1, 13, 1, 1] => QQFieldElem[0, 0, 0, 0, 0, 0, 0, 0, 0, 0, 0, 0, 0, 0, 0, 0],
	[14, 18, 16, 14, 14, 2, 1, 13, 1, 1] => QQFieldElem[1//64, 0, 0, 0, 0, 0, 0, 0, 0, 0, 0, 0, 0, 0, 0, 0],
	[14, 18, 16, 14, 3, 1, 1, 18, 1, 1] => QQFieldElem[1//4, 0, 0, 0, 0, 0, 0, 0, 0, 0, 0, 0, -1//4, 0, 0, 0],
	[14, 18, 16, 14, 4, 1, 1, 18, 1, 1] => QQFieldElem[-1//4, 0, 0, 0, 0, 0, 0, 0, 0, 0, 0, 0, -1//4, 0, 0, 0],
	[14, 18, 16, 14, 3, 2, 1, 18, 1, 1] => QQFieldElem[-1//3, 0, 0, 0, 0, 0, 0, 0, 0, 0, 0, 0, 1//3, 0, 0, 0],
	[14, 18, 16, 14, 14, 1, 1, 12, 1, 1] => QQFieldElem[0, 0, 0, 0, 0, 0, 0, 0, 0, 0, 0, 0, 0, 0, 0, 0])