Dict(
	[14, 12, 21, 13, 13, 1, 1, 16, 1, 1] => QQFieldElem[0, 0, 0, 0, 0, 0, -256//3, 0, 0, 0, 0, 0, 0, 0, 256//3, 0],
	[14, 12, 21, 13, 18, 1, 1, 16, 1, 1] => QQFieldElem[0, 0, 0, 0, 0, 0, 0, 0, 0, 0, 0, 0, 0, 0, 0, 0],
	[14, 12, 21, 13, 17, 1, 1, 11, 1, 1] => QQFieldElem[0, 0, 0, 0, 3//512, 0, 0, 0, 0, 0, 0, 0, 0, 0, 0, 0],
	[14, 12, 21, 13, 15, 1, 1, 12, 1, 1] => QQFieldElem[0, 0, 0, 0, 0, 0, 0, 0, 0, 0, -1//512, 0, 0, 0, 0, 0],
	[14, 12, 21, 13, 10, 1, 1, 18, 1, 1] => QQFieldElem[96, 0, 0, 0, 0, 0, 0, 0, -96, 0, 0, 0, 0, 0, 0, 0],
	[14, 12, 21, 13, 15, 1, 1, 16, 1, 1] => QQFieldElem[0, 0, 0, 0, 0, 0, 0, 0, 0, 0, 0, 0, 0, 0, 3//8, 0],
	[14, 12, 21, 13, 16, 1, 1, 15, 1, 1] => QQFieldElem[0, 0, 0, 0, 0, 0, 0, 0, 0, 0, 0, 0, 0, 0, 3//8, 0],
	[14, 12, 21, 13, 17, 1, 1, 15, 1, 1] => QQFieldElem[0, 0, 0, 0, 0, 0, 0, 0, 0, 0, 0, 0, 0, 0, 0, 0],
	[14, 12, 21, 13, 10, 1, 1, 17, 1, 1] => QQFieldElem[96, 0, 0, 0, 0, 0, 0, 0, -96, 0, 0, 0, 0, 0, 0, 0],
	[14, 12, 21, 13, 16, 1, 1, 12, 1, 1] => QQFieldElem[0, 0, 0, 0, 0, 0, 0, 0, 0, 0, 1//512, 0, 0, 0, 0, 0],
	[14, 12, 21, 13, 13, 1, 1, 18, 1, 1] => QQFieldElem[0, 0, 0, 0, 0, 0, -256//3, 0, 0, 0, 0, 0, 0, 0, 256//3, 0],
	[14, 12, 21, 13, 17, 1, 1, 12, 1, 1] => QQFieldElem[0, 0, 0, 0, 0, 0, 0, 0, 0, 0, -1//512, 0, 0, 0, 0, 0],
	[14, 12, 21, 13, 10, 1, 1, 11, 1, 1] => QQFieldElem[0, 0, 0, 0, 0, 0, 0, 0, 0, 0, 0, 0, 0, 0, 0, 0],
	[14, 12, 21, 13, 18, 1, 1, 18, 1, 1] => QQFieldElem[0, 0, 0, 0, 0, 0, 0, 0, 0, 0, 0, 0, 0, 0, 0, 0],
	[14, 12, 21, 13, 13, 1, 1, 17, 1, 1] => QQFieldElem[0, 0, 0, 0, 0, 0, 256//3, 0, 0, 0, 0, 0, 0, 0, -256//3, 0],
	[14, 12, 21, 13, 18, 1, 1, 17, 1, 1] => QQFieldElem[0, 0, 0, 0, 0, 0, 0, 0, 0, 0, 0, 0, 0, 0, 3//8, 0],
	[14, 12, 21, 13, 16, 1, 1, 16, 1, 1] => QQFieldElem[0, 0, 0, 0, 0, 0, 0, 0, 0, 0, 0, 0, 0, 0, 0, 0],
	[14, 12, 21, 13, 17, 1, 1, 16, 1, 1] => QQFieldElem[0, 0, 0, 0, 0, 0, 0, 0, 0, 0, 0, 0, 0, 0, -3//8, 0],
	[14, 12, 21, 13, 15, 1, 1, 18, 1, 1] => QQFieldElem[0, 0, 0, 0, 0, 0, 0, 0, 0, 0, 0, 0, 0, 0, -3//8, 0],
	[14, 12, 21, 13, 13, 1, 1, 11, 1, 1] => QQFieldElem[0, 0, 0, 0, 0, 0, 0, 0, 0, 0, 0, 0, 0, 0, 0, 0],
	[14, 12, 21, 13, 18, 1, 1, 11, 1, 1] => QQFieldElem[0, 0, 0, 0, 3//512, 0, 0, 0, 0, 0, 0, 0, 0, 0, 0, 0],
	[14, 12, 21, 13, 10, 1, 1, 15, 1, 1] => QQFieldElem[96, 0, 0, 0, 0, 0, 0, 0, -96, 0, 0, 0, 0, 0, 0, 0],
	[14, 12, 21, 13, 15, 1, 1, 17, 1, 1] => QQFieldElem[0, 0, 0, 0, 0, 0, 0, 0, 0, 0, 0, 0, 0, 0, 0, 0],
	[14, 12, 21, 13, 10, 1, 1, 12, 1, 1] => QQFieldElem[0, 0, 0, 0, 0, 0, 0, 0, 0, 0, 0, 0, 0, 0, 0, 0],
	[14, 12, 21, 13, 15, 1, 1, 11, 1, 1] => QQFieldElem[0, 0, 0, 0, 3//512, 0, 0, 0, 0, 0, 0, 0, 0, 0, 0, 0],
	[14, 12, 21, 13, 13, 1, 1, 15, 1, 1] => QQFieldElem[0, 0, 0, 0, 0, 0, 256//3, 0, 0, 0, 0, 0, 0, 0, -256//3, 0],
	[14, 12, 21, 13, 18, 1, 1, 15, 1, 1] => QQFieldElem[0, 0, 0, 0, 0, 0, 0, 0, 0, 0, 0, 0, 0, 0, -3//8, 0],
	[14, 12, 21, 13, 16, 1, 1, 18, 1, 1] => QQFieldElem[0, 0, 0, 0, 0, 0, 0, 0, 0, 0, 0, 0, 0, 0, 0, 0],
	[14, 12, 21, 13, 17, 1, 1, 18, 1, 1] => QQFieldElem[0, 0, 0, 0, 0, 0, 0, 0, 0, 0, 0, 0, 0, 0, 3//8, 0],
	[14, 12, 21, 13, 10, 1, 1, 16, 1, 1] => QQFieldElem[96, 0, 0, 0, 0, 0, 0, 0, -96, 0, 0, 0, 0, 0, 0, 0],
	[14, 12, 21, 13, 13, 1, 1, 12, 1, 1] => QQFieldElem[0, 0, 0, 0, 0, 0, 0, 0, 0, 0, 0, 0, 0, 0, 0, 0],
	[14, 12, 21, 13, 16, 1, 1, 17, 1, 1] => QQFieldElem[0, 0, 0, 0, 0, 0, 0, 0, 0, 0, 0, 0, 0, 0, -3//8, 0],
	[14, 12, 21, 13, 18, 1, 1, 12, 1, 1] => QQFieldElem[0, 0, 0, 0, 0, 0, 0, 0, 0, 0, 1//512, 0, 0, 0, 0, 0],
	[14, 12, 21, 13, 17, 1, 1, 17, 1, 1] => QQFieldElem[0, 0, 0, 0, 0, 0, 0, 0, 0, 0, 0, 0, 0, 0, 0, 0],
	[14, 12, 21, 13, 15, 1, 1, 15, 1, 1] => QQFieldElem[0, 0, 0, 0, 0, 0, 0, 0, 0, 0, 0, 0, 0, 0, 0, 0],
	[14, 12, 21, 13, 16, 1, 1, 11, 1, 1] => QQFieldElem[0, 0, 0, 0, 3//512, 0, 0, 0, 0, 0, 0, 0, 0, 0, 0, 0])