Dict(
	[14, 14, 12, 16, 12, 1, 1, 14, 1, 1] => QQFieldElem[0, 0, -9//16, 0, 0, 0, 9//16, 0, 0, 0, 9//16, 0, 0, 0, 0, 0],
	[14, 14, 12, 16, 16, 1, 1, 14, 2, 1] => QQFieldElem[-1//2, 0, 0, 0, 0, 0, 0, 0, 0, 0, 0, 0, 1//2, 0, 0, 0],
	[14, 14, 12, 16, 18, 1, 1, 8, 1, 1] => QQFieldElem[0, 0, 0, -3//512, 0, 0, 0, 0, 0, 0, 0, 0, 0, 0, 0, 0],
	[14, 14, 12, 16, 12, 1, 1, 7, 1, 1] => QQFieldElem[0, 0, 0, 0, 0, 0, 0, 0, 0, -1//256, 0, 0, 0, 0, 0, 0],
	[14, 14, 12, 16, 11, 1, 1, 8, 1, 1] => QQFieldElem[0, 0, 0, 1//128, 0, 0, 0, 0, 0, 0, 0, 0, 0, 0, 0, 0],
	[14, 14, 12, 16, 12, 1, 1, 14, 2, 1] => QQFieldElem[-1//2, 0, 0, 0, 0, 0, 0, 0, 0, 0, 0, 0, 1//2, 0, 0, 0],
	[14, 14, 12, 16, 18, 1, 1, 14, 1, 1] => QQFieldElem[0, 0, 9//16, 0, 0, 0, 9//16, 0, 0, 0, -9//16, 0, 0, 0, 0, 0],
	[14, 14, 12, 16, 11, 1, 1, 14, 1, 1] => QQFieldElem[-2//3, 0, 0, 0, 0, 0, 0, 0, 0, 0, 0, 0, -2//3, 0, 0, 0],
	[14, 14, 12, 16, 18, 1, 1, 7, 1, 1] => QQFieldElem[0, 0, 0, 0, 0, 0, 0, 0, 0, -1//256, 0, 0, 0, 0, 0, 0],
	[14, 14, 12, 16, 16, 1, 1, 8, 1, 1] => QQFieldElem[0, 0, 0, 0, 0, 27//4096, 0, 0, 0, 0, 0, 0, 0, -27//4096, 0, 0],
	[14, 14, 12, 16, 18, 1, 1, 14, 2, 1] => QQFieldElem[1//2, 0, 0, 0, 0, 0, 0, 0, 0, 0, 0, 0, 1//2, 0, 0, 0],
	[14, 14, 12, 16, 11, 1, 1, 7, 1, 1] => QQFieldElem[0, 0, 0, 0, 0, 0, 0, 0, 0, -1//192, 0, 0, 0, 0, 0, 0],
	[14, 14, 12, 16, 11, 1, 1, 14, 2, 1] => QQFieldElem[1//2, 0, 0, 0, 0, 0, 0, 0, 0, 0, 0, 0, 1//2, 0, 0, 0],
	[14, 14, 12, 16, 12, 1, 1, 8, 1, 1] => QQFieldElem[0, 0, 0, 3//512, 0, 0, 0, 0, 0, 0, 0, 0, 0, 0, 0, 0],
	[14, 14, 12, 16, 16, 1, 1, 14, 1, 1] => QQFieldElem[2//3, 0, 0, 0, 0, 0, 0, 0, 0, 0, 0, 0, -2//3, 0, 0, 0],
	[14, 14, 12, 16, 16, 1, 1, 7, 1, 1] => QQFieldElem[0, 0, 0, 9//2048, 0, 0, 0, 0, 0, 0, 0, 0, 0, 0, 0, 0])