Dict(
	[14, 14, 18, 13, 16, 1, 1, 8, 1, 1] => QQFieldElem[0, 0, 0, -3//512, 0, 0, 0, 0, 0, 0, 0, 0, 0, 0, 0, 0],
	[14, 14, 18, 13, 13, 1, 1, 14, 2, 1] => QQFieldElem[1//2, 0, 0, 0, 0, 0, 0, 0, 0, 0, 0, 0, -1//2, 0, 0, 0],
	[14, 14, 18, 13, 18, 1, 1, 14, 2, 1] => QQFieldElem[-1//2, 0, 0, 0, 0, 0, 0, 0, 0, 0, 0, 0, -1//2, 0, 0, 0],
	[14, 14, 18, 13, 16, 1, 1, 14, 1, 1] => QQFieldElem[-2//3, 0, 0, 0, 0, 0, 0, 0, 0, 0, 0, 0, 2//3, 0, 0, 0],
	[14, 14, 18, 13, 10, 1, 1, 8, 1, 1] => QQFieldElem[0, 0, 0, 0, 0, 0, 0, 0, 0, 1//144, 0, 0, 0, 0, 0, 0],
	[14, 14, 18, 13, 16, 1, 1, 7, 1, 1] => QQFieldElem[0, 0, 0, 0, 0, -27//2048, 0, 0, 0, 0, 0, 0, 0, 27//2048, 0, 0],
	[14, 14, 18, 13, 16, 1, 1, 14, 2, 1] => QQFieldElem[1//2, 0, 0, 0, 0, 0, 0, 0, 0, 0, 0, 0, -1//2, 0, 0, 0],
	[14, 14, 18, 13, 13, 1, 1, 8, 1, 1] => QQFieldElem[0, 0, 0, 0, 0, 0, 0, 0, 0, 1//192, 0, 0, 0, 0, 0, 0],
	[14, 14, 18, 13, 18, 1, 1, 8, 1, 1] => QQFieldElem[0, 0, 0, 0, 0, 0, 0, 0, 0, -1//192, 0, 0, 0, 0, 0, 0],
	[14, 14, 18, 13, 10, 1, 1, 14, 1, 1] => QQFieldElem[2//3, 0, 0, 0, 0, 0, 0, 0, 0, 0, 0, 0, 2//3, 0, 0, 0],
	[14, 14, 18, 13, 10, 1, 1, 7, 1, 1] => QQFieldElem[0, 0, 0, -1//64, 0, 0, 0, 0, 0, 0, 0, 0, 0, 0, 0, 0],
	[14, 14, 18, 13, 13, 1, 1, 14, 1, 1] => QQFieldElem[0, 0, -9//16, 0, 0, 0, 9//16, 0, 0, 0, 9//16, 0, 0, 0, 0, 0],
	[14, 14, 18, 13, 18, 1, 1, 14, 1, 1] => QQFieldElem[0, 0, 9//16, 0, 0, 0, 9//16, 0, 0, 0, -9//16, 0, 0, 0, 0, 0],
	[14, 14, 18, 13, 10, 1, 1, 14, 2, 1] => QQFieldElem[-1//2, 0, 0, 0, 0, 0, 0, 0, 0, 0, 0, 0, -1//2, 0, 0, 0],
	[14, 14, 18, 13, 13, 1, 1, 7, 1, 1] => QQFieldElem[0, 0, 0, -3//256, 0, 0, 0, 0, 0, 0, 0, 0, 0, 0, 0, 0],
	[14, 14, 18, 13, 18, 1, 1, 7, 1, 1] => QQFieldElem[0, 0, 0, -3//256, 0, 0, 0, 0, 0, 0, 0, 0, 0, 0, 0, 0])