Dict(
	[14, 12, 14, 16, 16, 1, 1, 12, 1, 1] => QQFieldElem[0, 0, 0, -1//6, 0, 0, 0, 0, 0, 0, 0, 0, 0, 0, 0, 0],
	[14, 12, 14, 16, 18, 1, 1, 18, 1, 1] => QQFieldElem[0, 0, 0, 0, 0, 0, 0, 0, 0, 0, 0, 0, 0, 0, 0, 0],
	[14, 12, 14, 16, 11, 1, 1, 18, 1, 1] => QQFieldElem[0, 0, 0, 0, 0, 0, 0, 0, 0, -96, 0, 0, 0, 0, 0, 0],
	[14, 12, 14, 16, 16, 1, 1, 16, 1, 1] => QQFieldElem[0, 0, 0, 0, 0, 0, 0, 0, 0, 0, 0, 0, 0, 0, 0, 0],
	[14, 12, 14, 16, 12, 1, 1, 12, 1, 1] => QQFieldElem[0, 0, 0, 0, 0, 0, 0, 0, 0, 0, 0, 0, 0, 0, 0, 0],
	[14, 12, 14, 16, 18, 1, 1, 11, 1, 1] => QQFieldElem[0, 0, 0, 0, 0, -1//12, 0, 0, 0, 0, 0, 0, 0, 1//12, 0, 0],
	[14, 12, 14, 16, 11, 1, 1, 11, 1, 1] => QQFieldElem[0, 0, 0, 0, 0, 0, 0, 0, 0, 0, 0, 0, 0, 0, 0, 0],
	[14, 12, 14, 16, 12, 1, 1, 16, 1, 1] => QQFieldElem[0, 0, 0, -256//3, 0, 0, 0, 0, 0, 0, 0, 0, 0, 0, 0, 0],
	[14, 12, 14, 16, 16, 1, 1, 18, 1, 1] => QQFieldElem[0, 0, 0, 0, 0, 0, 0, 0, 0, 0, 0, 0, 0, 0, 0, 0],
	[14, 12, 14, 16, 18, 1, 1, 12, 1, 1] => QQFieldElem[0, 0, 0, 1//6, 0, 0, 0, 0, 0, 0, 0, 0, 0, 0, 0, 0],
	[14, 12, 14, 16, 11, 1, 1, 12, 1, 1] => QQFieldElem[0, 0, 0, 0, 0, 0, 0, 0, 0, 0, 0, 0, 0, 0, 0, 0],
	[14, 12, 14, 16, 16, 1, 1, 11, 1, 1] => QQFieldElem[0, 0, 0, 0, 0, -1//12, 0, 0, 0, 0, 0, 0, 0, 1//12, 0, 0],
	[14, 12, 14, 16, 12, 1, 1, 18, 1, 1] => QQFieldElem[0, 0, 0, 256//3, 0, 0, 0, 0, 0, 0, 0, 0, 0, 0, 0, 0],
	[14, 12, 14, 16, 18, 1, 1, 16, 1, 1] => QQFieldElem[0, 0, 0, 0, 0, 0, 0, 0, 0, 0, 0, 0, 0, 0, 0, 0],
	[14, 12, 14, 16, 11, 1, 1, 16, 1, 1] => QQFieldElem[0, 0, 0, 0, 0, 0, 0, 0, 0, -96, 0, 0, 0, 0, 0, 0],
	[14, 12, 14, 16, 12, 1, 1, 11, 1, 1] => QQFieldElem[0, 0, 0, 0, 0, 0, 0, 0, 0, 0, 0, 0, 0, 0, 0, 0])