Dict(
	[14, 17, 12, 21, 19, 2, 1, 13, 1, 1] => QQFieldElem[0, 0, 1//4, 0, 0, 1//4, 0, 1//4, 0, 0, -1//4, 0, 1//4, 0, 0, -1//4],
	[14, 17, 12, 21, 21, 1, 1, 17, 1, 1] => QQFieldElem[0, 0, 0, 0, 0, 0, 0, 0, 0, 0, 0, -1//4, 0, -1//4, 0, 0],
	[14, 17, 12, 21, 20, 1, 1, 10, 1, 1] => QQFieldElem[0, 0, 0, 0, 0, 1//3, 0, 1//3, 0, 0, -1//3, 0, 1//3, 0, 0, 0],
	[14, 17, 12, 21, 19, 1, 1, 15, 1, 1] => QQFieldElem[0, 0, -1//3, 0, 0, 1//3, 0, 0, 0, 0, 0, 0, 1//3, 0, 0, 1//3],
	[14, 17, 12, 21, 21, 2, 1, 17, 1, 1] => QQFieldElem[0, 0, 0, 0, 0, 0, 0, 0, 0, 0, 0, 1//4, 0, -1//4, 0, 0],
	[14, 17, 12, 21, 20, 2, 1, 10, 1, 1] => QQFieldElem[0, 0, 0, 0, 0, 1//4, 0, -1//4, 0, 0, -1//4, 0, -1//4, 0, 0, 0],
	[14, 17, 12, 21, 21, 1, 1, 11, 1, 1] => QQFieldElem[0, 0, 0, -1//4, 0, 1//4, 0, 0, 0, 0, 0, 1//4, 0, 0, 0, 0],
	[14, 17, 12, 21, 19, 1, 1, 12, 1, 1] => QQFieldElem[0, 0, 1//3, 0, 0, 1//3, 0, 1//3, 0, 0, -1//3, 0, 1//3, 0, 0, -1//3],
	[14, 17, 12, 21, 19, 2, 1, 15, 1, 1] => QQFieldElem[0, 0, -1//4, 0, 0, 1//4, 0, 0, 0, 0, 0, 0, -1//4, 0, 0, -1//4],
	[14, 17, 12, 21, 21, 1, 1, 13, 1, 1] => QQFieldElem[0, 0, 0, 1//4, 0, -1//4, 0, 0, 0, 0, 0, 0, 0, 1//4, 0, 0],
	[14, 17, 12, 21, 19, 2, 1, 12, 1, 1] => QQFieldElem[0, 0, 1//4, 0, 0, 1//4, 0, -1//4, 0, 0, -1//4, 0, -1//4, 0, 0, 1//4],
	[14, 17, 12, 21, 21, 2, 1, 11, 1, 1] => QQFieldElem[0, 0, 0, 1//4, 0, 1//4, 0, 0, 0, 0, 0, -1//4, 0, 0, 0, 0],
	[14, 17, 12, 21, 20, 1, 1, 17, 1, 1] => QQFieldElem[0, 0, 1//3, 0, 0, 1//3, 0, 0, 0, 0, 0, 0, -1//3, 0, 0, 1//3],
	[14, 17, 12, 21, 21, 2, 1, 13, 1, 1] => QQFieldElem[0, 0, 0, -1//4, 0, -1//4, 0, 0, 0, 0, 0, 0, 0, 1//4, 0, 0],
	[14, 17, 12, 21, 21, 1, 1, 15, 1, 1] => QQFieldElem[0, 0, 0, 0, 0, 0, 0, 0, 0, 0, 0, 1//4, 0, -1//4, 0, 0],
	[14, 17, 12, 21, 20, 2, 1, 17, 1, 1] => QQFieldElem[0, 0, 1//4, 0, 0, 1//4, 0, 0, 0, 0, 0, 0, 1//4, 0, 0, -1//4],
	[14, 17, 12, 21, 20, 1, 1, 11, 1, 1] => QQFieldElem[0, 0, 0, 0, 0, 1//3, 0, -1//3, 0, 0, -1//3, 0, -1//3, 0, 0, 0],
	[14, 17, 12, 21, 21, 1, 1, 12, 1, 1] => QQFieldElem[0, 0, 0, -1//4, 0, -1//4, 0, 0, 0, 0, 0, 0, 0, 1//4, 0, 0],
	[14, 17, 12, 21, 19, 1, 1, 10, 1, 1] => QQFieldElem[0, 0, 0, 0, 0, 1//3, 0, -1//3, 0, 0, 1//3, 0, 1//3, 0, 0, 0],
	[14, 17, 12, 21, 21, 2, 1, 15, 1, 1] => QQFieldElem[0, 0, 0, 0, 0, 0, 0, 0, 0, 0, 0, -1//4, 0, -1//4, 0, 0],
	[14, 17, 12, 21, 20, 1, 1, 13, 1, 1] => QQFieldElem[0, 0, -1//3, 0, 0, 1//3, 0, 1//3, 0, 0, 1//3, 0, -1//3, 0, 0, -1//3],
	[14, 17, 12, 21, 20, 2, 1, 11, 1, 1] => QQFieldElem[0, 0, 0, 0, 0, 1//4, 0, 1//4, 0, 0, -1//4, 0, 1//4, 0, 0, 0],
	[14, 17, 12, 21, 21, 2, 1, 12, 1, 1] => QQFieldElem[0, 0, 0, 1//4, 0, -1//4, 0, 0, 0, 0, 0, 0, 0, 1//4, 0, 0],
	[14, 17, 12, 21, 20, 2, 1, 13, 1, 1] => QQFieldElem[0, 0, -1//4, 0, 0, 1//4, 0, -1//4, 0, 0, 1//4, 0, 1//4, 0, 0, 1//4],
	[14, 17, 12, 21, 19, 2, 1, 10, 1, 1] => QQFieldElem[0, 0, 0, 0, 0, 1//4, 0, 1//4, 0, 0, 1//4, 0, -1//4, 0, 0, 0],
	[14, 17, 12, 21, 20, 1, 1, 15, 1, 1] => QQFieldElem[0, 0, 1//3, 0, 0, 1//3, 0, 0, 0, 0, 0, 0, 1//3, 0, 0, -1//3],
	[14, 17, 12, 21, 19, 1, 1, 17, 1, 1] => QQFieldElem[0, 0, -1//3, 0, 0, 1//3, 0, 0, 0, 0, 0, 0, -1//3, 0, 0, -1//3],
	[14, 17, 12, 21, 20, 1, 1, 12, 1, 1] => QQFieldElem[0, 0, -1//3, 0, 0, 1//3, 0, -1//3, 0, 0, 1//3, 0, 1//3, 0, 0, 1//3],
	[14, 17, 12, 21, 20, 2, 1, 15, 1, 1] => QQFieldElem[0, 0, 1//4, 0, 0, 1//4, 0, 0, 0, 0, 0, 0, -1//4, 0, 0, 1//4],
	[14, 17, 12, 21, 21, 1, 1, 10, 1, 1] => QQFieldElem[0, 0, 0, 1//4, 0, 1//4, 0, 0, 0, 0, 0, -1//4, 0, 0, 0, 0],
	[14, 17, 12, 21, 19, 2, 1, 17, 1, 1] => QQFieldElem[0, 0, -1//4, 0, 0, 1//4, 0, 0, 0, 0, 0, 0, 1//4, 0, 0, 1//4],
	[14, 17, 12, 21, 20, 2, 1, 12, 1, 1] => QQFieldElem[0, 0, -1//4, 0, 0, 1//4, 0, 1//4, 0, 0, 1//4, 0, -1//4, 0, 0, -1//4],
	[14, 17, 12, 21, 19, 1, 1, 11, 1, 1] => QQFieldElem[0, 0, 0, 0, 0, 1//3, 0, 1//3, 0, 0, 1//3, 0, -1//3, 0, 0, 0],
	[14, 17, 12, 21, 21, 2, 1, 10, 1, 1] => QQFieldElem[0, 0, 0, -1//4, 0, 1//4, 0, 0, 0, 0, 0, 1//4, 0, 0, 0, 0],
	[14, 17, 12, 21, 19, 1, 1, 13, 1, 1] => QQFieldElem[0, 0, 1//3, 0, 0, 1//3, 0, -1//3, 0, 0, -1//3, 0, -1//3, 0, 0, 1//3],
	[14, 17, 12, 21, 19, 2, 1, 11, 1, 1] => QQFieldElem[0, 0, 0, 0, 0, 1//4, 0, -1//4, 0, 0, 1//4, 0, 1//4, 0, 0, 0])