Dict(
	[14, 14, 20, 21, 21, 1, 2, 3, 1, 1] => QQFieldElem[-1//8, 0, 3//16, 0, 0, 0, 1//16, 0, 0, 0, -3//16, 0, 0, 0, 0, 0],
	[14, 14, 20, 21, 20, 1, 1, 14, 1, 1] => QQFieldElem[0, 0, -1//12, 0, 0, 0, -1//12, 0, -1//6, 0, 1//12, 0, 0, 0, 1//6, 0],
	[14, 14, 20, 21, 20, 2, 2, 14, 1, 1] => QQFieldElem[1//8, 0, -1//16, 0, 0, 0, -1//16, 0, -1//8, 0, -1//16, 0, 0, 0, 0, 0],
	[14, 14, 20, 21, 21, 2, 1, 14, 2, 1] => QQFieldElem[27//64, 0, 0, 0, 0, 0, 0, 0, 0, 0, 0, 0, 0, 0, 0, 0],
	[14, 14, 20, 21, 20, 1, 1, 4, 1, 1] => QQFieldElem[1//6, 0, -1//4, 0, 0, 0, -1//12, 0, 0, 0, 1//4, 0, 0, 0, 0, 0],
	[14, 14, 20, 21, 21, 2, 1, 3, 1, 1] => QQFieldElem[1//6, 0, 1//12, 0, 0, 0, 1//4, 0, 0, 0, -1//12, 0, 0, 0, 0, 0],
	[14, 14, 20, 21, 19, 1, 2, 6, 1, 1] => QQFieldElem[-27//128, 0, 0, 0, -27//256, 0, 0, 0, 81//256, 0, 0, 0, -27//128, 0, 0, 0],
	[14, 14, 20, 21, 20, 2, 2, 4, 1, 1] => QQFieldElem[-1//8, 0, -1//16, 0, 0, 0, -3//16, 0, 0, 0, 1//16, 0, 0, 0, 0, 0],
	[14, 14, 20, 21, 21, 1, 1, 9, 1, 1] => QQFieldElem[27//64, 0, 0, 0, -9//32, 0, 0, 0, -9//32, 0, 0, 0, 27//64, 0, 0, 0],
	[14, 14, 20, 21, 19, 1, 1, 8, 1, 1] => QQFieldElem[0, 0, 0, 0, -81//256, 0, 0, 0, 81//256, 0, 0, 0, 0, 0, 0, 0],
	[14, 14, 20, 21, 21, 1, 2, 3, 2, 1] => QQFieldElem[1//4, 0, 0, 0, 0, 0, 0, 0, -1//2, 0, 0, 0, 1//4, 0, 0, 0],
	[14, 14, 20, 21, 20, 1, 1, 14, 2, 1] => QQFieldElem[-9//64, 0, 0, 0, -9//32, 0, 0, 0, 9//32, 0, 0, 0, 9//64, 0, 0, 0],
	[14, 14, 20, 21, 21, 2, 2, 9, 1, 1] => QQFieldElem[0, 0, 0, 0, 0, 0, 0, 0, 0, 0, 0, 0, -1//4, 0, 0, 0],
	[14, 14, 20, 21, 19, 2, 1, 6, 1, 1] => QQFieldElem[-27//64, 0, 0, 0, 0, 0, 0, 0, 0, 0, 0, 0, 0, 0, 0, 0],
	[14, 14, 20, 21, 20, 2, 2, 14, 2, 1] => QQFieldElem[-1//2, 0, 0, 0, 0, 0, 0, 0, 0, 0, 0, 0, 0, 0, 0, 0],
	[14, 14, 20, 21, 19, 2, 2, 8, 1, 1] => QQFieldElem[9//64, 0, 0, 0, 0, 0, 0, 0, -9//32, 0, 0, 0, 0, 0, 0, 0],
	[14, 14, 20, 21, 20, 1, 1, 3, 1, 1] => QQFieldElem[9//64, 0, 0, 0, 0, 0, 0, 0, 0, 0, 0, 0, 9//64, 0, 0, 0],
	[14, 14, 20, 21, 21, 2, 1, 3, 2, 1] => QQFieldElem[9//64, 0, 0, 0, 9//32, 0, 0, 0, 9//32, 0, 0, 0, 9//64, 0, 0, 0],
	[14, 14, 20, 21, 21, 1, 1, 14, 1, 2] => QQFieldElem[1//3, 0, -1//12, 0, 0, 0, -1//4, 0, -1//6, 0, 1//12, 0, 1//6, 0, 1//6, 0],
	[14, 14, 20, 21, 20, 2, 2, 3, 1, 1] => QQFieldElem[0, 0, 0, 0, 0, 0, 0, 0, 0, 0, 0, 0, -1//4, 0, 0, 0],
	[14, 14, 20, 21, 19, 1, 2, 14, 1, 1] => QQFieldElem[81//256, 0, 0, 0, 81//256, 0, 0, 0, -27//256, 0, 0, 0, -27//256, 0, 0, 0],
	[14, 14, 20, 21, 21, 2, 2, 14, 1, 2] => QQFieldElem[1//8, 0, 3//16, 0, 0, 0, 1//16, 0, 1//8, 0, -1//16, 0, -1//8, 0, 0, 0],
	[14, 14, 20, 21, 20, 1, 2, 9, 1, 1] => QQFieldElem[-1//8, 0, 1//16, 0, 0, 0, 1//16, 0, -1//8, 0, -1//16, 0, -1//8, 0, 1//8, 0],
	[14, 14, 20, 21, 20, 1, 1, 3, 2, 1] => QQFieldElem[-81//256, 0, 0, 0, 0, 0, 0, 0, 0, 0, 0, 0, 81//256, 0, 0, 0],
	[14, 14, 20, 21, 19, 1, 2, 4, 1, 1] => QQFieldElem[-27//256, 0, 0, 0, 27//128, 0, 0, 0, -27//128, 0, 0, 0, -81//256, 0, 0, 0],
	[14, 14, 20, 21, 19, 2, 1, 14, 1, 1] => QQFieldElem[-27//64, 0, 0, 0, 0, 0, 0, 0, 0, 0, 0, 0, 0, 0, 0, 0],
	[14, 14, 20, 21, 20, 2, 1, 9, 1, 1] => QQFieldElem[-1//3, 0, -1//12, 0, 0, 0, -1//12, 0, 1//6, 0, 1//4, 0, 1//6, 0, 0, 0],
	[14, 14, 20, 21, 21, 1, 1, 14, 2, 2] => QQFieldElem[9//64, 0, 0, 0, 9//32, 0, 0, 0, 9//32, 0, 0, 0, 9//64, 0, 0, 0],
	[14, 14, 20, 21, 20, 2, 2, 3, 2, 1] => QQFieldElem[-9//64, 0, 0, 0, 0, 0, 0, 0, 9//32, 0, 0, 0, 0, 0, 0, 0],
	[14, 14, 20, 21, 20, 1, 2, 14, 1, 2] => QQFieldElem[81//256, 0, 0, 0, -81//256, 0, 0, 0, -27//256, 0, 0, 0, 27//256, 0, 0, 0],
	[14, 14, 20, 21, 19, 1, 2, 14, 2, 1] => QQFieldElem[-1//4, 0, 1//16, 0, 0, 0, 3//16, 0, 1//8, 0, -1//16, 0, -1//8, 0, -1//8, 0],
	[14, 14, 20, 21, 19, 2, 1, 4, 1, 1] => QQFieldElem[-9//64, 0, 0, 0, 0, 0, 0, 0, 9//32, 0, 0, 0, 0, 0, 0, 0],
	[14, 14, 20, 21, 21, 2, 2, 14, 2, 2] => QQFieldElem[0, 0, 0, 0, 0, 0, 0, 0, 0, 0, 0, 0, -1//4, 0, 0, 0],
	[14, 14, 20, 21, 20, 2, 1, 14, 1, 2] => QQFieldElem[-9//64, 0, 0, 0, 0, 0, 0, 0, 9//32, 0, 0, 0, 0, 0, 0, 0],
	[14, 14, 20, 21, 19, 1, 2, 3, 1, 1] => QQFieldElem[-27//256, 0, 0, 0, -27//128, 0, 0, 0, -27//128, 0, 0, 0, 81//256, 0, 0, 0],
	[14, 14, 20, 21, 19, 2, 1, 14, 2, 1] => QQFieldElem[-1//6, 0, -1//4, 0, 0, 0, -1//12, 0, -1//6, 0, 1//12, 0, 1//6, 0, 0, 0],
	[14, 14, 20, 21, 20, 1, 2, 14, 2, 2] => QQFieldElem[0, 0, 1//16, 0, 0, 0, 1//16, 0, 1//8, 0, -1//16, 0, 0, 0, -1//8, 0],
	[14, 14, 20, 21, 19, 2, 1, 3, 1, 1] => QQFieldElem[-27//64, 0, 0, 0, 0, 0, 0, 0, 0, 0, 0, 0, 0, 0, 0, 0],
	[14, 14, 20, 21, 19, 1, 1, 9, 1, 1] => QQFieldElem[0, 0, 0, 0, 81//256, 0, 0, 0, 81//256, 0, 0, 0, 0, 0, 0, 0],
	[14, 14, 20, 21, 21, 1, 1, 7, 1, 1] => QQFieldElem[27//64, 0, 0, 0, 0, 0, 0, 0, 0, 0, 0, 0, -27//64, 0, 0, 0],
	[14, 14, 20, 21, 20, 2, 1, 14, 2, 2] => QQFieldElem[-1//6, 0, 1//12, 0, 0, 0, 1//12, 0, 1//6, 0, 1//12, 0, 0, 0, 0, 0],
	[14, 14, 20, 21, 21, 1, 2, 5, 1, 1] => QQFieldElem[0, 0, 0, 0, 0, 0, 0, 0, 0, 0, 0, 0, 0, 0, 0, 0],
	[14, 14, 20, 21, 21, 2, 2, 7, 1, 1] => QQFieldElem[1//4, 0, 0, 0, 0, 0, 0, 0, 0, 0, 0, 0, 0, 0, 0, 0],
	[14, 14, 20, 21, 19, 2, 2, 9, 1, 1] => QQFieldElem[9//64, 0, 0, 0, 0, 0, 0, 0, 0, 0, 0, 0, 0, 0, 0, 0],
	[14, 14, 20, 21, 19, 1, 2, 3, 2, 1] => QQFieldElem[0, 0, -3//16, 0, 0, 0, 1//16, 0, 0, 0, 1//16, 0, -1//8, 0, 1//8, 0],
	[14, 14, 20, 21, 19, 2, 1, 3, 2, 1] => QQFieldElem[0, 0, -1//12, 0, 0, 0, 1//4, 0, 0, 0, 1//4, 0, 1//6, 0, -1//6, 0],
	[14, 14, 20, 21, 21, 2, 1, 5, 1, 1] => QQFieldElem[27//64, 0, 0, 0, 0, 0, 0, 0, 0, 0, 0, 0, -27//64, 0, 0, 0],
	[14, 14, 20, 21, 19, 1, 1, 14, 1, 2] => QQFieldElem[9//64, 0, 0, 0, 0, 0, 0, 0, 0, 0, 0, 0, 9//64, 0, 0, 0],
	[14, 14, 20, 21, 20, 1, 2, 7, 1, 1] => QQFieldElem[0, 0, -1//16, 0, 0, 0, 1//16, 0, 1//8, 0, -1//16, 0, 0, 0, 0, 0],
	[14, 14, 20, 21, 19, 2, 2, 14, 1, 2] => QQFieldElem[1//4, 0, 0, 0, 0, 0, 0, 0, -1//2, 0, 0, 0, -1//4, 0, 0, 0],
	[14, 14, 20, 21, 20, 1, 1, 5, 1, 1] => QQFieldElem[0, 0, 1//4, 0, 0, 0, -1//12, 0, 0, 0, -1//12, 0, 1//6, 0, -1//6, 0],
	[14, 14, 20, 21, 20, 2, 1, 7, 1, 1] => QQFieldElem[-1//6, 0, 1//12, 0, 0, 0, -1//12, 0, 1//6, 0, -1//12, 0, 0, 0, 1//6, 0],
	[14, 14, 20, 21, 19, 1, 1, 14, 2, 2] => QQFieldElem[81//256, 0, 0, 0, 81//256, 0, 0, 0, -81//256, 0, 0, 0, -81//256, 0, 0, 0],
	[14, 14, 20, 21, 20, 2, 2, 5, 1, 1] => QQFieldElem[0, 0, 1//16, 0, 0, 0, -3//16, 0, 0, 0, -3//16, 0, -1//8, 0, 1//8, 0],
	[14, 14, 20, 21, 19, 2, 2, 14, 2, 2] => QQFieldElem[-9//64, 0, 0, 0, 0, 0, 0, 0, 9//32, 0, 0, 0, 0, 0, 0, 0],
	[14, 14, 20, 21, 21, 1, 2, 8, 1, 1] => QQFieldElem[0, 0, 0, 0, 0, 0, 0, 0, 0, 0, 0, 0, 1//4, 0, 0, 0],
	[14, 14, 20, 21, 21, 1, 1, 6, 1, 1] => QQFieldElem[9//64, 0, 0, 0, 0, 0, 0, 0, 0, 0, 0, 0, 9//64, 0, 0, 0],
	[14, 14, 20, 21, 21, 2, 2, 6, 1, 1] => QQFieldElem[-1//4, 0, 0, 0, 0, 0, 0, 0, 1//2, 0, 0, 0, -1//4, 0, 0, 0],
	[14, 14, 20, 21, 19, 1, 1, 7, 1, 1] => QQFieldElem[0, 0, 0, 0, -81//256, 0, 0, 0, 81//256, 0, 0, 0, 0, 0, 0, 0],
	[14, 14, 20, 21, 21, 2, 1, 8, 1, 1] => QQFieldElem[9//64, 0, 0, 0, 9//32, 0, 0, 0, 9//32, 0, 0, 0, 9//64, 0, 0, 0],
	[14, 14, 20, 21, 19, 1, 2, 5, 1, 1] => QQFieldElem[-27//256, 0, 0, 0, -27//128, 0, 0, 0, -27//128, 0, 0, 0, 81//256, 0, 0, 0],
	[14, 14, 20, 21, 19, 2, 2, 7, 1, 1] => QQFieldElem[-9//64, 0, 0, 0, 0, 0, 0, 0, 9//32, 0, 0, 0, 0, 0, 0, 0],
	[14, 14, 20, 21, 20, 1, 2, 6, 1, 1] => QQFieldElem[1//4, 0, -1//16, 0, 0, 0, -1//16, 0, -1//8, 0, 3//16, 0, -1//8, 0, 0, 0],
	[14, 14, 20, 21, 19, 2, 1, 5, 1, 1] => QQFieldElem[27//64, 0, 0, 0, 0, 0, 0, 0, 0, 0, 0, 0, 0, 0, 0, 0],
	[14, 14, 20, 21, 20, 1, 1, 8, 1, 1] => QQFieldElem[0, 0, 1//12, 0, 0, 0, -1//12, 0, -1//6, 0, 1//12, 0, 0, 0, 0, 0],
	[14, 14, 20, 21, 21, 1, 1, 14, 1, 1] => QQFieldElem[27//64, 0, 0, 0, 0, 0, 0, 0, 0, 0, 0, 0, -27//64, 0, 0, 0],
	[14, 14, 20, 21, 21, 2, 2, 14, 1, 1] => QQFieldElem[1//4, 0, 0, 0, 0, 0, 0, 0, 0, 0, 0, 0, 0, 0, 0, 0],
	[14, 14, 20, 21, 20, 2, 1, 6, 1, 1] => QQFieldElem[1//6, 0, 1//12, 0, 0, 0, 1//12, 0, 1//6, 0, -1//12, 0, 1//6, 0, 1//6, 0],
	[14, 14, 20, 21, 21, 1, 1, 4, 1, 1] => QQFieldElem[-9//64, 0, 0, 0, -9//32, 0, 0, 0, 9//32, 0, 0, 0, 9//64, 0, 0, 0],
	[14, 14, 20, 21, 20, 2, 2, 8, 1, 1] => QQFieldElem[1//8, 0, -1//16, 0, 0, 0, 1//16, 0, -1//8, 0, 1//16, 0, 0, 0, -1//8, 0],
	[14, 14, 20, 21, 21, 2, 2, 4, 1, 1] => QQFieldElem[1//4, 0, 0, 0, 0, 0, 0, 0, 0, 0, 0, 0, 0, 0, 0, 0],
	[14, 14, 20, 21, 21, 1, 1, 14, 2, 1] => QQFieldElem[81//256, 0, 0, 0, -81//256, 0, 0, 0, -81//256, 0, 0, 0, 81//256, 0, 0, 0],
	[14, 14, 20, 21, 20, 1, 2, 14, 1, 1] => QQFieldElem[1//8, 0, 1//16, 0, 0, 0, 1//16, 0, -1//8, 0, 1//16, 0, 0, 0, 0, 0],
	[14, 14, 20, 21, 21, 2, 2, 14, 2, 1] => QQFieldElem[9//64, 0, 0, 0, 0, 0, 0, 0, 0, 0, 0, 0, 0, 0, 0, 0],
	[14, 14, 20, 21, 21, 1, 1, 3, 1, 1] => QQFieldElem[1//6, 0, -1//12, 0, 0, 0, -1//4, 0, 0, 0, 1//12, 0, 0, 0, 0, 0],
	[14, 14, 20, 21, 20, 1, 2, 4, 1, 1] => QQFieldElem[-1//8, 0, 1//16, 0, 0, 0, 3//16, 0, 0, 0, -1//16, 0, 0, 0, 0, 0],
	[14, 14, 20, 21, 21, 2, 2, 3, 1, 1] => QQFieldElem[-1//8, 0, -3//16, 0, 0, 0, -1//16, 0, 0, 0, 3//16, 0, 0, 0, 0, 0],
	[14, 14, 20, 21, 20, 2, 1, 14, 1, 1] => QQFieldElem[0, 0, 1//12, 0, 0, 0, 1//12, 0, -1//6, 0, -1//12, 0, 0, 0, -1//6, 0],
	[14, 14, 20, 21, 19, 1, 2, 8, 1, 1] => QQFieldElem[-27//128, 0, 0, 0, 27//256, 0, 0, 0, 81//256, 0, 0, 0, 27//128, 0, 0, 0],
	[14, 14, 20, 21, 19, 1, 1, 6, 1, 1] => QQFieldElem[0, 0, 0, 0, 81//256, 0, 0, 0, 81//256, 0, 0, 0, 0, 0, 0, 0],
	[14, 14, 20, 21, 20, 2, 1, 4, 1, 1] => QQFieldElem[1//6, 0, 1//4, 0, 0, 0, 1//12, 0, 0, 0, -1//4, 0, 0, 0, 0, 0],
	[14, 14, 20, 21, 21, 1, 2, 9, 1, 1] => QQFieldElem[0, 0, 0, 0, 0, 0, 0, 0, 0, 0, 0, 0, 0, 0, 0, 0],
	[14, 14, 20, 21, 20, 1, 2, 14, 2, 1] => QQFieldElem[0, 0, 0, 0, 0, 0, 0, 0, 0, 0, 0, 0, 1//4, 0, 0, 0],
	[14, 14, 20, 21, 19, 2, 2, 6, 1, 1] => QQFieldElem[-9//64, 0, 0, 0, 0, 0, 0, 0, 0, 0, 0, 0, 0, 0, 0, 0],
	[14, 14, 20, 21, 20, 1, 2, 3, 1, 1] => QQFieldElem[1//2, 0, 0, 0, 0, 0, 0, 0, 0, 0, 0, 0, 0, 0, 0, 0],
	[14, 14, 20, 21, 21, 1, 1, 3, 2, 1] => QQFieldElem[9//64, 0, 0, 0, 9//32, 0, 0, 0, -9//32, 0, 0, 0, -9//64, 0, 0, 0],
	[14, 14, 20, 21, 19, 2, 1, 8, 1, 1] => QQFieldElem[-9//64, 0, 0, 0, 0, 0, 0, 0, 9//32, 0, 0, 0, 0, 0, 0, 0],
	[14, 14, 20, 21, 21, 2, 1, 9, 1, 1] => QQFieldElem[-9//64, 0, 0, 0, -9//32, 0, 0, 0, 9//32, 0, 0, 0, 9//64, 0, 0, 0],
	[14, 14, 20, 21, 21, 2, 2, 3, 2, 1] => QQFieldElem[1//4, 0, 0, 0, 0, 0, 0, 0, 0, 0, 0, 0, 0, 0, 0, 0],
	[14, 14, 20, 21, 21, 1, 2, 14, 1, 2] => QQFieldElem[1//8, 0, -3//16, 0, 0, 0, -1//16, 0, 1//8, 0, 1//16, 0, -1//8, 0, 0, 0],
	[14, 14, 20, 21, 20, 2, 1, 14, 2, 1] => QQFieldElem[27//64, 0, 0, 0, -9//32, 0, 0, 0, -9//32, 0, 0, 0, 27//64, 0, 0, 0],
	[14, 14, 20, 21, 20, 2, 1, 3, 1, 1] => QQFieldElem[9//64, 0, 0, 0, 0, 0, 0, 0, 0, 0, 0, 0, -9//64, 0, 0, 0],
	[14, 14, 20, 21, 19, 1, 1, 14, 1, 1] => QQFieldElem[81//256, 0, 0, 0, -81//256, 0, 0, 0, -81//256, 0, 0, 0, 81//256, 0, 0, 0],
	[14, 14, 20, 21, 21, 2, 1, 14, 1, 2] => QQFieldElem[1//3, 0, 1//12, 0, 0, 0, 1//4, 0, -1//6, 0, -1//12, 0, 1//6, 0, -1//6, 0],
	[14, 14, 20, 21, 20, 1, 2, 3, 2, 1] => QQFieldElem[-27//256, 0, 0, 0, 27//128, 0, 0, 0, -27//128, 0, 0, 0, -81//256, 0, 0, 0],
	[14, 14, 20, 21, 20, 1, 1, 9, 1, 1] => QQFieldElem[-1//3, 0, 1//12, 0, 0, 0, 1//12, 0, 1//6, 0, -1//4, 0, 1//6, 0, 0, 0],
	[14, 14, 20, 21, 20, 2, 2, 9, 1, 1] => QQFieldElem[-1//8, 0, -1//16, 0, 0, 0, -1//16, 0, -1//8, 0, 1//16, 0, -1//8, 0, -1//8, 0],
	[14, 14, 20, 21, 19, 2, 2, 14, 1, 1] => QQFieldElem[-9//64, 0, 0, 0, 0, 0, 0, 0, 0, 0, 0, 0, 0, 0, 0, 0],
	[14, 14, 20, 21, 19, 1, 1, 4, 1, 1] => QQFieldElem[-81//256, 0, 0, 0, 0, 0, 0, 0, 0, 0, 0, 0, 81//256, 0, 0, 0],
	[14, 14, 20, 21, 21, 1, 2, 14, 2, 2] => QQFieldElem[0, 0, 0, 0, 0, 0, 0, 0, 0, 0, 0, 0, 0, 0, 0, 0],
	[14, 14, 20, 21, 20, 2, 1, 3, 2, 1] => QQFieldElem[9//64, 0, 0, 0, 0, 0, 0, 0, -9//32, 0, 0, 0, 0, 0, 0, 0],
	[14, 14, 20, 21, 20, 1, 1, 14, 1, 2] => QQFieldElem[81//256, 0, 0, 0, 81//256, 0, 0, 0, -81//256, 0, 0, 0, -81//256, 0, 0, 0],
	[14, 14, 20, 21, 19, 2, 2, 4, 1, 1] => QQFieldElem[9//64, 0, 0, 0, 0, 0, 0, 0, -9//32, 0, 0, 0, 0, 0, 0, 0],
	[14, 14, 20, 21, 19, 1, 1, 14, 2, 1] => QQFieldElem[-1//6, 0, 1//4, 0, 0, 0, 1//12, 0, -1//6, 0, -1//12, 0, 1//6, 0, 0, 0],
	[14, 14, 20, 21, 21, 2, 1, 14, 2, 2] => QQFieldElem[9//64, 0, 0, 0, 9//32, 0, 0, 0, -9//32, 0, 0, 0, -9//64, 0, 0, 0],
	[14, 14, 20, 21, 20, 2, 2, 14, 1, 2] => QQFieldElem[9//64, 0, 0, 0, 0, 0, 0, 0, -9//32, 0, 0, 0, 0, 0, 0, 0],
	[14, 14, 20, 21, 19, 1, 1, 3, 1, 1] => QQFieldElem[-81//256, 0, 0, 0, 0, 0, 0, 0, 0, 0, 0, 0, -81//256, 0, 0, 0],
	[14, 14, 20, 21, 19, 2, 2, 14, 2, 1] => QQFieldElem[-1//4, 0, -1//16, 0, 0, 0, -3//16, 0, 1//8, 0, 1//16, 0, -1//8, 0, 1//8, 0],
	[14, 14, 20, 21, 19, 2, 2, 3, 1, 1] => QQFieldElem[-9//64, 0, 0, 0, 0, 0, 0, 0, 0, 0, 0, 0, 0, 0, 0, 0],
	[14, 14, 20, 21, 20, 1, 1, 14, 2, 2] => QQFieldElem[-1//6, 0, -1//12, 0, 0, 0, -1//12, 0, 1//6, 0, -1//12, 0, 0, 0, 0, 0],
	[14, 14, 20, 21, 21, 1, 2, 7, 1, 1] => QQFieldElem[-1//4, 0, 0, 0, 0, 0, 0, 0, 1//2, 0, 0, 0, 1//4, 0, 0, 0],
	[14, 14, 20, 21, 19, 1, 2, 9, 1, 1] => QQFieldElem[-27//128, 0, 0, 0, -27//256, 0, 0, 0, 81//256, 0, 0, 0, -27//128, 0, 0, 0],
	[14, 14, 20, 21, 20, 2, 2, 14, 2, 2] => QQFieldElem[0, 0, -1//16, 0, 0, 0, -1//16, 0, 1//8, 0, 1//16, 0, 0, 0, 1//8, 0],
	[14, 14, 20, 21, 19, 1, 1, 3, 2, 1] => QQFieldElem[0, 0, 1//12, 0, 0, 0, -1//4, 0, 0, 0, -1//4, 0, 1//6, 0, 1//6, 0],
	[14, 14, 20, 21, 21, 1, 1, 5, 1, 1] => QQFieldElem[-9//64, 0, 0, 0, 0, 0, 0, 0, 0, 0, 0, 0, -9//64, 0, 0, 0],
	[14, 14, 20, 21, 21, 2, 1, 7, 1, 1] => QQFieldElem[-9//64, 0, 0, 0, 0, 0, 0, 0, 0, 0, 0, 0, -9//64, 0, 0, 0],
	[14, 14, 20, 21, 19, 2, 1, 9, 1, 1] => QQFieldElem[27//64, 0, 0, 0, 0, 0, 0, 0, 0, 0, 0, 0, 0, 0, 0, 0],
	[14, 14, 20, 21, 19, 2, 2, 3, 2, 1] => QQFieldElem[0, 0, 3//16, 0, 0, 0, -1//16, 0, 0, 0, -1//16, 0, -1//8, 0, -1//8, 0],
	[14, 14, 20, 21, 21, 2, 2, 5, 1, 1] => QQFieldElem[0, 0, 0, 0, 0, 0, 0, 0, 0, 0, 0, 0, -1//4, 0, 0, 0],
	[14, 14, 20, 21, 19, 1, 2, 14, 1, 2] => QQFieldElem[-1//4, 0, 0, 0, 0, 0, 0, 0, 0, 0, 0, 0, 0, 0, 0, 0],
	[14, 14, 20, 21, 20, 1, 1, 7, 1, 1] => QQFieldElem[-1//6, 0, -1//12, 0, 0, 0, 1//12, 0, 1//6, 0, 1//12, 0, 0, 0, -1//6, 0],
	[14, 14, 20, 21, 19, 2, 1, 14, 1, 2] => QQFieldElem[9//64, 0, 0, 0, 0, 0, 0, 0, 0, 0, 0, 0, -9//64, 0, 0, 0],
	[14, 14, 20, 21, 20, 1, 2, 5, 1, 1] => QQFieldElem[0, 0, -1//16, 0, 0, 0, 3//16, 0, 0, 0, 3//16, 0, -1//8, 0, -1//8, 0],
	[14, 14, 20, 21, 20, 2, 2, 7, 1, 1] => QQFieldElem[0, 0, 1//16, 0, 0, 0, -1//16, 0, 1//8, 0, 1//16, 0, 0, 0, 0, 0],
	[14, 14, 20, 21, 19, 1, 2, 14, 2, 2] => QQFieldElem[81//256, 0, 0, 0, -81//256, 0, 0, 0, -27//256, 0, 0, 0, 27//256, 0, 0, 0],
	[14, 14, 20, 21, 20, 2, 1, 5, 1, 1] => QQFieldElem[0, 0, -1//4, 0, 0, 0, 1//12, 0, 0, 0, 1//12, 0, 1//6, 0, 1//6, 0],
	[14, 14, 20, 21, 19, 2, 1, 14, 2, 2] => QQFieldElem[9//64, 0, 0, 0, 0, 0, 0, 0, -9//32, 0, 0, 0, 0, 0, 0, 0],
	[14, 14, 20, 21, 21, 1, 2, 6, 1, 1] => QQFieldElem[-1//4, 0, 0, 0, 0, 0, 0, 0, 0, 0, 0, 0, 0, 0, 0, 0],
	[14, 14, 20, 21, 21, 1, 1, 8, 1, 1] => QQFieldElem[9//64, 0, 0, 0, 9//32, 0, 0, 0, -9//32, 0, 0, 0, -9//64, 0, 0, 0],
	[14, 14, 20, 21, 19, 1, 2, 7, 1, 1] => QQFieldElem[-27//128, 0, 0, 0, 27//256, 0, 0, 0, 81//256, 0, 0, 0, 27//128, 0, 0, 0],
	[14, 14, 20, 21, 21, 2, 2, 8, 1, 1] => QQFieldElem[-1//2, 0, 0, 0, 0, 0, 0, 0, 0, 0, 0, 0, 0, 0, 0, 0],
	[14, 14, 20, 21, 21, 2, 1, 6, 1, 1] => QQFieldElem[9//64, 0, 0, 0, 0, 0, 0, 0, 0, 0, 0, 0, -9//64, 0, 0, 0],
	[14, 14, 20, 21, 19, 1, 1, 5, 1, 1] => QQFieldElem[-81//256, 0, 0, 0, 0, 0, 0, 0, 0, 0, 0, 0, -81//256, 0, 0, 0],
	[14, 14, 20, 21, 19, 2, 1, 7, 1, 1] => QQFieldElem[9//64, 0, 0, 0, 0, 0, 0, 0, -9//32, 0, 0, 0, 0, 0, 0, 0],
	[14, 14, 20, 21, 19, 2, 2, 5, 1, 1] => QQFieldElem[9//64, 0, 0, 0, 0, 0, 0, 0, 0, 0, 0, 0, 0, 0, 0, 0],
	[14, 14, 20, 21, 20, 1, 2, 8, 1, 1] => QQFieldElem[1//8, 0, 1//16, 0, 0, 0, -1//16, 0, -1//8, 0, -1//16, 0, 0, 0, 1//8, 0],
	[14, 14, 20, 21, 20, 1, 1, 6, 1, 1] => QQFieldElem[1//6, 0, -1//12, 0, 0, 0, -1//12, 0, 1//6, 0, 1//12, 0, 1//6, 0, -1//6, 0],
	[14, 14, 20, 21, 21, 1, 2, 14, 1, 1] => QQFieldElem[1//4, 0, 0, 0, 0, 0, 0, 0, -1//2, 0, 0, 0, 1//4, 0, 0, 0],
	[14, 14, 20, 21, 20, 2, 2, 6, 1, 1] => QQFieldElem[1//4, 0, 1//16, 0, 0, 0, 1//16, 0, -1//8, 0, -3//16, 0, -1//8, 0, 0, 0],
	[14, 14, 20, 21, 21, 1, 2, 4, 1, 1] => QQFieldElem[-1//4, 0, 0, 0, 0, 0, 0, 0, 1//2, 0, 0, 0, 1//4, 0, 0, 0],
	[14, 14, 20, 21, 20, 2, 1, 8, 1, 1] => QQFieldElem[0, 0, -1//12, 0, 0, 0, 1//12, 0, -1//6, 0, -1//12, 0, 0, 0, 0, 0],
	[14, 14, 20, 21, 21, 2, 1, 14, 1, 1] => QQFieldElem[-9//64, 0, 0, 0, 0, 0, 0, 0, 0, 0, 0, 0, -9//64, 0, 0, 0],
	[14, 14, 20, 21, 21, 2, 1, 4, 1, 1] => QQFieldElem[27//64, 0, 0, 0, -9//32, 0, 0, 0, -9//32, 0, 0, 0, 27//64, 0, 0, 0],
	[14, 14, 20, 21, 21, 1, 2, 14, 2, 1] => QQFieldElem[81//256, 0, 0, 0, 81//256, 0, 0, 0, -27//256, 0, 0, 0, -27//256, 0, 0, 0])