Dict(
	[14, 14, 13, 11, 17, 1, 1, 5, 1, 1] => QQFieldElem[0, 0, 0, 0, 0, 0, 0, 0, 0, 0, 0, 0, 0, 0, 0, 0],
	[14, 14, 13, 11, 18, 1, 1, 6, 1, 1] => QQFieldElem[0, 0, 0, 0, 0, 0, 0, 0, 0, 0, 0, 0, 0, 0, 0, 0],
	[14, 14, 13, 11, 15, 1, 1, 6, 1, 1] => QQFieldElem[0, 0, -27//32, 0, 0, 0, 0, 0, 0, 0, 27//32, 0, 0, 0, 0, 0],
	[14, 14, 13, 11, 18, 1, 1, 4, 1, 1] => QQFieldElem[0, 0, 0, 0, 0, 0, 0, 0, 0, 0, 0, 0, 0, 0, 0, 0],
	[14, 14, 13, 11, 18, 1, 1, 7, 1, 1] => QQFieldElem[0, 0, 0, 0, 0, -256//3, 0, 0, 0, 0, 0, 0, 0, 256//3, 0, 0],
	[14, 14, 13, 11, 16, 1, 1, 6, 1, 1] => QQFieldElem[9//8, 0, 0, 0, 0, 0, 0, 0, 0, 0, 0, 0, 0, 0, 0, 0],
	[14, 14, 13, 11, 18, 1, 1, 5, 1, 1] => QQFieldElem[0, 0, 0, 0, 0, 256//3, 0, 0, 0, 0, 0, 0, 0, -256//3, 0, 0],
	[14, 14, 13, 11, 17, 1, 1, 6, 1, 1] => QQFieldElem[0, 0, 0, 0, 0, 0, 0, 0, 0, -256//3, 0, 0, 0, 0, 0, 0],
	[14, 14, 13, 11, 15, 1, 1, 4, 1, 1] => QQFieldElem[0, 0, -27//32, 0, 0, 0, 0, 0, 0, 0, 27//32, 0, 0, 0, 0, 0],
	[14, 14, 13, 11, 15, 1, 1, 7, 1, 1] => QQFieldElem[0, 0, 27//32, 0, 0, 0, 0, 0, 0, 0, -27//32, 0, 0, 0, 0, 0],
	[14, 14, 13, 11, 15, 1, 1, 5, 1, 1] => QQFieldElem[0, 0, 27//32, 0, 0, 0, 0, 0, 0, 0, -27//32, 0, 0, 0, 0, 0],
	[14, 14, 13, 11, 16, 1, 1, 4, 1, 1] => QQFieldElem[9//8, 0, 0, 0, 0, 0, 0, 0, 0, 0, 0, 0, 0, 0, 0, 0],
	[14, 14, 13, 11, 16, 1, 1, 7, 1, 1] => QQFieldElem[9//8, 0, 0, 0, 0, 0, 0, 0, 0, 0, 0, 0, 0, 0, 0, 0],
	[14, 14, 13, 11, 17, 1, 1, 4, 1, 1] => QQFieldElem[0, 0, 0, 0, 0, 0, 0, 0, 0, 256//3, 0, 0, 0, 0, 0, 0],
	[14, 14, 13, 11, 17, 1, 1, 7, 1, 1] => QQFieldElem[0, 0, 0, 0, 0, 0, 0, 0, 0, 0, 0, 0, 0, 0, 0, 0],
	[14, 14, 13, 11, 16, 1, 1, 5, 1, 1] => QQFieldElem[9//8, 0, 0, 0, 0, 0, 0, 0, 0, 0, 0, 0, 0, 0, 0, 0])