Dict(
	[14, 8, 6, 14, 1, 1, 1, 14, 1, 1] => QQFieldElem[3//4, 0, 0, 0, 0, 0, 0, 0, 0, 0, 0, 0, 0, 0, 0, 0],
	[14, 8, 6, 14, 3, 1, 1, 14, 1, 1] => QQFieldElem[-1//4, 0, 0, 0, 0, 0, 0, 0, 0, 0, 0, 0, 0, 0, 0, 0],
	[14, 8, 6, 14, 1, 1, 1, 4, 1, 1] => QQFieldElem[9//2048, 0, 0, 0, 0, 0, 0, 0, 0, 0, 0, 0, 0, 0, 0, 0],
	[14, 8, 6, 14, 1, 1, 1, 7, 1, 1] => QQFieldElem[-3//128, 0, 0, 0, 0, 0, 0, 0, 0, 0, 0, 0, 0, 0, 0, 0],
	[14, 8, 6, 14, 3, 1, 1, 4, 1, 1] => QQFieldElem[3//2048, 0, 0, 0, 0, 0, 0, 0, 0, 0, 0, 0, 0, 0, 0, 0],
	[14, 8, 6, 14, 3, 2, 1, 14, 1, 1] => QQFieldElem[0, 0, 0, 0, 0, 0, 0, 0, 0, 0, 0, 0, -2//3, 0, 0, 0],
	[14, 8, 6, 14, 3, 1, 1, 7, 1, 1] => QQFieldElem[-1//128, 0, 0, 0, 0, 0, 0, 0, 0, 0, 0, 0, 0, 0, 0, 0],
	[14, 8, 6, 14, 1, 1, 1, 5, 1, 1] => QQFieldElem[0, 0, 0, 0, 0, 0, 0, 0, 0, 0, 0, 0, 0, 0, 0, 0],
	[14, 8, 6, 14, 3, 2, 1, 4, 1, 1] => QQFieldElem[1//256, 0, 0, 0, 0, 0, 0, 0, 0, 0, 0, 0, 0, 0, 0, 0],
	[14, 8, 6, 14, 3, 1, 1, 5, 1, 1] => QQFieldElem[0, 0, 0, 0, 0, 0, 0, 0, 0, 0, 0, 0, 0, 0, 0, 0],
	[14, 8, 6, 14, 3, 2, 1, 7, 1, 1] => QQFieldElem[1//96, 0, 0, 0, 0, 0, 0, 0, 0, 0, 0, 0, 0, 0, 0, 0],
	[14, 8, 6, 14, 3, 2, 1, 5, 1, 1] => QQFieldElem[0, 0, 0, 0, 0, 0, -1//72, 0, 0, 0, 0, 0, 0, 0, 0, 0],
	[14, 8, 6, 14, 14, 1, 1, 8, 1, 1] => QQFieldElem[0, 0, 4//9, 0, 0, 0, 0, 0, 0, 0, -4//9, 0, 0, 0, 0, 0],
	[14, 8, 6, 14, 14, 2, 1, 8, 1, 1] => QQFieldElem[0, 0, 0, 0, 0, 0, 0, 0, 0, 0, 0, 0, 0, 0, 0, 0],
	[14, 8, 6, 14, 14, 1, 1, 14, 1, 1] => QQFieldElem[0, 0, 0, 0, 0, 0, 0, 0, 0, 0, 0, 0, 1//2, 0, 0, 0],
	[14, 8, 6, 14, 14, 1, 1, 4, 1, 1] => QQFieldElem[3//1024, 0, 0, 0, 0, 0, 0, 0, 0, 0, 0, 0, 0, 0, 0, 0],
	[14, 8, 6, 14, 14, 2, 1, 14, 1, 1] => QQFieldElem[0, 0, 0, 0, 0, 0, 0, 0, 0, 0, 0, 0, 0, 0, 0, 0],
	[14, 8, 6, 14, 14, 1, 1, 7, 1, 1] => QQFieldElem[1//128, 0, 0, 0, 0, 0, 0, 0, 0, 0, 0, 0, 0, 0, 0, 0],
	[14, 8, 6, 14, 1, 1, 1, 8, 1, 1] => QQFieldElem[0, 0, 0, 0, 0, 0, 2//3, 0, 0, 0, 0, 0, 0, 0, 0, 0],
	[14, 8, 6, 14, 3, 1, 1, 8, 1, 1] => QQFieldElem[0, 0, 0, 0, 0, 0, -2//9, 0, 0, 0, 0, 0, 0, 0, 0, 0],
	[14, 8, 6, 14, 14, 2, 1, 4, 1, 1] => QQFieldElem[3//1024, 0, 0, 0, 0, 0, 0, 0, 0, 0, 0, 0, 0, 0, 0, 0],
	[14, 8, 6, 14, 14, 1, 1, 5, 1, 1] => QQFieldElem[0, 0, 0, 0, 0, 0, -1//96, 0, 0, 0, 0, 0, 0, 0, 0, 0],
	[14, 8, 6, 14, 14, 2, 1, 7, 1, 1] => QQFieldElem[1//128, 0, 0, 0, 0, 0, 0, 0, 0, 0, 0, 0, 0, 0, 0, 0],
	[14, 8, 6, 14, 3, 2, 1, 8, 1, 1] => QQFieldElem[0, 0, -16//27, 0, 0, 0, 0, 0, 0, 0, 16//27, 0, 0, 0, 0, 0],
	[14, 8, 6, 14, 14, 2, 1, 5, 1, 1] => QQFieldElem[0, 0, 0, 0, 0, 0, 1//96, 0, 0, 0, 0, 0, 0, 0, 0, 0])