Dict(
	[14, 10, 21, 11, 18, 1, 1, 10, 1, 1] => QQFieldElem[0, 0, 0, 0, -9//2048, 0, 0, 0, 0, 0, 0, 0, 0, 0, 0, 0],
	[14, 10, 21, 11, 15, 1, 1, 16, 1, 1] => QQFieldElem[0, 0, 0, 0, 0, 0, 0, 0, 0, 0, 0, 0, 0, 0, 3//8, 0],
	[14, 10, 21, 11, 16, 1, 1, 15, 1, 1] => QQFieldElem[0, 0, 0, 0, 0, 0, 0, 0, 0, 0, 0, 0, 0, 0, 3//8, 0],
	[14, 10, 21, 11, 17, 1, 1, 15, 1, 1] => QQFieldElem[0, 0, 0, 0, 0, 0, 0, 0, 0, 0, 0, 0, 0, 0, 0, 0],
	[14, 10, 21, 11, 12, 1, 1, 13, 1, 1] => QQFieldElem[0, 0, 0, 0, 0, 0, 0, 0, 0, 0, 0, 0, 0, 0, 0, 0],
	[14, 10, 21, 11, 11, 1, 1, 10, 1, 1] => QQFieldElem[0, 0, 0, 0, 0, 0, 0, 0, 0, 0, 0, 0, 0, 0, 0, 0],
	[14, 10, 21, 11, 18, 1, 1, 18, 1, 1] => QQFieldElem[0, 0, 0, 0, 0, 0, 0, 0, 0, 0, 0, 0, 0, 0, 0, 0],
	[14, 10, 21, 11, 15, 1, 1, 10, 1, 1] => QQFieldElem[0, 0, 0, 0, -9//2048, 0, 0, 0, 0, 0, 0, 0, 0, 0, 0, 0],
	[14, 10, 21, 11, 11, 1, 1, 18, 1, 1] => QQFieldElem[48, 0, 0, 0, 0, 0, 0, 0, -48, 0, 0, 0, 0, 0, 0, 0],
	[14, 10, 21, 11, 18, 1, 1, 17, 1, 1] => QQFieldElem[0, 0, 0, 0, 0, 0, 0, 0, 0, 0, 0, 0, 0, 0, 3//8, 0],
	[14, 10, 21, 11, 16, 1, 1, 16, 1, 1] => QQFieldElem[0, 0, 0, 0, 0, 0, 0, 0, 0, 0, 0, 0, 0, 0, 0, 0],
	[14, 10, 21, 11, 12, 1, 1, 15, 1, 1] => QQFieldElem[0, 0, 0, 0, 0, 0, 32, 0, 0, 0, 0, 0, 0, 0, -32, 0],
	[14, 10, 21, 11, 17, 1, 1, 16, 1, 1] => QQFieldElem[0, 0, 0, 0, 0, 0, 0, 0, 0, 0, 0, 0, 0, 0, -3//8, 0],
	[14, 10, 21, 11, 11, 1, 1, 17, 1, 1] => QQFieldElem[48, 0, 0, 0, 0, 0, 0, 0, -48, 0, 0, 0, 0, 0, 0, 0],
	[14, 10, 21, 11, 15, 1, 1, 18, 1, 1] => QQFieldElem[0, 0, 0, 0, 0, 0, 0, 0, 0, 0, 0, 0, 0, 0, -3//8, 0],
	[14, 10, 21, 11, 15, 1, 1, 17, 1, 1] => QQFieldElem[0, 0, 0, 0, 0, 0, 0, 0, 0, 0, 0, 0, 0, 0, 0, 0],
	[14, 10, 21, 11, 18, 1, 1, 13, 1, 1] => QQFieldElem[0, 0, 0, 0, 0, 0, 0, 0, 0, 0, -1//512, 0, 0, 0, 0, 0],
	[14, 10, 21, 11, 16, 1, 1, 10, 1, 1] => QQFieldElem[0, 0, 0, 0, -9//2048, 0, 0, 0, 0, 0, 0, 0, 0, 0, 0, 0],
	[14, 10, 21, 11, 17, 1, 1, 10, 1, 1] => QQFieldElem[0, 0, 0, 0, -9//2048, 0, 0, 0, 0, 0, 0, 0, 0, 0, 0, 0],
	[14, 10, 21, 11, 12, 1, 1, 16, 1, 1] => QQFieldElem[0, 0, 0, 0, 0, 0, -32, 0, 0, 0, 0, 0, 0, 0, 32, 0],
	[14, 10, 21, 11, 11, 1, 1, 13, 1, 1] => QQFieldElem[0, 0, 0, 0, 0, 0, 0, 0, 0, 0, 0, 0, 0, 0, 0, 0],
	[14, 10, 21, 11, 16, 1, 1, 18, 1, 1] => QQFieldElem[0, 0, 0, 0, 0, 0, 0, 0, 0, 0, 0, 0, 0, 0, 0, 0],
	[14, 10, 21, 11, 18, 1, 1, 15, 1, 1] => QQFieldElem[0, 0, 0, 0, 0, 0, 0, 0, 0, 0, 0, 0, 0, 0, -3//8, 0],
	[14, 10, 21, 11, 17, 1, 1, 18, 1, 1] => QQFieldElem[0, 0, 0, 0, 0, 0, 0, 0, 0, 0, 0, 0, 0, 0, 3//8, 0],
	[14, 10, 21, 11, 15, 1, 1, 13, 1, 1] => QQFieldElem[0, 0, 0, 0, 0, 0, 0, 0, 0, 0, 1//512, 0, 0, 0, 0, 0],
	[14, 10, 21, 11, 12, 1, 1, 10, 1, 1] => QQFieldElem[0, 0, 0, 0, 0, 0, 0, 0, 0, 0, 0, 0, 0, 0, 0, 0],
	[14, 10, 21, 11, 11, 1, 1, 15, 1, 1] => QQFieldElem[48, 0, 0, 0, 0, 0, 0, 0, -48, 0, 0, 0, 0, 0, 0, 0],
	[14, 10, 21, 11, 16, 1, 1, 17, 1, 1] => QQFieldElem[0, 0, 0, 0, 0, 0, 0, 0, 0, 0, 0, 0, 0, 0, -3//8, 0],
	[14, 10, 21, 11, 17, 1, 1, 17, 1, 1] => QQFieldElem[0, 0, 0, 0, 0, 0, 0, 0, 0, 0, 0, 0, 0, 0, 0, 0],
	[14, 10, 21, 11, 15, 1, 1, 15, 1, 1] => QQFieldElem[0, 0, 0, 0, 0, 0, 0, 0, 0, 0, 0, 0, 0, 0, 0, 0],
	[14, 10, 21, 11, 12, 1, 1, 18, 1, 1] => QQFieldElem[0, 0, 0, 0, 0, 0, -32, 0, 0, 0, 0, 0, 0, 0, 32, 0],
	[14, 10, 21, 11, 18, 1, 1, 16, 1, 1] => QQFieldElem[0, 0, 0, 0, 0, 0, 0, 0, 0, 0, 0, 0, 0, 0, 0, 0],
	[14, 10, 21, 11, 16, 1, 1, 13, 1, 1] => QQFieldElem[0, 0, 0, 0, 0, 0, 0, 0, 0, 0, -1//512, 0, 0, 0, 0, 0],
	[14, 10, 21, 11, 12, 1, 1, 17, 1, 1] => QQFieldElem[0, 0, 0, 0, 0, 0, 32, 0, 0, 0, 0, 0, 0, 0, -32, 0],
	[14, 10, 21, 11, 17, 1, 1, 13, 1, 1] => QQFieldElem[0, 0, 0, 0, 0, 0, 0, 0, 0, 0, 1//512, 0, 0, 0, 0, 0],
	[14, 10, 21, 11, 11, 1, 1, 16, 1, 1] => QQFieldElem[48, 0, 0, 0, 0, 0, 0, 0, -48, 0, 0, 0, 0, 0, 0, 0])