Dict(
	[14, 13, 17, 14, 14, 2, 1, 10, 1, 1] => QQFieldElem[-1//4, 0, 0, 0, 0, 0, 0, 0, 0, 0, 0, 0, 1//4, 0, 0, 0],
	[14, 13, 17, 14, 6, 1, 1, 10, 1, 1] => QQFieldElem[0, 0, 0, 0, 0, 0, 0, 0, 0, -128//3, 0, 0, 0, 0, 0, 0],
	[14, 13, 17, 14, 9, 1, 1, 10, 1, 1] => QQFieldElem[0, 0, 0, 48, 0, 0, 0, 0, 0, 0, 0, 0, 0, 0, 0, 0],
	[14, 13, 17, 14, 14, 1, 1, 17, 1, 1] => QQFieldElem[1//4, 0, 0, 0, 0, 0, 0, 0, 0, 0, 0, 0, -1//4, 0, 0, 0],
	[14, 13, 17, 14, 14, 2, 1, 17, 1, 1] => QQFieldElem[-1//4, 0, 0, 0, 0, 0, 0, 0, 0, 0, 0, 0, -1//4, 0, 0, 0],
	[14, 13, 17, 14, 6, 1, 1, 17, 1, 1] => QQFieldElem[0, 0, 0, 0, 0, 0, 0, 0, 0, 128//3, 0, 0, 0, 0, 0, 0],
	[14, 13, 17, 14, 9, 1, 1, 17, 1, 1] => QQFieldElem[0, 0, 0, 48, 0, 0, 0, 0, 0, 0, 0, 0, 0, 0, 0, 0],
	[14, 13, 17, 14, 14, 1, 1, 13, 1, 1] => QQFieldElem[-1//4, 0, 0, 0, 0, 0, 0, 0, 0, 0, 0, 0, -1//4, 0, 0, 0],
	[14, 13, 17, 14, 14, 2, 1, 13, 1, 1] => QQFieldElem[1//4, 0, 0, 0, 0, 0, 0, 0, 0, 0, 0, 0, -1//4, 0, 0, 0],
	[14, 13, 17, 14, 14, 1, 1, 15, 1, 1] => QQFieldElem[0, 0, 2//9, 0, 0, 0, 2//9, 0, 0, 0, -2//9, 0, 0, 0, 0, 0],
	[14, 13, 17, 14, 6, 1, 1, 13, 1, 1] => QQFieldElem[0, 0, 0, 0, 0, 0, 0, 0, 0, -128//3, 0, 0, 0, 0, 0, 0],
	[14, 13, 17, 14, 9, 1, 1, 13, 1, 1] => QQFieldElem[0, 0, 0, 48, 0, 0, 0, 0, 0, 0, 0, 0, 0, 0, 0, 0],
	[14, 13, 17, 14, 14, 2, 1, 15, 1, 1] => QQFieldElem[0, 0, 2//9, 0, 0, 0, -2//9, 0, 0, 0, -2//9, 0, 0, 0, 0, 0],
	[14, 13, 17, 14, 6, 1, 1, 15, 1, 1] => QQFieldElem[0, 0, 0, 0, 0, 0, 0, 0, 0, 0, 0, 0, 0, 0, 0, -1024//27],
	[14, 13, 17, 14, 9, 1, 1, 15, 1, 1] => QQFieldElem[0, 0, 0, 0, 0, 0, 0, 0, 0, -128//3, 0, 0, 0, 0, 0, 0],
	[14, 13, 17, 14, 14, 1, 1, 10, 1, 1] => QQFieldElem[1//4, 0, 0, 0, 0, 0, 0, 0, 0, 0, 0, 0, 1//4, 0, 0, 0])