Dict(
	[14, 14, 10, 11, 15, 1, 1, 5, 1, 1] => QQFieldElem[0, 0, -9//4, 0, 0, 0, 0, 0, 0, 0, 9//4, 0, 0, 0, 0, 0],
	[14, 14, 10, 11, 18, 1, 1, 9, 1, 1] => QQFieldElem[0, 0, 0, 0, 0, 0, 0, 0, 0, 0, 0, 0, 0, 0, 0, 0],
	[14, 14, 10, 11, 16, 1, 1, 4, 1, 1] => QQFieldElem[1, 0, 0, 0, 0, 0, 0, 0, 0, 0, 0, 0, 0, 0, 0, 0],
	[14, 14, 10, 11, 17, 1, 1, 4, 1, 1] => QQFieldElem[0, 0, 0, 0, 0, 0, 0, 0, 0, 0, 0, 0, 0, 0, 0, 0],
	[14, 14, 10, 11, 15, 1, 1, 9, 1, 1] => QQFieldElem[0, 0, -9//4, 0, 0, 0, 0, 0, 0, 0, 9//4, 0, 0, 0, 0, 0],
	[14, 14, 10, 11, 16, 1, 1, 5, 1, 1] => QQFieldElem[1, 0, 0, 0, 0, 0, 0, 0, 0, 0, 0, 0, 0, 0, 0, 0],
	[14, 14, 10, 11, 17, 1, 1, 5, 1, 1] => QQFieldElem[0, 0, 0, 0, 0, 128//3, 0, 0, 0, 0, 0, 0, 0, -128//3, 0, 0],
	[14, 14, 10, 11, 18, 1, 1, 8, 1, 1] => QQFieldElem[0, 0, 0, 0, 0, 0, 0, 0, 0, -128//3, 0, 0, 0, 0, 0, 0],
	[14, 14, 10, 11, 16, 1, 1, 9, 1, 1] => QQFieldElem[1, 0, 0, 0, 0, 0, 0, 0, 0, 0, 0, 0, 0, 0, 0, 0],
	[14, 14, 10, 11, 17, 1, 1, 9, 1, 1] => QQFieldElem[0, 0, 0, 0, 0, -128//3, 0, 0, 0, 0, 0, 0, 0, 128//3, 0, 0],
	[14, 14, 10, 11, 15, 1, 1, 8, 1, 1] => QQFieldElem[0, 0, 9//4, 0, 0, 0, 0, 0, 0, 0, -9//4, 0, 0, 0, 0, 0],
	[14, 14, 10, 11, 18, 1, 1, 4, 1, 1] => QQFieldElem[0, 0, 0, 0, 0, 0, 0, 0, 0, 128//3, 0, 0, 0, 0, 0, 0],
	[14, 14, 10, 11, 16, 1, 1, 8, 1, 1] => QQFieldElem[1, 0, 0, 0, 0, 0, 0, 0, 0, 0, 0, 0, 0, 0, 0, 0],
	[14, 14, 10, 11, 18, 1, 1, 5, 1, 1] => QQFieldElem[0, 0, 0, 0, 0, 0, 0, 0, 0, 0, 0, 0, 0, 0, 0, 0],
	[14, 14, 10, 11, 17, 1, 1, 8, 1, 1] => QQFieldElem[0, 0, 0, 0, 0, 0, 0, 0, 0, 0, 0, 0, 0, 0, 0, 0],
	[14, 14, 10, 11, 15, 1, 1, 4, 1, 1] => QQFieldElem[0, 0, 9//4, 0, 0, 0, 0, 0, 0, 0, -9//4, 0, 0, 0, 0, 0])