Dict(
	[14, 12, 19, 12, 11, 1, 1, 15, 1, 1] => QQFieldElem[96, 0, 0, 0, 0, 0, 0, 0, 0, 0, 0, 0, 0, 0, 0, 0],
	[14, 12, 19, 12, 16, 1, 1, 17, 1, 1] => QQFieldElem[0, 0, 0, 0, 0, 0, 0, 0, 0, 0, 0, 0, 0, 0, 0, 0],
	[14, 12, 19, 12, 17, 1, 1, 17, 1, 1] => QQFieldElem[0, 0, -3//8, 0, 0, 0, 0, 0, 0, 0, 3//8, 0, 0, 0, 0, 0],
	[14, 12, 19, 12, 18, 1, 1, 12, 1, 1] => QQFieldElem[0, 0, 0, 0, 0, 0, 0, 0, 0, 0, 0, 0, 3//1024, 0, 0, 0],
	[14, 12, 19, 12, 11, 1, 1, 12, 1, 1] => QQFieldElem[0, 0, 0, 0, 0, 0, 0, 0, 0, 0, 0, 0, 0, 0, 0, 0],
	[14, 12, 19, 12, 15, 1, 1, 15, 1, 1] => QQFieldElem[0, 0, -3//8, 0, 0, 0, 0, 0, 0, 0, 3//8, 0, 0, 0, 0, 0],
	[14, 12, 19, 12, 12, 1, 1, 18, 1, 1] => QQFieldElem[0, 0, 0, 0, 0, 0, -64, 0, 0, 0, 0, 0, 0, 0, 0, 0],
	[14, 12, 19, 12, 16, 1, 1, 11, 1, 1] => QQFieldElem[0, 0, -1//256, 0, 0, 0, 0, 0, 0, 0, 1//256, 0, 0, 0, 0, 0],
	[14, 12, 19, 12, 18, 1, 1, 16, 1, 1] => QQFieldElem[0, 0, -3//8, 0, 0, 0, 0, 0, 0, 0, 3//8, 0, 0, 0, 0, 0],
	[14, 12, 19, 12, 17, 1, 1, 11, 1, 1] => QQFieldElem[0, 0, 1//256, 0, 0, 0, 0, 0, 0, 0, -1//256, 0, 0, 0, 0, 0],
	[14, 12, 19, 12, 15, 1, 1, 12, 1, 1] => QQFieldElem[0, 0, 0, 0, 0, 0, 0, 0, 0, 0, 0, 0, 3//1024, 0, 0, 0],
	[14, 12, 19, 12, 12, 1, 1, 17, 1, 1] => QQFieldElem[0, 0, 0, 0, 0, 0, 64, 0, 0, 0, 0, 0, 0, 0, 0, 0],
	[14, 12, 19, 12, 11, 1, 1, 16, 1, 1] => QQFieldElem[96, 0, 0, 0, 0, 0, 0, 0, 0, 0, 0, 0, 0, 0, 0, 0],
	[14, 12, 19, 12, 15, 1, 1, 16, 1, 1] => QQFieldElem[0, 0, 0, 0, 0, 0, 0, 0, 0, 0, 0, 0, 0, 0, 0, 0],
	[14, 12, 19, 12, 16, 1, 1, 15, 1, 1] => QQFieldElem[0, 0, 0, 0, 0, 0, 0, 0, 0, 0, 0, 0, 0, 0, 0, 0],
	[14, 12, 19, 12, 17, 1, 1, 15, 1, 1] => QQFieldElem[0, 0, 3//8, 0, 0, 0, 0, 0, 0, 0, -3//8, 0, 0, 0, 0, 0],
	[14, 12, 19, 12, 12, 1, 1, 11, 1, 1] => QQFieldElem[0, 0, 0, 0, 0, 0, 0, 0, 0, 0, 0, 0, 0, 0, 0, 0],
	[14, 12, 19, 12, 16, 1, 1, 12, 1, 1] => QQFieldElem[0, 0, 0, 0, 0, 0, 0, 0, 0, 0, 0, 0, 3//1024, 0, 0, 0],
	[14, 12, 19, 12, 18, 1, 1, 18, 1, 1] => QQFieldElem[0, 0, 3//8, 0, 0, 0, 0, 0, 0, 0, -3//8, 0, 0, 0, 0, 0],
	[14, 12, 19, 12, 17, 1, 1, 12, 1, 1] => QQFieldElem[0, 0, 0, 0, 0, 0, 0, 0, 0, 0, 0, 0, 3//1024, 0, 0, 0],
	[14, 12, 19, 12, 11, 1, 1, 18, 1, 1] => QQFieldElem[96, 0, 0, 0, 0, 0, 0, 0, 0, 0, 0, 0, 0, 0, 0, 0],
	[14, 12, 19, 12, 18, 1, 1, 17, 1, 1] => QQFieldElem[0, 0, 0, 0, 0, 0, 0, 0, 0, 0, 0, 0, 0, 0, 0, 0],
	[14, 12, 19, 12, 16, 1, 1, 16, 1, 1] => QQFieldElem[0, 0, 3//8, 0, 0, 0, 0, 0, 0, 0, -3//8, 0, 0, 0, 0, 0],
	[14, 12, 19, 12, 12, 1, 1, 15, 1, 1] => QQFieldElem[0, 0, 0, 0, 0, 0, 64, 0, 0, 0, 0, 0, 0, 0, 0, 0],
	[14, 12, 19, 12, 17, 1, 1, 16, 1, 1] => QQFieldElem[0, 0, 0, 0, 0, 0, 0, 0, 0, 0, 0, 0, 0, 0, 0, 0],
	[14, 12, 19, 12, 15, 1, 1, 18, 1, 1] => QQFieldElem[0, 0, 0, 0, 0, 0, 0, 0, 0, 0, 0, 0, 0, 0, 0, 0],
	[14, 12, 19, 12, 11, 1, 1, 17, 1, 1] => QQFieldElem[96, 0, 0, 0, 0, 0, 0, 0, 0, 0, 0, 0, 0, 0, 0, 0],
	[14, 12, 19, 12, 12, 1, 1, 12, 1, 1] => QQFieldElem[0, 0, 0, 0, 0, 0, 0, 0, 0, 0, 0, 0, 0, 0, 0, 0],
	[14, 12, 19, 12, 18, 1, 1, 11, 1, 1] => QQFieldElem[0, 0, -1//256, 0, 0, 0, 0, 0, 0, 0, 1//256, 0, 0, 0, 0, 0],
	[14, 12, 19, 12, 15, 1, 1, 17, 1, 1] => QQFieldElem[0, 0, 3//8, 0, 0, 0, 0, 0, 0, 0, -3//8, 0, 0, 0, 0, 0],
	[14, 12, 19, 12, 11, 1, 1, 11, 1, 1] => QQFieldElem[0, 0, 0, 0, 0, 0, 0, 0, 0, 0, 0, 0, 0, 0, 0, 0],
	[14, 12, 19, 12, 12, 1, 1, 16, 1, 1] => QQFieldElem[0, 0, 0, 0, 0, 0, -64, 0, 0, 0, 0, 0, 0, 0, 0, 0],
	[14, 12, 19, 12, 15, 1, 1, 11, 1, 1] => QQFieldElem[0, 0, 1//256, 0, 0, 0, 0, 0, 0, 0, -1//256, 0, 0, 0, 0, 0],
	[14, 12, 19, 12, 16, 1, 1, 18, 1, 1] => QQFieldElem[0, 0, -3//8, 0, 0, 0, 0, 0, 0, 0, 3//8, 0, 0, 0, 0, 0],
	[14, 12, 19, 12, 18, 1, 1, 15, 1, 1] => QQFieldElem[0, 0, 0, 0, 0, 0, 0, 0, 0, 0, 0, 0, 0, 0, 0, 0],
	[14, 12, 19, 12, 17, 1, 1, 18, 1, 1] => QQFieldElem[0, 0, 0, 0, 0, 0, 0, 0, 0, 0, 0, 0, 0, 0, 0, 0])