Dict(
	[14, 14, 18, 12, 18, 1, 1, 14, 2, 1] => QQFieldElem[-1//2, 0, 0, 0, 0, 0, 0, 0, 0, 0, 0, 0, 1//2, 0, 0, 0],
	[14, 14, 18, 12, 11, 1, 1, 14, 2, 1] => QQFieldElem[-1//2, 0, 0, 0, 0, 0, 0, 0, 0, 0, 0, 0, 1//2, 0, 0, 0],
	[14, 14, 18, 12, 12, 1, 1, 6, 1, 1] => QQFieldElem[0, 0, 0, 0, 0, 0, 0, 0, 0, 1//96, 0, 0, 0, 0, 0, 0],
	[14, 14, 18, 12, 16, 1, 1, 14, 1, 1] => QQFieldElem[1//2, 0, 0, 0, 0, 0, 0, 0, 0, 0, 0, 0, 1//2, 0, 0, 0],
	[14, 14, 18, 12, 18, 1, 1, 9, 1, 1] => QQFieldElem[0, 0, 0, 3//512, 0, 0, 0, 0, 0, 0, 0, 0, 0, 0, 0, 0],
	[14, 14, 18, 12, 11, 1, 1, 9, 1, 1] => QQFieldElem[0, 0, 0, -3//512, 0, 0, 0, 0, 0, 0, 0, 0, 0, 0, 0, 0],
	[14, 14, 18, 12, 12, 1, 1, 14, 1, 1] => QQFieldElem[0, 0, 9//16, 0, 0, 0, 9//16, 0, 0, 0, -9//16, 0, 0, 0, 0, 0],
	[14, 14, 18, 12, 16, 1, 1, 14, 2, 1] => QQFieldElem[1//2, 0, 0, 0, 0, 0, 0, 0, 0, 0, 0, 0, 1//2, 0, 0, 0],
	[14, 14, 18, 12, 18, 1, 1, 6, 1, 1] => QQFieldElem[0, 0, 0, 0, 0, 0, 0, 0, 0, -1//96, 0, 0, 0, 0, 0, 0],
	[14, 14, 18, 12, 11, 1, 1, 6, 1, 1] => QQFieldElem[0, 0, 0, 0, 0, 0, 0, 0, 0, -1//96, 0, 0, 0, 0, 0, 0],
	[14, 14, 18, 12, 12, 1, 1, 14, 2, 1] => QQFieldElem[1//2, 0, 0, 0, 0, 0, 0, 0, 0, 0, 0, 0, 1//2, 0, 0, 0],
	[14, 14, 18, 12, 16, 1, 1, 9, 1, 1] => QQFieldElem[0, 0, 0, 0, 0, -27//4096, 0, 0, 0, 0, 0, 0, 0, 27//4096, 0, 0],
	[14, 14, 18, 12, 18, 1, 1, 14, 1, 1] => QQFieldElem[0, 0, -9//16, 0, 0, 0, 9//16, 0, 0, 0, 9//16, 0, 0, 0, 0, 0],
	[14, 14, 18, 12, 11, 1, 1, 14, 1, 1] => QQFieldElem[-1//2, 0, 0, 0, 0, 0, 0, 0, 0, 0, 0, 0, 1//2, 0, 0, 0],
	[14, 14, 18, 12, 12, 1, 1, 9, 1, 1] => QQFieldElem[0, 0, 0, 3//512, 0, 0, 0, 0, 0, 0, 0, 0, 0, 0, 0, 0],
	[14, 14, 18, 12, 16, 1, 1, 6, 1, 1] => QQFieldElem[0, 0, 0, 3//256, 0, 0, 0, 0, 0, 0, 0, 0, 0, 0, 0, 0])