Dict(
	[14, 21, 19, 9, 6, 1, 1, 21, 2, 1] => QQFieldElem[-1//12, 0, -1//6, 0, 0, 0, 0, 0, -1//6, 0, -1//6, 0, 0, 0, 0, 0],
	[14, 21, 19, 9, 4, 1, 1, 19, 1, 1] => QQFieldElem[-1//32, 0, 0, 0, 0, 0, 1//48, 0, 1//48, 0, -1//96, 0, 0, 0, -1//96, 0],
	[14, 21, 19, 9, 6, 1, 1, 20, 1, 1] => QQFieldElem[-1, 0, -2//3, 0, -2//3, 0, -2//3, 0, 2//3, 0, 5//6, 0, 1, 0, 7//6, 0],
	[14, 21, 19, 9, 9, 1, 1, 20, 1, 1] => QQFieldElem[1//2, 0, -2//3, 0, 2//3, 0, -2//3, 0, 0, 0, 1//6, 0, -1//3, 0, 1//2, 0],
	[14, 21, 19, 9, 5, 1, 1, 19, 1, 1] => QQFieldElem[-1//32, 0, 1//96, 0, 0, 0, -1//96, 0, 1//48, 0, 0, 0, 0, 0, -1//96, 0],
	[14, 21, 19, 9, 4, 1, 1, 21, 1, 1] => QQFieldElem[-1//12, 0, -1//12, 0, 0, 0, 1//12, 0, -1//6, 0, 0, 0, -1//6, 0, 1//4, 0],
	[14, 21, 19, 9, 14, 1, 1, 20, 2, 1] => QQFieldElem[0, 0, 0, 0, 0, 0, 0, 0, 0, 0, -1//6, 0, 0, 0, 1//6, 0],
	[14, 21, 19, 9, 14, 1, 2, 20, 2, 1] => QQFieldElem[1//3, 0, 0, 0, 0, 0, 0, 0, 0, 0, -1//6, 0, 0, 0, -1//6, 0],
	[14, 21, 19, 9, 5, 1, 1, 21, 1, 1] => QQFieldElem[0, 0, 1//12, 0, 0, 0, -1//4, 0, 1//6, 0, -1//12, 0, -1//6, 0, 1//6, 0],
	[14, 21, 19, 9, 9, 1, 1, 21, 2, 1] => QQFieldElem[1//4, 0, -1//12, 0, 0, 0, 1//12, 0, -1//6, 0, 1//3, 0, -1//6, 0, -1//12, 0],
	[14, 21, 19, 9, 4, 1, 1, 19, 2, 1] => QQFieldElem[1//96, 0, 0, 0, 0, 0, -1//48, 0, 0, 0, -1//96, 0, 0, 0, 1//96, 0],
	[14, 21, 19, 9, 6, 1, 1, 20, 2, 1] => QQFieldElem[0, 0, 0, 0, 0, 0, 0, 0, 0, 0, 1//6, 0, 1//3, 0, 1//6, 0],
	[14, 21, 19, 9, 9, 1, 1, 20, 2, 1] => QQFieldElem[-5//6, 0, 2//3, 0, -2//3, 0, 2//3, 0, 1//3, 0, -1//2, 0, 1//3, 0, -1//2, 0],
	[14, 21, 19, 9, 5, 1, 1, 19, 2, 1] => QQFieldElem[1//96, 0, 1//96, 0, 0, 0, 1//96, 0, 0, 0, 0, 0, 0, 0, 1//96, 0],
	[14, 21, 19, 9, 4, 1, 1, 21, 2, 1] => QQFieldElem[1//12, 0, -1//12, 0, 0, 0, -1//12, 0, 0, 0, 1//6, 0, 0, 0, -1//12, 0],
	[14, 21, 19, 9, 4, 1, 1, 20, 1, 1] => QQFieldElem[-1//6, 0, 0, 0, 0, 0, 0, 0, 0, 0, -1//2, 0, -1//3, 0, -1//6, 0],
	[14, 21, 19, 9, 5, 1, 1, 21, 2, 1] => QQFieldElem[0, 0, 1//4, 0, 0, 0, 1//12, 0, 1//6, 0, -1//4, 0, 0, 0, -1//6, 0],
	[14, 21, 19, 9, 5, 1, 1, 20, 1, 1] => QQFieldElem[1//6, 0, -1//3, 0, -1//3, 0, -1//3, 0, -2//3, 0, -1//3, 0, -1//6, 0, 0, 0],
	[14, 21, 19, 9, 14, 1, 2, 19, 1, 1] => QQFieldElem[1//96, 0, -1//672, 0, 0, 0, -1//672, 0, 0, 0, -1//168, 0, 0, 0, 1//224, 0],
	[14, 21, 19, 9, 4, 1, 1, 20, 2, 1] => QQFieldElem[-1//6, 0, 0, 0, 0, 0, 0, 0, 1//3, 0, 1//6, 0, 1//3, 0, 1//6, 0],
	[14, 21, 19, 9, 14, 1, 1, 19, 1, 1] => QQFieldElem[1//224, 0, -1//672, 0, 0, 0, 1//672, 0, -1//336, 0, -1//168, 0, 0, 0, -1//224, 0],
	[14, 21, 19, 9, 14, 1, 2, 21, 1, 1] => QQFieldElem[-1//6, 0, 1//4, 0, 0, 0, -1//12, 0, 1//6, 0, -1//12, 0, -1//6, 0, 0, 0],
	[14, 21, 19, 9, 5, 1, 1, 20, 2, 1] => QQFieldElem[1//6, 0, 0, 0, 0, 0, 0, 0, -1//3, 0, -1//3, 0, -1//6, 0, -1//3, 0],
	[14, 21, 19, 9, 14, 1, 1, 21, 1, 1] => QQFieldElem[1//6, 0, 1//12, 0, 0, 0, 1//4, 0, -1//6, 0, 1//12, 0, 0, 0, 0, 0],
	[14, 21, 19, 9, 6, 1, 1, 19, 1, 1] => QQFieldElem[-1//32, 0, -1//96, 0, 0, 0, -1//96, 0, 1//48, 0, 1//96, 0, 0, 0, 1//48, 0],
	[14, 21, 19, 9, 9, 1, 1, 19, 1, 1] => QQFieldElem[1//224, 0, -1//168, 0, 0, 0, 1//336, 0, -1//336, 0, 5//672, 0, 0, 0, 1//672, 0],
	[14, 21, 19, 9, 14, 1, 2, 19, 2, 1] => QQFieldElem[1//96, 0, 5//672, 0, 0, 0, 1//224, 0, 0, 0, -1//672, 0, 0, 0, -1//336, 0],
	[14, 21, 19, 9, 14, 1, 1, 19, 2, 1] => QQFieldElem[1//224, 0, 5//672, 0, 0, 0, -1//224, 0, -1//336, 0, -1//672, 0, 0, 0, 1//336, 0],
	[14, 21, 19, 9, 6, 1, 1, 21, 1, 1] => QQFieldElem[1//12, 0, 0, 0, 0, 0, 1//6, 0, 0, 0, -1//6, 0, -1//6, 0, -1//6, 0],
	[14, 21, 19, 9, 9, 1, 1, 21, 1, 1] => QQFieldElem[1//12, 0, -1//12, 0, 0, 0, -1//12, 0, 0, 0, 1//6, 0, 0, 0, -1//12, 0],
	[14, 21, 19, 9, 14, 1, 2, 21, 2, 1] => QQFieldElem[-1//12, 0, -1//6, 0, 0, 0, 0, 0, 0, 0, 0, 0, -1//6, 0, -1//6, 0],
	[14, 21, 19, 9, 14, 1, 2, 20, 1, 1] => QQFieldElem[1//2, 0, -2//3, 0, 2//3, 0, -2//3, 0, -1//3, 0, 2//3, 0, -5//6, 0, 2//3, 0],
	[14, 21, 19, 9, 14, 1, 1, 21, 2, 1] => QQFieldElem[-1//4, 0, 0, 0, 0, 0, -1//6, 0, 1//6, 0, 0, 0, 0, 0, 1//3, 0],
	[14, 21, 19, 9, 14, 1, 1, 20, 1, 1] => QQFieldElem[1//2, 0, -1//3, 0, 1//3, 0, -1//3, 0, 0, 0, 0, 0, -1//6, 0, 1//3, 0],
	[14, 21, 19, 9, 6, 1, 1, 19, 2, 1] => QQFieldElem[1//96, 0, -1//96, 0, 0, 0, 1//96, 0, 0, 0, 1//96, 0, 0, 0, -1//48, 0],
	[14, 21, 19, 9, 9, 1, 1, 19, 2, 1] => QQFieldElem[1//96, 0, -1//168, 0, 0, 0, -1//336, 0, 0, 0, 5//672, 0, 0, 0, -1//672, 0])