Dict(
	[14, 14, 17, 17, 15, 1, 1, 3, 1, 1] => QQFieldElem[9//16, 0, 0, 0, 0, 0, 0, 0, 0, 0, 0, 0, 0, 0, 0, 0],
	[14, 14, 17, 17, 13, 1, 1, 3, 2, 1] => QQFieldElem[0, 0, -27//64, 0, 0, 0, 0, 0, 0, 0, 27//64, 0, 0, 0, 0, 0],
	[14, 14, 17, 17, 17, 1, 1, 14, 1, 1] => QQFieldElem[0, 0, 0, 0, 0, 0, 0, 0, 0, 0, 0, 0, 0, 0, 0, 0],
	[14, 14, 17, 17, 11, 1, 1, 3, 2, 1] => QQFieldElem[0, 0, 0, 0, 0, 0, 0, 0, 0, 0, 0, 0, 0, 0, 0, 0],
	[14, 14, 17, 17, 17, 1, 1, 1, 1, 1] => QQFieldElem[-1//2, 0, 0, 0, 0, 0, 0, 0, 0, 0, 0, 0, 1//2, 0, 0, 0],
	[14, 14, 17, 17, 12, 1, 1, 14, 1, 1] => QQFieldElem[0, 0, 0, 0, 0, 0, 0, 0, 0, 0, 0, 0, 0, 0, 0, 0],
	[14, 14, 17, 17, 17, 1, 1, 5, 1, 1] => QQFieldElem[1//2, 0, 0, 0, 0, 0, 0, 0, 0, 0, 0, 0, -1//2, 0, 0, 0],
	[14, 14, 17, 17, 15, 1, 1, 3, 2, 1] => QQFieldElem[0, 0, 0, 0, 0, 0, 0, 0, 0, 0, 0, 0, 0, 0, 0, 0],
	[14, 14, 17, 17, 17, 1, 1, 14, 2, 1] => QQFieldElem[0, 0, 0, 0, 0, 0, 0, 0, 0, 0, 0, 0, 0, 0, 0, 0],
	[14, 14, 17, 17, 17, 1, 1, 3, 1, 1] => QQFieldElem[0, 0, -9//16, 0, 0, 0, -9//16, 0, 0, 0, 9//16, 0, 0, 0, 0, 0],
	[14, 14, 17, 17, 10, 1, 1, 14, 1, 1] => QQFieldElem[0, 0, 0, 0, 0, 0, -128, 0, 0, 0, 0, 0, 0, 0, 0, 0],
	[14, 14, 17, 17, 12, 1, 1, 1, 1, 1] => QQFieldElem[9//16, 0, 0, 0, 0, 0, 0, 0, 0, 0, 0, 0, 0, 0, 0, 0],
	[14, 14, 17, 17, 12, 1, 1, 5, 1, 1] => QQFieldElem[9//16, 0, 0, 0, 0, 0, 0, 0, 0, 0, 0, 0, 0, 0, 0, 0],
	[14, 14, 17, 17, 12, 1, 1, 14, 2, 1] => QQFieldElem[0, 0, 0, 0, 0, 0, 0, 0, 0, 0, 0, 0, 0, 0, 0, 0],
	[14, 14, 17, 17, 12, 1, 1, 3, 1, 1] => QQFieldElem[0, 0, 9//16, 0, 0, 0, 9//16, 0, 0, 0, -9//16, 0, 0, 0, 0, 0],
	[14, 14, 17, 17, 17, 1, 1, 3, 2, 1] => QQFieldElem[1//2, 0, 0, 0, 0, 0, 0, 0, 0, 0, 0, 0, 1//2, 0, 0, 0],
	[14, 14, 17, 17, 13, 1, 1, 14, 1, 1] => QQFieldElem[0, 0, 0, 0, 0, 0, 128, 0, 0, 0, 0, 0, 0, 0, 0, 0],
	[14, 14, 17, 17, 10, 1, 1, 5, 1, 1] => QQFieldElem[0, 0, -128, 0, 0, 0, 0, 0, 0, 0, 128, 0, 0, 0, 0, 0],
	[14, 14, 17, 17, 10, 1, 1, 14, 2, 1] => QQFieldElem[0, 0, 0, 0, 0, 0, -27//32, 0, 0, 0, 0, 0, 0, 0, 0, 0],
	[14, 14, 17, 17, 10, 1, 1, 1, 1, 1] => QQFieldElem[0, 0, -128, 0, 0, 0, 0, 0, 0, 0, 128, 0, 0, 0, 0, 0],
	[14, 14, 17, 17, 10, 1, 1, 3, 1, 1] => QQFieldElem[0, 0, 128, 0, 0, 0, 0, 0, 0, 0, -128, 0, 0, 0, 0, 0],
	[14, 14, 17, 17, 11, 1, 1, 14, 1, 1] => QQFieldElem[0, 0, 0, 0, 0, 0, 0, 0, 0, 0, 0, 0, 0, 0, 0, 0],
	[14, 14, 17, 17, 12, 1, 1, 3, 2, 1] => QQFieldElem[-1//2, 0, 0, 0, 0, 0, 0, 0, 0, 0, 0, 0, -1//2, 0, 0, 0],
	[14, 14, 17, 17, 13, 1, 1, 1, 1, 1] => QQFieldElem[0, 0, 0, 0, 0, 0, 0, 0, 0, 0, 0, 0, 0, 0, 0, 0],
	[14, 14, 17, 17, 15, 1, 1, 14, 1, 1] => QQFieldElem[0, 0, 0, 0, 0, 0, 0, 0, 0, 0, 0, 0, 0, 0, 0, 0],
	[14, 14, 17, 17, 13, 1, 1, 14, 2, 1] => QQFieldElem[0, 0, 0, 0, 0, 0, 27//32, 0, 0, 0, 0, 0, 0, 0, 0, 0],
	[14, 14, 17, 17, 13, 1, 1, 5, 1, 1] => QQFieldElem[0, 0, 0, 0, 0, 0, 0, 0, 0, 0, 0, 0, 0, 0, 0, 0],
	[14, 14, 17, 17, 13, 1, 1, 3, 1, 1] => QQFieldElem[0, 0, 128, 0, 0, 0, 0, 0, 0, 0, -128, 0, 0, 0, 0, 0],
	[14, 14, 17, 17, 11, 1, 1, 1, 1, 1] => QQFieldElem[0, 0, 27//64, 0, 0, 0, 0, 0, 0, 0, -27//64, 0, 0, 0, 0, 0],
	[14, 14, 17, 17, 11, 1, 1, 5, 1, 1] => QQFieldElem[0, 0, 27//64, 0, 0, 0, 0, 0, 0, 0, -27//64, 0, 0, 0, 0, 0],
	[14, 14, 17, 17, 11, 1, 1, 14, 2, 1] => QQFieldElem[9//8, 0, 0, 0, 0, 0, 0, 0, 0, 0, 0, 0, 0, 0, 0, 0],
	[14, 14, 17, 17, 10, 1, 1, 3, 2, 1] => QQFieldElem[0, 0, -27//64, 0, 0, 0, 0, 0, 0, 0, 27//64, 0, 0, 0, 0, 0],
	[14, 14, 17, 17, 15, 1, 1, 1, 1, 1] => QQFieldElem[0, 0, -9//16, 0, 0, 0, 9//16, 0, 0, 0, 9//16, 0, 0, 0, 0, 0],
	[14, 14, 17, 17, 11, 1, 1, 3, 1, 1] => QQFieldElem[9//16, 0, 0, 0, 0, 0, 0, 0, 0, 0, 0, 0, 0, 0, 0, 0],
	[14, 14, 17, 17, 15, 1, 1, 5, 1, 1] => QQFieldElem[0, 0, 9//16, 0, 0, 0, -9//16, 0, 0, 0, -9//16, 0, 0, 0, 0, 0],
	[14, 14, 17, 17, 15, 1, 1, 14, 2, 1] => QQFieldElem[9//8, 0, 0, 0, 0, 0, 0, 0, 0, 0, 0, 0, 0, 0, 0, 0])