Dict(
	[14, 19, 3, 19, 20, 2, 1, 20, 1, 1] => QQFieldElem[0, 0, 0, 0, 0, 0, 0, 0, 0, 0, 0, 0, 0, 0, 0, 0],
	[14, 19, 3, 19, 20, 1, 1, 20, 2, 1] => QQFieldElem[-1//2, 0, 0, 0, 0, 0, 0, 0, 0, 0, 0, 0, 0, 0, 0, 0],
	[14, 19, 3, 19, 20, 2, 1, 20, 2, 1] => QQFieldElem[1//2, 0, 0, 0, 0, 0, 0, 0, -1, 0, 0, 0, 0, 0, 0, 0],
	[14, 19, 3, 19, 21, 1, 1, 21, 1, 1] => QQFieldElem[-1//2, 0, 0, 0, 0, 0, 0, 0, 1, 0, 0, 0, 0, 0, 0, 0],
	[14, 19, 3, 19, 21, 2, 1, 21, 1, 1] => QQFieldElem[-1//2, 0, 0, 0, 0, 0, 0, 0, 0, 0, 0, 0, 0, 0, 0, 0],
	[14, 19, 3, 19, 21, 1, 1, 21, 2, 1] => QQFieldElem[0, 0, 0, 0, 0, 0, 0, 0, 0, 0, 0, 0, 0, 0, 0, 0],
	[14, 19, 3, 19, 21, 1, 1, 20, 1, 1] => QQFieldElem[0, 0, 0, 0, 0, 0, 0, 0, 0, 0, 0, 0, 0, 0, 0, 0],
	[14, 19, 3, 19, 20, 1, 1, 21, 1, 1] => QQFieldElem[-1//2, 0, 0, 0, 0, 0, 0, 0, 0, 0, 0, 0, 0, 0, 0, 0],
	[14, 19, 3, 19, 21, 2, 1, 21, 2, 1] => QQFieldElem[0, 0, 0, 0, 0, 0, 0, 0, 0, 0, 0, 0, 0, 0, 0, 0],
	[14, 19, 3, 19, 21, 2, 1, 20, 1, 1] => QQFieldElem[0, 0, 0, 0, 0, 0, 0, 0, 0, 0, 0, 0, 0, 0, 0, 0],
	[14, 19, 3, 19, 20, 2, 1, 21, 1, 1] => QQFieldElem[-1//2, 0, 0, 0, 0, 0, 0, 0, 1, 0, 0, 0, 0, 0, 0, 0],
	[14, 19, 3, 19, 21, 1, 1, 20, 2, 1] => QQFieldElem[1//2, 0, 0, 0, 0, 0, 0, 0, -1, 0, 0, 0, 0, 0, 0, 0],
	[14, 19, 3, 19, 20, 1, 1, 21, 2, 1] => QQFieldElem[0, 0, 0, 0, 0, 0, 0, 0, 0, 0, 0, 0, 0, 0, 0, 0],
	[14, 19, 3, 19, 20, 1, 1, 20, 1, 1] => QQFieldElem[0, 0, 0, 0, 0, 0, 0, 0, 0, 0, 0, 0, 0, 0, 0, 0],
	[14, 19, 3, 19, 21, 2, 1, 20, 2, 1] => QQFieldElem[-1//2, 0, 0, 0, 0, 0, 0, 0, 0, 0, 0, 0, 0, 0, 0, 0],
	[14, 19, 3, 19, 20, 2, 1, 21, 2, 1] => QQFieldElem[0, 0, 0, 0, 0, 0, 0, 0, 0, 0, 0, 0, 0, 0, 0, 0])