Dict(
	[14, 15, 20, 18, 13, 1, 1, 10, 1, 1] => QQFieldElem[0, 0, 0, 0, 0, 0, 0, 0, 0, 0, 0, 0, 0, 0, 0, 0],
	[14, 15, 20, 18, 18, 1, 1, 10, 1, 1] => QQFieldElem[1//4, 0, 1//4, 1//4, 0, 0, 0, 1//4, 0, 0, 0, -1//4, 1//4, 0, 1//4, 0],
	[14, 15, 20, 18, 16, 1, 1, 15, 1, 1] => QQFieldElem[0, 0, 0, 0, 0, 0, 0, 0, 0, 0, 0, 0, 0, 0, 0, 0],
	[14, 15, 20, 18, 12, 1, 1, 11, 1, 1] => QQFieldElem[0, 0, 0, 0, 0, 0, 0, 0, 0, 0, 0, 0, 0, 0, 0, 0],
	[14, 15, 20, 18, 10, 1, 1, 17, 1, 1] => QQFieldElem[22//97, 64//291, -32//291, 16//291, -8//291, 4//291, -2//291, -32//97, -6//97, -88//291, 44//291, -22//291, 36//97, -18//97, -70//291, -62//291],
	[14, 15, 20, 18, 11, 1, 1, 10, 1, 1] => QQFieldElem[0, 0, -1//2, 0, 0, 0, 0, 0, 0, 0, 0, 0, 0, 0, 0, 0],
	[14, 15, 20, 18, 16, 1, 1, 12, 1, 1] => QQFieldElem[1//4, 0, -1//4, 1//4, 0, 0, 0, 1//4, 0, 0, 0, -1//4, 1//4, 0, -1//4, 0],
	[14, 15, 20, 18, 12, 1, 1, 13, 1, 1] => QQFieldElem[0, 0, -2//3, 0, 0, 0, 0, 0, 0, 0, 0, 0, 0, 0, 0, 0],
	[14, 15, 20, 18, 10, 1, 1, 11, 1, 1] => QQFieldElem[0, 0, -2//3, 0, 0, 0, 0, 0, 0, 0, 0, 0, 0, 0, 0, 0],
	[14, 15, 20, 18, 13, 1, 1, 17, 1, 1] => QQFieldElem[-33//194, -16//97, 8//97, -4//97, 2//97, -1//97, 1//194, 24//97, 9//194, 22//97, -11//97, 11//194, -27//97, 27//194, 35//194, 31//194],
	[14, 15, 20, 18, 18, 1, 1, 17, 1, 1] => QQFieldElem[0, 0, 0, 0, 0, 0, 0, 0, 0, 0, 0, 0, 0, 0, 0, 0],
	[14, 15, 20, 18, 12, 1, 1, 15, 1, 1] => QQFieldElem[70//291, -8//97, 36//97, 32//97, -44//291, 4//291, -6//97, -16//291, 2//291, 88//291, -8//291, -158//291, 32//291, 50//291, 22//97, -2//97],
	[14, 15, 20, 18, 10, 1, 1, 13, 1, 1] => QQFieldElem[0, 0, 0, 0, 0, 0, 0, 0, 0, 0, 0, 0, 0, 0, 0, 0],
	[14, 15, 20, 18, 11, 1, 1, 17, 1, 1] => QQFieldElem[25//97, -25//194, -18//97, -79//194, -9//194, -22//97, 11//97, -11//194, 2//97, -1//97, 1//194, 24//97, -12//97, 6//97, -3//97, 3//194],
	[14, 15, 20, 18, 13, 1, 1, 11, 1, 1] => QQFieldElem[0, 0, -1//2, 0, 0, 0, 0, 0, 0, 0, 0, 0, 0, 0, 0, 0],
	[14, 15, 20, 18, 12, 1, 1, 12, 1, 1] => QQFieldElem[0, 0, 0, 0, 0, 0, 0, 0, 0, 0, 0, 0, 0, 0, 0, 0],
	[14, 15, 20, 18, 18, 1, 1, 11, 1, 1] => QQFieldElem[1//4, 0, 1//4, 1//4, 0, 0, 0, -1//4, 0, 0, 0, -1//4, -1//4, 0, -1//4, 0],
	[14, 15, 20, 18, 10, 1, 1, 15, 1, 1] => QQFieldElem[4//97, -18//97, -16//97, 22//291, -2//291, -88//291, 8//291, 158//291, -44//291, 4//291, -6//97, -16//291, 24//97, 64//291, 100//291, -62//291],
	[14, 15, 20, 18, 13, 1, 1, 13, 1, 1] => QQFieldElem[0, 0, 0, 0, 0, 0, 0, 0, 0, 0, 0, 0, 0, 0, 0, 0],
	[14, 15, 20, 18, 16, 1, 1, 10, 1, 1] => QQFieldElem[-1//4, 0, 1//4, -1//4, 0, 0, 0, 1//4, 0, 0, 0, 1//4, 1//4, 0, -1//4, 0],
	[14, 15, 20, 18, 18, 1, 1, 13, 1, 1] => QQFieldElem[-1//4, 0, -1//4, -1//4, 0, 0, 0, -1//4, 0, 0, 0, 1//4, -1//4, 0, -1//4, 0],
	[14, 15, 20, 18, 10, 1, 1, 12, 1, 1] => QQFieldElem[0, 0, -2//3, 0, 0, 0, 0, 0, 0, 0, 0, 0, 0, 0, 0, 0],
	[14, 15, 20, 18, 11, 1, 1, 11, 1, 1] => QQFieldElem[0, 0, 0, 0, 0, 0, 0, 0, 0, 0, 0, 0, 0, 0, 0, 0],
	[14, 15, 20, 18, 11, 1, 1, 13, 1, 1] => QQFieldElem[0, 0, -1//2, 0, 0, 0, 0, 0, 0, 0, 0, 0, 0, 0, 0, 0],
	[14, 15, 20, 18, 13, 1, 1, 15, 1, 1] => QQFieldElem[-3//97, 27//194, 12//97, -11//194, 1//194, 22//97, -2//97, -79//194, 11//97, -1//97, 9//194, 4//97, -18//97, -16//97, -25//97, 31//194],
	[14, 15, 20, 18, 18, 1, 1, 15, 1, 1] => QQFieldElem[0, 0, 0, 0, 0, 0, 0, 0, 0, 0, 0, 0, 0, 0, 0, 0],
	[14, 15, 20, 18, 12, 1, 1, 10, 1, 1] => QQFieldElem[0, 0, -2//3, 0, 0, 0, 0, 0, 0, 0, 0, 0, 0, 0, 0, 0],
	[14, 15, 20, 18, 16, 1, 1, 17, 1, 1] => QQFieldElem[0, 0, 0, 0, 0, 0, 0, 0, 0, 0, 0, 0, 0, 0, 0, 0],
	[14, 15, 20, 18, 13, 1, 1, 12, 1, 1] => QQFieldElem[0, 0, -1//2, 0, 0, 0, 0, 0, 0, 0, 0, 0, 0, 0, 0, 0],
	[14, 15, 20, 18, 18, 1, 1, 12, 1, 1] => QQFieldElem[-1//4, 0, -1//4, -1//4, 0, 0, 0, 1//4, 0, 0, 0, 1//4, 1//4, 0, 1//4, 0],
	[14, 15, 20, 18, 11, 1, 1, 15, 1, 1] => QQFieldElem[-35//194, 6//97, -27//97, -24//97, 11//97, -1//97, 9//194, 4//97, -1//194, -22//97, 2//97, 79//194, -8//97, -25//194, -33//194, 3//194],
	[14, 15, 20, 18, 11, 1, 1, 12, 1, 1] => QQFieldElem[0, 0, 0, 0, 0, 0, 0, 0, 0, 0, 0, 0, 0, 0, 0, 0],
	[14, 15, 20, 18, 16, 1, 1, 11, 1, 1] => QQFieldElem[-1//4, 0, 1//4, -1//4, 0, 0, 0, -1//4, 0, 0, 0, 1//4, -1//4, 0, 1//4, 0],
	[14, 15, 20, 18, 10, 1, 1, 10, 1, 1] => QQFieldElem[0, 0, 0, 0, 0, 0, 0, 0, 0, 0, 0, 0, 0, 0, 0, 0],
	[14, 15, 20, 18, 16, 1, 1, 13, 1, 1] => QQFieldElem[1//4, 0, -1//4, 1//4, 0, 0, 0, -1//4, 0, 0, 0, -1//4, -1//4, 0, 1//4, 0],
	[14, 15, 20, 18, 12, 1, 1, 17, 1, 1] => QQFieldElem[-100//291, 50//291, 24//97, 158//291, 6//97, 88//291, -44//291, 22//291, -8//291, 4//291, -2//291, -32//97, 16//97, -8//97, 4//97, -2//97])