Dict(
	[14, 14, 12, 13, 15, 1, 1, 4, 1, 1] => QQFieldElem[0, 0, -9//4, 0, 0, 0, 0, 0, 0, 0, 9//4, 0, 0, 0, 0, 0],
	[14, 14, 12, 13, 15, 1, 1, 7, 1, 1] => QQFieldElem[0, 0, 9//4, 0, 0, 0, 0, 0, 0, 0, -9//4, 0, 0, 0, 0, 0],
	[14, 14, 12, 13, 15, 1, 1, 5, 1, 1] => QQFieldElem[0, 0, 9//4, 0, 0, 0, 0, 0, 0, 0, -9//4, 0, 0, 0, 0, 0],
	[14, 14, 12, 13, 16, 1, 1, 4, 1, 1] => QQFieldElem[1, 0, 0, 0, 0, 0, 0, 0, 0, 0, 0, 0, 0, 0, 0, 0],
	[14, 14, 12, 13, 16, 1, 1, 7, 1, 1] => QQFieldElem[1, 0, 0, 0, 0, 0, 0, 0, 0, 0, 0, 0, 0, 0, 0, 0],
	[14, 14, 12, 13, 17, 1, 1, 4, 1, 1] => QQFieldElem[0, 0, 0, 0, 0, 0, 0, 0, 0, 0, 0, 0, 0, 0, 0, 0],
	[14, 14, 12, 13, 17, 1, 1, 7, 1, 1] => QQFieldElem[0, 0, 0, 0, 0, -1024//9, 0, 0, 0, 0, 0, 0, 0, 1024//9, 0, 0],
	[14, 14, 12, 13, 16, 1, 1, 5, 1, 1] => QQFieldElem[1, 0, 0, 0, 0, 0, 0, 0, 0, 0, 0, 0, 0, 0, 0, 0],
	[14, 14, 12, 13, 17, 1, 1, 5, 1, 1] => QQFieldElem[0, 0, 0, 0, 0, 1024//9, 0, 0, 0, 0, 0, 0, 0, -1024//9, 0, 0],
	[14, 14, 12, 13, 18, 1, 1, 6, 1, 1] => QQFieldElem[0, 0, 0, 0, 0, 0, 0, 0, 0, -1024//9, 0, 0, 0, 0, 0, 0],
	[14, 14, 12, 13, 15, 1, 1, 6, 1, 1] => QQFieldElem[0, 0, -9//4, 0, 0, 0, 0, 0, 0, 0, 9//4, 0, 0, 0, 0, 0],
	[14, 14, 12, 13, 18, 1, 1, 4, 1, 1] => QQFieldElem[0, 0, 0, 0, 0, 0, 0, 0, 0, 1024//9, 0, 0, 0, 0, 0, 0],
	[14, 14, 12, 13, 18, 1, 1, 7, 1, 1] => QQFieldElem[0, 0, 0, 0, 0, 0, 0, 0, 0, 0, 0, 0, 0, 0, 0, 0],
	[14, 14, 12, 13, 16, 1, 1, 6, 1, 1] => QQFieldElem[1, 0, 0, 0, 0, 0, 0, 0, 0, 0, 0, 0, 0, 0, 0, 0],
	[14, 14, 12, 13, 18, 1, 1, 5, 1, 1] => QQFieldElem[0, 0, 0, 0, 0, 0, 0, 0, 0, 0, 0, 0, 0, 0, 0, 0],
	[14, 14, 12, 13, 17, 1, 1, 6, 1, 1] => QQFieldElem[0, 0, 0, 0, 0, 0, 0, 0, 0, 0, 0, 0, 0, 0, 0, 0])