Dict(
	[14, 14, 9, 9, 14, 1, 1, 3, 2, 1] => QQFieldElem[0, 0, 0, 0, 0, 0, 0, 0, 0, 0, 0, 0, 1//2, 0, 0, 0],
	[14, 14, 9, 9, 5, 1, 1, 14, 1, 1] => QQFieldElem[9//16, 0, 0, 0, 0, 0, 0, 0, 0, 0, 0, 0, 0, 0, 0, 0],
	[14, 14, 9, 9, 4, 1, 1, 1, 1, 1] => QQFieldElem[0, 0, -4, 0, 0, 0, 0, 0, 0, 0, 4, 0, 0, 0, 0, 0],
	[14, 14, 9, 9, 6, 1, 1, 3, 2, 1] => QQFieldElem[0, 0, -64, 0, 0, 0, 0, 0, 0, 0, 64, 0, 0, 0, 0, 0],
	[14, 14, 9, 9, 9, 1, 1, 3, 2, 1] => QQFieldElem[9//16, 0, 0, 0, 0, 0, 0, 0, 0, 0, 0, 0, 0, 0, 0, 0],
	[14, 14, 9, 9, 4, 1, 1, 14, 2, 1] => QQFieldElem[0, 0, -27//64, 0, 0, 0, 0, 0, 0, 0, 27//64, 0, 0, 0, 0, 0],
	[14, 14, 9, 9, 5, 1, 1, 1, 1, 1] => QQFieldElem[0, 0, 27//512, 0, 0, 0, 0, 0, 0, 0, -27//512, 0, 0, 0, 0, 0],
	[14, 14, 9, 9, 5, 1, 1, 14, 2, 1] => QQFieldElem[0, 0, 0, 0, 0, 0, -9//16, 0, 0, 0, 0, 0, 0, 0, 0, 0],
	[14, 14, 9, 9, 4, 1, 1, 3, 1, 1] => QQFieldElem[0, 0, 4, 0, 0, 0, 0, 0, 0, 0, -4, 0, 0, 0, 0, 0],
	[14, 14, 9, 9, 5, 1, 1, 3, 1, 1] => QQFieldElem[0, 0, 0, 0, 0, 0, 0, 0, 0, 0, 0, 0, 0, 0, 0, 0],
	[14, 14, 9, 9, 4, 1, 1, 3, 2, 1] => QQFieldElem[0, 0, -27//512, 0, 0, 0, 0, 0, 0, 0, 27//512, 0, 0, 0, 0, 0],
	[14, 14, 9, 9, 14, 1, 1, 14, 1, 1] => QQFieldElem[0, 0, 0, 0, 0, 0, 0, 0, 0, 0, 0, 0, 0, 0, 0, 0],
	[14, 14, 9, 9, 5, 1, 1, 3, 2, 1] => QQFieldElem[0, 0, -9//256, 0, 0, 0, 0, 0, 0, 0, 9//256, 0, 0, 0, 0, 0],
	[14, 14, 9, 9, 6, 1, 1, 14, 1, 1] => QQFieldElem[0, 0, 0, 0, 0, 0, 0, 0, 0, 0, 0, 0, -1//2, 0, 0, 0],
	[14, 14, 9, 9, 14, 1, 1, 1, 1, 1] => QQFieldElem[1//32, 0, 0, 0, 0, 0, 0, 0, 0, 0, 0, 0, 0, 0, 0, 0],
	[14, 14, 9, 9, 9, 1, 1, 14, 1, 1] => QQFieldElem[0, 0, 27//32, 0, 0, 0, 0, 0, 0, 0, -27//32, 0, 0, 0, 0, 0],
	[14, 14, 9, 9, 14, 1, 1, 14, 2, 1] => QQFieldElem[0, 0, 0, 0, 0, 0, 0, 0, 0, 0, 0, 0, 0, 0, 0, 0],
	[14, 14, 9, 9, 14, 1, 1, 3, 1, 1] => QQFieldElem[0, 0, 0, 0, 0, 0, 9//16, 0, 0, 0, 0, 0, 0, 0, 0, 0],
	[14, 14, 9, 9, 6, 1, 1, 1, 1, 1] => QQFieldElem[0, 0, 0, 0, 0, 0, 0, 0, 0, 0, 0, 0, 0, 0, 0, 0],
	[14, 14, 9, 9, 9, 1, 1, 1, 1, 1] => QQFieldElem[0, 0, -9//256, 0, 0, 0, 0, 0, 0, 0, 9//256, 0, 0, 0, 0, 0],
	[14, 14, 9, 9, 6, 1, 1, 14, 2, 1] => QQFieldElem[0, 0, 128, 0, 0, 0, 0, 0, 0, 0, -128, 0, 0, 0, 0, 0],
	[14, 14, 9, 9, 9, 1, 1, 14, 2, 1] => QQFieldElem[9//8, 0, 0, 0, 0, 0, 0, 0, 0, 0, 0, 0, 0, 0, 0, 0],
	[14, 14, 9, 9, 6, 1, 1, 3, 1, 1] => QQFieldElem[1//32, 0, 0, 0, 0, 0, 0, 0, 0, 0, 0, 0, 0, 0, 0, 0],
	[14, 14, 9, 9, 4, 1, 1, 14, 1, 1] => QQFieldElem[0, 0, -64, 0, 0, 0, 0, 0, 0, 0, 64, 0, 0, 0, 0, 0],
	[14, 14, 9, 9, 9, 1, 1, 3, 1, 1] => QQFieldElem[0, 0, -27//64, 0, 0, 0, 0, 0, 0, 0, 27//64, 0, 0, 0, 0, 0])