Dict(
	[14, 12, 15, 14, 14, 2, 1, 12, 1, 1] => QQFieldElem[-3//16, 0, 0, 0, 0, 0, 0, 0, 0, 0, 0, 0, 3//16, 0, 0, 0],
	[14, 12, 15, 14, 7, 1, 1, 17, 1, 1] => QQFieldElem[0, 0, 0, 48, 0, 0, 0, 0, 0, 0, 0, 0, 0, 0, 0, 0],
	[14, 12, 15, 14, 7, 1, 1, 11, 1, 1] => QQFieldElem[0, 0, 0, -64, 0, 0, 0, 0, 0, 0, 0, 0, 0, 0, 0, 0],
	[14, 12, 15, 14, 8, 1, 1, 17, 1, 1] => QQFieldElem[0, 0, 0, 0, 0, 0, 0, 0, 0, -128//3, 0, 0, 0, 0, 0, 0],
	[14, 12, 15, 14, 8, 1, 1, 11, 1, 1] => QQFieldElem[0, 0, 0, 0, 0, 0, 0, 0, 0, -512//9, 0, 0, 0, 0, 0, 0],
	[14, 12, 15, 14, 7, 1, 1, 15, 1, 1] => QQFieldElem[0, 0, 0, 0, 0, 0, 0, 0, 0, 128//3, 0, 0, 0, 0, 0, 0],
	[14, 12, 15, 14, 14, 1, 1, 17, 1, 1] => QQFieldElem[-3//16, 0, 0, 0, 0, 0, 0, 0, 0, 0, 0, 0, 3//16, 0, 0, 0],
	[14, 12, 15, 14, 7, 1, 1, 12, 1, 1] => QQFieldElem[0, 0, 0, 48, 0, 0, 0, 0, 0, 0, 0, 0, 0, 0, 0, 0],
	[14, 12, 15, 14, 14, 2, 1, 17, 1, 1] => QQFieldElem[3//16, 0, 0, 0, 0, 0, 0, 0, 0, 0, 0, 0, 3//16, 0, 0, 0],
	[14, 12, 15, 14, 8, 1, 1, 15, 1, 1] => QQFieldElem[0, 0, 0, 0, 0, 0, 0, 0, 0, 0, 0, 0, 0, 0, 0, -1024//27],
	[14, 12, 15, 14, 14, 1, 1, 11, 1, 1] => QQFieldElem[1//4, 0, 0, 0, 0, 0, 0, 0, 0, 0, 0, 0, 1//4, 0, 0, 0],
	[14, 12, 15, 14, 8, 1, 1, 12, 1, 1] => QQFieldElem[0, 0, 0, 0, 0, 0, 0, 0, 0, 128//3, 0, 0, 0, 0, 0, 0],
	[14, 12, 15, 14, 14, 2, 1, 11, 1, 1] => QQFieldElem[-1//4, 0, 0, 0, 0, 0, 0, 0, 0, 0, 0, 0, 1//4, 0, 0, 0],
	[14, 12, 15, 14, 14, 1, 1, 15, 1, 1] => QQFieldElem[0, 0, 1//6, 0, 0, 0, 1//6, 0, 0, 0, -1//6, 0, 0, 0, 0, 0],
	[14, 12, 15, 14, 14, 1, 1, 12, 1, 1] => QQFieldElem[3//16, 0, 0, 0, 0, 0, 0, 0, 0, 0, 0, 0, 3//16, 0, 0, 0],
	[14, 12, 15, 14, 14, 2, 1, 15, 1, 1] => QQFieldElem[0, 0, 1//6, 0, 0, 0, -1//6, 0, 0, 0, -1//6, 0, 0, 0, 0, 0])