Dict(
	[14, 20, 13, 11, 15, 1, 1, 20, 2, 1] => QQFieldElem[0, -1//3, 0, -1//3, 0, 0, 1//3, 0, 0, 0, 0, 1//3, -1//3, 0, 0, 0],
	[14, 20, 13, 11, 12, 1, 1, 21, 1, 1] => QQFieldElem[0, 0, 0, 0, 0, 0, 0, 0, 0, 1//3, 0, 1//3, 1//3, 0, -1//3, 0],
	[14, 20, 13, 11, 16, 1, 1, 20, 1, 1] => QQFieldElem[0, 0, 0, 0, 0, 1//3, 1//3, 0, 0, 0, 0, 0, 1//3, 0, -1//3, 1//3],
	[14, 20, 13, 11, 17, 1, 1, 21, 2, 1] => QQFieldElem[0, 0, 0, 0, 0, -1//3, 0, -1//3, 0, 0, 0, 0, -1//3, 1//3, 1//3, 1//3],
	[14, 20, 13, 11, 16, 1, 1, 21, 2, 1] => QQFieldElem[0, 0, 0, 0, 0, 1//3, 1//3, 0, 0, 0, 0, 0, -1//3, 0, -1//3, -1//3],
	[14, 20, 13, 11, 17, 1, 1, 20, 1, 1] => QQFieldElem[0, 0, 0, 0, 0, -1//3, 0, 1//3, 0, 0, 0, 0, 1//3, 1//3, 1//3, -1//3],
	[14, 20, 13, 11, 12, 1, 1, 19, 2, 1] => QQFieldElem[0, 0, 0, 0, -1//128, 0, 0, 0, 0, 0, 0, 0, 0, 0, 0, 0],
	[14, 20, 13, 11, 12, 1, 1, 21, 2, 1] => QQFieldElem[0, 0, 0, 0, 0, 0, 0, 0, 0, -1//3, 0, 1//3, -1//3, 0, -1//3, 0],
	[14, 20, 13, 11, 12, 1, 1, 20, 1, 1] => QQFieldElem[0, 0, 0, 0, 0, 0, 0, 0, 0, -1//3, 0, -1//3, 1//3, 0, -1//3, 0],
	[14, 20, 13, 11, 16, 1, 1, 20, 2, 1] => QQFieldElem[0, 0, 0, 0, 0, -1//3, 1//3, 0, 0, 0, 0, 0, -1//3, 0, -1//3, 1//3],
	[14, 20, 13, 11, 17, 1, 1, 20, 2, 1] => QQFieldElem[0, 0, 0, 0, 0, 1//3, 0, 1//3, 0, 0, 0, 0, -1//3, -1//3, 1//3, -1//3],
	[14, 20, 13, 11, 18, 1, 1, 19, 1, 1] => QQFieldElem[1//384, 0, 0, 0, 0, 0, 0, 0, -1//384, 0, 0, 0, 0, 0, 0, 0],
	[14, 20, 13, 11, 18, 1, 1, 21, 1, 1] => QQFieldElem[0, 0, 0, 0, 0, 0, -1//3, 1//3, 0, 0, 0, 0, 1//3, 1//3, 0, 0],
	[14, 20, 13, 11, 11, 1, 1, 19, 1, 1] => QQFieldElem[0, 0, 0, 0, -1//128, 0, 0, 0, 0, 0, 0, 0, 0, 0, 0, 0],
	[14, 20, 13, 11, 11, 1, 1, 21, 1, 1] => QQFieldElem[0, 1//3, 0, -1//3, 0, 0, -1//3, 0, 0, -1//3, 0, 0, 1//3, 0, 1//3, 0],
	[14, 20, 13, 11, 12, 1, 1, 20, 2, 1] => QQFieldElem[0, 0, 0, 0, 0, 0, 0, 0, 0, 1//3, 0, -1//3, -1//3, 0, -1//3, 0],
	[14, 20, 13, 11, 15, 1, 1, 19, 1, 1] => QQFieldElem[0, 0, 0, 0, -1//128, 0, 0, 0, 0, 0, 0, 0, 0, 0, 0, 0],
	[14, 20, 13, 11, 18, 1, 1, 19, 2, 1] => QQFieldElem[-1//384, 0, 0, 0, 0, 0, 0, 0, 1//384, 0, 0, 0, 0, 0, 0, 0],
	[14, 20, 13, 11, 15, 1, 1, 21, 1, 1] => QQFieldElem[0, -1//3, 0, 1//3, 0, 0, 1//3, 0, 0, 0, 0, -1//3, 1//3, 0, 0, 0],
	[14, 20, 13, 11, 18, 1, 1, 21, 2, 1] => QQFieldElem[0, 0, 0, 0, 0, 0, -1//3, 1//3, 0, 0, 0, 0, -1//3, -1//3, 0, 0],
	[14, 20, 13, 11, 18, 1, 1, 20, 1, 1] => QQFieldElem[0, 0, 0, 0, 0, 0, -1//3, -1//3, 0, 0, 0, 0, 1//3, -1//3, 0, 0],
	[14, 20, 13, 11, 11, 1, 1, 19, 2, 1] => QQFieldElem[0, 0, 0, 0, -1//128, 0, 0, 0, 0, 0, 0, 0, 0, 0, 0, 0],
	[14, 20, 13, 11, 11, 1, 1, 21, 2, 1] => QQFieldElem[0, -1//3, 0, -1//3, 0, 0, -1//3, 0, 0, 1//3, 0, 0, -1//3, 0, 1//3, 0],
	[14, 20, 13, 11, 15, 1, 1, 19, 2, 1] => QQFieldElem[0, 0, 0, 0, -1//128, 0, 0, 0, 0, 0, 0, 0, 0, 0, 0, 0],
	[14, 20, 13, 11, 11, 1, 1, 20, 1, 1] => QQFieldElem[0, -1//3, 0, 1//3, 0, 0, -1//3, 0, 0, 1//3, 0, 0, 1//3, 0, 1//3, 0],
	[14, 20, 13, 11, 16, 1, 1, 19, 1, 1] => QQFieldElem[-1//384, 0, 0, 0, 0, 0, 0, 0, 0, 0, 0, 0, 0, 0, 0, 0],
	[14, 20, 13, 11, 17, 1, 1, 19, 1, 1] => QQFieldElem[0, 0, 0, 0, 0, 0, 0, 0, 1//384, 0, 0, 0, 0, 0, 0, 0],
	[14, 20, 13, 11, 15, 1, 1, 21, 2, 1] => QQFieldElem[0, 1//3, 0, 1//3, 0, 0, 1//3, 0, 0, 0, 0, -1//3, -1//3, 0, 0, 0],
	[14, 20, 13, 11, 15, 1, 1, 20, 1, 1] => QQFieldElem[0, 1//3, 0, -1//3, 0, 0, 1//3, 0, 0, 0, 0, 1//3, 1//3, 0, 0, 0],
	[14, 20, 13, 11, 16, 1, 1, 21, 1, 1] => QQFieldElem[0, 0, 0, 0, 0, -1//3, 1//3, 0, 0, 0, 0, 0, 1//3, 0, -1//3, -1//3],
	[14, 20, 13, 11, 18, 1, 1, 20, 2, 1] => QQFieldElem[0, 0, 0, 0, 0, 0, -1//3, -1//3, 0, 0, 0, 0, -1//3, 1//3, 0, 0],
	[14, 20, 13, 11, 17, 1, 1, 21, 1, 1] => QQFieldElem[0, 0, 0, 0, 0, 1//3, 0, -1//3, 0, 0, 0, 0, 1//3, -1//3, 1//3, 1//3],
	[14, 20, 13, 11, 11, 1, 1, 20, 2, 1] => QQFieldElem[0, 1//3, 0, 1//3, 0, 0, -1//3, 0, 0, -1//3, 0, 0, -1//3, 0, 1//3, 0],
	[14, 20, 13, 11, 12, 1, 1, 19, 1, 1] => QQFieldElem[0, 0, 0, 0, -1//128, 0, 0, 0, 0, 0, 0, 0, 0, 0, 0, 0],
	[14, 20, 13, 11, 16, 1, 1, 19, 2, 1] => QQFieldElem[1//384, 0, 0, 0, 0, 0, 0, 0, 0, 0, 0, 0, 0, 0, 0, 0],
	[14, 20, 13, 11, 17, 1, 1, 19, 2, 1] => QQFieldElem[0, 0, 0, 0, 0, 0, 0, 0, -1//384, 0, 0, 0, 0, 0, 0, 0])