Dict(
	[14, 15, 12, 14, 7, 1, 1, 17, 1, 1] => QQFieldElem[0, 0, 0, 0, 0, 0, 0, 0, 0, 0, 0, 0, 0, 0, 0, -512//9],
	[14, 15, 12, 14, 8, 1, 1, 17, 1, 1] => QQFieldElem[0, 0, 0, 0, 0, 0, 0, 0, 0, 2, 0, 0, 0, 0, 0, 0],
	[14, 15, 12, 14, 14, 1, 1, 10, 1, 1] => QQFieldElem[-1//4, 0, 0, 0, 0, 0, 0, 0, 0, 0, 0, 0, -1//4, 0, 0, 0],
	[14, 15, 12, 14, 7, 1, 1, 13, 1, 1] => QQFieldElem[0, 0, 0, 0, 0, 0, 0, 0, 0, 0, 0, 0, 0, 0, 0, 512//9],
	[14, 15, 12, 14, 14, 2, 1, 10, 1, 1] => QQFieldElem[1//4, 0, 0, 0, 0, 0, 0, 0, 0, 0, 0, 0, -1//4, 0, 0, 0],
	[14, 15, 12, 14, 8, 1, 1, 13, 1, 1] => QQFieldElem[0, 0, 0, 0, 0, 0, 0, 0, 0, 2, 0, 0, 0, 0, 0, 0],
	[14, 15, 12, 14, 7, 1, 1, 15, 1, 1] => QQFieldElem[0, 0, 0, 0, 0, -4096//81, 0, 0, 0, 0, 0, 0, 0, 4096//81, 0, 0],
	[14, 15, 12, 14, 14, 1, 1, 17, 1, 1] => QQFieldElem[-1//4, 0, 0, 0, 0, 0, 0, 0, 0, 0, 0, 0, 1//4, 0, 0, 0],
	[14, 15, 12, 14, 14, 2, 1, 17, 1, 1] => QQFieldElem[1//4, 0, 0, 0, 0, 0, 0, 0, 0, 0, 0, 0, 1//4, 0, 0, 0],
	[14, 15, 12, 14, 8, 1, 1, 15, 1, 1] => QQFieldElem[0, 0, 0, 0, 0, 0, 0, 0, 0, 0, 0, 0, 0, 0, 0, -16//9],
	[14, 15, 12, 14, 14, 1, 1, 13, 1, 1] => QQFieldElem[1//4, 0, 0, 0, 0, 0, 0, 0, 0, 0, 0, 0, 1//4, 0, 0, 0],
	[14, 15, 12, 14, 14, 2, 1, 13, 1, 1] => QQFieldElem[-1//4, 0, 0, 0, 0, 0, 0, 0, 0, 0, 0, 0, 1//4, 0, 0, 0],
	[14, 15, 12, 14, 14, 1, 1, 15, 1, 1] => QQFieldElem[0, 0, -2//9, 0, 0, 0, -2//9, 0, 0, 0, 2//9, 0, 0, 0, 0, 0],
	[14, 15, 12, 14, 7, 1, 1, 10, 1, 1] => QQFieldElem[0, 0, 0, 0, 0, 0, 0, 0, 0, 0, 0, 0, 0, 0, 0, 512//9],
	[14, 15, 12, 14, 14, 2, 1, 15, 1, 1] => QQFieldElem[0, 0, -2//9, 0, 0, 0, 2//9, 0, 0, 0, 2//9, 0, 0, 0, 0, 0],
	[14, 15, 12, 14, 8, 1, 1, 10, 1, 1] => QQFieldElem[0, 0, 0, 0, 0, 0, 0, 0, 0, 2, 0, 0, 0, 0, 0, 0])