Dict(
	[14, 20, 4, 19, 21, 1, 1, 21, 2, 1] => QQFieldElem[-1//6, 0, 0, 0, 0, 0, 0, 0, 1//3, 0, 0, 0, 0, 0, 0, 0],
	[14, 20, 4, 19, 19, 2, 1, 20, 2, 1] => QQFieldElem[-2//3, 0, 0, 0, 0, 0, 0, 0, -1//6, 0, 0, 0, 0, 0, 0, 0],
	[14, 20, 4, 19, 21, 1, 1, 20, 1, 1] => QQFieldElem[-2//3, 0, 0, 0, 0, 0, 0, 0, -1//6, 0, 0, 0, 0, 0, 0, 0],
	[14, 20, 4, 19, 20, 1, 1, 21, 1, 1] => QQFieldElem[1//6, 0, 0, 0, 0, 0, 0, 0, 0, 0, 0, 0, 0, 0, 0, 0],
	[14, 20, 4, 19, 21, 2, 1, 19, 2, 1] => QQFieldElem[-16//21, 0, 0, 0, 0, 0, 0, 0, 2//7, 0, 0, 0, 0, 0, 0, 0],
	[14, 20, 4, 19, 21, 2, 1, 21, 2, 1] => QQFieldElem[1//6, 0, 0, 0, 0, 0, 0, 0, 0, 0, 0, 0, 0, 0, 0, 0],
	[14, 20, 4, 19, 20, 2, 1, 19, 1, 1] => QQFieldElem[0, 0, 0, 0, 0, 0, 0, 0, 0, 0, 0, 0, 0, 0, 0, 0],
	[14, 20, 4, 19, 20, 2, 1, 21, 1, 1] => QQFieldElem[-1//6, 0, 0, 0, 0, 0, 0, 0, 1//3, 0, 0, 0, 0, 0, 0, 0],
	[14, 20, 4, 19, 21, 2, 1, 20, 1, 1] => QQFieldElem[-1//3, 0, 0, 0, 0, 0, 0, 0, 1//2, 0, 0, 0, 0, 0, 0, 0],
	[14, 20, 4, 19, 20, 1, 1, 19, 2, 1] => QQFieldElem[10//21, 0, 0, 0, 0, 0, 0, 0, -2//21, 0, 0, 0, 0, 0, 0, 0],
	[14, 20, 4, 19, 21, 1, 1, 20, 2, 1] => QQFieldElem[-5//6, 0, 0, 0, 0, 0, 0, 0, 1//6, 0, 0, 0, 0, 0, 0, 0],
	[14, 20, 4, 19, 20, 1, 1, 21, 2, 1] => QQFieldElem[8//21, 0, 0, 0, 0, 0, 0, 0, 2//21, 0, 0, 0, 0, 0, 0, 0],
	[14, 20, 4, 19, 20, 1, 1, 20, 1, 1] => QQFieldElem[1//6, 0, 0, 0, 0, 0, 0, 0, -1//2, 0, 0, 0, 0, 0, 0, 0],
	[14, 20, 4, 19, 20, 2, 1, 19, 2, 1] => QQFieldElem[2//21, 0, 0, 0, 0, 0, 0, 0, -2//7, 0, 0, 0, 0, 0, 0, 0],
	[14, 20, 4, 19, 20, 2, 1, 21, 2, 1] => QQFieldElem[-4//21, 0, 0, 0, 0, 0, 0, 0, 2//7, 0, 0, 0, 0, 0, 0, 0],
	[14, 20, 4, 19, 21, 2, 1, 20, 2, 1] => QQFieldElem[1//6, 0, 0, 0, 0, 0, 0, 0, -1//2, 0, 0, 0, 0, 0, 0, 0],
	[14, 20, 4, 19, 20, 2, 1, 20, 1, 1] => QQFieldElem[-5//6, 0, 0, 0, 0, 0, 0, 0, 1//6, 0, 0, 0, 0, 0, 0, 0],
	[14, 20, 4, 19, 19, 1, 1, 19, 1, 1] => QQFieldElem[2//21, 0, 0, 0, 0, 0, 0, 0, -2//7, 0, 0, 0, 0, 0, 0, 0],
	[14, 20, 4, 19, 19, 1, 1, 21, 1, 1] => QQFieldElem[-4//21, 0, 0, 0, 0, 0, 0, 0, 2//7, 0, 0, 0, 0, 0, 0, 0],
	[14, 20, 4, 19, 19, 2, 1, 19, 1, 1] => QQFieldElem[10//21, 0, 0, 0, 0, 0, 0, 0, -2//21, 0, 0, 0, 0, 0, 0, 0],
	[14, 20, 4, 19, 20, 1, 1, 20, 2, 1] => QQFieldElem[0, 0, 0, 0, 0, 0, 0, 0, 0, 0, 0, 0, 0, 0, 0, 0],
	[14, 20, 4, 19, 19, 2, 1, 21, 1, 1] => QQFieldElem[8//21, 0, 0, 0, 0, 0, 0, 0, 2//21, 0, 0, 0, 0, 0, 0, 0],
	[14, 20, 4, 19, 20, 2, 1, 20, 2, 1] => QQFieldElem[-1//3, 0, 0, 0, 0, 0, 0, 0, 0, 0, 0, 0, 0, 0, 0, 0],
	[14, 20, 4, 19, 19, 1, 1, 19, 2, 1] => QQFieldElem[1//6, 0, 0, 0, 0, 0, 0, 0, 0, 0, 0, 0, 0, 0, 0, 0],
	[14, 20, 4, 19, 19, 1, 1, 21, 2, 1] => QQFieldElem[-10//21, 0, 0, 0, 0, 0, 0, 0, -2//7, 0, 0, 0, 0, 0, 0, 0],
	[14, 20, 4, 19, 19, 2, 1, 19, 2, 1] => QQFieldElem[1//6, 0, 0, 0, 0, 0, 0, 0, -1//3, 0, 0, 0, 0, 0, 0, 0],
	[14, 20, 4, 19, 21, 1, 1, 19, 1, 1] => QQFieldElem[1//6, 0, 0, 0, 0, 0, 0, 0, -1//3, 0, 0, 0, 0, 0, 0, 0],
	[14, 20, 4, 19, 19, 1, 1, 20, 1, 1] => QQFieldElem[-1//3, 0, 0, 0, 0, 0, 0, 0, 0, 0, 0, 0, 0, 0, 0, 0],
	[14, 20, 4, 19, 19, 2, 1, 21, 2, 1] => QQFieldElem[0, 0, 0, 0, 0, 0, 0, 0, 0, 0, 0, 0, 0, 0, 0, 0],
	[14, 20, 4, 19, 21, 1, 1, 21, 1, 1] => QQFieldElem[0, 0, 0, 0, 0, 0, 0, 0, 0, 0, 0, 0, 0, 0, 0, 0],
	[14, 20, 4, 19, 19, 2, 1, 20, 1, 1] => QQFieldElem[0, 0, 0, 0, 0, 0, 0, 0, 0, 0, 0, 0, 0, 0, 0, 0],
	[14, 20, 4, 19, 21, 2, 1, 19, 1, 1] => QQFieldElem[1//6, 0, 0, 0, 0, 0, 0, 0, 0, 0, 0, 0, 0, 0, 0, 0],
	[14, 20, 4, 19, 21, 2, 1, 21, 1, 1] => QQFieldElem[-10//21, 0, 0, 0, 0, 0, 0, 0, -2//7, 0, 0, 0, 0, 0, 0, 0],
	[14, 20, 4, 19, 21, 1, 1, 19, 2, 1] => QQFieldElem[0, 0, 0, 0, 0, 0, 0, 0, 0, 0, 0, 0, 0, 0, 0, 0],
	[14, 20, 4, 19, 19, 1, 1, 20, 2, 1] => QQFieldElem[-1//3, 0, 0, 0, 0, 0, 0, 0, 1//2, 0, 0, 0, 0, 0, 0, 0],
	[14, 20, 4, 19, 20, 1, 1, 19, 1, 1] => QQFieldElem[-16//21, 0, 0, 0, 0, 0, 0, 0, 2//7, 0, 0, 0, 0, 0, 0, 0])