Dict(
	[14, 21, 12, 17, 13, 1, 1, 21, 1, 1] => QQFieldElem[0, 0, 0, -1//3, 0, 1//3, 0, 0, 0, 0, 0, 1//3, 0, 0, 0, 0],
	[14, 21, 12, 17, 10, 1, 1, 21, 2, 1] => QQFieldElem[0, 0, 0, 1//3, 0, -1//3, 0, 0, 0, 0, 0, -1//3, 0, 0, 0, 0],
	[14, 21, 12, 17, 11, 1, 1, 19, 1, 1] => QQFieldElem[0, 0, 1//6, 0, 0, 1//6, 0, -1//6, 0, 0, -1//6, 0, -1//6, 0, 0, 1//6],
	[14, 21, 12, 17, 10, 1, 1, 20, 1, 1] => QQFieldElem[0, 0, 0, 0, 0, 1//6, 0, -1//6, 0, 0, -1//6, 0, -1//6, 0, 0, 0],
	[14, 21, 12, 17, 11, 1, 1, 21, 1, 1] => QQFieldElem[0, 0, 0, -1//3, 0, -1//3, 0, 0, 0, 0, 0, 0, 0, 1//3, 0, 0],
	[14, 21, 12, 17, 12, 1, 1, 20, 2, 1] => QQFieldElem[0, 0, -1//6, 0, 0, -1//6, 0, 0, 0, 0, 0, 0, -1//6, 0, 0, 1//6],
	[14, 21, 12, 17, 13, 1, 1, 19, 2, 1] => QQFieldElem[0, 0, 0, 0, 0, -1//6, 0, -1//6, 0, 0, -1//6, 0, 1//6, 0, 0, 0],
	[14, 21, 12, 17, 15, 1, 1, 19, 1, 1] => QQFieldElem[0, 0, 1//6, 0, 0, 1//6, 0, 1//6, 0, 0, -1//6, 0, 1//6, 0, 0, -1//6],
	[14, 21, 12, 17, 15, 1, 1, 21, 1, 1] => QQFieldElem[0, 0, 0, 1//3, 0, -1//3, 0, 0, 0, 0, 0, 0, 0, 1//3, 0, 0],
	[14, 21, 12, 17, 13, 1, 1, 21, 2, 1] => QQFieldElem[0, 0, 0, -1//3, 0, -1//3, 0, 0, 0, 0, 0, 1//3, 0, 0, 0, 0],
	[14, 21, 12, 17, 13, 1, 1, 20, 1, 1] => QQFieldElem[0, 0, 0, 0, 0, 1//6, 0, 1//6, 0, 0, -1//6, 0, 1//6, 0, 0, 0],
	[14, 21, 12, 17, 11, 1, 1, 19, 2, 1] => QQFieldElem[0, 0, -1//6, 0, 0, -1//6, 0, -1//6, 0, 0, 1//6, 0, -1//6, 0, 0, 1//6],
	[14, 21, 12, 17, 10, 1, 1, 20, 2, 1] => QQFieldElem[0, 0, 0, 0, 0, -1//6, 0, -1//6, 0, 0, 1//6, 0, -1//6, 0, 0, 0],
	[14, 21, 12, 17, 11, 1, 1, 21, 2, 1] => QQFieldElem[0, 0, 0, -1//3, 0, 1//3, 0, 0, 0, 0, 0, 0, 0, -1//3, 0, 0],
	[14, 21, 12, 17, 15, 1, 1, 19, 2, 1] => QQFieldElem[0, 0, -1//6, 0, 0, -1//6, 0, 1//6, 0, 0, 1//6, 0, 1//6, 0, 0, -1//6],
	[14, 21, 12, 17, 11, 1, 1, 20, 1, 1] => QQFieldElem[0, 0, -1//6, 0, 0, 1//6, 0, 1//6, 0, 0, 1//6, 0, -1//6, 0, 0, -1//6],
	[14, 21, 12, 17, 17, 1, 1, 19, 1, 1] => QQFieldElem[0, 0, -1//6, 0, 0, 1//6, 0, 0, 0, 0, 0, 0, 1//6, 0, 0, 1//6],
	[14, 21, 12, 17, 15, 1, 1, 21, 2, 1] => QQFieldElem[0, 0, 0, 1//3, 0, 1//3, 0, 0, 0, 0, 0, 0, 0, -1//3, 0, 0],
	[14, 21, 12, 17, 15, 1, 1, 20, 1, 1] => QQFieldElem[0, 0, -1//6, 0, 0, 1//6, 0, -1//6, 0, 0, 1//6, 0, 1//6, 0, 0, 1//6],
	[14, 21, 12, 17, 13, 1, 1, 20, 2, 1] => QQFieldElem[0, 0, 0, 0, 0, -1//6, 0, 1//6, 0, 0, 1//6, 0, 1//6, 0, 0, 0],
	[14, 21, 12, 17, 17, 1, 1, 21, 1, 1] => QQFieldElem[0, 0, 0, 0, 0, 0, 0, 0, 0, 0, 0, -1//3, 0, -1//3, 0, 0],
	[14, 21, 12, 17, 11, 1, 1, 20, 2, 1] => QQFieldElem[0, 0, 1//6, 0, 0, -1//6, 0, 1//6, 0, 0, -1//6, 0, -1//6, 0, 0, -1//6],
	[14, 21, 12, 17, 12, 1, 1, 19, 1, 1] => QQFieldElem[0, 0, -1//6, 0, 0, 1//6, 0, 0, 0, 0, 0, 0, -1//6, 0, 0, -1//6],
	[14, 21, 12, 17, 17, 1, 1, 19, 2, 1] => QQFieldElem[0, 0, 1//6, 0, 0, -1//6, 0, 0, 0, 0, 0, 0, 1//6, 0, 0, 1//6],
	[14, 21, 12, 17, 15, 1, 1, 20, 2, 1] => QQFieldElem[0, 0, 1//6, 0, 0, -1//6, 0, -1//6, 0, 0, -1//6, 0, 1//6, 0, 0, 1//6],
	[14, 21, 12, 17, 12, 1, 1, 21, 1, 1] => QQFieldElem[0, 0, 0, 0, 0, 0, 0, 0, 0, 0, 0, 1//3, 0, -1//3, 0, 0],
	[14, 21, 12, 17, 17, 1, 1, 21, 2, 1] => QQFieldElem[0, 0, 0, 0, 0, 0, 0, 0, 0, 0, 0, -1//3, 0, 1//3, 0, 0],
	[14, 21, 12, 17, 17, 1, 1, 20, 1, 1] => QQFieldElem[0, 0, 1//6, 0, 0, 1//6, 0, 0, 0, 0, 0, 0, 1//6, 0, 0, -1//6],
	[14, 21, 12, 17, 10, 1, 1, 19, 1, 1] => QQFieldElem[0, 0, 0, 0, 0, 1//6, 0, 1//6, 0, 0, 1//6, 0, -1//6, 0, 0, 0],
	[14, 21, 12, 17, 10, 1, 1, 21, 1, 1] => QQFieldElem[0, 0, 0, 1//3, 0, 1//3, 0, 0, 0, 0, 0, -1//3, 0, 0, 0, 0],
	[14, 21, 12, 17, 12, 1, 1, 19, 2, 1] => QQFieldElem[0, 0, 1//6, 0, 0, -1//6, 0, 0, 0, 0, 0, 0, -1//6, 0, 0, -1//6],
	[14, 21, 12, 17, 12, 1, 1, 21, 2, 1] => QQFieldElem[0, 0, 0, 0, 0, 0, 0, 0, 0, 0, 0, 1//3, 0, 1//3, 0, 0],
	[14, 21, 12, 17, 12, 1, 1, 20, 1, 1] => QQFieldElem[0, 0, 1//6, 0, 0, 1//6, 0, 0, 0, 0, 0, 0, -1//6, 0, 0, 1//6],
	[14, 21, 12, 17, 13, 1, 1, 19, 1, 1] => QQFieldElem[0, 0, 0, 0, 0, 1//6, 0, -1//6, 0, 0, 1//6, 0, 1//6, 0, 0, 0],
	[14, 21, 12, 17, 17, 1, 1, 20, 2, 1] => QQFieldElem[0, 0, -1//6, 0, 0, -1//6, 0, 0, 0, 0, 0, 0, 1//6, 0, 0, -1//6],
	[14, 21, 12, 17, 10, 1, 1, 19, 2, 1] => QQFieldElem[0, 0, 0, 0, 0, -1//6, 0, 1//6, 0, 0, -1//6, 0, -1//6, 0, 0, 0])