Dict(
	[14, 14, 11, 13, 15, 1, 1, 5, 1, 1] => QQFieldElem[0, 0, -27//32, 0, 0, 0, 0, 0, 0, 0, 27//32, 0, 0, 0, 0, 0],
	[14, 14, 11, 13, 18, 1, 1, 9, 1, 1] => QQFieldElem[0, 0, 0, 0, 0, 128//3, 0, 0, 0, 0, 0, 0, 0, -128//3, 0, 0],
	[14, 14, 11, 13, 16, 1, 1, 4, 1, 1] => QQFieldElem[9//8, 0, 0, 0, 0, 0, 0, 0, 0, 0, 0, 0, 0, 0, 0, 0],
	[14, 14, 11, 13, 17, 1, 1, 4, 1, 1] => QQFieldElem[0, 0, 0, 0, 0, 0, 0, 0, 0, -128//3, 0, 0, 0, 0, 0, 0],
	[14, 14, 11, 13, 15, 1, 1, 9, 1, 1] => QQFieldElem[0, 0, -27//32, 0, 0, 0, 0, 0, 0, 0, 27//32, 0, 0, 0, 0, 0],
	[14, 14, 11, 13, 16, 1, 1, 5, 1, 1] => QQFieldElem[9//8, 0, 0, 0, 0, 0, 0, 0, 0, 0, 0, 0, 0, 0, 0, 0],
	[14, 14, 11, 13, 17, 1, 1, 5, 1, 1] => QQFieldElem[0, 0, 0, 0, 0, 0, 0, 0, 0, 0, 0, 0, 0, 0, 0, 0],
	[14, 14, 11, 13, 18, 1, 1, 8, 1, 1] => QQFieldElem[0, 0, 0, 0, 0, 0, 0, 0, 0, 0, 0, 0, 0, 0, 0, 0],
	[14, 14, 11, 13, 16, 1, 1, 9, 1, 1] => QQFieldElem[9//8, 0, 0, 0, 0, 0, 0, 0, 0, 0, 0, 0, 0, 0, 0, 0],
	[14, 14, 11, 13, 17, 1, 1, 9, 1, 1] => QQFieldElem[0, 0, 0, 0, 0, 0, 0, 0, 0, 0, 0, 0, 0, 0, 0, 0],
	[14, 14, 11, 13, 15, 1, 1, 8, 1, 1] => QQFieldElem[0, 0, 27//32, 0, 0, 0, 0, 0, 0, 0, -27//32, 0, 0, 0, 0, 0],
	[14, 14, 11, 13, 18, 1, 1, 4, 1, 1] => QQFieldElem[0, 0, 0, 0, 0, 0, 0, 0, 0, 0, 0, 0, 0, 0, 0, 0],
	[14, 14, 11, 13, 16, 1, 1, 8, 1, 1] => QQFieldElem[9//8, 0, 0, 0, 0, 0, 0, 0, 0, 0, 0, 0, 0, 0, 0, 0],
	[14, 14, 11, 13, 18, 1, 1, 5, 1, 1] => QQFieldElem[0, 0, 0, 0, 0, -128//3, 0, 0, 0, 0, 0, 0, 0, 128//3, 0, 0],
	[14, 14, 11, 13, 17, 1, 1, 8, 1, 1] => QQFieldElem[0, 0, 0, 0, 0, 0, 0, 0, 0, 128//3, 0, 0, 0, 0, 0, 0],
	[14, 14, 11, 13, 15, 1, 1, 4, 1, 1] => QQFieldElem[0, 0, 27//32, 0, 0, 0, 0, 0, 0, 0, -27//32, 0, 0, 0, 0, 0])