Dict(
	[14, 13, 21, 10, 13, 1, 1, 18, 1, 1] => QQFieldElem[-96, 0, 0, 0, 0, 0, 0, 0, 96, 0, 0, 0, 0, 0, 0, 0],
	[14, 13, 21, 10, 18, 1, 1, 18, 1, 1] => QQFieldElem[0, 0, -1//2, 0, 0, 0, 0, 0, 0, 0, 0, 0, 0, 0, 0, 0],
	[14, 13, 21, 10, 15, 1, 1, 10, 1, 1] => QQFieldElem[0, 0, 0, 0, 0, 0, 0, 0, 0, 0, -1//192, 0, 0, 0, 0, 0],
	[14, 13, 21, 10, 13, 1, 1, 17, 1, 1] => QQFieldElem[-96, 0, 0, 0, 0, 0, 0, 0, 96, 0, 0, 0, 0, 0, 0, 0],
	[14, 13, 21, 10, 18, 1, 1, 17, 1, 1] => QQFieldElem[0, 0, 0, 0, 0, 0, 0, 0, 0, 0, 0, 0, 0, 0, 0, 0],
	[14, 13, 21, 10, 10, 1, 1, 13, 1, 1] => QQFieldElem[0, 0, 0, 0, 0, 0, 0, 0, 0, 0, 0, 0, 0, 0, 0, 0],
	[14, 13, 21, 10, 16, 1, 1, 16, 1, 1] => QQFieldElem[0, 0, -1//2, 0, 0, 0, 0, 0, 0, 0, 0, 0, 0, 0, 0, 0],
	[14, 13, 21, 10, 17, 1, 1, 16, 1, 1] => QQFieldElem[0, 0, 0, 0, 0, 0, 0, 0, 0, 0, 0, 0, 0, 0, 0, 0],
	[14, 13, 21, 10, 15, 1, 1, 18, 1, 1] => QQFieldElem[0, 0, 0, 0, 0, 0, 0, 0, 0, 0, 0, 0, 0, 0, 0, 0],
	[14, 13, 21, 10, 10, 1, 1, 15, 1, 1] => QQFieldElem[0, 0, 0, 0, 0, 0, 64, 0, 0, 0, 0, 0, 0, 0, -64, 0],
	[14, 13, 21, 10, 15, 1, 1, 17, 1, 1] => QQFieldElem[0, 0, -1//2, 0, 0, 0, 0, 0, 0, 0, 0, 0, 0, 0, 0, 0],
	[14, 13, 21, 10, 16, 1, 1, 10, 1, 1] => QQFieldElem[0, 0, 0, 0, 0, 0, 0, 0, 0, 0, 1//192, 0, 0, 0, 0, 0],
	[14, 13, 21, 10, 13, 1, 1, 13, 1, 1] => QQFieldElem[0, 0, 0, 0, 0, 0, 0, 0, 0, 0, 0, 0, 0, 0, 0, 0],
	[14, 13, 21, 10, 18, 1, 1, 13, 1, 1] => QQFieldElem[0, 0, 0, 0, -1//256, 0, 0, 0, 0, 0, 0, 0, 0, 0, 0, 0],
	[14, 13, 21, 10, 17, 1, 1, 10, 1, 1] => QQFieldElem[0, 0, 0, 0, 0, 0, 0, 0, 0, 0, -1//192, 0, 0, 0, 0, 0],
	[14, 13, 21, 10, 13, 1, 1, 15, 1, 1] => QQFieldElem[-96, 0, 0, 0, 0, 0, 0, 0, 96, 0, 0, 0, 0, 0, 0, 0],
	[14, 13, 21, 10, 18, 1, 1, 15, 1, 1] => QQFieldElem[0, 0, 0, 0, 0, 0, 0, 0, 0, 0, 0, 0, 0, 0, 0, 0],
	[14, 13, 21, 10, 16, 1, 1, 18, 1, 1] => QQFieldElem[0, 0, 1//2, 0, 0, 0, 0, 0, 0, 0, 0, 0, 0, 0, 0, 0],
	[14, 13, 21, 10, 17, 1, 1, 18, 1, 1] => QQFieldElem[0, 0, 0, 0, 0, 0, 0, 0, 0, 0, 0, 0, 0, 0, 0, 0],
	[14, 13, 21, 10, 15, 1, 1, 13, 1, 1] => QQFieldElem[0, 0, 0, 0, -1//256, 0, 0, 0, 0, 0, 0, 0, 0, 0, 0, 0],
	[14, 13, 21, 10, 10, 1, 1, 16, 1, 1] => QQFieldElem[0, 0, 0, 0, 0, 0, -64, 0, 0, 0, 0, 0, 0, 0, 64, 0],
	[14, 13, 21, 10, 16, 1, 1, 17, 1, 1] => QQFieldElem[0, 0, 0, 0, 0, 0, 0, 0, 0, 0, 0, 0, 0, 0, 0, 0],
	[14, 13, 21, 10, 17, 1, 1, 17, 1, 1] => QQFieldElem[0, 0, 1//2, 0, 0, 0, 0, 0, 0, 0, 0, 0, 0, 0, 0, 0],
	[14, 13, 21, 10, 15, 1, 1, 15, 1, 1] => QQFieldElem[0, 0, 1//2, 0, 0, 0, 0, 0, 0, 0, 0, 0, 0, 0, 0, 0],
	[14, 13, 21, 10, 10, 1, 1, 10, 1, 1] => QQFieldElem[0, 0, 0, 0, 0, 0, 0, 0, 0, 0, 0, 0, 0, 0, 0, 0],
	[14, 13, 21, 10, 13, 1, 1, 16, 1, 1] => QQFieldElem[-96, 0, 0, 0, 0, 0, 0, 0, 96, 0, 0, 0, 0, 0, 0, 0],
	[14, 13, 21, 10, 18, 1, 1, 16, 1, 1] => QQFieldElem[0, 0, 1//2, 0, 0, 0, 0, 0, 0, 0, 0, 0, 0, 0, 0, 0],
	[14, 13, 21, 10, 16, 1, 1, 13, 1, 1] => QQFieldElem[0, 0, 0, 0, -1//256, 0, 0, 0, 0, 0, 0, 0, 0, 0, 0, 0],
	[14, 13, 21, 10, 17, 1, 1, 13, 1, 1] => QQFieldElem[0, 0, 0, 0, -1//256, 0, 0, 0, 0, 0, 0, 0, 0, 0, 0, 0],
	[14, 13, 21, 10, 10, 1, 1, 18, 1, 1] => QQFieldElem[0, 0, 0, 0, 0, 0, -64, 0, 0, 0, 0, 0, 0, 0, 64, 0],
	[14, 13, 21, 10, 13, 1, 1, 10, 1, 1] => QQFieldElem[0, 0, 0, 0, 0, 0, 0, 0, 0, 0, 0, 0, 0, 0, 0, 0],
	[14, 13, 21, 10, 18, 1, 1, 10, 1, 1] => QQFieldElem[0, 0, 0, 0, 0, 0, 0, 0, 0, 0, 1//192, 0, 0, 0, 0, 0],
	[14, 13, 21, 10, 15, 1, 1, 16, 1, 1] => QQFieldElem[0, 0, 0, 0, 0, 0, 0, 0, 0, 0, 0, 0, 0, 0, 0, 0],
	[14, 13, 21, 10, 16, 1, 1, 15, 1, 1] => QQFieldElem[0, 0, 0, 0, 0, 0, 0, 0, 0, 0, 0, 0, 0, 0, 0, 0],
	[14, 13, 21, 10, 17, 1, 1, 15, 1, 1] => QQFieldElem[0, 0, -1//2, 0, 0, 0, 0, 0, 0, 0, 0, 0, 0, 0, 0, 0],
	[14, 13, 21, 10, 10, 1, 1, 17, 1, 1] => QQFieldElem[0, 0, 0, 0, 0, 0, 64, 0, 0, 0, 0, 0, 0, 0, -64, 0])