Dict(
	[14, 10, 14, 18, 16, 1, 1, 18, 1, 1] => QQFieldElem[0, 0, 0, 0, 0, 0, 0, 0, 0, 0, 0, 0, 0, 0, 0, 0],
	[14, 10, 14, 18, 10, 1, 1, 16, 1, 1] => QQFieldElem[0, 0, 0, 0, 0, 0, 0, 0, 0, -48, 0, 0, 0, 0, 0, 0],
	[14, 10, 14, 18, 10, 1, 1, 10, 1, 1] => QQFieldElem[0, 0, 0, 0, 0, 0, 0, 0, 0, 0, 0, 0, 0, 0, 0, 0],
	[14, 10, 14, 18, 13, 1, 1, 16, 1, 1] => QQFieldElem[0, 0, 0, -32, 0, 0, 0, 0, 0, 0, 0, 0, 0, 0, 0, 0],
	[14, 10, 14, 18, 18, 1, 1, 16, 1, 1] => QQFieldElem[0, 0, 0, 0, 0, 0, 0, 0, 0, 0, 0, 0, 0, 0, 0, 0],
	[14, 10, 14, 18, 16, 1, 1, 13, 1, 1] => QQFieldElem[0, 0, 0, 1//3, 0, 0, 0, 0, 0, 0, 0, 0, 0, 0, 0, 0],
	[14, 10, 14, 18, 10, 1, 1, 18, 1, 1] => QQFieldElem[0, 0, 0, 0, 0, 0, 0, 0, 0, -48, 0, 0, 0, 0, 0, 0],
	[14, 10, 14, 18, 13, 1, 1, 10, 1, 1] => QQFieldElem[0, 0, 0, 0, 0, 0, 0, 0, 0, 0, 0, 0, 0, 0, 0, 0],
	[14, 10, 14, 18, 18, 1, 1, 10, 1, 1] => QQFieldElem[0, 0, 0, 0, 0, 2//9, 0, 0, 0, 0, 0, 0, 0, -2//9, 0, 0],
	[14, 10, 14, 18, 13, 1, 1, 18, 1, 1] => QQFieldElem[0, 0, 0, 32, 0, 0, 0, 0, 0, 0, 0, 0, 0, 0, 0, 0],
	[14, 10, 14, 18, 18, 1, 1, 18, 1, 1] => QQFieldElem[0, 0, 0, 0, 0, 0, 0, 0, 0, 0, 0, 0, 0, 0, 0, 0],
	[14, 10, 14, 18, 10, 1, 1, 13, 1, 1] => QQFieldElem[0, 0, 0, 0, 0, 0, 0, 0, 0, 0, 0, 0, 0, 0, 0, 0],
	[14, 10, 14, 18, 16, 1, 1, 16, 1, 1] => QQFieldElem[0, 0, 0, 0, 0, 0, 0, 0, 0, 0, 0, 0, 0, 0, 0, 0],
	[14, 10, 14, 18, 13, 1, 1, 13, 1, 1] => QQFieldElem[0, 0, 0, 0, 0, 0, 0, 0, 0, 0, 0, 0, 0, 0, 0, 0],
	[14, 10, 14, 18, 18, 1, 1, 13, 1, 1] => QQFieldElem[0, 0, 0, -1//3, 0, 0, 0, 0, 0, 0, 0, 0, 0, 0, 0, 0],
	[14, 10, 14, 18, 16, 1, 1, 10, 1, 1] => QQFieldElem[0, 0, 0, 0, 0, 2//9, 0, 0, 0, 0, 0, 0, 0, -2//9, 0, 0])