Dict(
	[14, 19, 7, 20, 20, 2, 1, 19, 1, 1] => QQFieldElem[1//3, 0, -1//6, 0, 0, 0, 0, 0, -1//6, 0, 0, 0, 0, 0, -1//6, 0],
	[14, 19, 7, 20, 21, 2, 1, 21, 2, 1] => QQFieldElem[0, 0, -1//3, 0, -1//3, 0, -1//3, 0, -2//3, 0, -1//6, 0, 1//6, 0, -1//6, 0],
	[14, 19, 7, 20, 21, 2, 1, 20, 1, 1] => QQFieldElem[1//3, 0, -1//3, 0, -1//3, 0, 1//2, 0, -1//3, 0, -1//6, 0, 2//3, 0, -1//3, 0],
	[14, 19, 7, 20, 20, 2, 1, 21, 1, 1] => QQFieldElem[-4//3, 0, -4//3, 0, -4//3, 0, -4//3, 0, 2//3, 0, 5//6, 0, 7//6, 0, 3//2, 0],
	[14, 19, 7, 20, 20, 1, 1, 19, 2, 1] => QQFieldElem[-1//3, 0, -1//6, 0, 1//3, 0, 0, 0, 1//6, 0, -1//3, 0, -1//6, 0, 1//6, 0],
	[14, 19, 7, 20, 21, 1, 1, 20, 2, 1] => QQFieldElem[1//2, 0, -1//2, 0, -1//3, 0, 2//3, 0, -1//2, 0, -1//6, 0, 2//3, 0, -1//6, 0],
	[14, 19, 7, 20, 20, 1, 1, 21, 2, 1] => QQFieldElem[0, 0, 0, 0, 1//6, 0, 1//3, 0, 1//2, 0, 1//3, 0, 1//6, 0, 0, 0],
	[14, 19, 7, 20, 20, 1, 1, 20, 1, 1] => QQFieldElem[-5//6, 0, 1//6, 0, 1//3, 0, -2//3, 0, 1//2, 0, 1//2, 0, -2//3, 0, 1//6, 0],
	[14, 19, 7, 20, 20, 2, 1, 19, 2, 1] => QQFieldElem[1//6, 0, 1//6, 0, 1//6, 0, -1//6, 0, 0, 0, -1//6, 0, 1//6, 0, 0, 0],
	[14, 19, 7, 20, 21, 2, 1, 20, 2, 1] => QQFieldElem[-1//2, 0, 1//2, 0, 1//3, 0, -2//3, 0, 5//6, 0, 1//6, 0, -2//3, 0, 1//2, 0],
	[14, 19, 7, 20, 20, 2, 1, 21, 2, 1] => QQFieldElem[-1//3, 0, 0, 0, -1//6, 0, 0, 0, 1//2, 0, 2//3, 0, 5//6, 0, 2//3, 0],
	[14, 19, 7, 20, 20, 2, 1, 20, 1, 1] => QQFieldElem[-1//2, 0, 1//2, 0, 1//3, 0, -2//3, 0, 1//2, 0, 1//6, 0, -2//3, 0, 1//6, 0],
	[14, 19, 7, 20, 19, 1, 1, 19, 1, 1] => QQFieldElem[0, 0, 1//6, 0, -1//3, 0, 0, 0, -1//6, 0, 0, 0, 1//6, 0, -1//6, 0],
	[14, 19, 7, 20, 19, 1, 1, 21, 1, 1] => QQFieldElem[1//3, 0, 2//3, 0, 5//6, 0, 2//3, 0, 1//6, 0, 0, 0, -1//6, 0, 0, 0],
	[14, 19, 7, 20, 20, 1, 1, 20, 2, 1] => QQFieldElem[-1//6, 0, -1//3, 0, 0, 0, -1//3, 0, 1//3, 0, 0, 0, 0, 0, 1//3, 0],
	[14, 19, 7, 20, 19, 2, 1, 19, 1, 1] => QQFieldElem[1//6, 0, 1//6, 0, 1//6, 0, -1//2, 0, -1//3, 0, -1//6, 0, 1//6, 0, 1//3, 0],
	[14, 19, 7, 20, 19, 2, 1, 21, 1, 1] => QQFieldElem[0, 0, 0, 0, -1//6, 0, -1//3, 0, -1//2, 0, -1//3, 0, -1//6, 0, 0, 0],
	[14, 19, 7, 20, 20, 2, 1, 20, 2, 1] => QQFieldElem[1//6, 0, 1//3, 0, 0, 0, -1//3, 0, 0, 0, 0, 0, 0, 0, 1//3, 0],
	[14, 19, 7, 20, 19, 1, 1, 19, 2, 1] => QQFieldElem[0, 0, -1//3, 0, 1//3, 0, 0, 0, 1//3, 0, 0, 0, -2//3, 0, 1//3, 0],
	[14, 19, 7, 20, 19, 1, 1, 21, 2, 1] => QQFieldElem[-1//6, 0, 1//6, 0, 0, 0, 1//6, 0, 1//6, 0, 0, 0, 0, 0, 0, 0],
	[14, 19, 7, 20, 19, 2, 1, 19, 2, 1] => QQFieldElem[1//2, 0, -1//2, 0, 1//3, 0, -1//2, 0, 0, 0, 1//6, 0, -1//6, 0, 1//3, 0],
	[14, 19, 7, 20, 21, 1, 1, 19, 1, 1] => QQFieldElem[-1//2, 0, 1//2, 0, -1//3, 0, 1//2, 0, 0, 0, -1//6, 0, 1//6, 0, -1//3, 0],
	[14, 19, 7, 20, 19, 1, 1, 20, 1, 1] => QQFieldElem[1//6, 0, -1//3, 0, 0, 0, 1//3, 0, 0, 0, 0, 0, 0, 0, -1//3, 0],
	[14, 19, 7, 20, 19, 2, 1, 21, 2, 1] => QQFieldElem[-1//6, 0, -1//6, 0, 0, 0, 1//6, 0, -1//6, 0, 0, 0, 0, 0, 0, 0],
	[14, 19, 7, 20, 21, 1, 1, 21, 1, 1] => QQFieldElem[-1//6, 0, 1//6, 0, 0, 0, -1//6, 0, -1//6, 0, 0, 0, 0, 0, 0, 0],
	[14, 19, 7, 20, 19, 2, 1, 20, 1, 1] => QQFieldElem[-1//6, 0, 1//3, 0, 0, 0, 1//3, 0, 1//3, 0, 0, 0, 0, 0, -1//3, 0],
	[14, 19, 7, 20, 21, 2, 1, 19, 1, 1] => QQFieldElem[1//3, 0, 0, 0, 1//3, 0, -1//3, 0, -1//3, 0, -1//3, 0, 1//3, 0, 1//3, 0],
	[14, 19, 7, 20, 21, 2, 1, 21, 1, 1] => QQFieldElem[-1//6, 0, -1//6, 0, 0, 0, -1//6, 0, 1//6, 0, 0, 0, 0, 0, 0, 0],
	[14, 19, 7, 20, 21, 1, 1, 19, 2, 1] => QQFieldElem[1//3, 0, 1//6, 0, 0, 0, 0, 0, -1//6, 0, 0, 0, 0, 0, 1//6, 0],
	[14, 19, 7, 20, 19, 1, 1, 20, 2, 1] => QQFieldElem[-1//3, 0, -1//3, 0, 2//3, 0, -1//6, 0, 0, 0, 1//2, 0, -1//3, 0, -1//3, 0],
	[14, 19, 7, 20, 20, 1, 1, 19, 1, 1] => QQFieldElem[0, 0, 1//6, 0, 0, 0, 0, 0, -1//6, 0, 0, 0, 0, 0, -1//6, 0],
	[14, 19, 7, 20, 21, 1, 1, 21, 2, 1] => QQFieldElem[2//3, 0, 4//3, 0, 4//3, 0, 4//3, 0, 2//3, 0, 1//6, 0, -1//6, 0, -1//2, 0],
	[14, 19, 7, 20, 21, 1, 1, 20, 1, 1] => QQFieldElem[-1//3, 0, 1//3, 0, 1//3, 0, -5//6, 0, 2//3, 0, 1//6, 0, -2//3, 0, 1//3, 0],
	[14, 19, 7, 20, 19, 2, 1, 20, 2, 1] => QQFieldElem[-1//3, 0, -1//3, 0, 2//3, 0, -1//6, 0, -1//3, 0, 5//6, 0, -1//3, 0, -1//3, 0],
	[14, 19, 7, 20, 20, 1, 1, 21, 1, 1] => QQFieldElem[-2//3, 0, -1//3, 0, -1//3, 0, -1//3, 0, 2//3, 0, 1//2, 0, 1//6, 0, 1//2, 0],
	[14, 19, 7, 20, 21, 2, 1, 19, 2, 1] => QQFieldElem[0, 0, -1//6, 0, 0, 0, 0, 0, -1//6, 0, 0, 0, 0, 0, 1//6, 0])