Dict(
	[14, 10, 19, 15, 10, 1, 1, 17, 1, 1] => QQFieldElem[0, 0, 0, 0, 0, 0, 0, 0, 0, 0, 0, 0, 0, 0, 0, 0],
	[14, 10, 19, 15, 17, 1, 1, 15, 1, 1] => QQFieldElem[0, 0, 0, 0, 0, 0, 0, 0, 0, 0, 0, 0, 0, 0, 0, 0],
	[14, 10, 19, 15, 11, 1, 1, 10, 1, 1] => QQFieldElem[0, 0, 0, 0, 0, 0, 0, 0, 0, 0, 0, 0, 64//3, 0, 0, 0],
	[14, 10, 19, 15, 12, 1, 1, 13, 1, 1] => QQFieldElem[0, 0, 0, 3//16, 0, 3//16, 0, 0, 0, 0, 0, 0, 3//16, -3//16, 0, 0],
	[14, 10, 19, 15, 13, 1, 1, 18, 1, 1] => QQFieldElem[-3//16, 0, 3//16, 0, 0, 3//16, 3//16, 0, 0, -3//16, -3//16, 0, 3//16, -3//16, 0, 0],
	[14, 10, 19, 15, 15, 1, 1, 10, 1, 1] => QQFieldElem[0, 0, 0, 0, 0, 0, 0, 0, 0, 0, 0, 0, 0, 0, 0, 0],
	[14, 10, 19, 15, 13, 1, 1, 17, 1, 1] => QQFieldElem[3//16, 0, 3//16, 0, 0, -3//16, -3//16, 0, 0, -3//16, -3//16, 0, 3//16, 3//16, 0, 0],
	[14, 10, 19, 15, 11, 1, 1, 18, 1, 1] => QQFieldElem[0, 0, 0, 0, 0, 0, 0, 0, 0, 0, 0, 0, 0, 0, 0, 0],
	[14, 10, 19, 15, 12, 1, 1, 15, 1, 1] => QQFieldElem[0, 0, 0, 1//4, 0, 1//4, 0, 0, 0, 0, 0, 0, 1//4, -1//4, 0, 0],
	[14, 10, 19, 15, 10, 1, 1, 13, 1, 1] => QQFieldElem[0, 0, 0, 0, 0, 0, 24, 0, 0, 0, 0, 0, 0, 0, 0, 0],
	[14, 10, 19, 15, 17, 1, 1, 16, 1, 1] => QQFieldElem[0, 0, 0, 0, 0, -3//16, 0, 0, 0, 0, 0, 0, 3//16, 3//16, 0, 3//16],
	[14, 10, 19, 15, 15, 1, 1, 18, 1, 1] => QQFieldElem[3//16, 0, -3//16, 0, 0, 3//16, -3//16, 0, 0, -3//16, 3//16, 0, 3//16, -3//16, 0, 0],
	[14, 10, 19, 15, 11, 1, 1, 17, 1, 1] => QQFieldElem[0, 0, 0, 0, 0, 0, 0, 0, 0, 0, 0, 0, 0, 0, 0, 0],
	[14, 10, 19, 15, 10, 1, 1, 15, 1, 1] => QQFieldElem[0, 0, 0, 0, 0, 0, -32, 0, 0, 0, 0, 0, 0, 0, 0, 0],
	[14, 10, 19, 15, 15, 1, 1, 17, 1, 1] => QQFieldElem[-3//16, 0, 3//16, 0, 0, 3//16, -3//16, 0, 0, 3//16, -3//16, 0, 3//16, -3//16, 0, 0],
	[14, 10, 19, 15, 13, 1, 1, 13, 1, 1] => QQFieldElem[0, 0, 0, 0, 0, 0, 0, 0, 0, 0, 0, 0, 0, 0, 0, 0],
	[14, 10, 19, 15, 17, 1, 1, 10, 1, 1] => QQFieldElem[0, 0, 0, 0, 0, -1//4, 0, 0, 0, 0, 0, 0, 1//4, 1//4, 0, 1//4],
	[14, 10, 19, 15, 12, 1, 1, 16, 1, 1] => QQFieldElem[0, 0, 0, 0, 0, 0, 0, 0, 0, 0, 0, 0, 0, 0, 0, 0],
	[14, 10, 19, 15, 11, 1, 1, 13, 1, 1] => QQFieldElem[0, 0, 0, 0, 0, 0, 0, 0, 0, 0, 0, 0, 16, 0, 0, 0],
	[14, 10, 19, 15, 13, 1, 1, 15, 1, 1] => QQFieldElem[0, 0, 0, 0, 0, 0, 0, 0, 0, 0, 0, 0, 0, 0, 0, 0],
	[14, 10, 19, 15, 17, 1, 1, 18, 1, 1] => QQFieldElem[-3//16, 0, -3//16, 0, 0, -3//16, -3//16, 0, 0, 3//16, 3//16, 0, 3//16, 3//16, 0, 0],
	[14, 10, 19, 15, 15, 1, 1, 13, 1, 1] => QQFieldElem[0, 0, 0, -3//16, 0, 3//16, 0, 0, 0, 0, 0, 0, 3//16, -3//16, 0, 0],
	[14, 10, 19, 15, 10, 1, 1, 16, 1, 1] => QQFieldElem[0, 0, 0, 0, 0, 0, 24, 0, 0, 0, 0, 0, 0, 0, 0, 0],
	[14, 10, 19, 15, 12, 1, 1, 10, 1, 1] => QQFieldElem[0, 0, 0, 0, 0, 0, 0, 0, 0, 0, 0, 0, 0, 0, 0, 0],
	[14, 10, 19, 15, 11, 1, 1, 15, 1, 1] => QQFieldElem[0, 0, 0, 0, 0, 0, 0, 0, 0, 0, 0, 0, -64//3, 0, 0, 0],
	[14, 10, 19, 15, 17, 1, 1, 17, 1, 1] => QQFieldElem[3//16, 0, -3//16, 0, 0, 3//16, 3//16, 0, 0, 3//16, 3//16, 0, 3//16, -3//16, 0, 0],
	[14, 10, 19, 15, 15, 1, 1, 15, 1, 1] => QQFieldElem[0, 0, 0, -1//4, 0, 1//4, 0, 0, 0, 0, 0, 0, 1//4, -1//4, 0, 0],
	[14, 10, 19, 15, 10, 1, 1, 10, 1, 1] => QQFieldElem[0, 0, 0, 0, 0, 0, -32, 0, 0, 0, 0, 0, 0, 0, 0, 0],
	[14, 10, 19, 15, 13, 1, 1, 16, 1, 1] => QQFieldElem[0, 0, 0, 0, 0, -3//16, 0, 0, 0, 0, 0, 0, 3//16, 3//16, 0, -3//16],
	[14, 10, 19, 15, 12, 1, 1, 18, 1, 1] => QQFieldElem[3//16, 0, 3//16, 0, 0, -3//16, 3//16, 0, 0, 3//16, -3//16, 0, 3//16, 3//16, 0, 0],
	[14, 10, 19, 15, 12, 1, 1, 17, 1, 1] => QQFieldElem[-3//16, 0, -3//16, 0, 0, -3//16, 3//16, 0, 0, -3//16, 3//16, 0, 3//16, 3//16, 0, 0],
	[14, 10, 19, 15, 17, 1, 1, 13, 1, 1] => QQFieldElem[0, 0, 0, 0, 0, 0, 0, 0, 0, 0, 0, 0, 0, 0, 0, 0],
	[14, 10, 19, 15, 11, 1, 1, 16, 1, 1] => QQFieldElem[0, 0, 0, 0, 0, 0, 0, 0, 0, 0, 0, 0, -16, 0, 0, 0],
	[14, 10, 19, 15, 10, 1, 1, 18, 1, 1] => QQFieldElem[0, 0, 0, 0, 0, 0, 0, 0, 0, 0, 0, 0, 0, 0, 0, 0],
	[14, 10, 19, 15, 13, 1, 1, 10, 1, 1] => QQFieldElem[0, 0, 0, 0, 0, -1//4, 0, 0, 0, 0, 0, 0, 1//4, 1//4, 0, -1//4],
	[14, 10, 19, 15, 15, 1, 1, 16, 1, 1] => QQFieldElem[0, 0, 0, 0, 0, 0, 0, 0, 0, 0, 0, 0, 0, 0, 0, 0])