Dict(
	[14, 15, 14, 13, 10, 1, 1, 17, 1, 1] => QQFieldElem[0, 0, 0, 0, 0, 0, 0, 0, 0, 3//2, 0, 0, 0, 0, 0, 0],
	[14, 15, 14, 13, 17, 1, 1, 15, 1, 1] => QQFieldElem[0, 0, 0, 0, 0, 0, 0, 0, 0, 0, 0, 0, 0, 0, 0, 0],
	[14, 15, 14, 13, 15, 1, 1, 10, 1, 1] => QQFieldElem[0, 0, 0, 0, 0, 0, 0, 0, 0, -3//256, 0, 0, 0, 0, 0, 0],
	[14, 15, 14, 13, 13, 1, 1, 17, 1, 1] => QQFieldElem[0, 0, 0, 0, 0, 0, 0, 0, 0, 0, 0, 0, 0, 0, 0, -9//2],
	[14, 15, 14, 13, 10, 1, 1, 13, 1, 1] => QQFieldElem[0, 0, 0, 0, 0, 0, 0, 0, 0, 0, 0, 0, 0, 0, 0, 0],
	[14, 15, 14, 13, 10, 1, 1, 15, 1, 1] => QQFieldElem[0, 0, 0, 0, 0, 0, 0, 0, 0, 3//2, 0, 0, 0, 0, 0, 0],
	[14, 15, 14, 13, 13, 1, 1, 13, 1, 1] => QQFieldElem[0, 0, 0, 0, 0, 0, 0, 0, 0, 0, 0, 0, 0, 0, 0, 0],
	[14, 15, 14, 13, 15, 1, 1, 17, 1, 1] => QQFieldElem[0, 0, 0, 0, 0, 0, 0, 0, 0, 0, 0, 0, 0, 0, 0, 0],
	[14, 15, 14, 13, 17, 1, 1, 10, 1, 1] => QQFieldElem[0, 0, 0, 0, 0, 0, 0, 0, 0, -3//256, 0, 0, 0, 0, 0, 0],
	[14, 15, 14, 13, 13, 1, 1, 15, 1, 1] => QQFieldElem[0, 0, 0, 0, 0, 0, 0, 0, 0, 0, 0, 0, 0, 0, 0, 9//2],
	[14, 15, 14, 13, 15, 1, 1, 13, 1, 1] => QQFieldElem[0, 0, 0, 1//192, 0, 0, 0, 0, 0, 0, 0, 0, 0, 0, 0, 0],
	[14, 15, 14, 13, 17, 1, 1, 17, 1, 1] => QQFieldElem[0, 0, 0, 0, 0, 0, 0, 0, 0, 0, 0, 0, 0, 0, 0, 0],
	[14, 15, 14, 13, 15, 1, 1, 15, 1, 1] => QQFieldElem[0, 0, 0, 0, 0, 0, 0, 0, 0, 0, 0, 0, 0, 0, 0, 0],
	[14, 15, 14, 13, 10, 1, 1, 10, 1, 1] => QQFieldElem[0, 0, 0, 0, 0, 0, 0, 0, 0, 0, 0, 0, 0, 0, 0, 0],
	[14, 15, 14, 13, 17, 1, 1, 13, 1, 1] => QQFieldElem[0, 0, 0, -1//192, 0, 0, 0, 0, 0, 0, 0, 0, 0, 0, 0, 0],
	[14, 15, 14, 13, 13, 1, 1, 10, 1, 1] => QQFieldElem[0, 0, 0, 0, 0, 0, 0, 0, 0, 0, 0, 0, 0, 0, 0, 0])