Dict(
	[14, 14, 11, 12, 11, 1, 1, 3, 1, 1] => QQFieldElem[0, 0, 0, 0, 0, 0, 0, 0, 0, 0, 0, 0, 1//96, 0, 0, 0],
	[14, 14, 11, 12, 15, 1, 1, 5, 1, 1] => QQFieldElem[-9//16, 0, 0, 0, 0, 0, 0, 0, 0, 0, 0, 0, 0, 0, 0, 0],
	[14, 14, 11, 12, 15, 1, 1, 14, 2, 1] => QQFieldElem[0, 0, 0, 48, 0, 0, 0, 0, 0, 0, 0, 0, 0, 0, 0, 0],
	[14, 14, 11, 12, 16, 1, 1, 14, 1, 1] => QQFieldElem[256//3, 0, 0, 0, 0, 0, 0, 0, 0, 0, 0, 0, 0, 0, 0, 0],
	[14, 14, 11, 12, 15, 1, 1, 3, 1, 1] => QQFieldElem[0, 0, 0, 0, 0, 0, 0, 0, 0, 0, 0, 0, 0, 0, 0, 0],
	[14, 14, 11, 12, 17, 1, 1, 14, 1, 1] => QQFieldElem[-9//16, 0, 0, 0, 0, 0, 0, 0, 0, 0, 0, 0, 0, 0, 0, 0],
	[14, 14, 11, 12, 18, 1, 1, 3, 2, 1] => QQFieldElem[0, 0, 0, -48, 0, 0, 0, 0, 0, 0, 0, 0, 0, 0, 0, 0],
	[14, 14, 11, 12, 18, 1, 1, 2, 1, 1] => QQFieldElem[0, 0, 0, 0, 0, 0, 0, 0, 0, 0, 0, 0, 0, 0, 0, 0],
	[14, 14, 11, 12, 11, 1, 1, 3, 2, 1] => QQFieldElem[0, 0, 0, 0, 0, 0, 0, 0, 0, 0, 0, 0, 0, 0, 0, 0],
	[14, 14, 11, 12, 11, 1, 1, 2, 1, 1] => QQFieldElem[0, 0, 0, 0, 0, 0, 0, 0, 0, 0, 0, 0, 1//48, 0, 0, 0],
	[14, 14, 11, 12, 16, 1, 1, 5, 1, 1] => QQFieldElem[0, 0, 0, 0, 0, 0, 0, 0, 0, 0, 0, 0, 0, 0, 0, 0],
	[14, 14, 11, 12, 12, 1, 1, 14, 1, 1] => QQFieldElem[-9//16, 0, 0, 0, 0, 0, 0, 0, 0, 0, 0, 0, 0, 0, 0, 0],
	[14, 14, 11, 12, 16, 1, 1, 14, 2, 1] => QQFieldElem[0, 0, -81//64, 0, 0, 0, 0, 0, 0, 0, 81//64, 0, 0, 0, 0, 0],
	[14, 14, 11, 12, 15, 1, 1, 3, 2, 1] => QQFieldElem[0, 0, 0, 0, 0, 0, 0, 0, 0, 0, 0, 0, 0, 0, 0, 0],
	[14, 14, 11, 12, 15, 1, 1, 2, 1, 1] => QQFieldElem[0, 0, 0, 0, 0, 0, 0, 0, 0, 0, 0, 0, 9//32768, 0, 0, 0],
	[14, 14, 11, 12, 16, 1, 1, 3, 1, 1] => QQFieldElem[256//3, 0, 0, 0, 0, 0, 0, 0, 0, 0, 0, 0, 0, 0, 0, 0],
	[14, 14, 11, 12, 17, 1, 1, 14, 2, 1] => QQFieldElem[0, 0, 0, 0, 0, 0, 0, 0, 0, 0, 0, 0, 0, 0, 0, 0],
	[14, 14, 11, 12, 17, 1, 1, 3, 1, 1] => QQFieldElem[-9//16, 0, 0, 0, 0, 0, 0, 0, 0, 0, 0, 0, 0, 0, 0, 0],
	[14, 14, 11, 12, 17, 1, 1, 5, 1, 1] => QQFieldElem[0, 0, 0, 0, 0, 0, 0, 0, 0, 54, 0, 0, 0, 0, 0, 0],
	[14, 14, 11, 12, 12, 1, 1, 5, 1, 1] => QQFieldElem[0, 0, -81//64, 0, 0, 0, 0, 0, 0, 0, 81//64, 0, 0, 0, 0, 0],
	[14, 14, 11, 12, 12, 1, 1, 14, 2, 1] => QQFieldElem[0, 0, 0, 0, 0, 0, 0, 0, 0, 0, 0, 0, 0, 0, 0, 0],
	[14, 14, 11, 12, 12, 1, 1, 3, 1, 1] => QQFieldElem[0, 0, 0, 0, 0, 0, 0, 0, 0, 0, 0, 0, 9//65536, 0, 0, 0],
	[14, 14, 11, 12, 16, 1, 1, 2, 1, 1] => QQFieldElem[0, 0, 0, 0, 0, 0, 0, 0, 0, 0, 0, 0, -9//32768, 0, 0, 0],
	[14, 14, 11, 12, 17, 1, 1, 3, 2, 1] => QQFieldElem[0, 0, 0, 0, 0, 0, 0, 0, 0, 0, 0, 0, 0, 0, 0, 0],
	[14, 14, 11, 12, 16, 1, 1, 3, 2, 1] => QQFieldElem[0, 0, 81//64, 0, 0, 0, 0, 0, 0, 0, -81//64, 0, 0, 0, 0, 0],
	[14, 14, 11, 12, 18, 1, 1, 14, 1, 1] => QQFieldElem[0, 0, 0, 0, 0, 0, 0, 0, 0, -54, 0, 0, 0, 0, 0, 0],
	[14, 14, 11, 12, 17, 1, 1, 2, 1, 1] => QQFieldElem[0, 0, 0, 0, 0, 0, 0, 0, 0, 0, 0, 0, 0, 0, 0, 0],
	[14, 14, 11, 12, 11, 1, 1, 14, 1, 1] => QQFieldElem[256//3, 0, 0, 0, 0, 0, 0, 0, 0, 0, 0, 0, 0, 0, 0, 0],
	[14, 14, 11, 12, 12, 1, 1, 3, 2, 1] => QQFieldElem[0, 0, 0, 0, 0, 0, 0, 0, 0, 0, 0, 0, 9//65536, 0, 0, 0],
	[14, 14, 11, 12, 12, 1, 1, 2, 1, 1] => QQFieldElem[0, 0, 0, 0, 0, 0, 0, 0, 0, 0, 0, 0, 0, 0, 0, 0],
	[14, 14, 11, 12, 15, 1, 1, 14, 1, 1] => QQFieldElem[0, 0, 0, 0, 0, 54, 0, 0, 0, 0, 0, 0, 0, -54, 0, 0],
	[14, 14, 11, 12, 18, 1, 1, 5, 1, 1] => QQFieldElem[0, 0, 0, 0, 0, 0, 0, 0, 0, 0, 0, 0, 0, 0, 0, -48],
	[14, 14, 11, 12, 18, 1, 1, 14, 2, 1] => QQFieldElem[0, 0, 0, 0, 0, 0, 0, 0, 0, 0, 0, 0, 0, 0, 0, 48],
	[14, 14, 11, 12, 18, 1, 1, 3, 1, 1] => QQFieldElem[0, 0, 0, 0, 0, -54, 0, 0, 0, 0, 0, 0, 0, 54, 0, 0],
	[14, 14, 11, 12, 11, 1, 1, 5, 1, 1] => QQFieldElem[256//3, 0, 0, 0, 0, 0, 0, 0, 0, 0, 0, 0, 0, 0, 0, 0],
	[14, 14, 11, 12, 11, 1, 1, 14, 2, 1] => QQFieldElem[0, 0, 81//64, 0, 0, 0, 0, 0, 0, 0, -81//64, 0, 0, 0, 0, 0])