Dict(
	[14, 14, 17, 10, 15, 1, 1, 14, 2, 1] => QQFieldElem[-1//2, 0, 0, 0, 0, 0, 0, 0, 0, 0, 0, 0, 1//2, 0, 0, 0],
	[14, 14, 17, 10, 13, 1, 1, 9, 1, 1] => QQFieldElem[0, 0, 0, 0, 0, 0, 0, 0, 0, 0, 0, 0, 0, 0, 0, -1//128],
	[14, 14, 17, 10, 17, 1, 1, 14, 1, 1] => QQFieldElem[0, 0, 9//16, 0, 0, 0, 9//16, 0, 0, 0, -9//16, 0, 0, 0, 0, 0],
	[14, 14, 17, 10, 10, 1, 1, 6, 1, 1] => QQFieldElem[0, 0, 0, 0, 0, 1//96, 0, 0, 0, 0, 0, 0, 0, -1//96, 0, 0],
	[14, 14, 17, 10, 15, 1, 1, 9, 1, 1] => QQFieldElem[0, 0, 0, 0, 0, 0, 0, 0, 0, 9//1024, 0, 0, 0, 0, 0, 0],
	[14, 14, 17, 10, 17, 1, 1, 14, 2, 1] => QQFieldElem[1//2, 0, 0, 0, 0, 0, 0, 0, 0, 0, 0, 0, 1//2, 0, 0, 0],
	[14, 14, 17, 10, 13, 1, 1, 6, 1, 1] => QQFieldElem[0, 0, 0, 0, 0, -1//96, 0, 0, 0, 0, 0, 0, 0, 1//96, 0, 0],
	[14, 14, 17, 10, 10, 1, 1, 14, 1, 1] => QQFieldElem[1//2, 0, 0, 0, 0, 0, 0, 0, 0, 0, 0, 0, 1//2, 0, 0, 0],
	[14, 14, 17, 10, 17, 1, 1, 9, 1, 1] => QQFieldElem[0, 0, 0, 0, 0, 0, 0, 0, 0, 0, 0, 0, 0, 0, 0, -1//128],
	[14, 14, 17, 10, 15, 1, 1, 6, 1, 1] => QQFieldElem[0, 0, 0, 0, 0, 0, 0, 0, 0, 0, 0, 0, 0, 0, 0, 3//256],
	[14, 14, 17, 10, 13, 1, 1, 14, 1, 1] => QQFieldElem[0, 0, -9//16, 0, 0, 0, 9//16, 0, 0, 0, 9//16, 0, 0, 0, 0, 0],
	[14, 14, 17, 10, 10, 1, 1, 14, 2, 1] => QQFieldElem[1//2, 0, 0, 0, 0, 0, 0, 0, 0, 0, 0, 0, 1//2, 0, 0, 0],
	[14, 14, 17, 10, 15, 1, 1, 14, 1, 1] => QQFieldElem[-1//2, 0, 0, 0, 0, 0, 0, 0, 0, 0, 0, 0, 1//2, 0, 0, 0],
	[14, 14, 17, 10, 13, 1, 1, 14, 2, 1] => QQFieldElem[-1//2, 0, 0, 0, 0, 0, 0, 0, 0, 0, 0, 0, 1//2, 0, 0, 0],
	[14, 14, 17, 10, 17, 1, 1, 6, 1, 1] => QQFieldElem[0, 0, 0, 0, 0, 1//96, 0, 0, 0, 0, 0, 0, 0, -1//96, 0, 0],
	[14, 14, 17, 10, 10, 1, 1, 9, 1, 1] => QQFieldElem[0, 0, 0, 0, 0, 0, 0, 0, 0, 0, 0, 0, 0, 0, 0, 1//128])