Dict(
	[14, 14, 13, 10, 10, 1, 1, 14, 1, 1] => QQFieldElem[256//3, 0, 0, 0, 0, 0, 0, 0, 0, 0, 0, 0, 0, 0, 0, 0],
	[14, 14, 13, 10, 16, 1, 1, 3, 2, 1] => QQFieldElem[0, 0, -81//64, 0, 0, 0, 0, 0, 0, 0, 81//64, 0, 0, 0, 0, 0],
	[14, 14, 13, 10, 16, 1, 1, 2, 1, 1] => QQFieldElem[0, 0, 0, 0, 0, 0, 0, 0, 0, 0, 0, 0, -3//16384, 0, 0, 0],
	[14, 14, 13, 10, 17, 1, 1, 3, 2, 1] => QQFieldElem[0, 0, 0, 0, 0, 0, 0, 0, 0, 0, 0, 0, 0, 0, 0, 0],
	[14, 14, 13, 10, 13, 1, 1, 14, 1, 1] => QQFieldElem[-9//16, 0, 0, 0, 0, 0, 0, 0, 0, 0, 0, 0, 0, 0, 0, 0],
	[14, 14, 13, 10, 10, 1, 1, 5, 1, 1] => QQFieldElem[256//3, 0, 0, 0, 0, 0, 0, 0, 0, 0, 0, 0, 0, 0, 0, 0],
	[14, 14, 13, 10, 10, 1, 1, 14, 2, 1] => QQFieldElem[0, 0, -81//64, 0, 0, 0, 0, 0, 0, 0, 81//64, 0, 0, 0, 0, 0],
	[14, 14, 13, 10, 18, 1, 1, 14, 1, 1] => QQFieldElem[0, 0, 0, 0, 0, 0, 0, 0, 0, 0, 0, 0, 0, 0, 0, -72],
	[14, 14, 13, 10, 17, 1, 1, 2, 1, 1] => QQFieldElem[0, 0, 0, 0, 0, 0, 0, 0, 0, 0, 0, 0, 0, 0, 0, 0],
	[14, 14, 13, 10, 10, 1, 1, 3, 1, 1] => QQFieldElem[0, 0, 0, 0, 0, 0, 0, 0, 0, 0, 0, 0, 1//144, 0, 0, 0],
	[14, 14, 13, 10, 15, 1, 1, 14, 1, 1] => QQFieldElem[0, 0, 0, -72, 0, 0, 0, 0, 0, 0, 0, 0, 0, 0, 0, 0],
	[14, 14, 13, 10, 18, 1, 1, 5, 1, 1] => QQFieldElem[0, 0, 0, 0, 0, -64, 0, 0, 0, 0, 0, 0, 0, 64, 0, 0],
	[14, 14, 13, 10, 13, 1, 1, 14, 2, 1] => QQFieldElem[0, 0, 0, 0, 0, 0, 0, 0, 0, 0, 0, 0, 0, 0, 0, 0],
	[14, 14, 13, 10, 18, 1, 1, 14, 2, 1] => QQFieldElem[0, 0, 0, 0, 0, 64, 0, 0, 0, 0, 0, 0, 0, -64, 0, 0],
	[14, 14, 13, 10, 13, 1, 1, 5, 1, 1] => QQFieldElem[0, 0, 81//64, 0, 0, 0, 0, 0, 0, 0, -81//64, 0, 0, 0, 0, 0],
	[14, 14, 13, 10, 13, 1, 1, 3, 1, 1] => QQFieldElem[0, 0, 0, 0, 0, 0, 0, 0, 0, 0, 0, 0, 3//32768, 0, 0, 0],
	[14, 14, 13, 10, 18, 1, 1, 3, 1, 1] => QQFieldElem[0, 0, 0, 72, 0, 0, 0, 0, 0, 0, 0, 0, 0, 0, 0, 0],
	[14, 14, 13, 10, 10, 1, 1, 3, 2, 1] => QQFieldElem[0, 0, 0, 0, 0, 0, 0, 0, 0, 0, 0, 0, 0, 0, 0, 0],
	[14, 14, 13, 10, 10, 1, 1, 2, 1, 1] => QQFieldElem[0, 0, 0, 0, 0, 0, 0, 0, 0, 0, 0, 0, 1//72, 0, 0, 0],
	[14, 14, 13, 10, 15, 1, 1, 5, 1, 1] => QQFieldElem[-9//16, 0, 0, 0, 0, 0, 0, 0, 0, 0, 0, 0, 0, 0, 0, 0],
	[14, 14, 13, 10, 15, 1, 1, 14, 2, 1] => QQFieldElem[0, 0, 0, 0, 0, 0, 0, 0, 0, 64, 0, 0, 0, 0, 0, 0],
	[14, 14, 13, 10, 16, 1, 1, 14, 1, 1] => QQFieldElem[256//3, 0, 0, 0, 0, 0, 0, 0, 0, 0, 0, 0, 0, 0, 0, 0],
	[14, 14, 13, 10, 15, 1, 1, 3, 1, 1] => QQFieldElem[0, 0, 0, 0, 0, 0, 0, 0, 0, 0, 0, 0, 0, 0, 0, 0],
	[14, 14, 13, 10, 17, 1, 1, 14, 1, 1] => QQFieldElem[-9//16, 0, 0, 0, 0, 0, 0, 0, 0, 0, 0, 0, 0, 0, 0, 0],
	[14, 14, 13, 10, 18, 1, 1, 3, 2, 1] => QQFieldElem[0, 0, 0, 0, 0, 0, 0, 0, 0, -64, 0, 0, 0, 0, 0, 0],
	[14, 14, 13, 10, 13, 1, 1, 2, 1, 1] => QQFieldElem[0, 0, 0, 0, 0, 0, 0, 0, 0, 0, 0, 0, 0, 0, 0, 0],
	[14, 14, 13, 10, 13, 1, 1, 3, 2, 1] => QQFieldElem[0, 0, 0, 0, 0, 0, 0, 0, 0, 0, 0, 0, 3//32768, 0, 0, 0],
	[14, 14, 13, 10, 18, 1, 1, 2, 1, 1] => QQFieldElem[0, 0, 0, 0, 0, 0, 0, 0, 0, 0, 0, 0, 0, 0, 0, 0],
	[14, 14, 13, 10, 16, 1, 1, 5, 1, 1] => QQFieldElem[0, 0, 0, 0, 0, 0, 0, 0, 0, 0, 0, 0, 0, 0, 0, 0],
	[14, 14, 13, 10, 16, 1, 1, 14, 2, 1] => QQFieldElem[0, 0, 81//64, 0, 0, 0, 0, 0, 0, 0, -81//64, 0, 0, 0, 0, 0],
	[14, 14, 13, 10, 17, 1, 1, 5, 1, 1] => QQFieldElem[0, 0, 0, 0, 0, 0, 0, 0, 0, 0, 0, 0, 0, 0, 0, 72],
	[14, 14, 13, 10, 15, 1, 1, 3, 2, 1] => QQFieldElem[0, 0, 0, 0, 0, 0, 0, 0, 0, 0, 0, 0, 0, 0, 0, 0],
	[14, 14, 13, 10, 15, 1, 1, 2, 1, 1] => QQFieldElem[0, 0, 0, 0, 0, 0, 0, 0, 0, 0, 0, 0, 3//16384, 0, 0, 0],
	[14, 14, 13, 10, 16, 1, 1, 3, 1, 1] => QQFieldElem[256//3, 0, 0, 0, 0, 0, 0, 0, 0, 0, 0, 0, 0, 0, 0, 0],
	[14, 14, 13, 10, 17, 1, 1, 14, 2, 1] => QQFieldElem[0, 0, 0, 0, 0, 0, 0, 0, 0, 0, 0, 0, 0, 0, 0, 0],
	[14, 14, 13, 10, 17, 1, 1, 3, 1, 1] => QQFieldElem[-9//16, 0, 0, 0, 0, 0, 0, 0, 0, 0, 0, 0, 0, 0, 0, 0])