Dict(
	[14, 20, 20, 5, 7, 1, 1, 20, 2, 1] => QQFieldElem[0, 0, 0, 0, 0, 0, 0, 0, 2//3, 0, 2//3, 0, 2//3, 0, 2//3, 0],
	[14, 20, 20, 5, 6, 1, 1, 19, 1, 1] => QQFieldElem[-1//4, 0, 0, 0, 0, 0, 0, 0, 2//3, 0, 7//12, 0, 7//12, 0, 7//12, 0],
	[14, 20, 20, 5, 9, 1, 1, 19, 1, 1] => QQFieldElem[-1//4, 0, 0, 0, 0, 0, 0, 0, 2//3, 0, -7//12, 0, 7//12, 0, -7//12, 0],
	[14, 20, 20, 5, 14, 1, 2, 19, 2, 1] => QQFieldElem[-1//3, 0, 1//6, 0, -1//6, 0, 1//6, 0, -1//6, 0, 1//12, 0, -1//12, 0, 1//12, 0],
	[14, 20, 20, 5, 14, 1, 1, 19, 2, 1] => QQFieldElem[-1//6, 0, 0, 0, 0, 0, 0, 0, 1//2, 0, -7//12, 0, 7//12, 0, -7//12, 0],
	[14, 20, 20, 5, 6, 1, 1, 21, 1, 1] => QQFieldElem[-5//12, 0, 0, 0, 0, 0, 0, 0, 1//3, 0, 0, 0, 0, 0, 0, 0],
	[14, 20, 20, 5, 9, 1, 1, 21, 1, 1] => QQFieldElem[1//12, 0, 0, 0, 0, 0, 0, 0, 1//6, 0, 0, 0, 0, 0, 0, 0],
	[14, 20, 20, 5, 14, 1, 2, 21, 2, 1] => QQFieldElem[1//12, 0, 0, 0, 0, 0, 0, 0, 1//3, 0, 0, 0, 0, 0, 0, 0],
	[14, 20, 20, 5, 14, 1, 2, 20, 1, 1] => QQFieldElem[0, 0, 0, 0, 0, 0, 0, 0, 2//3, 0, -2//3, 0, 2//3, 0, -2//3, 0],
	[14, 20, 20, 5, 14, 1, 1, 21, 2, 1] => QQFieldElem[1//4, 0, 0, 0, 0, 0, 0, 0, -1//6, 0, 0, 0, 0, 0, 0, 0],
	[14, 20, 20, 5, 14, 1, 1, 20, 1, 1] => QQFieldElem[0, 0, 0, 0, 0, 0, 0, 0, -2//3, 0, 2//3, 0, -2//3, 0, 2//3, 0],
	[14, 20, 20, 5, 8, 1, 1, 20, 2, 1] => QQFieldElem[1//3, 0, -1//3, 0, -1//3, 0, -1//3, 0, -1, 0, -1//6, 0, -1//6, 0, -1//6, 0],
	[14, 20, 20, 5, 6, 1, 1, 19, 2, 1] => QQFieldElem[-1//12, 0, 1//6, 0, 1//6, 0, 1//6, 0, -1//6, 0, -1//4, 0, -1//4, 0, -1//4, 0],
	[14, 20, 20, 5, 9, 1, 1, 19, 2, 1] => QQFieldElem[-1//12, 0, -1//6, 0, 1//6, 0, -1//6, 0, -1//6, 0, 1//4, 0, -1//4, 0, 1//4, 0],
	[14, 20, 20, 5, 6, 1, 1, 21, 2, 1] => QQFieldElem[-1//12, 0, 0, 0, 0, 0, 0, 0, -1//6, 0, 0, 0, 0, 0, 0, 0],
	[14, 20, 20, 5, 9, 1, 1, 21, 2, 1] => QQFieldElem[5//12, 0, 0, 0, 0, 0, 0, 0, -1//3, 0, 0, 0, 0, 0, 0, 0],
	[14, 20, 20, 5, 6, 1, 1, 20, 1, 1] => QQFieldElem[7//6, 0, 4//3, 0, 4//3, 0, 4//3, 0, 0, 0, -5//6, 0, -5//6, 0, -5//6, 0],
	[14, 20, 20, 5, 9, 1, 1, 20, 1, 1] => QQFieldElem[7//6, 0, -4//3, 0, 4//3, 0, -4//3, 0, 0, 0, 5//6, 0, -5//6, 0, 5//6, 0],
	[14, 20, 20, 5, 14, 1, 2, 20, 2, 1] => QQFieldElem[1//3, 0, 1//3, 0, -1//3, 0, 1//3, 0, -1, 0, 1//6, 0, -1//6, 0, 1//6, 0],
	[14, 20, 20, 5, 14, 1, 1, 20, 2, 1] => QQFieldElem[-2//3, 0, 4//3, 0, -4//3, 0, 4//3, 0, -1//3, 0, -1//2, 0, 1//2, 0, -1//2, 0],
	[14, 20, 20, 5, 7, 1, 1, 19, 1, 1] => QQFieldElem[-1//3, 0, 0, 0, 0, 0, 0, 0, 1//3, 0, 1//3, 0, 1//3, 0, 1//3, 0],
	[14, 20, 20, 5, 7, 1, 1, 21, 1, 1] => QQFieldElem[0, 0, 0, 0, 0, 0, 0, 0, 0, 0, 0, 0, 0, 0, 0, 0],
	[14, 20, 20, 5, 6, 1, 1, 20, 2, 1] => QQFieldElem[1//6, 0, 1//3, 0, 1//3, 0, 1//3, 0, 1//3, 0, -1//2, 0, -1//2, 0, -1//2, 0],
	[14, 20, 20, 5, 9, 1, 1, 20, 2, 1] => QQFieldElem[1//6, 0, -1//3, 0, 1//3, 0, -1//3, 0, 1//3, 0, 1//2, 0, -1//2, 0, 1//2, 0],
	[14, 20, 20, 5, 8, 1, 1, 19, 1, 1] => QQFieldElem[-1//6, 0, 0, 0, 0, 0, 0, 0, 1//2, 0, 7//12, 0, 7//12, 0, 7//12, 0],
	[14, 20, 20, 5, 8, 1, 1, 21, 1, 1] => QQFieldElem[-1//12, 0, 0, 0, 0, 0, 0, 0, -1//3, 0, 0, 0, 0, 0, 0, 0],
	[14, 20, 20, 5, 7, 1, 1, 19, 2, 1] => QQFieldElem[-1//3, 0, 0, 0, 0, 0, 0, 0, 1//3, 0, 1//3, 0, 1//3, 0, 1//3, 0],
	[14, 20, 20, 5, 7, 1, 1, 21, 2, 1] => QQFieldElem[1//3, 0, 0, 0, 0, 0, 0, 0, 0, 0, 0, 0, 0, 0, 0, 0],
	[14, 20, 20, 5, 7, 1, 1, 20, 1, 1] => QQFieldElem[0, 0, 0, 0, 0, 0, 0, 0, -2//3, 0, -2//3, 0, -2//3, 0, -2//3, 0],
	[14, 20, 20, 5, 14, 1, 2, 19, 1, 1] => QQFieldElem[-1//3, 0, 0, 0, 0, 0, 0, 0, 1//3, 0, -1//3, 0, 1//3, 0, -1//3, 0],
	[14, 20, 20, 5, 8, 1, 1, 19, 2, 1] => QQFieldElem[-1//3, 0, -1//6, 0, -1//6, 0, -1//6, 0, -1//6, 0, -1//12, 0, -1//12, 0, -1//12, 0],
	[14, 20, 20, 5, 14, 1, 1, 19, 1, 1] => QQFieldElem[-1//3, 0, 0, 0, 0, 0, 0, 0, 1//3, 0, -1//3, 0, 1//3, 0, -1//3, 0],
	[14, 20, 20, 5, 14, 1, 2, 21, 1, 1] => QQFieldElem[0, 0, 0, 0, 0, 0, 0, 0, 0, 0, 0, 0, 0, 0, 0, 0],
	[14, 20, 20, 5, 8, 1, 1, 21, 2, 1] => QQFieldElem[-1//4, 0, 0, 0, 0, 0, 0, 0, 1//6, 0, 0, 0, 0, 0, 0, 0],
	[14, 20, 20, 5, 14, 1, 1, 21, 1, 1] => QQFieldElem[-1//3, 0, 0, 0, 0, 0, 0, 0, 0, 0, 0, 0, 0, 0, 0, 0],
	[14, 20, 20, 5, 8, 1, 1, 20, 1, 1] => QQFieldElem[-2//3, 0, -4//3, 0, -4//3, 0, -4//3, 0, -1//3, 0, 1//2, 0, 1//2, 0, 1//2, 0])