Dict(
	[14, 14, 4, 4, 7, 1, 1, 5, 1, 1] => QQFieldElem[1//4, 0, 0, 0, 0, 0, 0, 0, 0, 0, 0, 0, 0, 0, 0, 0],
	[14, 14, 4, 4, 8, 1, 1, 4, 1, 1] => QQFieldElem[1//4, 0, 0, 0, 0, 0, 0, 0, 0, 0, 0, 0, 0, 0, 0, 0],
	[14, 14, 4, 4, 7, 1, 1, 3, 1, 1] => QQFieldElem[1//4, 0, 0, 0, 0, 0, 0, 0, 0, 0, 0, 0, 0, 0, 0, 0],
	[14, 14, 4, 4, 8, 1, 1, 1, 1, 1] => QQFieldElem[1//4, 0, 0, 0, 0, 0, 0, 0, 0, 0, 0, 0, 0, 0, 0, 0],
	[14, 14, 4, 4, 8, 1, 1, 5, 1, 1] => QQFieldElem[0, 0, 0, 0, 0, 0, 0, 0, 0, 0, 0, 0, 0, 0, 0, 0],
	[14, 14, 4, 4, 8, 1, 1, 3, 1, 1] => QQFieldElem[16//3, 0, 0, 0, 0, 0, 0, 0, 0, 0, 0, 0, 0, 0, 0, 0],
	[14, 14, 4, 4, 14, 1, 1, 4, 1, 1] => QQFieldElem[-16//3, 0, 0, 0, 0, 0, 0, 0, 0, 0, 0, 0, 0, 0, 0, 0],
	[14, 14, 4, 4, 7, 1, 1, 3, 2, 1] => QQFieldElem[0, 0, 3//8, 0, 0, 0, 0, 0, 0, 0, -3//8, 0, 0, 0, 0, 0],
	[14, 14, 4, 4, 14, 1, 1, 1, 1, 1] => QQFieldElem[16//3, 0, 0, 0, 0, 0, 0, 0, 0, 0, 0, 0, 0, 0, 0, 0],
	[14, 14, 4, 4, 14, 1, 1, 5, 1, 1] => QQFieldElem[0, 0, 0, 0, 0, 0, 0, 0, 0, 0, 0, 0, 0, 0, 0, 0],
	[14, 14, 4, 4, 8, 1, 1, 3, 2, 1] => QQFieldElem[0, 0, 4, 0, 0, 0, 0, 0, 0, 0, -4, 0, 0, 0, 0, 0],
	[14, 14, 4, 4, 6, 1, 1, 4, 1, 1] => QQFieldElem[0, 0, -4, 0, 0, 0, 0, 0, 0, 0, 4, 0, 0, 0, 0, 0],
	[14, 14, 4, 4, 9, 1, 1, 4, 1, 1] => QQFieldElem[0, 0, 3//8, 0, 0, 0, 0, 0, 0, 0, -3//8, 0, 0, 0, 0, 0],
	[14, 14, 4, 4, 14, 1, 1, 3, 1, 1] => QQFieldElem[0, 0, -3//8, 0, 0, 0, 0, 0, 0, 0, 3//8, 0, 0, 0, 0, 0],
	[14, 14, 4, 4, 6, 1, 1, 1, 1, 1] => QQFieldElem[0, 0, -4, 0, 0, 0, 0, 0, 0, 0, 4, 0, 0, 0, 0, 0],
	[14, 14, 4, 4, 9, 1, 1, 1, 1, 1] => QQFieldElem[0, 0, -3//8, 0, 0, 0, 0, 0, 0, 0, 3//8, 0, 0, 0, 0, 0],
	[14, 14, 4, 4, 6, 1, 1, 5, 1, 1] => QQFieldElem[8//3, 0, 0, 0, 0, 0, 0, 0, 0, 0, 0, 0, 0, 0, 0, 0],
	[14, 14, 4, 4, 9, 1, 1, 5, 1, 1] => QQFieldElem[0, 0, 0, 0, 0, 0, 0, 0, 0, 0, 0, 0, 0, 0, 0, 0],
	[14, 14, 4, 4, 6, 1, 1, 3, 1, 1] => QQFieldElem[0, 0, 4, 0, 0, 0, 0, 0, 0, 0, -4, 0, 0, 0, 0, 0],
	[14, 14, 4, 4, 9, 1, 1, 3, 1, 1] => QQFieldElem[0, 0, -3//16, 0, 0, 0, 0, 0, 0, 0, 3//16, 0, 0, 0, 0, 0],
	[14, 14, 4, 4, 14, 1, 1, 3, 2, 1] => QQFieldElem[-16//3, 0, 0, 0, 0, 0, 0, 0, 0, 0, 0, 0, 0, 0, 0, 0],
	[14, 14, 4, 4, 6, 1, 1, 3, 2, 1] => QQFieldElem[0, 0, -3//16, 0, 0, 0, 0, 0, 0, 0, 3//16, 0, 0, 0, 0, 0],
	[14, 14, 4, 4, 9, 1, 1, 3, 2, 1] => QQFieldElem[1//4, 0, 0, 0, 0, 0, 0, 0, 0, 0, 0, 0, 0, 0, 0, 0],
	[14, 14, 4, 4, 7, 1, 1, 4, 1, 1] => QQFieldElem[0, 0, 3//16, 0, 0, 0, 0, 0, 0, 0, -3//16, 0, 0, 0, 0, 0],
	[14, 14, 4, 4, 7, 1, 1, 1, 1, 1] => QQFieldElem[0, 0, 3//16, 0, 0, 0, 0, 0, 0, 0, -3//16, 0, 0, 0, 0, 0])