Dict(
	[14, 4, 5, 14, 5, 1, 1, 7, 1, 1] => QQFieldElem[-8//3, 0, 0, 0, 0, 0, 0, 0, 0, 0, 0, 0, 0, 0, 0, 0],
	[14, 4, 5, 14, 2, 1, 1, 6, 1, 1] => QQFieldElem[0, 0, 0, 0, 0, 0, -8//9, 0, 0, 0, 0, 0, 0, 0, 0, 0],
	[14, 4, 5, 14, 2, 1, 1, 8, 1, 1] => QQFieldElem[-1, 0, 0, 0, 0, 0, 0, 0, 0, 0, 0, 0, 0, 0, 0, 0],
	[14, 4, 5, 14, 3, 1, 1, 9, 1, 1] => QQFieldElem[-1//16, 0, 0, 0, 0, 0, 0, 0, 0, 0, 0, 0, 0, 0, 0, 0],
	[14, 4, 5, 14, 4, 1, 1, 9, 1, 1] => QQFieldElem[1//16, 0, 0, 0, 0, 0, 0, 0, 0, 0, 0, 0, 0, 0, 0, 0],
	[14, 4, 5, 14, 3, 2, 1, 9, 1, 1] => QQFieldElem[1//16, 0, 0, 0, 0, 0, 0, 0, 0, 0, 0, 0, 0, 0, 0, 0],
	[14, 4, 5, 14, 5, 1, 1, 9, 1, 1] => QQFieldElem[0, 0, 0, 0, 0, 0, 0, 0, 0, 0, 0, 0, 0, 0, 0, 0],
	[14, 4, 5, 14, 2, 1, 1, 14, 1, 1] => QQFieldElem[0, 0, 0, 0, 0, 0, 2//3, 0, 0, 0, 0, 0, 0, 0, 0, 0],
	[14, 4, 5, 14, 3, 1, 1, 6, 1, 1] => QQFieldElem[0, 0, 0, 0, 0, 0, 8//9, 0, 0, 0, 0, 0, 0, 0, 0, 0],
	[14, 4, 5, 14, 3, 1, 1, 8, 1, 1] => QQFieldElem[-1, 0, 0, 0, 0, 0, 0, 0, 0, 0, 0, 0, 0, 0, 0, 0],
	[14, 4, 5, 14, 2, 1, 1, 7, 1, 1] => QQFieldElem[0, 0, 0, 0, 0, 0, -4//9, 0, 0, 0, 0, 0, 0, 0, 0, 0],
	[14, 4, 5, 14, 4, 1, 1, 8, 1, 1] => QQFieldElem[-1, 0, 0, 0, 0, 0, 0, 0, 0, 0, 0, 0, 0, 0, 0, 0],
	[14, 4, 5, 14, 3, 2, 1, 6, 1, 1] => QQFieldElem[0, 0, 0, 0, 0, 0, 8//9, 0, 0, 0, 0, 0, 0, 0, 0, 0],
	[14, 4, 5, 14, 3, 2, 1, 8, 1, 1] => QQFieldElem[-1, 0, 0, 0, 0, 0, 0, 0, 0, 0, 0, 0, 0, 0, 0, 0],
	[14, 4, 5, 14, 5, 1, 1, 8, 1, 1] => QQFieldElem[0, 0, 0, 0, 0, 0, 0, 0, 0, 0, 0, 0, 0, 0, 0, 0],
	[14, 4, 5, 14, 5, 1, 1, 6, 1, 1] => QQFieldElem[8//3, 0, 0, 0, 0, 0, 0, 0, 0, 0, 0, 0, 0, 0, 0, 0],
	[14, 4, 5, 14, 4, 1, 1, 6, 1, 1] => QQFieldElem[0, 0, 0, 0, 0, 0, -8//9, 0, 0, 0, 0, 0, 0, 0, 0, 0],
	[14, 4, 5, 14, 3, 1, 1, 14, 1, 1] => QQFieldElem[0, 0, 0, 0, 0, 0, -2//3, 0, 0, 0, 0, 0, 0, 0, 0, 0],
	[14, 4, 5, 14, 4, 1, 1, 14, 1, 1] => QQFieldElem[0, 0, 0, 0, 0, 0, -2//3, 0, 0, 0, 0, 0, 0, 0, 0, 0],
	[14, 4, 5, 14, 3, 2, 1, 14, 1, 1] => QQFieldElem[0, 0, 0, 0, 0, 0, 2//3, 0, 0, 0, 0, 0, 0, 0, 0, 0],
	[14, 4, 5, 14, 5, 1, 1, 14, 1, 1] => QQFieldElem[0, 0, 0, 0, 0, 0, 0, 0, 0, 0, 0, 0, 0, 0, 0, 0],
	[14, 4, 5, 14, 3, 1, 1, 7, 1, 1] => QQFieldElem[0, 0, 0, 0, 0, 0, 4//9, 0, 0, 0, 0, 0, 0, 0, 0, 0],
	[14, 4, 5, 14, 2, 1, 1, 9, 1, 1] => QQFieldElem[-1//16, 0, 0, 0, 0, 0, 0, 0, 0, 0, 0, 0, 0, 0, 0, 0],
	[14, 4, 5, 14, 4, 1, 1, 7, 1, 1] => QQFieldElem[0, 0, 0, 0, 0, 0, -4//9, 0, 0, 0, 0, 0, 0, 0, 0, 0],
	[14, 4, 5, 14, 3, 2, 1, 7, 1, 1] => QQFieldElem[0, 0, 0, 0, 0, 0, 4//9, 0, 0, 0, 0, 0, 0, 0, 0, 0])