Dict(
	[14, 19, 10, 16, 13, 1, 1, 21, 2, 1] => QQFieldElem[0, 0, 0, 0, 0, 0, 0, 0, 0, -1//3, 0, 0, 0, 0, 0, -1//3],
	[14, 19, 10, 16, 18, 1, 1, 21, 2, 1] => QQFieldElem[0, -1//3, 0, 0, 0, 0, 0, 1//3, 0, 1//3, 0, 0, 0, 0, 0, 0],
	[14, 19, 10, 16, 13, 1, 1, 20, 1, 1] => QQFieldElem[0, 0, 1//6, 1//6, 0, 0, 0, 0, 0, 1//6, -1//6, 0, 1//6, 0, 0, 0],
	[14, 19, 10, 16, 18, 1, 1, 20, 1, 1] => QQFieldElem[0, 0, 0, 0, 0, 0, 0, 0, 0, 1//6, 1//6, -1//6, 1//6, 0, 0, 0],
	[14, 19, 10, 16, 11, 1, 1, 19, 2, 1] => QQFieldElem[0, 0, -1//6, -1//6, 0, 0, 0, 0, 0, -1//6, 0, 1//6, -1//6, 0, 0, 0],
	[14, 19, 10, 16, 10, 1, 1, 20, 2, 1] => QQFieldElem[0, 0, -1//6, -1//6, 0, 0, 0, 0, 0, -1//6, 1//6, 0, -1//6, 0, 0, 0],
	[14, 19, 10, 16, 11, 1, 1, 21, 2, 1] => QQFieldElem[0, 1//3, 0, 0, 0, 0, 0, 1//3, 0, 0, 0, 0, 0, 0, 0, -1//3],
	[14, 19, 10, 16, 11, 1, 1, 20, 1, 1] => QQFieldElem[0, 0, -1//6, 1//6, 0, 0, 0, 0, 0, 1//6, 0, -1//6, -1//6, 0, 0, 0],
	[14, 19, 10, 16, 16, 1, 1, 19, 1, 1] => QQFieldElem[0, 0, 1//6, 1//6, 0, 0, 0, 0, 0, 1//6, 0, -1//6, 1//6, 0, 0, 0],
	[14, 19, 10, 16, 16, 1, 1, 21, 1, 1] => QQFieldElem[0, -1//3, 0, 0, 0, 0, 0, -1//3, 0, 0, 0, 0, 0, 0, 0, 1//3],
	[14, 19, 10, 16, 13, 1, 1, 20, 2, 1] => QQFieldElem[0, 0, -1//6, 1//6, 0, 0, 0, 0, 0, -1//6, 1//6, 0, 1//6, 0, 0, 0],
	[14, 19, 10, 16, 18, 1, 1, 20, 2, 1] => QQFieldElem[0, 0, 0, 0, 0, 0, 0, 0, 0, -1//6, -1//6, -1//6, 1//6, 0, 0, 0],
	[14, 19, 10, 16, 11, 1, 1, 20, 2, 1] => QQFieldElem[0, 0, 1//6, 1//6, 0, 0, 0, 0, 0, -1//6, 0, -1//6, -1//6, 0, 0, 0],
	[14, 19, 10, 16, 12, 1, 1, 19, 1, 1] => QQFieldElem[0, 0, 0, 0, 0, 0, 0, 0, 0, 1//6, -1//6, -1//6, -1//6, 0, 0, 0],
	[14, 19, 10, 16, 16, 1, 1, 19, 2, 1] => QQFieldElem[0, 0, -1//6, 1//6, 0, 0, 0, 0, 0, -1//6, 0, -1//6, 1//6, 0, 0, 0],
	[14, 19, 10, 16, 12, 1, 1, 21, 1, 1] => QQFieldElem[0, 1//3, 0, 0, 0, 0, 0, -1//3, 0, -1//3, 0, 0, 0, 0, 0, 0],
	[14, 19, 10, 16, 16, 1, 1, 21, 2, 1] => QQFieldElem[0, 1//3, 0, 0, 0, 0, 0, -1//3, 0, 0, 0, 0, 0, 0, 0, 1//3],
	[14, 19, 10, 16, 16, 1, 1, 20, 1, 1] => QQFieldElem[0, 0, -1//6, -1//6, 0, 0, 0, 0, 0, 1//6, 0, 1//6, 1//6, 0, 0, 0],
	[14, 19, 10, 16, 10, 1, 1, 19, 1, 1] => QQFieldElem[0, 0, -1//6, 1//6, 0, 0, 0, 0, 0, 1//6, 1//6, 0, -1//6, 0, 0, 0],
	[14, 19, 10, 16, 10, 1, 1, 21, 1, 1] => QQFieldElem[0, 0, 0, 0, 0, 0, 0, 0, 0, 1//3, 0, 0, 0, 0, 0, 1//3],
	[14, 19, 10, 16, 12, 1, 1, 19, 2, 1] => QQFieldElem[0, 0, 0, 0, 0, 0, 0, 0, 0, -1//6, 1//6, -1//6, -1//6, 0, 0, 0],
	[14, 19, 10, 16, 12, 1, 1, 21, 2, 1] => QQFieldElem[0, -1//3, 0, 0, 0, 0, 0, -1//3, 0, 1//3, 0, 0, 0, 0, 0, 0],
	[14, 19, 10, 16, 12, 1, 1, 20, 1, 1] => QQFieldElem[0, 0, 0, 0, 0, 0, 0, 0, 0, 1//6, 1//6, 1//6, -1//6, 0, 0, 0],
	[14, 19, 10, 16, 16, 1, 1, 20, 2, 1] => QQFieldElem[0, 0, 1//6, -1//6, 0, 0, 0, 0, 0, -1//6, 0, 1//6, 1//6, 0, 0, 0],
	[14, 19, 10, 16, 18, 1, 1, 19, 1, 1] => QQFieldElem[0, 0, 0, 0, 0, 0, 0, 0, 0, 1//6, -1//6, 1//6, 1//6, 0, 0, 0],
	[14, 19, 10, 16, 10, 1, 1, 19, 2, 1] => QQFieldElem[0, 0, 1//6, 1//6, 0, 0, 0, 0, 0, -1//6, -1//6, 0, -1//6, 0, 0, 0],
	[14, 19, 10, 16, 13, 1, 1, 19, 1, 1] => QQFieldElem[0, 0, -1//6, -1//6, 0, 0, 0, 0, 0, 1//6, 1//6, 0, 1//6, 0, 0, 0],
	[14, 19, 10, 16, 13, 1, 1, 21, 1, 1] => QQFieldElem[0, 0, 0, 0, 0, 0, 0, 0, 0, 1//3, 0, 0, 0, 0, 0, -1//3],
	[14, 19, 10, 16, 18, 1, 1, 21, 1, 1] => QQFieldElem[0, 1//3, 0, 0, 0, 0, 0, 1//3, 0, -1//3, 0, 0, 0, 0, 0, 0],
	[14, 19, 10, 16, 10, 1, 1, 21, 2, 1] => QQFieldElem[0, 0, 0, 0, 0, 0, 0, 0, 0, -1//3, 0, 0, 0, 0, 0, 1//3],
	[14, 19, 10, 16, 11, 1, 1, 19, 1, 1] => QQFieldElem[0, 0, 1//6, -1//6, 0, 0, 0, 0, 0, 1//6, 0, 1//6, -1//6, 0, 0, 0],
	[14, 19, 10, 16, 10, 1, 1, 20, 1, 1] => QQFieldElem[0, 0, 1//6, -1//6, 0, 0, 0, 0, 0, 1//6, -1//6, 0, -1//6, 0, 0, 0],
	[14, 19, 10, 16, 11, 1, 1, 21, 1, 1] => QQFieldElem[0, -1//3, 0, 0, 0, 0, 0, 1//3, 0, 0, 0, 0, 0, 0, 0, -1//3],
	[14, 19, 10, 16, 12, 1, 1, 20, 2, 1] => QQFieldElem[0, 0, 0, 0, 0, 0, 0, 0, 0, -1//6, -1//6, 1//6, -1//6, 0, 0, 0],
	[14, 19, 10, 16, 13, 1, 1, 19, 2, 1] => QQFieldElem[0, 0, 1//6, -1//6, 0, 0, 0, 0, 0, -1//6, -1//6, 0, 1//6, 0, 0, 0],
	[14, 19, 10, 16, 18, 1, 1, 19, 2, 1] => QQFieldElem[0, 0, 0, 0, 0, 0, 0, 0, 0, -1//6, 1//6, 1//6, 1//6, 0, 0, 0])