Dict(
	[14, 5, 4, 14, 3, 1, 1, 14, 1, 1] => QQFieldElem[0, 0, 0, 0, 0, 0, 2//3, 0, 0, 0, 0, 0, 0, 0, 0, 0],
	[14, 5, 4, 14, 4, 1, 1, 14, 1, 1] => QQFieldElem[0, 0, 0, 0, 0, 0, 2//3, 0, 0, 0, 0, 0, 0, 0, 0, 0],
	[14, 5, 4, 14, 3, 2, 1, 14, 1, 1] => QQFieldElem[0, 0, 0, 0, 0, 0, -2//3, 0, 0, 0, 0, 0, 0, 0, 0, 0],
	[14, 5, 4, 14, 5, 1, 1, 14, 1, 1] => QQFieldElem[0, 0, 0, 0, 0, 0, 0, 0, 0, 0, 0, 0, 0, 0, 0, 0],
	[14, 5, 4, 14, 3, 1, 1, 7, 1, 1] => QQFieldElem[0, 0, 0, 0, 0, 0, 4//9, 0, 0, 0, 0, 0, 0, 0, 0, 0],
	[14, 5, 4, 14, 2, 1, 1, 9, 1, 1] => QQFieldElem[3//64, 0, 0, 0, 0, 0, 0, 0, 0, 0, 0, 0, 0, 0, 0, 0],
	[14, 5, 4, 14, 4, 1, 1, 7, 1, 1] => QQFieldElem[0, 0, 0, 0, 0, 0, -4//9, 0, 0, 0, 0, 0, 0, 0, 0, 0],
	[14, 5, 4, 14, 3, 2, 1, 7, 1, 1] => QQFieldElem[0, 0, 0, 0, 0, 0, 4//9, 0, 0, 0, 0, 0, 0, 0, 0, 0],
	[14, 5, 4, 14, 5, 1, 1, 7, 1, 1] => QQFieldElem[8//3, 0, 0, 0, 0, 0, 0, 0, 0, 0, 0, 0, 0, 0, 0, 0],
	[14, 5, 4, 14, 2, 1, 1, 6, 1, 1] => QQFieldElem[0, 0, 0, 0, 0, 0, 8//9, 0, 0, 0, 0, 0, 0, 0, 0, 0],
	[14, 5, 4, 14, 2, 1, 1, 8, 1, 1] => QQFieldElem[-1, 0, 0, 0, 0, 0, 0, 0, 0, 0, 0, 0, 0, 0, 0, 0],
	[14, 5, 4, 14, 3, 1, 1, 9, 1, 1] => QQFieldElem[3//64, 0, 0, 0, 0, 0, 0, 0, 0, 0, 0, 0, 0, 0, 0, 0],
	[14, 5, 4, 14, 4, 1, 1, 9, 1, 1] => QQFieldElem[-3//64, 0, 0, 0, 0, 0, 0, 0, 0, 0, 0, 0, 0, 0, 0, 0],
	[14, 5, 4, 14, 3, 2, 1, 9, 1, 1] => QQFieldElem[-3//64, 0, 0, 0, 0, 0, 0, 0, 0, 0, 0, 0, 0, 0, 0, 0],
	[14, 5, 4, 14, 5, 1, 1, 9, 1, 1] => QQFieldElem[0, 0, 0, 0, 0, 0, 0, 0, 0, 0, 0, 0, 0, 0, 0, 0],
	[14, 5, 4, 14, 2, 1, 1, 14, 1, 1] => QQFieldElem[0, 0, 0, 0, 0, 0, -2//3, 0, 0, 0, 0, 0, 0, 0, 0, 0],
	[14, 5, 4, 14, 3, 1, 1, 6, 1, 1] => QQFieldElem[0, 0, 0, 0, 0, 0, -8//9, 0, 0, 0, 0, 0, 0, 0, 0, 0],
	[14, 5, 4, 14, 3, 1, 1, 8, 1, 1] => QQFieldElem[-1, 0, 0, 0, 0, 0, 0, 0, 0, 0, 0, 0, 0, 0, 0, 0],
	[14, 5, 4, 14, 4, 1, 1, 6, 1, 1] => QQFieldElem[0, 0, 0, 0, 0, 0, 8//9, 0, 0, 0, 0, 0, 0, 0, 0, 0],
	[14, 5, 4, 14, 4, 1, 1, 8, 1, 1] => QQFieldElem[-1, 0, 0, 0, 0, 0, 0, 0, 0, 0, 0, 0, 0, 0, 0, 0],
	[14, 5, 4, 14, 3, 2, 1, 6, 1, 1] => QQFieldElem[0, 0, 0, 0, 0, 0, -8//9, 0, 0, 0, 0, 0, 0, 0, 0, 0],
	[14, 5, 4, 14, 5, 1, 1, 6, 1, 1] => QQFieldElem[8//3, 0, 0, 0, 0, 0, 0, 0, 0, 0, 0, 0, 0, 0, 0, 0],
	[14, 5, 4, 14, 5, 1, 1, 8, 1, 1] => QQFieldElem[0, 0, 0, 0, 0, 0, 0, 0, 0, 0, 0, 0, 0, 0, 0, 0],
	[14, 5, 4, 14, 2, 1, 1, 7, 1, 1] => QQFieldElem[0, 0, 0, 0, 0, 0, -4//9, 0, 0, 0, 0, 0, 0, 0, 0, 0],
	[14, 5, 4, 14, 3, 2, 1, 8, 1, 1] => QQFieldElem[-1, 0, 0, 0, 0, 0, 0, 0, 0, 0, 0, 0, 0, 0, 0, 0])