Dict(
	[15, 14, 14, 10, 6, 1, 1, 17, 1, 1] => QQFieldElem[0, 0, 0, 0, 0, 0, 0, 0, 0, 9//8, 0, 0, 0, 0, 0, 0],
	[15, 14, 14, 10, 14, 1, 2, 13, 1, 1] => QQFieldElem[1//4, 0, 0, 0, 0, 0, 0, 0, 0, 0, 0, 0, 1//4, 0, 0, 0],
	[15, 14, 14, 10, 14, 1, 1, 13, 1, 1] => QQFieldElem[-1//4, 0, 0, 0, 0, 0, 0, 0, 0, 0, 0, 0, 1//4, 0, 0, 0],
	[15, 14, 14, 10, 9, 1, 1, 17, 1, 1] => QQFieldElem[0, 0, 0, 0, 0, 0, 0, 0, 0, 0, 0, 0, 0, 0, 0, 9//8],
	[15, 14, 14, 10, 14, 1, 2, 15, 1, 1] => QQFieldElem[0, 0, 2//9, 0, 0, 0, 2//9, 0, 0, 0, -2//9, 0, 0, 0, 0, 0],
	[15, 14, 14, 10, 14, 1, 1, 15, 1, 1] => QQFieldElem[0, 0, 2//9, 0, 0, 0, -2//9, 0, 0, 0, -2//9, 0, 0, 0, 0, 0],
	[15, 14, 14, 10, 6, 1, 1, 13, 1, 1] => QQFieldElem[0, 0, 0, 0, 0, 0, 0, 0, 0, -9//8, 0, 0, 0, 0, 0, 0],
	[15, 14, 14, 10, 9, 1, 1, 13, 1, 1] => QQFieldElem[0, 0, 0, 0, 0, 0, 0, 0, 0, 0, 0, 0, 0, 0, 0, 9//8],
	[15, 14, 14, 10, 6, 1, 1, 15, 1, 1] => QQFieldElem[0, 0, 0, 0, 0, 0, 0, 0, 0, 0, 0, 0, 0, 0, 0, 1],
	[15, 14, 14, 10, 9, 1, 1, 15, 1, 1] => QQFieldElem[0, 0, 0, 0, 0, -1, 0, 0, 0, 0, 0, 0, 0, 1, 0, 0],
	[15, 14, 14, 10, 14, 1, 2, 10, 1, 1] => QQFieldElem[-1//4, 0, 0, 0, 0, 0, 0, 0, 0, 0, 0, 0, -1//4, 0, 0, 0],
	[15, 14, 14, 10, 14, 1, 1, 10, 1, 1] => QQFieldElem[1//4, 0, 0, 0, 0, 0, 0, 0, 0, 0, 0, 0, -1//4, 0, 0, 0],
	[15, 14, 14, 10, 6, 1, 1, 10, 1, 1] => QQFieldElem[0, 0, 0, 0, 0, 0, 0, 0, 0, -9//8, 0, 0, 0, 0, 0, 0],
	[15, 14, 14, 10, 9, 1, 1, 10, 1, 1] => QQFieldElem[0, 0, 0, 0, 0, 0, 0, 0, 0, 0, 0, 0, 0, 0, 0, 9//8],
	[15, 14, 14, 10, 14, 1, 2, 17, 1, 1] => QQFieldElem[-1//4, 0, 0, 0, 0, 0, 0, 0, 0, 0, 0, 0, 1//4, 0, 0, 0],
	[15, 14, 14, 10, 14, 1, 1, 17, 1, 1] => QQFieldElem[1//4, 0, 0, 0, 0, 0, 0, 0, 0, 0, 0, 0, 1//4, 0, 0, 0])