Dict(
	[15, 15, 14, 14, 13, 1, 1, 3, 1, 2] => QQFieldElem[0, 0, -27//16, 0, 0, 0, 0, 0, 0, 0, 27//16, 0, 0, 0, 0, 0],
	[15, 15, 14, 14, 12, 1, 1, 5, 1, 1] => QQFieldElem[9//16, 0, 0, 0, 0, 0, 0, 0, 0, 0, 0, 0, 0, 0, 0, 0],
	[15, 15, 14, 14, 12, 1, 1, 3, 1, 1] => QQFieldElem[0, 0, -9//16, 0, 0, 0, -9//16, 0, 0, 0, 9//16, 0, 0, 0, 0, 0],
	[15, 15, 14, 14, 10, 1, 1, 1, 1, 1] => QQFieldElem[0, 0, -1024//9, 1024//9, 0, -1024//9, 1024//9, 0, 0, 1024//9, 1024//9, 0, 1024//9, 1024//9, 0, 1024//9],
	[15, 15, 14, 14, 13, 1, 1, 14, 1, 1] => QQFieldElem[0, 0, 1024//9, -1024//9, 0, 1024//9, -1024//9, 0, 0, -1024//9, -1024//9, 0, -1024//9, -1024//9, 0, -1024//9],
	[15, 15, 14, 14, 10, 1, 1, 5, 1, 1] => QQFieldElem[0, 0, -1024//9, 1024//9, 0, -1024//9, 1024//9, 0, 0, 1024//9, 1024//9, 0, 1024//9, 1024//9, 0, 1024//9],
	[15, 15, 14, 14, 11, 1, 1, 3, 1, 2] => QQFieldElem[0, 0, 0, 0, 0, 0, 0, 0, 0, 0, 0, 0, 0, 0, 0, 0],
	[15, 15, 14, 14, 15, 1, 1, 3, 1, 2] => QQFieldElem[0, 0, 0, 0, 0, 0, 0, 0, 0, 0, 0, 0, 0, 0, 0, 0],
	[15, 15, 14, 14, 10, 1, 1, 3, 1, 1] => QQFieldElem[0, 0, -1024//9, 1024//9, 0, -1024//9, 1024//9, 0, 0, 1024//9, 1024//9, 0, 1024//9, 1024//9, 0, 1024//9],
	[15, 15, 14, 14, 11, 1, 1, 14, 1, 1] => QQFieldElem[9//8, 0, 0, 0, 0, 0, 0, 0, 0, 0, 0, 0, 0, 0, 0, 0],
	[15, 15, 14, 14, 17, 1, 1, 14, 1, 2] => QQFieldElem[0, 0, 0, 0, 0, 0, 0, 0, 0, 0, 0, 0, 0, 0, 0, 0],
	[15, 15, 14, 14, 13, 1, 1, 1, 1, 1] => QQFieldElem[0, 0, 0, 0, 0, 0, 0, 0, 0, 0, 0, 0, 0, 0, 0, 0],
	[15, 15, 14, 14, 15, 1, 1, 14, 1, 1] => QQFieldElem[9//8, 0, 0, 0, 0, 0, 0, 0, 0, 0, 0, 0, 0, 0, 0, 0],
	[15, 15, 14, 14, 13, 1, 1, 5, 1, 1] => QQFieldElem[0, 0, 0, 0, 0, 0, 0, 0, 0, 0, 0, 0, 0, 0, 0, 0],
	[15, 15, 14, 14, 12, 1, 1, 14, 1, 2] => QQFieldElem[0, 0, 0, 0, 0, 0, 0, 0, 0, 0, 0, 0, 0, 0, 0, 0],
	[15, 15, 14, 14, 11, 1, 1, 1, 1, 1] => QQFieldElem[0, 0, 27//16, 0, 0, 0, 0, 0, 0, 0, -27//16, 0, 0, 0, 0, 0],
	[15, 15, 14, 14, 13, 1, 1, 3, 1, 1] => QQFieldElem[0, 0, -1024//9, 1024//9, 0, -1024//9, 1024//9, 0, 0, 1024//9, 1024//9, 0, 1024//9, 1024//9, 0, 1024//9],
	[15, 15, 14, 14, 11, 1, 1, 5, 1, 1] => QQFieldElem[0, 0, 27//16, 0, 0, 0, 0, 0, 0, 0, -27//16, 0, 0, 0, 0, 0],
	[15, 15, 14, 14, 17, 1, 1, 3, 1, 2] => QQFieldElem[1//2, 0, 0, 0, 0, 0, 0, 0, 0, 0, 0, 0, 1//2, 0, 0, 0],
	[15, 15, 14, 14, 15, 1, 1, 1, 1, 1] => QQFieldElem[0, 0, 9//16, 0, 0, 0, -9//16, 0, 0, 0, -9//16, 0, 0, 0, 0, 0],
	[15, 15, 14, 14, 11, 1, 1, 3, 1, 1] => QQFieldElem[9//16, 0, 0, 0, 0, 0, 0, 0, 0, 0, 0, 0, 0, 0, 0, 0],
	[15, 15, 14, 14, 15, 1, 1, 5, 1, 1] => QQFieldElem[0, 0, -9//16, 0, 0, 0, 9//16, 0, 0, 0, 9//16, 0, 0, 0, 0, 0],
	[15, 15, 14, 14, 10, 1, 1, 14, 1, 2] => QQFieldElem[0, 0, 0, 0, 0, 0, 0, 0, 0, 0, 0, 0, 0, 0, 0, 0],
	[15, 15, 14, 14, 17, 1, 1, 14, 1, 1] => QQFieldElem[0, 0, 0, 0, 0, 0, 0, 0, 0, 0, 0, 0, 0, 0, 0, 0],
	[15, 15, 14, 14, 15, 1, 1, 3, 1, 1] => QQFieldElem[9//16, 0, 0, 0, 0, 0, 0, 0, 0, 0, 0, 0, 0, 0, 0, 0],
	[15, 15, 14, 14, 12, 1, 1, 3, 1, 2] => QQFieldElem[-1//2, 0, 0, 0, 0, 0, 0, 0, 0, 0, 0, 0, -1//2, 0, 0, 0],
	[15, 15, 14, 14, 13, 1, 1, 14, 1, 2] => QQFieldElem[0, 0, 0, 0, 0, 0, 0, 0, 0, 0, 0, 0, 0, 0, 0, 0],
	[15, 15, 14, 14, 17, 1, 1, 1, 1, 1] => QQFieldElem[-1//2, 0, 0, 0, 0, 0, 0, 0, 0, 0, 0, 0, 1//2, 0, 0, 0],
	[15, 15, 14, 14, 12, 1, 1, 14, 1, 1] => QQFieldElem[0, 0, 0, 0, 0, 0, 0, 0, 0, 0, 0, 0, 0, 0, 0, 0],
	[15, 15, 14, 14, 10, 1, 1, 3, 1, 2] => QQFieldElem[0, 0, -27//16, 0, 0, 0, 0, 0, 0, 0, 27//16, 0, 0, 0, 0, 0],
	[15, 15, 14, 14, 11, 1, 1, 14, 1, 2] => QQFieldElem[0, 0, 0, 0, 0, 0, 9//8, 0, 0, 0, 0, 0, 0, 0, 0, 0],
	[15, 15, 14, 14, 17, 1, 1, 5, 1, 1] => QQFieldElem[1//2, 0, 0, 0, 0, 0, 0, 0, 0, 0, 0, 0, -1//2, 0, 0, 0],
	[15, 15, 14, 14, 17, 1, 1, 3, 1, 1] => QQFieldElem[0, 0, 9//16, 0, 0, 0, 9//16, 0, 0, 0, -9//16, 0, 0, 0, 0, 0],
	[15, 15, 14, 14, 15, 1, 1, 14, 1, 2] => QQFieldElem[0, 0, 0, 0, 0, 0, -9//8, 0, 0, 0, 0, 0, 0, 0, 0, 0],
	[15, 15, 14, 14, 10, 1, 1, 14, 1, 1] => QQFieldElem[0, 0, 1024//9, -1024//9, 0, 1024//9, -1024//9, 0, 0, -1024//9, -1024//9, 0, -1024//9, -1024//9, 0, -1024//9],
	[15, 15, 14, 14, 12, 1, 1, 1, 1, 1] => QQFieldElem[9//16, 0, 0, 0, 0, 0, 0, 0, 0, 0, 0, 0, 0, 0, 0, 0])