Dict(
	[15, 15, 10, 10, 19, 1, 1, 1, 1, 1] => QQFieldElem[0, 0, 0, 1//6, 0, -1//6, 0, 0, 0, 0, 0, 0, 1//6, 1//6, 0, 0],
	[15, 15, 10, 10, 20, 1, 1, 20, 1, 1] => QQFieldElem[-1//3, 1//3, 1//3, 0, 0, 0, -1//3, -1//3, 2//3, 0, -1//3, 0, 0, 0, 0, 1//3],
	[15, 15, 10, 10, 6, 1, 1, 20, 1, 1] => QQFieldElem[0, 0, -2048//9, 2048//9, 0, -2048//9, 2048//9, 0, 0, 2048//9, 2048//9, 0, 2048//9, 2048//9, 0, 2048//9],
	[15, 15, 10, 10, 9, 1, 1, 20, 1, 1] => QQFieldElem[3//2, 0, 0, 0, 0, 0, 0, 0, 0, 0, 0, 0, 0, 0, 0, 0],
	[15, 15, 10, 10, 19, 1, 1, 3, 1, 1] => QQFieldElem[0, 0, 0, -1//6, 0, 1//6, 0, 0, 0, 0, 0, 0, -1//6, -1//6, 0, 0],
	[15, 15, 10, 10, 21, 1, 1, 14, 1, 1] => QQFieldElem[0, 0, 0, 0, 0, 0, 0, 0, 0, 0, 0, 0, 0, 0, 0, 0],
	[15, 15, 10, 10, 19, 1, 1, 19, 1, 1] => QQFieldElem[0, 0, 1//3, 0, 0, 0, -1//3, 0, 0, -1//3, -1//3, 0, 0, 0, 0, -1//3],
	[15, 15, 10, 10, 19, 1, 1, 21, 1, 1] => QQFieldElem[1//3, 1//3, 0, 0, 0, 0, 0, -1//3, -2//3, 0, 1//3, 0, 0, 0, 1//3, 1//3],
	[15, 15, 10, 10, 14, 1, 1, 14, 1, 1] => QQFieldElem[0, 0, 0, 0, 0, -48, 0, 0, 0, 0, 0, 0, 0, 48, 0, 0],
	[15, 15, 10, 10, 21, 1, 1, 1, 1, 1] => QQFieldElem[0, 0, 0, 0, 0, 0, 0, 0, 0, 0, 0, -1//6, 1//6, -1//6, 0, 0],
	[15, 15, 10, 10, 20, 1, 1, 14, 1, 1] => QQFieldElem[0, 0, 0, 0, 0, 0, 0, 0, 0, 0, 0, 0, 0, 0, 0, 0],
	[15, 15, 10, 10, 21, 1, 1, 3, 1, 1] => QQFieldElem[0, 0, 0, 0, 0, 0, 0, 0, 0, 0, 0, 1//6, -1//6, 1//6, 0, 0],
	[15, 15, 10, 10, 14, 1, 1, 1, 1, 1] => QQFieldElem[0, 0, 0, 0, 0, 24, 0, 0, 0, 0, 0, 0, 0, -24, 0, 0],
	[15, 15, 10, 10, 6, 1, 1, 14, 1, 1] => QQFieldElem[0, 0, 1024//9, -1024//9, 0, 1024//9, -1024//9, 0, 0, -1024//9, -1024//9, 0, -1024//9, -1024//9, 0, -1024//9],
	[15, 15, 10, 10, 21, 1, 1, 19, 1, 1] => QQFieldElem[0, 1//3, -1//3, 0, 0, 0, 1//3, -1//3, 0, 0, 0, 0, 0, 0, -1//3, 1//3],
	[15, 15, 10, 10, 9, 1, 1, 14, 1, 1] => QQFieldElem[3//2, 0, 0, 0, 0, 0, 0, 0, 0, 0, 0, 0, 0, 0, 0, 0],
	[15, 15, 10, 10, 19, 1, 1, 20, 1, 1] => QQFieldElem[-1//3, -1//3, -1//3, 0, 0, 0, 1//3, 1//3, 2//3, 1//3, 0, 0, 0, 0, -1//3, 0],
	[15, 15, 10, 10, 21, 1, 1, 21, 1, 1] => QQFieldElem[1//3, -1//3, 1//3, 0, 0, 0, -1//3, 1//3, -2//3, 1//3, -1//3, 0, 0, 0, 0, 0],
	[15, 15, 10, 10, 14, 1, 1, 3, 1, 1] => QQFieldElem[0, 0, 0, 0, 0, 24, 0, 0, 0, 0, 0, 0, 0, -24, 0, 0],
	[15, 15, 10, 10, 20, 1, 1, 1, 1, 1] => QQFieldElem[0, 0, 0, -1//6, 0, 1//6, 0, 0, 0, 0, 0, 1//6, 1//6, 0, 0, 0],
	[15, 15, 10, 10, 14, 1, 1, 19, 1, 1] => QQFieldElem[0, 0, 0, 0, 0, 0, 0, 0, 0, 0, 0, 0, 0, 0, 0, 0],
	[15, 15, 10, 10, 6, 1, 1, 1, 1, 1] => QQFieldElem[0, 0, 512//9, -512//9, 0, 512//9, -512//9, 0, 0, -512//9, -512//9, 0, -512//9, -512//9, 0, -512//9],
	[15, 15, 10, 10, 9, 1, 1, 1, 1, 1] => QQFieldElem[3//4, 0, 0, 0, 0, 0, 0, 0, 0, 0, 0, 0, 0, 0, 0, 0],
	[15, 15, 10, 10, 14, 1, 1, 21, 1, 1] => QQFieldElem[0, 0, 0, 0, 0, 0, 0, 0, 0, 0, 0, 0, 0, 0, 0, 0],
	[15, 15, 10, 10, 20, 1, 1, 3, 1, 1] => QQFieldElem[0, 0, 0, 1//6, 0, -1//6, 0, 0, 0, 0, 0, -1//6, -1//6, 0, 0, 0],
	[15, 15, 10, 10, 20, 1, 1, 19, 1, 1] => QQFieldElem[0, -1//3, 0, 0, 0, 0, 0, 1//3, 0, 1//3, 1//3, 0, 0, 0, 1//3, 0],
	[15, 15, 10, 10, 6, 1, 1, 3, 1, 1] => QQFieldElem[0, 0, 512//9, -512//9, 0, 512//9, -512//9, 0, 0, -512//9, -512//9, 0, -512//9, -512//9, 0, -512//9],
	[15, 15, 10, 10, 9, 1, 1, 3, 1, 1] => QQFieldElem[3//4, 0, 0, 0, 0, 0, 0, 0, 0, 0, 0, 0, 0, 0, 0, 0],
	[15, 15, 10, 10, 6, 1, 1, 19, 1, 1] => QQFieldElem[0, 0, -2048//9, 2048//9, 0, -2048//9, 2048//9, 0, 0, 2048//9, 2048//9, 0, 2048//9, 2048//9, 0, 2048//9],
	[15, 15, 10, 10, 21, 1, 1, 20, 1, 1] => QQFieldElem[-1//3, 0, 0, 0, 0, 0, 0, 0, 2//3, -1//3, 1//3, 0, 0, 0, 1//3, -1//3],
	[15, 15, 10, 10, 9, 1, 1, 19, 1, 1] => QQFieldElem[3//2, 0, 0, 0, 0, 0, 0, 0, 0, 0, 0, 0, 0, 0, 0, 0],
	[15, 15, 10, 10, 20, 1, 1, 21, 1, 1] => QQFieldElem[1//3, 0, -1//3, 0, 0, 0, 1//3, 0, -2//3, -1//3, 0, 0, 0, 0, -1//3, -1//3],
	[15, 15, 10, 10, 6, 1, 1, 21, 1, 1] => QQFieldElem[0, 0, -2048//9, 2048//9, 0, -2048//9, 2048//9, 0, 0, 2048//9, 2048//9, 0, 2048//9, 2048//9, 0, 2048//9],
	[15, 15, 10, 10, 19, 1, 1, 14, 1, 1] => QQFieldElem[0, 0, 0, 0, 0, 0, 0, 0, 0, 0, 0, 0, 0, 0, 0, 0],
	[15, 15, 10, 10, 9, 1, 1, 21, 1, 1] => QQFieldElem[3//2, 0, 0, 0, 0, 0, 0, 0, 0, 0, 0, 0, 0, 0, 0, 0],
	[15, 15, 10, 10, 14, 1, 1, 20, 1, 1] => QQFieldElem[0, 0, 0, 0, 0, 0, 0, 0, 0, 0, 0, 0, 0, 0, 0, 0])