Dict(
	[15, 16, 17, 18, 21, 1, 1, 5, 1, 1] => QQFieldElem[1//480, 0, -1//480, 0, 0, 0, -1//480, -1//120, 0, 0, -1//240, 1//240, 1//240, 0, -1//480, 1//120],
	[15, 16, 17, 18, 4, 1, 1, 20, 1, 1] => QQFieldElem[-9//3104, 549//1552, 225//3104, 297//776, -99//1552, -369//1552, -1215//3104, 225//776, -27//388, -423//1552, 495//3104, -45//388, 765//3104, 63//388, 225//776, -63//388],
	[15, 16, 17, 18, 21, 1, 1, 19, 1, 1] => QQFieldElem[3//17, -16//51, -4//51, 22//51, -4//17, 4//17, 20//51, -16//51, 2//51, 16//51, -5//17, -8//51, 0, -6//17, 1//51, 4//51],
	[15, 16, 17, 18, 4, 1, 1, 6, 1, 1] => QQFieldElem[9//32, 0, 0, 0, 0, 0, 0, 0, 0, 0, 0, 0, -9//64, 0, 0, 0],
	[15, 16, 17, 18, 5, 1, 1, 8, 1, 1] => QQFieldElem[9//32, 0, 0, 0, 0, 0, 0, 0, 0, 0, 0, 0, 9//64, 0, 0, 0],
	[15, 16, 17, 18, 7, 1, 1, 8, 1, 1] => QQFieldElem[0, 0, 0, 0, 0, 0, 0, 0, 0, 0, 0, 0, 2//3, 0, 0, 0],
	[15, 16, 17, 18, 4, 1, 1, 4, 1, 1] => QQFieldElem[0, 0, 0, 0, 0, 0, 0, 0, 0, 0, 0, 0, 0, 0, 0, 0],
	[15, 16, 17, 18, 21, 1, 1, 8, 1, 1] => QQFieldElem[0, 0, 0, 0, 0, 0, 0, 0, 0, 0, 0, 0, 0, 0, 0, 0],
	[15, 16, 17, 18, 20, 1, 1, 20, 1, 1] => QQFieldElem[-18//97, -34//291, -5//97, 3//97, -22//291, 5//291, 19//291, -34//291, 82//291, 7//97, 26//291, 10//97, -64//291, -43//291, -25//291, -9//97],
	[15, 16, 17, 18, 19, 1, 1, 5, 1, 1] => QQFieldElem[1//480, 0, -1//480, -1//240, 0, 0, 1//160, 0, 0, 0, 1//480, 0, 1//240, 0, 0, -1//120],
	[15, 16, 17, 18, 9, 1, 1, 20, 1, 1] => QQFieldElem[0, 0, 0, 0, 0, 0, 0, 0, 0, 0, 0, 0, 0, 0, 0, 0],
	[15, 16, 17, 18, 20, 1, 1, 6, 1, 1] => QQFieldElem[0, 0, 0, 0, 0, 0, 0, 0, 0, 0, 0, 0, 0, 0, 0, 0],
	[15, 16, 17, 18, 19, 1, 1, 19, 1, 1] => QQFieldElem[4//51, 0, -11//51, -2//17, 0, -2//17, -5//51, 0, 0, 2//51, 11//51, 0, -4//17, 2//17, 0, 14//51],
	[15, 16, 17, 18, 5, 1, 1, 21, 1, 1] => QQFieldElem[747//3104, 423//1552, -675//3104, -225//776, 27//1552, 63//388, 9//3104, 207//776, -9//97, 63//776, 387//3104, 63//388, -333//3104, 117//1552, 279//776, -297//776],
	[15, 16, 17, 18, 9, 1, 1, 6, 1, 1] => QQFieldElem[0, 0, 0, 0, 0, 0, 0, 0, 0, 0, 0, 0, 1//2, 0, 0, 0],
	[15, 16, 17, 18, 7, 1, 1, 21, 1, 1] => QQFieldElem[0, 0, 0, 0, 0, 0, 0, 0, 0, 0, 0, 0, 0, 0, 0, 0],
	[15, 16, 17, 18, 20, 1, 1, 4, 1, 1] => QQFieldElem[1//480, 0, -1//240, 1//240, 0, 0, 1//240, -1//120, 0, 0, 1//480, -1//240, -1//240, 0, -1//160, 0],
	[15, 16, 17, 18, 21, 1, 1, 21, 1, 1] => QQFieldElem[28//291, 34//291, -26//291, 13//97, 22//291, 43//291, -2//97, 34//291, -82//291, -13//291, 5//97, -10//97, -86//291, -5//291, 25//291, -61//291],
	[15, 16, 17, 18, 9, 1, 1, 4, 1, 1] => QQFieldElem[1//40, 0, 0, 0, 0, 0, 0, 0, 0, 0, 0, 0, 1//80, 0, 0, 0],
	[15, 16, 17, 18, 19, 1, 1, 8, 1, 1] => QQFieldElem[0, 0, 0, 0, 0, 0, 0, 0, 0, 0, 0, 0, 0, 0, 0, 0],
	[15, 16, 17, 18, 4, 1, 1, 5, 1, 1] => QQFieldElem[0, 0, 0, 0, 0, 0, 0, 0, 0, 0, 0, 0, 0, 0, 0, 0],
	[15, 16, 17, 18, 4, 1, 1, 19, 1, 1] => QQFieldElem[99//272, 0, 27//272, 9//68, 0, 27//136, 99//272, 0, 0, 27//68, -27//272, 0, 9//136, -27//136, 0, -27//68],
	[15, 16, 17, 18, 19, 1, 1, 21, 1, 1] => QQFieldElem[-81//194, -24//97, -137//582, 130//291, 94//291, 55//291, -19//582, -37//97, 79//291, 79//291, 173//582, -23//291, -205//582, -83//291, -64//291, 25//291],
	[15, 16, 17, 18, 5, 1, 1, 20, 1, 1] => QQFieldElem[459//3104, -423//1552, -387//3104, -99//776, -27//1552, -117//1552, 1125//3104, -207//776, 9//97, 549//1552, 675//3104, -63//388, -279//3104, -63//388, -279//776, -45//388],
	[15, 16, 17, 18, 4, 1, 1, 8, 1, 1] => QQFieldElem[9//32, 0, 0, 0, 0, 0, 0, 0, 0, 0, 0, 0, -9//64, 0, 0, 0],
	[15, 16, 17, 18, 7, 1, 1, 20, 1, 1] => QQFieldElem[0, 0, 0, 0, 0, 0, 0, 0, 0, 0, 0, 0, 0, 0, 0, 0],
	[15, 16, 17, 18, 5, 1, 1, 6, 1, 1] => QQFieldElem[9//32, 0, 0, 0, 0, 0, 0, 0, 0, 0, 0, 0, 9//64, 0, 0, 0],
	[15, 16, 17, 18, 20, 1, 1, 5, 1, 1] => QQFieldElem[1//480, 0, 1//240, 1//240, 0, 0, -1//240, 1//120, 0, 0, 1//480, -1//240, 1//240, 0, 1//480, 0],
	[15, 16, 17, 18, 7, 1, 1, 6, 1, 1] => QQFieldElem[0, 0, 0, 0, 0, 0, 0, 0, 0, 0, 0, 0, -2//3, 0, 0, 0],
	[15, 16, 17, 18, 9, 1, 1, 5, 1, 1] => QQFieldElem[1//40, 0, 0, 0, 0, 0, 0, 0, 0, 0, 0, 0, -1//80, 0, 0, 0],
	[15, 16, 17, 18, 20, 1, 1, 19, 1, 1] => QQFieldElem[11//51, 16//51, 5//17, 14//51, 4//17, 6//17, 7//17, 16//51, -2//51, 0, 4//51, 8//51, -4//17, -4//17, -1//51, -4//17],
	[15, 16, 17, 18, 21, 1, 1, 20, 1, 1] => QQFieldElem[59//291, -14//291, 4//291, 130//291, 44//291, 32//291, -64//291, 10//291, -22//97, -40//291, -22//97, 34//291, -61//291, -22//291, 30//97, 68//291],
	[15, 16, 17, 18, 9, 1, 1, 19, 1, 1] => QQFieldElem[0, 0, 0, 0, 0, 0, 0, 0, 0, 0, 0, 0, 0, 0, 0, 0],
	[15, 16, 17, 18, 21, 1, 1, 6, 1, 1] => QQFieldElem[0, 0, 0, 0, 0, 0, 0, 0, 0, 0, 0, 0, 0, 0, 0, 0],
	[15, 16, 17, 18, 5, 1, 1, 4, 1, 1] => QQFieldElem[0, 0, 0, 0, 0, 0, 0, 0, 0, 0, 0, 0, 0, 0, 0, 0],
	[15, 16, 17, 18, 7, 1, 1, 4, 1, 1] => QQFieldElem[1//30, 0, 0, 0, 0, 0, 0, 0, 0, 0, 0, 0, 1//60, 0, 0, 0],
	[15, 16, 17, 18, 4, 1, 1, 21, 1, 1] => QQFieldElem[-225//3104, -549//1552, -495//3104, 207//776, 99//1552, -63//388, -315//3104, -225//776, 27//388, 63//776, -225//3104, 45//388, 567//3104, 369//1552, -225//776, 99//776],
	[15, 16, 17, 18, 20, 1, 1, 8, 1, 1] => QQFieldElem[0, 0, 0, 0, 0, 0, 0, 0, 0, 0, 0, 0, 0, 0, 0, 0],
	[15, 16, 17, 18, 9, 1, 1, 8, 1, 1] => QQFieldElem[0, 0, 0, 0, 0, 0, 0, 0, 0, 0, 0, 0, -1//2, 0, 0, 0],
	[15, 16, 17, 18, 21, 1, 1, 4, 1, 1] => QQFieldElem[1//480, 0, -1//480, 0, 0, 0, -1//480, 1//120, 0, 0, 1//240, 1//240, -1//240, 0, 1//160, -1//120],
	[15, 16, 17, 18, 19, 1, 1, 20, 1, 1] => QQFieldElem[-85//582, 24//97, -173//582, 107//291, -94//291, 83//291, -49//194, 37//97, -79//291, 7//291, 137//582, 23//291, -17//582, -55//291, 64//291, -86//291],
	[15, 16, 17, 18, 19, 1, 1, 6, 1, 1] => QQFieldElem[0, 0, 0, 0, 0, 0, 0, 0, 0, 0, 0, 0, 0, 0, 0, 0],
	[15, 16, 17, 18, 20, 1, 1, 21, 1, 1] => QQFieldElem[-7//291, 14//291, 22//97, 164//291, -44//291, 22//291, 26//291, -10//291, 22//97, -18//97, -4//291, -34//291, -17//291, -32//291, -30//97, 26//97],
	[15, 16, 17, 18, 9, 1, 1, 21, 1, 1] => QQFieldElem[0, 0, 0, 0, 0, 0, 0, 0, 0, 0, 0, 0, 0, 0, 0, 0],
	[15, 16, 17, 18, 19, 1, 1, 4, 1, 1] => QQFieldElem[1//480, 0, 1//160, -1//240, 0, 0, -1//480, 0, 0, 0, -1//160, 0, -1//240, 0, 0, 1//120],
	[15, 16, 17, 18, 5, 1, 1, 5, 1, 1] => QQFieldElem[0, 0, 0, 0, 0, 0, 0, 0, 0, 0, 0, 0, 0, 0, 0, 0],
	[15, 16, 17, 18, 7, 1, 1, 5, 1, 1] => QQFieldElem[1//30, 0, 0, 0, 0, 0, 0, 0, 0, 0, 0, 0, -1//60, 0, 0, 0],
	[15, 16, 17, 18, 5, 1, 1, 19, 1, 1] => QQFieldElem[-45//272, 0, 63//272, -27//68, 0, 27//136, -81//272, 0, 0, -27//68, -63//272, 0, -45//136, -27//136, 0, 9//68],
	[15, 16, 17, 18, 7, 1, 1, 19, 1, 1] => QQFieldElem[0, 0, 0, 0, 0, 0, 0, 0, 0, 0, 0, 0, 0, 0, 0, 0])