Dict(
	[15, 18, 10, 13, 19, 1, 1, 20, 1, 1] => QQFieldElem[0, 1//3, -1//3, 1//3, 0, 0, 1//3, 0, 0, -1//3, 0, -1//3, -1//3, 0, -1//3, 0],
	[15, 18, 10, 13, 14, 1, 1, 5, 1, 1] => QQFieldElem[0, 0, 0, 0, 0, 0, 0, 0, 0, 0, 0, 0, 0, 0, 0, 0],
	[15, 18, 10, 13, 21, 1, 1, 19, 1, 1] => QQFieldElem[0, -1//3, -1//3, 0, 0, 0, 1//3, 0, 0, 0, 0, 1//3, 2//3, 0, -1//3, 0],
	[15, 18, 10, 13, 21, 1, 1, 21, 1, 1] => QQFieldElem[0, 1//3, 1//3, 1//3, 0, 0, -1//3, 0, 0, -1//3, -1//3, -1//3, -1//3, 0, 0, 0],
	[15, 18, 10, 13, 14, 1, 1, 19, 1, 1] => QQFieldElem[1, 0, 0, 0, 0, 0, 0, 0, 0, 0, 0, 0, 2, 0, 0, 0],
	[15, 18, 10, 13, 20, 1, 1, 5, 1, 1] => QQFieldElem[0, 0, 0, 0, 0, -1//3, 0, -1//3, 0, 0, 0, 0, 1//3, 0, 0, 0],
	[15, 18, 10, 13, 14, 1, 1, 21, 1, 1] => QQFieldElem[1, 0, 0, 0, 0, 0, 0, 0, 0, 0, 0, 0, 2, 0, 0, 0],
	[15, 18, 10, 13, 20, 1, 1, 19, 1, 1] => QQFieldElem[0, 1//3, 0, 1//3, 0, 0, 0, 0, 0, -1//3, 1//3, -1//3, 2//3, 0, 1//3, 0],
	[15, 18, 10, 13, 20, 1, 1, 21, 1, 1] => QQFieldElem[0, 0, -1//3, -1//3, 0, 0, 1//3, 0, 0, 1//3, 0, 0, -1//3, 0, -1//3, 0],
	[15, 18, 10, 13, 21, 1, 1, 20, 1, 1] => QQFieldElem[0, 0, 0, -1//3, 0, 0, 0, 0, 0, 1//3, 1//3, 0, -1//3, 0, 1//3, 0],
	[15, 18, 10, 13, 14, 1, 1, 20, 1, 1] => QQFieldElem[1, 0, 0, 0, 0, 0, 0, 0, 0, 0, 0, 0, 2, 0, 0, 0],
	[15, 18, 10, 13, 20, 1, 1, 20, 1, 1] => QQFieldElem[0, -1//3, 1//3, 0, 0, 0, -1//3, 0, 0, 0, -1//3, 1//3, -1//3, 0, 0, 0],
	[15, 18, 10, 13, 19, 1, 1, 5, 1, 1] => QQFieldElem[0, 0, 0, 0, 0, 1//3, 0, 0, 0, 0, 0, 0, 1//3, -1//3, 0, 1//3],
	[15, 18, 10, 13, 19, 1, 1, 19, 1, 1] => QQFieldElem[0, 0, 1//3, -1//3, 0, 0, -1//3, 0, 0, 1//3, -1//3, 0, 2//3, 0, 0, 0],
	[15, 18, 10, 13, 19, 1, 1, 21, 1, 1] => QQFieldElem[0, -1//3, 0, 0, 0, 0, 0, 0, 0, 0, 1//3, 1//3, -1//3, 0, 1//3, 0],
	[15, 18, 10, 13, 21, 1, 1, 5, 1, 1] => QQFieldElem[0, 0, 0, 0, 0, 0, 0, 1//3, 0, 0, 0, 0, 1//3, 1//3, 0, -1//3])