Dict(
	[15, 16, 15, 16, 6, 1, 1, 6, 1, 1] => QQFieldElem[0, 0, 0, 0, 0, 0, 0, 0, 0, 0, 0, 0, -2//3, 0, 0, 0],
	[15, 16, 15, 16, 19, 1, 1, 21, 1, 1] => QQFieldElem[85//582, 23//291, -19//582, 79//291, -94//291, 86//291, -137//582, -28//291, 79//291, -130//291, 49//194, -24//97, -17//582, 25//291, -6//97, 83//291],
	[15, 16, 15, 16, 8, 1, 1, 21, 1, 1] => QQFieldElem[0, 0, 0, 0, 0, 0, 0, 0, 0, 0, 0, 0, 0, 0, 0, 0],
	[15, 16, 15, 16, 5, 1, 1, 20, 1, 1] => QQFieldElem[-225//3104, -45//388, 1215//3104, 423//1552, -99//1552, 99//776, -225//3104, 117//1552, 27//388, 297//776, -315//3104, -549//1552, -567//3104, 63//388, 45//194, 63//388],
	[15, 16, 15, 16, 4, 1, 1, 8, 1, 1] => QQFieldElem[9//32, 0, 0, 0, 0, 0, 0, 0, 0, 0, 0, 0, -9//64, 0, 0, 0],
	[15, 16, 15, 16, 5, 1, 1, 6, 1, 1] => QQFieldElem[9//32, 0, 0, 0, 0, 0, 0, 0, 0, 0, 0, 0, 9//64, 0, 0, 0],
	[15, 16, 15, 16, 6, 1, 1, 4, 1, 1] => QQFieldElem[1//30, 0, 0, 0, 0, 0, 0, 0, 0, 0, 0, 0, -1//60, 0, 0, 0],
	[15, 16, 15, 16, 20, 1, 1, 5, 1, 1] => QQFieldElem[1//480, -1//240, 1//240, 0, 0, 1//120, -1//240, 0, 0, 1//240, -1//480, 0, -1//240, 0, 1//160, 0],
	[15, 16, 15, 16, 20, 1, 1, 19, 1, 1] => QQFieldElem[-3//17, -8//51, 7//17, 0, -4//17, -4//51, 5//17, 2//17, -2//51, -14//51, -20//51, 16//51, 0, -4//17, -19//51, 4//17],
	[15, 16, 15, 16, 21, 1, 1, 20, 1, 1] => QQFieldElem[7//291, -34//291, -64//291, -40//291, -44//291, -26//97, 4//291, 10//291, -22//97, -130//291, -26//291, -14//291, -17//291, 68//291, 62//291, 22//291],
	[15, 16, 15, 16, 5, 1, 1, 4, 1, 1] => QQFieldElem[0, 0, 0, 0, 0, 0, 0, 0, 0, 0, 0, 0, 0, 0, 0, 0],
	[15, 16, 15, 16, 21, 1, 1, 6, 1, 1] => QQFieldElem[0, 0, 0, 0, 0, 0, 0, 0, 0, 0, 0, 0, 0, 0, 0, 0],
	[15, 16, 15, 16, 4, 1, 1, 21, 1, 1] => QQFieldElem[459//3104, 63//388, -9//3104, -63//776, 27//1552, -45//388, 675//3104, -369//1552, 9//97, -225//776, 1125//3104, -423//1552, 279//3104, 297//776, -9//97, 117//1552],
	[15, 16, 15, 16, 20, 1, 1, 8, 1, 1] => QQFieldElem[0, 0, 0, 0, 0, 0, 0, 0, 0, 0, 0, 0, 0, 0, 0, 0],
	[15, 16, 15, 16, 21, 1, 1, 4, 1, 1] => QQFieldElem[1//480, 1//240, 1//480, 0, 0, 0, 1//480, 0, 0, 0, 1//240, 0, 1//240, 1//120, 1//480, 0],
	[15, 16, 15, 16, 19, 1, 1, 20, 1, 1] => QQFieldElem[81//194, -23//291, -49//194, 7//291, 94//291, -25//291, -173//582, 28//291, -79//291, -107//291, 19//582, 24//97, -205//582, -86//291, 6//97, 55//291],
	[15, 16, 15, 16, 19, 1, 1, 6, 1, 1] => QQFieldElem[0, 0, 0, 0, 0, 0, 0, 0, 0, 0, 0, 0, 0, 0, 0, 0],
	[15, 16, 15, 16, 8, 1, 1, 20, 1, 1] => QQFieldElem[0, 0, 0, 0, 0, 0, 0, 0, 0, 0, 0, 0, 0, 0, 0, 0],
	[15, 16, 15, 16, 6, 1, 1, 5, 1, 1] => QQFieldElem[1//30, 0, 0, 0, 0, 0, 0, 0, 0, 0, 0, 0, 1//60, 0, 0, 0],
	[15, 16, 15, 16, 8, 1, 1, 6, 1, 1] => QQFieldElem[0, 0, 0, 0, 0, 0, 0, 0, 0, 0, 0, 0, 1//2, 0, 0, 0],
	[15, 16, 15, 16, 6, 1, 1, 19, 1, 1] => QQFieldElem[0, 0, 0, 0, 0, 0, 0, 0, 0, 0, 0, 0, 0, 0, 0, 0],
	[15, 16, 15, 16, 20, 1, 1, 21, 1, 1] => QQFieldElem[-59//291, 34//291, 26//291, -18//97, 44//291, -68//291, 22//97, -10//291, 22//97, -164//291, 64//291, 14//291, -61//291, 26//97, -62//291, 32//291],
	[15, 16, 15, 16, 19, 1, 1, 4, 1, 1] => QQFieldElem[1//480, 0, 1//480, 0, 0, 1//120, -1//160, 0, 0, -1//240, -1//480, 0, 1//240, -1//120, 0, 0],
	[15, 16, 15, 16, 5, 1, 1, 5, 1, 1] => QQFieldElem[0, 0, 0, 0, 0, 0, 0, 0, 0, 0, 0, 0, 0, 0, 0, 0],
	[15, 16, 15, 16, 5, 1, 1, 19, 1, 1] => QQFieldElem[99//272, 0, -99//272, -27//68, 0, -27//68, -27//272, 0, 0, 9//68, 99//272, 0, -9//136, 27//68, 0, -27//136],
	[15, 16, 15, 16, 8, 1, 1, 4, 1, 1] => QQFieldElem[1//40, 0, 0, 0, 0, 0, 0, 0, 0, 0, 0, 0, -1//80, 0, 0, 0],
	[15, 16, 15, 16, 6, 1, 1, 8, 1, 1] => QQFieldElem[0, 0, 0, 0, 0, 0, 0, 0, 0, 0, 0, 0, 2//3, 0, 0, 0],
	[15, 16, 15, 16, 21, 1, 1, 5, 1, 1] => QQFieldElem[1//480, 1//240, 1//480, 0, 0, 0, 1//480, 0, 0, 0, -1//240, 0, -1//240, -1//120, -1//160, 0],
	[15, 16, 15, 16, 4, 1, 1, 20, 1, 1] => QQFieldElem[747//3104, -63//388, -1125//3104, -549//1552, -27//1552, -297//776, 387//3104, 369//1552, -9//97, -99//776, 9//3104, 423//1552, 333//3104, 45//388, 9//97, -63//388],
	[15, 16, 15, 16, 21, 1, 1, 19, 1, 1] => QQFieldElem[-11//51, 8//51, 20//51, 16//51, 4//17, 4//17, -4//51, -2//17, 2//51, -22//51, -7//17, -16//51, -4//17, 4//51, 19//51, 6//17],
	[15, 16, 15, 16, 4, 1, 1, 6, 1, 1] => QQFieldElem[9//32, 0, 0, 0, 0, 0, 0, 0, 0, 0, 0, 0, -9//64, 0, 0, 0],
	[15, 16, 15, 16, 5, 1, 1, 8, 1, 1] => QQFieldElem[9//32, 0, 0, 0, 0, 0, 0, 0, 0, 0, 0, 0, 9//64, 0, 0, 0],
	[15, 16, 15, 16, 6, 1, 1, 21, 1, 1] => QQFieldElem[0, 0, 0, 0, 0, 0, 0, 0, 0, 0, 0, 0, 0, 0, 0, 0],
	[15, 16, 15, 16, 4, 1, 1, 4, 1, 1] => QQFieldElem[0, 0, 0, 0, 0, 0, 0, 0, 0, 0, 0, 0, 0, 0, 0, 0],
	[15, 16, 15, 16, 21, 1, 1, 8, 1, 1] => QQFieldElem[0, 0, 0, 0, 0, 0, 0, 0, 0, 0, 0, 0, 0, 0, 0, 0],
	[15, 16, 15, 16, 20, 1, 1, 20, 1, 1] => QQFieldElem[-28//291, -10//97, 19//291, 7//97, 22//291, 61//291, -5//97, -38//291, 82//291, -3//97, 2//97, -34//291, -86//291, -9//97, -11//291, 43//291],
	[15, 16, 15, 16, 19, 1, 1, 5, 1, 1] => QQFieldElem[1//480, 0, -1//160, 0, 0, -1//120, 1//480, 0, 0, -1//240, 1//160, 0, -1//240, 1//120, 0, 0],
	[15, 16, 15, 16, 20, 1, 1, 6, 1, 1] => QQFieldElem[0, 0, 0, 0, 0, 0, 0, 0, 0, 0, 0, 0, 0, 0, 0, 0],
	[15, 16, 15, 16, 19, 1, 1, 19, 1, 1] => QQFieldElem[-4//51, 0, -5//51, 2//51, 0, -14//51, -11//51, 0, 0, 2//17, 5//51, 0, -4//17, 14//51, 0, -2//17],
	[15, 16, 15, 16, 5, 1, 1, 21, 1, 1] => QQFieldElem[-9//3104, 45//388, 315//3104, -63//776, 99//1552, -63//388, 495//3104, -117//1552, -27//388, 207//776, -1215//3104, 549//1552, -765//3104, -99//776, -45//194, 369//1552],
	[15, 16, 15, 16, 8, 1, 1, 5, 1, 1] => QQFieldElem[1//40, 0, 0, 0, 0, 0, 0, 0, 0, 0, 0, 0, 1//80, 0, 0, 0],
	[15, 16, 15, 16, 8, 1, 1, 19, 1, 1] => QQFieldElem[0, 0, 0, 0, 0, 0, 0, 0, 0, 0, 0, 0, 0, 0, 0, 0],
	[15, 16, 15, 16, 20, 1, 1, 4, 1, 1] => QQFieldElem[1//480, -1//240, -1//240, 0, 0, -1//120, 1//240, 0, 0, 1//240, -1//480, 0, 1//240, 0, -1//480, 0],
	[15, 16, 15, 16, 21, 1, 1, 21, 1, 1] => QQFieldElem[18//97, 10//97, -2//97, -13//291, -22//291, 9//97, -26//291, 38//291, -82//291, -13//97, -19//291, 34//291, -64//291, -61//291, 11//291, 5//291],
	[15, 16, 15, 16, 19, 1, 1, 8, 1, 1] => QQFieldElem[0, 0, 0, 0, 0, 0, 0, 0, 0, 0, 0, 0, 0, 0, 0, 0],
	[15, 16, 15, 16, 8, 1, 1, 8, 1, 1] => QQFieldElem[0, 0, 0, 0, 0, 0, 0, 0, 0, 0, 0, 0, -1//2, 0, 0, 0],
	[15, 16, 15, 16, 4, 1, 1, 5, 1, 1] => QQFieldElem[0, 0, 0, 0, 0, 0, 0, 0, 0, 0, 0, 0, 0, 0, 0, 0],
	[15, 16, 15, 16, 4, 1, 1, 19, 1, 1] => QQFieldElem[-45//272, 0, 81//272, 27//68, 0, 9//68, -63//272, 0, 0, -27//68, -81//272, 0, 45//136, -9//68, 0, -27//136],
	[15, 16, 15, 16, 6, 1, 1, 20, 1, 1] => QQFieldElem[0, 0, 0, 0, 0, 0, 0, 0, 0, 0, 0, 0, 0, 0, 0, 0])