Dict(
	[15, 13, 14, 14, 10, 1, 1, 14, 1, 2] => QQFieldElem[1//2, 0, 0, 0, 0, 0, 0, 0, 0, 0, 0, 0, -1//2, 0, 0, 0],
	[15, 13, 14, 14, 13, 1, 1, 9, 1, 1] => QQFieldElem[0, 0, 0, 0, 0, 0, 0, 0, 0, 0, 0, 0, 0, 0, 0, 1//9],
	[15, 13, 14, 14, 17, 1, 1, 14, 1, 1] => QQFieldElem[0, 0, -9//16, 0, 0, 0, 9//16, 0, 0, 0, 9//16, 0, 0, 0, 0, 0],
	[15, 13, 14, 14, 10, 1, 1, 6, 1, 1] => QQFieldElem[0, 0, 0, 0, 0, 0, 0, 0, 0, 8//27, 0, 0, 0, 0, 0, 0],
	[15, 13, 14, 14, 13, 1, 1, 14, 1, 2] => QQFieldElem[-1//2, 0, 0, 0, 0, 0, 0, 0, 0, 0, 0, 0, -1//2, 0, 0, 0],
	[15, 13, 14, 14, 15, 1, 1, 9, 1, 1] => QQFieldElem[0, 0, 0, 0, 0, 0, 0, 0, 0, 1//8, 0, 0, 0, 0, 0, 0],
	[15, 13, 14, 14, 13, 1, 1, 6, 1, 1] => QQFieldElem[0, 0, 0, 0, 0, 0, 0, 0, 0, 2//9, 0, 0, 0, 0, 0, 0],
	[15, 13, 14, 14, 15, 1, 1, 14, 1, 2] => QQFieldElem[-1//2, 0, 0, 0, 0, 0, 0, 0, 0, 0, 0, 0, -1//2, 0, 0, 0],
	[15, 13, 14, 14, 10, 1, 1, 14, 1, 1] => QQFieldElem[-2//3, 0, 0, 0, 0, 0, 0, 0, 0, 0, 0, 0, 2//3, 0, 0, 0],
	[15, 13, 14, 14, 17, 1, 1, 9, 1, 1] => QQFieldElem[0, 0, 0, 0, 0, 0, 0, 0, 0, 0, 0, 0, 0, 0, 0, 1//9],
	[15, 13, 14, 14, 15, 1, 1, 6, 1, 1] => QQFieldElem[0, 0, 0, -1//4, 0, 0, 0, 0, 0, 0, 0, 0, 0, 0, 0, 0],
	[15, 13, 14, 14, 13, 1, 1, 14, 1, 1] => QQFieldElem[0, 0, 9//16, 0, 0, 0, 9//16, 0, 0, 0, -9//16, 0, 0, 0, 0, 0],
	[15, 13, 14, 14, 17, 1, 1, 14, 1, 2] => QQFieldElem[1//2, 0, 0, 0, 0, 0, 0, 0, 0, 0, 0, 0, -1//2, 0, 0, 0],
	[15, 13, 14, 14, 15, 1, 1, 14, 1, 1] => QQFieldElem[2//3, 0, 0, 0, 0, 0, 0, 0, 0, 0, 0, 0, 2//3, 0, 0, 0],
	[15, 13, 14, 14, 17, 1, 1, 6, 1, 1] => QQFieldElem[0, 0, 0, 0, 0, 0, 0, 0, 0, -2//9, 0, 0, 0, 0, 0, 0],
	[15, 13, 14, 14, 10, 1, 1, 9, 1, 1] => QQFieldElem[0, 0, 0, 0, 0, 0, 0, 0, 0, 0, 0, 0, 0, 0, 0, 4//27])