Dict(
	[15, 20, 15, 14, 15, 1, 1, 17, 1, 1] => QQFieldElem[0, 0, 0, 0, 0, 0, 0, 0, 0, 0, 0, 0, 0, 0, 0, 0],
	[15, 20, 15, 14, 13, 1, 1, 13, 1, 1] => QQFieldElem[0, 0, 0, 0, 0, 0, 0, 0, 0, 0, 0, 0, 0, 0, 0, 0],
	[15, 20, 15, 14, 11, 1, 1, 11, 1, 1] => QQFieldElem[0, 0, 0, 0, 0, 0, 0, 0, 0, 0, 0, 0, 0, 0, 0, 0],
	[15, 20, 15, 14, 17, 1, 1, 10, 1, 1] => QQFieldElem[-1//4, -1//4, 0, 0, 0, 1//4, 1//4, 0, 0, 1//4, 1//4, 0, 1//4, 0, -1//4, 0],
	[15, 20, 15, 14, 10, 1, 1, 12, 1, 1] => QQFieldElem[0, 0, 0, 0, 0, 0, 0, 0, 0, 0, -2//3, 0, 0, 0, 0, 0],
	[15, 20, 15, 14, 11, 1, 1, 13, 1, 1] => QQFieldElem[0, 0, 0, 0, 0, 0, 0, 0, 0, 0, -1//2, 0, 0, 0, 0, 0],
	[15, 20, 15, 14, 15, 1, 1, 11, 1, 1] => QQFieldElem[1//4, 1//4, 0, 0, 0, -1//4, 1//4, 0, 0, -1//4, 1//4, 0, -1//4, 0, -1//4, 0],
	[15, 20, 15, 14, 13, 1, 1, 15, 1, 1] => QQFieldElem[-7//46, -9//46, 1//46, 4//23, -1//46, -9//46, 7//46, -5//46, -1//23, 6//23, -5//46, -2//23, -2//23, -3//46, -9//46, 5//46],
	[15, 20, 15, 14, 15, 1, 1, 13, 1, 1] => QQFieldElem[-1//4, -1//4, 0, 0, 0, -1//4, 1//4, 0, 0, 1//4, -1//4, 0, -1//4, 0, -1//4, 0],
	[15, 20, 15, 14, 12, 1, 1, 10, 1, 1] => QQFieldElem[0, 0, 0, 0, 0, 0, 0, 0, 0, 0, -2//3, 0, 0, 0, 0, 0],
	[15, 20, 15, 14, 13, 1, 1, 12, 1, 1] => QQFieldElem[0, 0, 0, 0, 0, 0, 0, 0, 0, 0, -1//2, 0, 0, 0, 0, 0],
	[15, 20, 15, 14, 11, 1, 1, 15, 1, 1] => QQFieldElem[5//46, 6//23, 1//23, 0, 1//23, -6//23, 5//46, 2//23, -1//46, -9//46, 7//46, -5//46, -9//46, 3//46, -2//23, 2//23],
	[15, 20, 15, 14, 17, 1, 1, 17, 1, 1] => QQFieldElem[0, 0, 0, 0, 0, 0, 0, 0, 0, 0, 0, 0, 0, 0, 0, 0],
	[15, 20, 15, 14, 11, 1, 1, 12, 1, 1] => QQFieldElem[0, 0, 0, 0, 0, 0, 0, 0, 0, 0, 0, 0, 0, 0, 0, 0],
	[15, 20, 15, 14, 15, 1, 1, 15, 1, 1] => QQFieldElem[0, 0, 0, 0, 0, 0, 0, 0, 0, 0, 0, 0, 0, 0, 0, 0],
	[15, 20, 15, 14, 10, 1, 1, 10, 1, 1] => QQFieldElem[0, 0, 0, 0, 0, 0, 0, 0, 0, 0, 0, 0, 0, 0, 0, 0],
	[15, 20, 15, 14, 17, 1, 1, 11, 1, 1] => QQFieldElem[-1//4, -1//4, 0, 0, 0, -1//4, -1//4, 0, 0, 1//4, 1//4, 0, -1//4, 0, 1//4, 0],
	[15, 20, 15, 14, 15, 1, 1, 12, 1, 1] => QQFieldElem[-1//4, -1//4, 0, 0, 0, 1//4, -1//4, 0, 0, 1//4, -1//4, 0, 1//4, 0, 1//4, 0],
	[15, 20, 15, 14, 12, 1, 1, 17, 1, 1] => QQFieldElem[2//3, -2//3, 2//3, 0, 2//3, -2//3, 2//3, -2//3, 0, 0, -2//3, 0, 0, 2//3, -2//3, 2//3],
	[15, 20, 15, 14, 17, 1, 1, 13, 1, 1] => QQFieldElem[1//4, 1//4, 0, 0, 0, -1//4, -1//4, 0, 0, -1//4, -1//4, 0, -1//4, 0, 1//4, 0],
	[15, 20, 15, 14, 13, 1, 1, 10, 1, 1] => QQFieldElem[0, 0, 0, 0, 0, 0, 0, 0, 0, 0, 0, 0, 0, 0, 0, 0],
	[15, 20, 15, 14, 12, 1, 1, 11, 1, 1] => QQFieldElem[0, 0, 0, 0, 0, 0, 0, 0, 0, 0, 0, 0, 0, 0, 0, 0],
	[15, 20, 15, 14, 10, 1, 1, 17, 1, 1] => QQFieldElem[-2//3, 0, 0, 0, 0, 0, 2//3, 0, 2//3, -2//3, 2//3, -2//3, 2//3, -2//3, 0, 0],
	[15, 20, 15, 14, 17, 1, 1, 15, 1, 1] => QQFieldElem[0, 0, 0, 0, 0, 0, 0, 0, 0, 0, 0, 0, 0, 0, 0, 0],
	[15, 20, 15, 14, 11, 1, 1, 10, 1, 1] => QQFieldElem[0, 0, 0, 0, 0, 0, 0, 0, 0, 0, -1//2, 0, 0, 0, 0, 0],
	[15, 20, 15, 14, 12, 1, 1, 13, 1, 1] => QQFieldElem[0, 0, 0, 0, 0, 0, 0, 0, 0, 0, -2//3, 0, 0, 0, 0, 0],
	[15, 20, 15, 14, 17, 1, 1, 12, 1, 1] => QQFieldElem[1//4, 1//4, 0, 0, 0, 1//4, 1//4, 0, 0, -1//4, -1//4, 0, 1//4, 0, -1//4, 0],
	[15, 20, 15, 14, 10, 1, 1, 11, 1, 1] => QQFieldElem[0, 0, 0, 0, 0, 0, 0, 0, 0, 0, -2//3, 0, 0, 0, 0, 0],
	[15, 20, 15, 14, 15, 1, 1, 10, 1, 1] => QQFieldElem[1//4, 1//4, 0, 0, 0, 1//4, -1//4, 0, 0, -1//4, 1//4, 0, 1//4, 0, 1//4, 0],
	[15, 20, 15, 14, 13, 1, 1, 17, 1, 1] => QQFieldElem[1//2, 0, 0, 0, 0, 0, -1//2, 0, -1//2, 1//2, -1//2, 1//2, -1//2, 1//2, 0, 0],
	[15, 20, 15, 14, 12, 1, 1, 15, 1, 1] => QQFieldElem[-10//69, -8//23, -4//69, 0, -4//69, 8//23, -10//69, -8//69, 2//69, 6//23, -14//69, 10//69, 6//23, -2//23, 8//69, -8//69],
	[15, 20, 15, 14, 10, 1, 1, 13, 1, 1] => QQFieldElem[0, 0, 0, 0, 0, 0, 0, 0, 0, 0, 0, 0, 0, 0, 0, 0],
	[15, 20, 15, 14, 11, 1, 1, 17, 1, 1] => QQFieldElem[-1//2, 1//2, -1//2, 0, -1//2, 1//2, -1//2, 1//2, 0, 0, 1//2, 0, 0, -1//2, 1//2, -1//2],
	[15, 20, 15, 14, 13, 1, 1, 11, 1, 1] => QQFieldElem[0, 0, 0, 0, 0, 0, 0, 0, 0, 0, -1//2, 0, 0, 0, 0, 0],
	[15, 20, 15, 14, 12, 1, 1, 12, 1, 1] => QQFieldElem[0, 0, 0, 0, 0, 0, 0, 0, 0, 0, 0, 0, 0, 0, 0, 0],
	[15, 20, 15, 14, 10, 1, 1, 15, 1, 1] => QQFieldElem[14//69, 6//23, -2//69, -16//69, 2//69, 6//23, -14//69, 10//69, 4//69, -8//23, 10//69, 8//69, 8//69, 2//23, 6//23, -10//69])