Dict(
	[15, 10, 12, 11, 14, 1, 1, 19, 1, 1] => QQFieldElem[0, 0, 0, 0, 0, 0, -96, 0, 0, 0, 0, 0, 0, 0, 0, 0],
	[15, 10, 12, 11, 14, 1, 1, 21, 1, 1] => QQFieldElem[0, 0, 0, 0, 0, 0, 0, 0, 0, 0, 0, 0, 0, 0, 96, 0],
	[15, 10, 12, 11, 20, 1, 1, 19, 1, 1] => QQFieldElem[0, -1//4, 0, 0, 0, 0, 0, 0, 0, 1//4, 0, 0, -1//4, 0, 0, 0],
	[15, 10, 12, 11, 20, 1, 1, 21, 1, 1] => QQFieldElem[0, 0, 0, 0, 0, 0, 0, 0, 0, -1//4, 0, 0, -1//4, 0, 0, 0],
	[15, 10, 12, 11, 21, 1, 1, 20, 1, 1] => QQFieldElem[0, 0, 0, 0, 0, 0, 0, 0, 0, -1//4, 0, 0, -1//4, 0, 0, 0],
	[15, 10, 12, 11, 19, 1, 1, 14, 1, 1] => QQFieldElem[0, 0, 0, 0, 0, 0, 0, 0, 0, 0, 0, 0, 3//1024, 0, 0, 0],
	[15, 10, 12, 11, 14, 1, 1, 20, 1, 1] => QQFieldElem[0, 0, 0, 0, 0, 0, 96, 0, 0, 0, 0, 0, 0, 0, -96, 0],
	[15, 10, 12, 11, 20, 1, 1, 20, 1, 1] => QQFieldElem[0, 1//4, 0, 0, 0, 0, 0, 0, 0, 0, 0, 0, -1//4, 0, 0, 0],
	[15, 10, 12, 11, 21, 1, 1, 14, 1, 1] => QQFieldElem[0, 0, 0, 0, 3//1024, 0, 0, 0, 0, 0, 0, 0, -3//1024, 0, 0, 0],
	[15, 10, 12, 11, 19, 1, 1, 19, 1, 1] => QQFieldElem[0, 0, 0, 0, 0, 0, 0, 0, 0, -1//4, 0, 0, -1//4, 0, 0, 0],
	[15, 10, 12, 11, 19, 1, 1, 21, 1, 1] => QQFieldElem[0, 1//4, 0, 0, 0, 0, 0, 0, 0, 0, 0, 0, -1//4, 0, 0, 0],
	[15, 10, 12, 11, 14, 1, 1, 14, 1, 1] => QQFieldElem[0, 0, 0, 0, 0, 0, 0, 0, 0, 0, 0, 0, 0, 0, 0, 0],
	[15, 10, 12, 11, 20, 1, 1, 14, 1, 1] => QQFieldElem[0, 0, 0, 0, -3//1024, 0, 0, 0, 0, 0, 0, 0, 0, 0, 0, 0],
	[15, 10, 12, 11, 21, 1, 1, 19, 1, 1] => QQFieldElem[0, 1//4, 0, 0, 0, 0, 0, 0, 0, 0, 0, 0, -1//4, 0, 0, 0],
	[15, 10, 12, 11, 19, 1, 1, 20, 1, 1] => QQFieldElem[0, -1//4, 0, 0, 0, 0, 0, 0, 0, 1//4, 0, 0, -1//4, 0, 0, 0],
	[15, 10, 12, 11, 21, 1, 1, 21, 1, 1] => QQFieldElem[0, -1//4, 0, 0, 0, 0, 0, 0, 0, 1//4, 0, 0, -1//4, 0, 0, 0])