Dict(
	[15, 17, 10, 13, 9, 1, 1, 20, 1, 1] => QQFieldElem[-1, 0, 0, 0, 0, 0, 0, 0, 0, 0, 0, 0, 0, 0, 0, 0],
	[15, 17, 10, 13, 19, 1, 1, 3, 1, 1] => QQFieldElem[0, 0, 0, -1//6, 0, -1//6, 0, 0, 0, 0, 0, 0, 1//6, 1//6, 0, 0],
	[15, 17, 10, 13, 21, 1, 1, 14, 1, 1] => QQFieldElem[0, 0, 0, 0, 0, 0, 0, 0, 0, 0, 0, 0, 0, 0, 0, 0],
	[15, 17, 10, 13, 19, 1, 1, 19, 1, 1] => QQFieldElem[-2//3, 0, -1//3, 0, 0, 0, -1//3, 0, 0, 1//3, 1//3, 0, 0, 0, 0, 1//3],
	[15, 17, 10, 13, 19, 1, 1, 21, 1, 1] => QQFieldElem[1//3, -1//3, 0, 0, 0, 0, 0, 1//3, 0, 0, -1//3, 0, 0, 0, 1//3, -1//3],
	[15, 17, 10, 13, 14, 1, 1, 14, 1, 1] => QQFieldElem[0, 0, 0, 0, 0, 0, 0, 0, 0, 0, 0, 0, 0, 0, 0, -128//3],
	[15, 17, 10, 13, 19, 1, 1, 2, 1, 1] => QQFieldElem[0, 0, 0, 1//6, 0, 1//6, 0, 0, 0, 0, 0, 0, -1//6, -1//6, 0, 0],
	[15, 17, 10, 13, 20, 1, 1, 14, 1, 1] => QQFieldElem[0, 0, 0, 0, 0, 0, 0, 0, 0, 0, 0, 0, 0, 0, 0, 0],
	[15, 17, 10, 13, 21, 1, 1, 3, 1, 1] => QQFieldElem[0, 0, 0, 0, 0, 0, 0, 0, 0, 0, 0, 1//6, 1//6, -1//6, 0, 0],
	[15, 17, 10, 13, 6, 1, 1, 14, 1, 1] => QQFieldElem[-1024//9, 0, 0, 0, 0, 0, 0, 0, 0, 0, 0, 0, 0, 0, 0, 0],
	[15, 17, 10, 13, 9, 1, 1, 14, 1, 1] => QQFieldElem[1, 0, 0, 0, 0, 0, 0, 0, 0, 0, 0, 0, 0, 0, 0, 0],
	[15, 17, 10, 13, 19, 1, 1, 20, 1, 1] => QQFieldElem[1//3, 1//3, 1//3, 0, 0, 0, 1//3, -1//3, 0, -1//3, 0, 0, 0, 0, -1//3, 0],
	[15, 17, 10, 13, 21, 1, 1, 19, 1, 1] => QQFieldElem[-2//3, -1//3, 1//3, 0, 0, 0, 1//3, 1//3, 0, 0, 0, 0, 0, 0, -1//3, -1//3],
	[15, 17, 10, 13, 21, 1, 1, 21, 1, 1] => QQFieldElem[1//3, 1//3, -1//3, 0, 0, 0, -1//3, -1//3, 0, -1//3, 1//3, 0, 0, 0, 0, 0],
	[15, 17, 10, 13, 14, 1, 1, 3, 1, 1] => QQFieldElem[0, 0, 0, 0, 0, 0, 0, 0, 0, 0, 0, 0, 0, 0, 0, 64//3],
	[15, 17, 10, 13, 14, 1, 1, 19, 1, 1] => QQFieldElem[0, 0, 0, 0, 0, 0, 0, 0, 0, 0, 0, 0, 0, 0, 0, 0],
	[15, 17, 10, 13, 14, 1, 1, 21, 1, 1] => QQFieldElem[0, 0, 0, 0, 0, 0, 0, 0, 0, 0, 0, 0, 0, 0, 0, 0],
	[15, 17, 10, 13, 21, 1, 1, 2, 1, 1] => QQFieldElem[0, 0, 0, 0, 0, 0, 0, 0, 0, 0, 0, -1//6, -1//6, 1//6, 0, 0],
	[15, 17, 10, 13, 20, 1, 1, 3, 1, 1] => QQFieldElem[0, 0, 0, 1//6, 0, 1//6, 0, 0, 0, 0, 0, -1//6, 1//6, 0, 0, 0],
	[15, 17, 10, 13, 20, 1, 1, 19, 1, 1] => QQFieldElem[-2//3, 1//3, 0, 0, 0, 0, 0, -1//3, 0, -1//3, -1//3, 0, 0, 0, 1//3, 0],
	[15, 17, 10, 13, 6, 1, 1, 3, 1, 1] => QQFieldElem[-512//9, 0, 0, 0, 0, 0, 0, 0, 0, 0, 0, 0, 0, 0, 0, 0],
	[15, 17, 10, 13, 9, 1, 1, 3, 1, 1] => QQFieldElem[1//2, 0, 0, 0, 0, 0, 0, 0, 0, 0, 0, 0, 0, 0, 0, 0],
	[15, 17, 10, 13, 6, 1, 1, 19, 1, 1] => QQFieldElem[-2048//9, 0, 0, 0, 0, 0, 0, 0, 0, 0, 0, 0, 0, 0, 0, 0],
	[15, 17, 10, 13, 20, 1, 1, 21, 1, 1] => QQFieldElem[1//3, 0, 1//3, 0, 0, 0, 1//3, 0, 0, 1//3, 0, 0, 0, 0, -1//3, 1//3],
	[15, 17, 10, 13, 14, 1, 1, 2, 1, 1] => QQFieldElem[0, 0, 0, 0, 0, 0, 0, 0, 0, 0, 0, 0, 0, 0, 0, 64//3],
	[15, 17, 10, 13, 21, 1, 1, 20, 1, 1] => QQFieldElem[1//3, 0, 0, 0, 0, 0, 0, 0, 0, 1//3, -1//3, 0, 0, 0, 1//3, 1//3],
	[15, 17, 10, 13, 6, 1, 1, 21, 1, 1] => QQFieldElem[-2048//9, 0, 0, 0, 0, 0, 0, 0, 0, 0, 0, 0, 0, 0, 0, 0],
	[15, 17, 10, 13, 19, 1, 1, 14, 1, 1] => QQFieldElem[0, 0, 0, 0, 0, 0, 0, 0, 0, 0, 0, 0, 0, 0, 0, 0],
	[15, 17, 10, 13, 9, 1, 1, 19, 1, 1] => QQFieldElem[-1, 0, 0, 0, 0, 0, 0, 0, 0, 0, 0, 0, 0, 0, 0, 0],
	[15, 17, 10, 13, 9, 1, 1, 21, 1, 1] => QQFieldElem[-1, 0, 0, 0, 0, 0, 0, 0, 0, 0, 0, 0, 0, 0, 0, 0],
	[15, 17, 10, 13, 14, 1, 1, 20, 1, 1] => QQFieldElem[0, 0, 0, 0, 0, 0, 0, 0, 0, 0, 0, 0, 0, 0, 0, 0],
	[15, 17, 10, 13, 20, 1, 1, 2, 1, 1] => QQFieldElem[0, 0, 0, -1//6, 0, -1//6, 0, 0, 0, 0, 0, 1//6, -1//6, 0, 0, 0],
	[15, 17, 10, 13, 6, 1, 1, 2, 1, 1] => QQFieldElem[-512//9, 0, 0, 0, 0, 0, 0, 0, 0, 0, 0, 0, 0, 0, 0, 0],
	[15, 17, 10, 13, 9, 1, 1, 2, 1, 1] => QQFieldElem[1//2, 0, 0, 0, 0, 0, 0, 0, 0, 0, 0, 0, 0, 0, 0, 0],
	[15, 17, 10, 13, 20, 1, 1, 20, 1, 1] => QQFieldElem[1//3, -1//3, -1//3, 0, 0, 0, -1//3, 1//3, 0, 0, 1//3, 0, 0, 0, 0, -1//3],
	[15, 17, 10, 13, 6, 1, 1, 20, 1, 1] => QQFieldElem[-2048//9, 0, 0, 0, 0, 0, 0, 0, 0, 0, 0, 0, 0, 0, 0, 0])