Dict(
	[15, 14, 14, 12, 8, 1, 1, 17, 1, 1] => QQFieldElem[0, 0, 0, 0, 0, 0, 0, 0, 0, 0, 0, 0, 0, 0, 0, 3//2],
	[15, 14, 14, 12, 7, 1, 1, 11, 1, 1] => QQFieldElem[0, 0, 0, 0, 0, 0, 0, 0, 0, -9//8, 0, 0, 0, 0, 0, 0],
	[15, 14, 14, 12, 8, 1, 1, 11, 1, 1] => QQFieldElem[0, 0, 0, 0, 0, 0, 0, 0, 0, 0, 0, 0, 0, 0, 0, 3//2],
	[15, 14, 14, 12, 7, 1, 1, 15, 1, 1] => QQFieldElem[0, 0, 0, 0, 0, 0, 0, 0, 0, 0, 0, 0, 0, 0, 0, -1],
	[15, 14, 14, 12, 14, 1, 2, 17, 1, 1] => QQFieldElem[1//4, 0, 0, 0, 0, 0, 0, 0, 0, 0, 0, 0, 1//4, 0, 0, 0],
	[15, 14, 14, 12, 14, 1, 1, 17, 1, 1] => QQFieldElem[-1//4, 0, 0, 0, 0, 0, 0, 0, 0, 0, 0, 0, 1//4, 0, 0, 0],
	[15, 14, 14, 12, 7, 1, 1, 12, 1, 1] => QQFieldElem[0, 0, 0, 0, 0, 0, 0, 0, 0, -9//8, 0, 0, 0, 0, 0, 0],
	[15, 14, 14, 12, 8, 1, 1, 15, 1, 1] => QQFieldElem[0, 0, 0, 0, 0, 4//3, 0, 0, 0, 0, 0, 0, 0, -4//3, 0, 0],
	[15, 14, 14, 12, 14, 1, 2, 11, 1, 1] => QQFieldElem[1//4, 0, 0, 0, 0, 0, 0, 0, 0, 0, 0, 0, -1//4, 0, 0, 0],
	[15, 14, 14, 12, 14, 1, 1, 11, 1, 1] => QQFieldElem[-1//4, 0, 0, 0, 0, 0, 0, 0, 0, 0, 0, 0, -1//4, 0, 0, 0],
	[15, 14, 14, 12, 8, 1, 1, 12, 1, 1] => QQFieldElem[0, 0, 0, 0, 0, 0, 0, 0, 0, 0, 0, 0, 0, 0, 0, 3//2],
	[15, 14, 14, 12, 14, 1, 2, 15, 1, 1] => QQFieldElem[0, 0, -2//9, 0, 0, 0, 2//9, 0, 0, 0, 2//9, 0, 0, 0, 0, 0],
	[15, 14, 14, 12, 14, 1, 1, 15, 1, 1] => QQFieldElem[0, 0, -2//9, 0, 0, 0, -2//9, 0, 0, 0, 2//9, 0, 0, 0, 0, 0],
	[15, 14, 14, 12, 14, 1, 2, 12, 1, 1] => QQFieldElem[-1//4, 0, 0, 0, 0, 0, 0, 0, 0, 0, 0, 0, 1//4, 0, 0, 0],
	[15, 14, 14, 12, 14, 1, 1, 12, 1, 1] => QQFieldElem[1//4, 0, 0, 0, 0, 0, 0, 0, 0, 0, 0, 0, 1//4, 0, 0, 0],
	[15, 14, 14, 12, 7, 1, 1, 17, 1, 1] => QQFieldElem[0, 0, 0, 0, 0, 0, 0, 0, 0, 9//8, 0, 0, 0, 0, 0, 0])