Dict(
	[15, 12, 15, 11, 19, 1, 1, 7, 1, 1] => QQFieldElem[0, 0, 0, 0, 0, 0, -1//6, 0, 0, 0, 0, 0, 0, 0, 0, 0],
	[15, 12, 15, 11, 8, 1, 1, 14, 1, 1] => QQFieldElem[0, 0, -3//8, 0, 0, 0, 0, 0, 0, 0, 3//8, 0, 3//8, 0, 0, 0],
	[15, 12, 15, 11, 7, 1, 1, 7, 1, 1] => QQFieldElem[0, 0, -1//3, 0, 0, 0, 0, 0, 0, 0, 1//3, 0, -1//3, 0, 0, 0],
	[15, 12, 15, 11, 20, 1, 1, 20, 1, 1] => QQFieldElem[0, 0, 0, 0, 1//4, 0, 1//4, 0, 0, 0, 0, 0, -1//4, 0, 0, 0],
	[15, 12, 15, 11, 14, 1, 1, 8, 1, 1] => QQFieldElem[0, 0, -3//16, 0, 0, 0, 0, 0, 0, 0, 3//16, 0, 3//16, 0, 0, 0],
	[15, 12, 15, 11, 8, 1, 1, 7, 1, 1] => QQFieldElem[0, 0, 1//4, 0, 0, 0, 0, 0, 0, 0, -1//4, 0, 1//4, 0, 0, 0],
	[15, 12, 15, 11, 20, 1, 1, 8, 1, 1] => QQFieldElem[0, 0, 0, 0, 0, 0, 0, 0, 0, 0, 0, 0, 0, 0, -1//8, 0],
	[15, 12, 15, 11, 21, 1, 1, 14, 1, 1] => QQFieldElem[0, 0, 0, 0, 0, 0, 0, 0, 0, 0, 0, 0, 0, 0, 0, 0],
	[15, 12, 15, 11, 19, 1, 1, 19, 1, 1] => QQFieldElem[0, 0, 0, 0, 0, 0, 1//4, 0, 0, 0, 0, 0, 1//4, 0, 0, 0],
	[15, 12, 15, 11, 19, 1, 1, 21, 1, 1] => QQFieldElem[0, 0, 0, 0, 1//4, 0, 1//4, 0, 0, 0, 0, 0, -1//4, 0, 0, 0],
	[15, 12, 15, 11, 7, 1, 1, 19, 1, 1] => QQFieldElem[0, 0, 0, 0, 0, 0, 1, 0, 0, 0, 0, 0, 0, 0, 0, 0],
	[15, 12, 15, 11, 21, 1, 1, 7, 1, 1] => QQFieldElem[0, 0, 0, 0, 0, 0, 1//6, 0, 0, 0, 0, 0, 0, 0, -1//6, 0],
	[15, 12, 15, 11, 14, 1, 1, 14, 1, 1] => QQFieldElem[0, 0, 3//8, 0, 0, 0, 0, 0, 0, 0, -3//8, 0, 3//8, 0, 0, 0],
	[15, 12, 15, 11, 7, 1, 1, 21, 1, 1] => QQFieldElem[0, 0, 0, 0, 0, 0, -1, 0, 0, 0, 0, 0, 0, 0, 1, 0],
	[15, 12, 15, 11, 8, 1, 1, 19, 1, 1] => QQFieldElem[0, 0, 0, 0, 0, 0, 3//4, 0, 0, 0, 0, 0, 0, 0, 0, 0],
	[15, 12, 15, 11, 8, 1, 1, 21, 1, 1] => QQFieldElem[0, 0, 0, 0, 0, 0, -3//4, 0, 0, 0, 0, 0, 0, 0, 3//4, 0],
	[15, 12, 15, 11, 14, 1, 1, 7, 1, 1] => QQFieldElem[0, 0, -1//4, 0, 0, 0, 0, 0, 0, 0, 1//4, 0, 1//4, 0, 0, 0],
	[15, 12, 15, 11, 20, 1, 1, 14, 1, 1] => QQFieldElem[0, 0, 0, 0, 0, 0, 0, 0, 0, 0, 0, 0, 0, 0, 0, 0],
	[15, 12, 15, 11, 21, 1, 1, 19, 1, 1] => QQFieldElem[0, 0, 0, 0, 1//4, 0, 1//4, 0, 0, 0, 0, 0, -1//4, 0, 0, 0],
	[15, 12, 15, 11, 19, 1, 1, 20, 1, 1] => QQFieldElem[0, 0, 0, 0, -1//4, 0, 1//4, 0, 0, 0, 0, 0, 0, 0, 0, 0],
	[15, 12, 15, 11, 20, 1, 1, 7, 1, 1] => QQFieldElem[0, 0, 0, 0, 0, 0, 0, 0, 0, 0, 0, 0, 0, 0, 1//6, 0],
	[15, 12, 15, 11, 21, 1, 1, 21, 1, 1] => QQFieldElem[0, 0, 0, 0, -1//4, 0, 1//4, 0, 0, 0, 0, 0, 0, 0, 0, 0],
	[15, 12, 15, 11, 7, 1, 1, 20, 1, 1] => QQFieldElem[0, 0, 0, 0, 0, 0, 0, 0, 0, 0, 0, 0, 0, 0, -1, 0],
	[15, 12, 15, 11, 19, 1, 1, 8, 1, 1] => QQFieldElem[0, 0, 0, 0, 0, 0, 1//8, 0, 0, 0, 0, 0, 0, 0, 0, 0],
	[15, 12, 15, 11, 14, 1, 1, 19, 1, 1] => QQFieldElem[0, 0, 0, 0, 0, 0, 0, 0, 0, 0, 0, 0, 0, 0, 0, 0],
	[15, 12, 15, 11, 14, 1, 1, 21, 1, 1] => QQFieldElem[0, 0, 0, 0, 0, 0, 0, 0, 0, 0, 0, 0, 0, 0, 0, 0],
	[15, 12, 15, 11, 8, 1, 1, 20, 1, 1] => QQFieldElem[0, 0, 0, 0, 0, 0, 0, 0, 0, 0, 0, 0, 0, 0, -3//4, 0],
	[15, 12, 15, 11, 7, 1, 1, 8, 1, 1] => QQFieldElem[0, 0, -1//4, 0, 0, 0, 0, 0, 0, 0, 1//4, 0, -1//4, 0, 0, 0],
	[15, 12, 15, 11, 20, 1, 1, 19, 1, 1] => QQFieldElem[0, 0, 0, 0, -1//4, 0, 1//4, 0, 0, 0, 0, 0, 0, 0, 0, 0],
	[15, 12, 15, 11, 21, 1, 1, 20, 1, 1] => QQFieldElem[0, 0, 0, 0, 0, 0, 1//4, 0, 0, 0, 0, 0, 1//4, 0, 0, 0],
	[15, 12, 15, 11, 20, 1, 1, 21, 1, 1] => QQFieldElem[0, 0, 0, 0, 0, 0, 1//4, 0, 0, 0, 0, 0, 1//4, 0, 0, 0],
	[15, 12, 15, 11, 8, 1, 1, 8, 1, 1] => QQFieldElem[0, 0, 3//16, 0, 0, 0, 0, 0, 0, 0, -3//16, 0, 3//16, 0, 0, 0],
	[15, 12, 15, 11, 19, 1, 1, 14, 1, 1] => QQFieldElem[0, 0, 0, 0, 0, 0, 0, 0, 0, 0, 0, 0, 0, 0, 0, 0],
	[15, 12, 15, 11, 7, 1, 1, 14, 1, 1] => QQFieldElem[0, 0, 1//2, 0, 0, 0, 0, 0, 0, 0, -1//2, 0, -1//2, 0, 0, 0],
	[15, 12, 15, 11, 14, 1, 1, 20, 1, 1] => QQFieldElem[0, 0, 0, 0, 0, 0, 0, 0, 0, 0, 0, 0, 0, 0, 0, 0],
	[15, 12, 15, 11, 21, 1, 1, 8, 1, 1] => QQFieldElem[0, 0, 0, 0, 0, 0, -1//8, 0, 0, 0, 0, 0, 0, 0, 1//8, 0])