Dict(
	[15, 13, 11, 15, 3, 1, 1, 19, 1, 1] => QQFieldElem[0, 0, 4//21, -8//21, 0, -8//21, -4//21, 0, 0, 4//21, -4//21, 0, 4//7, 8//21, 0, -4//21],
	[15, 13, 11, 15, 14, 1, 1, 6, 1, 1] => QQFieldElem[0, 0, 0, 0, 0, 0, 0, 0, 0, 0, 0, 0, 0, 0, 0, 0],
	[15, 13, 11, 15, 20, 1, 1, 20, 1, 1] => QQFieldElem[-13//138, -11//69, -7//138, 5//138, 0, 5//138, 7//138, -11//69, 13//69, 3//46, 11//138, 1//23, 1//138, -11//138, 2//69, 13//138],
	[15, 13, 11, 15, 3, 1, 1, 21, 1, 1] => QQFieldElem[-2//23, 4//69, -2//69, 2//69, 0, 2//69, 2//69, 4//69, 4//23, 2//23, 6//23, 8//23, 14//23, -26//69, 16//69, -10//69],
	[15, 13, 11, 15, 5, 1, 1, 19, 1, 1] => QQFieldElem[0, 0, -1//7, 2//7, 0, 2//7, 1//7, 0, 0, -1//7, 1//7, 0, -3//7, -2//7, 0, 1//7],
	[15, 13, 11, 15, 3, 1, 1, 9, 1, 1] => QQFieldElem[1//48, 0, 0, 0, 0, 0, 0, 0, 0, 0, 0, 0, 0, 0, 0, 0],
	[15, 13, 11, 15, 20, 1, 1, 6, 1, 1] => QQFieldElem[1//96, 0, 0, 0, 0, 0, 0, 0, 0, 0, 0, 0, 0, 0, 0, 0],
	[15, 13, 11, 15, 19, 1, 1, 19, 1, 1] => QQFieldElem[0, 0, -1//7, -1//21, 0, -1//21, 1//7, 0, 0, 4//21, 1//7, 0, -2//21, 1//21, 0, -4//21],
	[15, 13, 11, 15, 21, 1, 1, 14, 1, 1] => QQFieldElem[0, 0, 0, 0, 0, 0, 0, 0, 0, 0, 0, 0, 0, 0, 0, 0],
	[15, 13, 11, 15, 5, 1, 1, 21, 1, 1] => QQFieldElem[3//46, -1//23, 1//46, -1//46, 0, -1//46, -1//46, -1//23, -3//23, -3//46, -9//46, -6//23, -21//46, 13//46, -4//23, 5//46],
	[15, 13, 11, 15, 19, 1, 1, 21, 1, 1] => QQFieldElem[-1//138, -5//23, 5//46, -5//46, 0, -5//46, -5//46, -5//23, 1//69, 1//138, 1//46, 2//69, 7//138, 11//138, 3//23, 29//138],
	[15, 13, 11, 15, 5, 1, 1, 9, 1, 1] => QQFieldElem[1//64, 0, 0, 0, 0, 0, 0, 0, 0, 0, 0, 0, 0, 0, 0, 0],
	[15, 13, 11, 15, 19, 1, 1, 9, 1, 1] => QQFieldElem[0, 0, 0, 0, 0, 0, 0, 0, 0, 0, 0, 0, 0, 0, 0, 0],
	[15, 13, 11, 15, 14, 1, 1, 14, 1, 1] => QQFieldElem[0, 0, 0, 0, 0, 0, 0, 0, 0, 0, 0, 0, 0, 0, 0, 3//256],
	[15, 13, 11, 15, 3, 1, 1, 20, 1, 1] => QQFieldElem[2//23, -4//69, -6//23, 26//69, 0, 26//69, 6//23, -4//69, -4//23, 10//69, 2//69, -8//23, 14//23, -2//69, -16//69, -2//23],
	[15, 13, 11, 15, 20, 1, 1, 14, 1, 1] => QQFieldElem[0, 0, 0, 0, 0, 0, 0, 0, 0, 0, 0, 0, 0, 0, 0, 0],
	[15, 13, 11, 15, 5, 1, 1, 20, 1, 1] => QQFieldElem[-3//46, 1//23, 9//46, -13//46, 0, -13//46, -9//46, 1//23, 3//23, -5//46, -1//46, 6//23, -21//46, 1//46, 4//23, 3//46],
	[15, 13, 11, 15, 3, 1, 1, 6, 1, 1] => QQFieldElem[0, 0, 0, 0, 0, 0, 0, 0, 0, 0, 0, 0, 0, 0, 0, 0],
	[15, 13, 11, 15, 19, 1, 1, 20, 1, 1] => QQFieldElem[1//138, 5//23, -1//46, -11//138, 0, -11//138, 1//46, 5//23, -1//69, -29//138, -5//46, -2//69, 7//138, 5//46, -3//23, -1//138],
	[15, 13, 11, 15, 21, 1, 1, 19, 1, 1] => QQFieldElem[2//21, -2//21, 1//21, 1//21, 0, 1//21, -1//21, -2//21, -4//21, -1//21, -2//21, -1//21, 1//21, 0, -1//21, 1//7],
	[15, 13, 11, 15, 5, 1, 1, 6, 1, 1] => QQFieldElem[0, 0, 0, 0, 0, 0, 0, 0, 0, 0, 0, 0, 0, 0, 0, 0],
	[15, 13, 11, 15, 21, 1, 1, 21, 1, 1] => QQFieldElem[13//138, 11//69, -11//138, 11//138, 0, 11//138, 11//138, 11//69, -13//69, -13//138, 7//138, -1//23, 1//138, -5//138, -2//69, -3//46],
	[15, 13, 11, 15, 19, 1, 1, 6, 1, 1] => QQFieldElem[1//96, 0, 0, 0, 0, 0, 0, 0, 0, 0, 0, 0, 0, 0, 0, 0],
	[15, 13, 11, 15, 21, 1, 1, 9, 1, 1] => QQFieldElem[0, 0, 0, 0, 0, 0, 0, 0, 0, 0, 0, 0, 0, 0, 0, 0],
	[15, 13, 11, 15, 14, 1, 1, 19, 1, 1] => QQFieldElem[0, 0, 0, 0, 0, 0, 0, 0, 0, 0, 0, 0, 0, 0, 0, 0],
	[15, 13, 11, 15, 14, 1, 1, 21, 1, 1] => QQFieldElem[0, 0, 0, 0, 0, 0, 0, 0, 0, 0, 0, 0, 0, 0, 0, 0],
	[15, 13, 11, 15, 3, 1, 1, 14, 1, 1] => QQFieldElem[0, 0, 0, 0, 0, 0, 0, 0, 0, 0, 0, 0, 0, 0, 0, -1//64],
	[15, 13, 11, 15, 14, 1, 1, 9, 1, 1] => QQFieldElem[1//64, 0, 0, 0, 0, 0, 0, 0, 0, 0, 0, 0, 0, 0, 0, 0],
	[15, 13, 11, 15, 20, 1, 1, 19, 1, 1] => QQFieldElem[-2//21, 2//21, 2//21, 0, 0, 0, -2//21, 2//21, 4//21, -1//7, -1//21, 1//21, 1//21, -1//21, 1//21, 1//21],
	[15, 13, 11, 15, 21, 1, 1, 20, 1, 1] => QQFieldElem[2//23, -4//69, 5//69, 1//23, 0, 1//23, -5//69, -4//69, -4//23, 10//69, 2//69, -1//69, -4//69, -2//69, 7//69, -2//23],
	[15, 13, 11, 15, 5, 1, 1, 14, 1, 1] => QQFieldElem[0, 0, 0, 0, 0, 0, 0, 0, 0, 0, 0, 0, 0, 0, 0, -3//256],
	[15, 13, 11, 15, 20, 1, 1, 21, 1, 1] => QQFieldElem[-2//23, 4//69, -2//69, 2//69, 0, 2//69, 2//69, 4//69, 4//23, 2//23, -5//69, 1//69, -4//69, -1//23, -7//69, -10//69],
	[15, 13, 11, 15, 20, 1, 1, 9, 1, 1] => QQFieldElem[0, 0, 0, 0, 0, 0, 0, 0, 0, 0, 0, 0, 0, 0, 0, 0],
	[15, 13, 11, 15, 19, 1, 1, 14, 1, 1] => QQFieldElem[0, 0, 0, 0, 0, 0, 0, 0, 0, 0, 0, 0, 0, 0, 0, 0],
	[15, 13, 11, 15, 21, 1, 1, 6, 1, 1] => QQFieldElem[1//96, 0, 0, 0, 0, 0, 0, 0, 0, 0, 0, 0, 0, 0, 0, 0],
	[15, 13, 11, 15, 14, 1, 1, 20, 1, 1] => QQFieldElem[0, 0, 0, 0, 0, 0, 0, 0, 0, 0, 0, 0, 0, 0, 0, 0])