Dict(
	[16, 18, 18, 18, 20, 1, 1, 14, 1, 1] => QQFieldElem[0, 0, 0, 0, 0, 0, 0, 0, 0, 0, 0, 0, 0, 0, 0, 0],
	[16, 18, 18, 18, 21, 1, 1, 3, 1, 1] => QQFieldElem[1//96, 0, 1//288, 0, 0, 0, 1//288, 0, 0, 0, 0, 0, 0, 0, -1//288, 0],
	[16, 18, 18, 18, 21, 1, 1, 19, 1, 1] => QQFieldElem[1, 0, 4//3, 0, 0, 0, -4//3, 0, -2, 0, -1//3, 0, 4//3, 0, 1, 0],
	[16, 18, 18, 18, 19, 1, 1, 20, 1, 1] => QQFieldElem[5//6, 0, -1//2, 0, 0, 0, 1//2, 0, -5//3, 0, 11//6, 0, -7//6, 0, 4//3, 0],
	[16, 18, 18, 18, 21, 1, 1, 21, 1, 1] => QQFieldElem[2//3, 0, 2//3, 0, 0, 0, -2//3, 0, -4//3, 0, -1, 0, -2//3, 0, -1//3, 0],
	[16, 18, 18, 18, 14, 1, 1, 3, 1, 1] => QQFieldElem[0, 0, 0, 0, 0, 0, 0, 0, 0, 0, 0, 0, 0, 0, 0, 0],
	[16, 18, 18, 18, 14, 1, 1, 19, 1, 1] => QQFieldElem[0, 0, 0, 0, 0, 0, 0, 0, 0, 0, 0, 0, 0, 0, 0, 0],
	[16, 18, 18, 18, 14, 1, 1, 21, 1, 1] => QQFieldElem[0, 0, 0, 0, 0, 0, 0, 0, 0, 0, 0, 0, 0, 0, 0, 0],
	[16, 18, 18, 18, 20, 1, 1, 3, 1, 1] => QQFieldElem[1//96, 0, 0, 0, 0, 0, 0, 0, 0, 0, -1//288, 0, 0, 0, 1//288, 0],
	[16, 18, 18, 18, 3, 1, 1, 14, 1, 1] => QQFieldElem[0, 0, 0, 0, 0, 0, 0, 0, 0, 0, 0, 0, 0, 0, 0, 0],
	[16, 18, 18, 18, 20, 1, 1, 19, 1, 1] => QQFieldElem[-1, 0, 1//3, 0, 0, 0, -1//3, 0, 2, 0, -4//3, 0, 4//3, 0, -1, 0],
	[16, 18, 18, 18, 21, 1, 1, 20, 1, 1] => QQFieldElem[1//3, 0, 0, 0, 0, 0, 0, 0, -2//3, 0, -2//3, 0, 1//3, 0, -2//3, 0],
	[16, 18, 18, 18, 20, 1, 1, 21, 1, 1] => QQFieldElem[-1//3, 0, 2//3, 0, 0, 0, -2//3, 0, 2//3, 0, 0, 0, 1//3, 0, 2//3, 0],
	[16, 18, 18, 18, 19, 1, 1, 14, 1, 1] => QQFieldElem[0, 0, 0, 0, 0, 0, 0, 0, 0, 0, 0, 0, 0, 0, 0, 0],
	[16, 18, 18, 18, 14, 1, 1, 20, 1, 1] => QQFieldElem[0, 0, 0, 0, 0, 0, 0, 0, 0, 0, 0, 0, 0, 0, 0, 0],
	[16, 18, 18, 18, 3, 1, 1, 3, 1, 1] => QQFieldElem[0, 0, 0, 0, 0, 0, 0, 0, 0, 0, 0, 0, 0, 0, 0, 0],
	[16, 18, 18, 18, 3, 1, 1, 19, 1, 1] => QQFieldElem[-9//8, 0, 9//8, 0, 0, 0, 9//8, 0, 0, 0, -9//8, 0, 0, 0, 0, 0],
	[16, 18, 18, 18, 20, 1, 1, 20, 1, 1] => QQFieldElem[-2//3, 0, 1, 0, 0, 0, -1, 0, 4//3, 0, -2//3, 0, -2//3, 0, 1//3, 0],
	[16, 18, 18, 18, 3, 1, 1, 21, 1, 1] => QQFieldElem[9//16, 0, -9//16, 0, -9//8, 0, -9//16, 0, 0, 0, 9//16, 0, 9//16, 0, 0, 0],
	[16, 18, 18, 18, 19, 1, 1, 3, 1, 1] => QQFieldElem[1//96, 0, -1//288, 0, 0, 0, -1//288, 0, 0, 0, 1//288, 0, 0, 0, 0, 0],
	[16, 18, 18, 18, 21, 1, 1, 14, 1, 1] => QQFieldElem[0, 0, 0, 0, 0, 0, 0, 0, 0, 0, 0, 0, 0, 0, 0, 0],
	[16, 18, 18, 18, 19, 1, 1, 19, 1, 1] => QQFieldElem[0, 0, -5//3, 0, 0, 0, 5//3, 0, 0, 0, 5//3, 0, -8//3, 0, 0, 0],
	[16, 18, 18, 18, 19, 1, 1, 21, 1, 1] => QQFieldElem[-5//6, 0, -11//6, 0, 0, 0, 11//6, 0, 5//3, 0, 1//2, 0, -7//6, 0, -4//3, 0],
	[16, 18, 18, 18, 14, 1, 1, 14, 1, 1] => QQFieldElem[0, 0, 0, 0, 0, 0, 0, 0, 0, 0, 0, 0, -1, 0, 0, 0],
	[16, 18, 18, 18, 3, 1, 1, 20, 1, 1] => QQFieldElem[9//16, 0, -9//16, 0, 9//8, 0, -9//16, 0, 0, 0, 9//16, 0, -9//16, 0, 0, 0])