Dict(
	[16, 12, 13, 18, 19, 1, 1, 9, 1, 1] => QQFieldElem[0, 0, 0, 0, 0, 0, 0, 0, 0, 0, 0, 0, 0, 0, 0, 0],
	[16, 12, 13, 18, 14, 1, 1, 14, 1, 1] => QQFieldElem[0, 0, 0, -3//512, 0, 0, 0, 0, 0, 0, 0, 0, 0, 0, 0, 0],
	[16, 12, 13, 18, 3, 1, 1, 20, 1, 1] => QQFieldElem[-1//2, -1, 1//2, 1//2, 0, -1//2, -1//2, 1, 1, 1//2, -1//2, 0, 1//2, 1//2, 0, -1//2],
	[16, 12, 13, 18, 4, 1, 1, 20, 1, 1] => QQFieldElem[3//8, 3//4, -3//8, -3//8, 0, 3//8, 3//8, -3//4, -3//4, -3//8, 3//8, 0, -3//8, -3//8, 0, 3//8],
	[16, 12, 13, 18, 20, 1, 1, 14, 1, 1] => QQFieldElem[0, 0, 0, 0, 0, 0, 0, 0, 0, 0, 0, 0, 0, 0, 0, 0],
	[16, 12, 13, 18, 3, 1, 1, 6, 1, 1] => QQFieldElem[0, 0, 0, 0, 0, 0, 0, 0, 0, 0, 0, 0, 0, 0, 0, 0],
	[16, 12, 13, 18, 19, 1, 1, 20, 1, 1] => QQFieldElem[-3//8, 0, 1//8, -1//8, -1//4, -1//8, 1//8, 0, 0, -1//8, -1//8, 1//4, 1//8, -1//8, 0, 1//8],
	[16, 12, 13, 18, 4, 1, 1, 6, 1, 1] => QQFieldElem[0, 0, 0, 0, 0, 0, 0, 0, 0, 0, 0, 0, 0, 0, 0, 0],
	[16, 12, 13, 18, 21, 1, 1, 19, 1, 1] => QQFieldElem[0, 1//4, 1//4, -1//4, -1//2, -1//4, 1//4, 1//4, 0, -1//4, 0, 1//2, 1//4, -1//4, -1//4, 0],
	[16, 12, 13, 18, 21, 1, 1, 21, 1, 1] => QQFieldElem[3//8, 1//4, -1//8, -1//8, -1//4, -1//8, -1//8, 1//4, 0, 1//8, 3//8, 1//4, 1//8, -1//8, -1//4, -3//8],
	[16, 12, 13, 18, 19, 1, 1, 6, 1, 1] => QQFieldElem[-1//192, 0, 0, 0, 0, 0, 0, 0, 0, 0, 0, 0, 0, 0, 0, 0],
	[16, 12, 13, 18, 21, 1, 1, 9, 1, 1] => QQFieldElem[0, 0, 0, 0, 0, 0, 0, 0, 0, 0, 0, 0, 0, 0, 0, 0],
	[16, 12, 13, 18, 14, 1, 1, 19, 1, 1] => QQFieldElem[0, 0, 0, 0, 0, 0, 0, 0, 0, 0, 0, 0, 0, 0, 0, 0],
	[16, 12, 13, 18, 14, 1, 1, 21, 1, 1] => QQFieldElem[0, 0, 0, 0, 0, 0, 0, 0, 0, 0, 0, 0, 0, 0, 0, 0],
	[16, 12, 13, 18, 3, 1, 1, 14, 1, 1] => QQFieldElem[0, 0, 0, 1//128, 0, 0, 0, 0, 0, 0, 0, 0, 0, 0, 0, 0],
	[16, 12, 13, 18, 14, 1, 1, 9, 1, 1] => QQFieldElem[-3//128, 0, 0, 0, 0, 0, 0, 0, 0, 0, 0, 0, 0, 0, 0, 0],
	[16, 12, 13, 18, 20, 1, 1, 19, 1, 1] => QQFieldElem[0, -1//4, 0, 1//4, 1//2, 1//4, 0, -1//4, 0, 0, -1//4, -1//2, -1//4, 1//4, 1//4, 1//4],
	[16, 12, 13, 18, 4, 1, 1, 14, 1, 1] => QQFieldElem[0, 0, 0, 3//512, 0, 0, 0, 0, 0, 0, 0, 0, 0, 0, 0, 0],
	[16, 12, 13, 18, 21, 1, 1, 20, 1, 1] => QQFieldElem[0, 1//4, 1//4, 0, 0, 0, 1//4, 1//4, 0, -1//4, 0, 0, 0, 0, -1//4, 0],
	[16, 12, 13, 18, 20, 1, 1, 21, 1, 1] => QQFieldElem[0, -1//4, 0, 0, 0, 0, 0, -1//4, 0, 0, -1//4, 0, 0, 0, 1//4, 1//4],
	[16, 12, 13, 18, 20, 1, 1, 9, 1, 1] => QQFieldElem[0, 0, 0, 0, 0, 0, 0, 0, 0, 0, 0, 0, 0, 0, 0, 0],
	[16, 12, 13, 18, 19, 1, 1, 14, 1, 1] => QQFieldElem[0, 0, 0, 0, 0, 0, 0, 0, 0, 0, 0, 0, 0, 0, 0, 0],
	[16, 12, 13, 18, 21, 1, 1, 6, 1, 1] => QQFieldElem[-1//192, 0, 0, 0, 0, 0, 0, 0, 0, 0, 0, 0, 0, 0, 0, 0],
	[16, 12, 13, 18, 14, 1, 1, 20, 1, 1] => QQFieldElem[0, 0, 0, 0, 0, 0, 0, 0, 0, 0, 0, 0, 0, 0, 0, 0],
	[16, 12, 13, 18, 3, 1, 1, 19, 1, 1] => QQFieldElem[0, 0, -1, -1, 0, 1, 1, 0, 0, 0, 1, 0, -1, -1, 0, 0],
	[16, 12, 13, 18, 14, 1, 1, 6, 1, 1] => QQFieldElem[0, 0, 0, 0, 0, 0, 0, 0, 0, 0, 0, 0, 0, 0, 0, 0],
	[16, 12, 13, 18, 20, 1, 1, 20, 1, 1] => QQFieldElem[3//8, -1//4, -3//8, 1//8, 1//4, 1//8, -3//8, -1//4, 0, 3//8, 1//8, -1//4, -1//8, 1//8, 1//4, -1//8],
	[16, 12, 13, 18, 4, 1, 1, 19, 1, 1] => QQFieldElem[0, 0, 3//4, 3//4, 0, -3//4, -3//4, 0, 0, 0, -3//4, 0, 3//4, 3//4, 0, 0],
	[16, 12, 13, 18, 3, 1, 1, 21, 1, 1] => QQFieldElem[1//2, 1, 1//2, 1//2, 0, -1//2, -1//2, -1, -1, -1//2, -1//2, 0, 1//2, 1//2, 0, 1//2],
	[16, 12, 13, 18, 4, 1, 1, 21, 1, 1] => QQFieldElem[-3//8, -3//4, -3//8, -3//8, 0, 3//8, 3//8, 3//4, 3//4, 3//8, 3//8, 0, -3//8, -3//8, 0, -3//8],
	[16, 12, 13, 18, 20, 1, 1, 6, 1, 1] => QQFieldElem[-1//192, 0, 0, 0, 0, 0, 0, 0, 0, 0, 0, 0, 0, 0, 0, 0],
	[16, 12, 13, 18, 21, 1, 1, 14, 1, 1] => QQFieldElem[0, 0, 0, 0, 0, 0, 0, 0, 0, 0, 0, 0, 0, 0, 0, 0],
	[16, 12, 13, 18, 19, 1, 1, 19, 1, 1] => QQFieldElem[0, 0, -1//4, 0, 0, 0, -1//4, 0, 0, 1//4, 1//4, 0, 0, 0, 0, -1//4],
	[16, 12, 13, 18, 4, 1, 1, 9, 1, 1] => QQFieldElem[-3//128, 0, 0, 0, 0, 0, 0, 0, 0, 0, 0, 0, 0, 0, 0, 0],
	[16, 12, 13, 18, 3, 1, 1, 9, 1, 1] => QQFieldElem[-1//32, 0, 0, 0, 0, 0, 0, 0, 0, 0, 0, 0, 0, 0, 0, 0],
	[16, 12, 13, 18, 19, 1, 1, 21, 1, 1] => QQFieldElem[-3//8, 0, 1//8, 1//8, 1//4, 1//8, 1//8, 0, 0, -1//8, -1//8, -1//4, -1//8, 1//8, 0, 1//8])