Dict(
	[16, 13, 15, 10, 20, 1, 1, 19, 1, 1] => QQFieldElem[0, 0, -1//3, 0, 1//3, 0, 0, 0, 0, 0, 1//3, 0, 0, 0, 0, 0],
	[16, 13, 15, 10, 21, 1, 1, 20, 1, 1] => QQFieldElem[0, 0, -1//3, 0, 0, 0, 0, 0, 0, 0, 1//3, 0, -1//3, 0, 0, 0],
	[16, 13, 15, 10, 20, 1, 1, 21, 1, 1] => QQFieldElem[0, 0, -1//3, 0, 0, 0, 0, 0, 0, 0, 1//3, 0, -1//3, 0, 0, 0],
	[16, 13, 15, 10, 19, 1, 1, 14, 1, 1] => QQFieldElem[0, 0, -1//3, 0, 0, 0, 0, 0, 0, 0, 1//3, 0, 0, 0, 0, 0],
	[16, 13, 15, 10, 14, 1, 1, 20, 1, 1] => QQFieldElem[0, 0, 1, 0, 0, 0, 0, 0, 0, 0, 0, 0, 0, 0, 0, 0],
	[16, 13, 15, 10, 20, 1, 1, 20, 1, 1] => QQFieldElem[0, 0, -1//3, 0, -1//3, 0, 0, 0, 0, 0, 1//3, 0, 1//3, 0, 0, 0],
	[16, 13, 15, 10, 21, 1, 1, 14, 1, 1] => QQFieldElem[0, 0, 0, 0, 0, 0, 0, 0, 0, 0, -1//3, 0, 0, 0, 0, 0],
	[16, 13, 15, 10, 19, 1, 1, 19, 1, 1] => QQFieldElem[0, 0, -1//3, 0, 0, 0, 0, 0, 0, 0, 1//3, 0, -1//3, 0, 0, 0],
	[16, 13, 15, 10, 19, 1, 1, 21, 1, 1] => QQFieldElem[0, 0, -1//3, 0, -1//3, 0, 0, 0, 0, 0, 1//3, 0, 1//3, 0, 0, 0],
	[16, 13, 15, 10, 14, 1, 1, 14, 1, 1] => QQFieldElem[0, 0, 0, 0, 0, 0, 0, 0, 0, 0, 0, 0, 0, 0, 0, 0],
	[16, 13, 15, 10, 20, 1, 1, 14, 1, 1] => QQFieldElem[0, 0, 1//3, 0, 0, 0, 0, 0, 0, 0, 0, 0, 0, 0, 0, 0],
	[16, 13, 15, 10, 21, 1, 1, 19, 1, 1] => QQFieldElem[0, 0, -1//3, 0, -1//3, 0, 0, 0, 0, 0, 1//3, 0, 1//3, 0, 0, 0],
	[16, 13, 15, 10, 19, 1, 1, 20, 1, 1] => QQFieldElem[0, 0, -1//3, 0, 1//3, 0, 0, 0, 0, 0, 1//3, 0, 0, 0, 0, 0],
	[16, 13, 15, 10, 21, 1, 1, 21, 1, 1] => QQFieldElem[0, 0, -1//3, 0, 1//3, 0, 0, 0, 0, 0, 1//3, 0, 0, 0, 0, 0],
	[16, 13, 15, 10, 14, 1, 1, 19, 1, 1] => QQFieldElem[0, 0, -1, 0, 0, 0, 0, 0, 0, 0, 1, 0, 0, 0, 0, 0],
	[16, 13, 15, 10, 14, 1, 1, 21, 1, 1] => QQFieldElem[0, 0, 0, 0, 0, 0, 0, 0, 0, 0, -1, 0, 0, 0, 0, 0])