Dict(
	[16, 10, 17, 11, 20, 1, 1, 20, 1, 1] => QQFieldElem[0, 0, -1//4, 0, -1//4, 0, 0, 0, 0, 0, 1//4, 0, 1//4, 0, 0, 0],
	[16, 10, 17, 11, 14, 1, 1, 8, 1, 1] => QQFieldElem[0, 0, 0, 0, 0, 0, -3//16, 0, 0, 0, 0, 0, 3//16, 0, 0, 0],
	[16, 10, 17, 11, 6, 1, 1, 20, 1, 1] => QQFieldElem[0, 0, 1, 0, 0, 0, 0, 0, 0, 0, 0, 0, 0, 0, 0, 0],
	[16, 10, 17, 11, 9, 1, 1, 20, 1, 1] => QQFieldElem[0, 0, 3//4, 0, 0, 0, 0, 0, 0, 0, 0, 0, 0, 0, 0, 0],
	[16, 10, 17, 11, 20, 1, 1, 8, 1, 1] => QQFieldElem[0, 0, 1//8, 0, 0, 0, 0, 0, 0, 0, 0, 0, 0, 0, 0, 0],
	[16, 10, 17, 11, 21, 1, 1, 14, 1, 1] => QQFieldElem[0, 0, 0, 0, 0, 0, 0, 0, 0, 0, 0, 0, 0, 0, 0, 0],
	[16, 10, 17, 11, 19, 1, 1, 19, 1, 1] => QQFieldElem[0, 0, -1//4, 0, 0, 0, 0, 0, 0, 0, 1//4, 0, -1//4, 0, 0, 0],
	[16, 10, 17, 11, 6, 1, 1, 8, 1, 1] => QQFieldElem[0, 0, 0, 0, 0, 0, -1//4, 0, 0, 0, 0, 0, -1//4, 0, 0, 0],
	[16, 10, 17, 11, 19, 1, 1, 21, 1, 1] => QQFieldElem[0, 0, -1//4, 0, -1//4, 0, 0, 0, 0, 0, 1//4, 0, 1//4, 0, 0, 0],
	[16, 10, 17, 11, 9, 1, 1, 8, 1, 1] => QQFieldElem[0, 0, 0, 0, 0, 0, 3//16, 0, 0, 0, 0, 0, 3//16, 0, 0, 0],
	[16, 10, 17, 11, 21, 1, 1, 7, 1, 1] => QQFieldElem[0, 0, 0, 0, 0, 0, 0, 0, 0, 0, 1//6, 0, 0, 0, 0, 0],
	[16, 10, 17, 11, 14, 1, 1, 14, 1, 1] => QQFieldElem[0, 0, 0, 0, 0, 0, 3//8, 0, 0, 0, 0, 0, 3//8, 0, 0, 0],
	[16, 10, 17, 11, 14, 1, 1, 7, 1, 1] => QQFieldElem[0, 0, 0, 0, 0, 0, -1//4, 0, 0, 0, 0, 0, 1//4, 0, 0, 0],
	[16, 10, 17, 11, 20, 1, 1, 14, 1, 1] => QQFieldElem[0, 0, 0, 0, 0, 0, 0, 0, 0, 0, 0, 0, 0, 0, 0, 0],
	[16, 10, 17, 11, 6, 1, 1, 14, 1, 1] => QQFieldElem[0, 0, 0, 0, 0, 0, 1//2, 0, 0, 0, 0, 0, -1//2, 0, 0, 0],
	[16, 10, 17, 11, 21, 1, 1, 19, 1, 1] => QQFieldElem[0, 0, -1//4, 0, -1//4, 0, 0, 0, 0, 0, 1//4, 0, 1//4, 0, 0, 0],
	[16, 10, 17, 11, 9, 1, 1, 14, 1, 1] => QQFieldElem[0, 0, 0, 0, 0, 0, -3//8, 0, 0, 0, 0, 0, 3//8, 0, 0, 0],
	[16, 10, 17, 11, 19, 1, 1, 20, 1, 1] => QQFieldElem[0, 0, -1//4, 0, 1//4, 0, 0, 0, 0, 0, 1//4, 0, 0, 0, 0, 0],
	[16, 10, 17, 11, 20, 1, 1, 7, 1, 1] => QQFieldElem[0, 0, -1//6, 0, 0, 0, 0, 0, 0, 0, 0, 0, 0, 0, 0, 0],
	[16, 10, 17, 11, 21, 1, 1, 21, 1, 1] => QQFieldElem[0, 0, -1//4, 0, 1//4, 0, 0, 0, 0, 0, 1//4, 0, 0, 0, 0, 0],
	[16, 10, 17, 11, 6, 1, 1, 7, 1, 1] => QQFieldElem[0, 0, 0, 0, 0, 0, -1//3, 0, 0, 0, 0, 0, -1//3, 0, 0, 0],
	[16, 10, 17, 11, 9, 1, 1, 7, 1, 1] => QQFieldElem[0, 0, 0, 0, 0, 0, 1//4, 0, 0, 0, 0, 0, 1//4, 0, 0, 0],
	[16, 10, 17, 11, 19, 1, 1, 8, 1, 1] => QQFieldElem[0, 0, -1//8, 0, 0, 0, 0, 0, 0, 0, 1//8, 0, 0, 0, 0, 0],
	[16, 10, 17, 11, 14, 1, 1, 19, 1, 1] => QQFieldElem[0, 0, 0, 0, 0, 0, 0, 0, 0, 0, 0, 0, 0, 0, 0, 0],
	[16, 10, 17, 11, 14, 1, 1, 21, 1, 1] => QQFieldElem[0, 0, 0, 0, 0, 0, 0, 0, 0, 0, 0, 0, 0, 0, 0, 0],
	[16, 10, 17, 11, 20, 1, 1, 19, 1, 1] => QQFieldElem[0, 0, -1//4, 0, 1//4, 0, 0, 0, 0, 0, 1//4, 0, 0, 0, 0, 0],
	[16, 10, 17, 11, 6, 1, 1, 19, 1, 1] => QQFieldElem[0, 0, -1, 0, 0, 0, 0, 0, 0, 0, 1, 0, 0, 0, 0, 0],
	[16, 10, 17, 11, 21, 1, 1, 20, 1, 1] => QQFieldElem[0, 0, -1//4, 0, 0, 0, 0, 0, 0, 0, 1//4, 0, -1//4, 0, 0, 0],
	[16, 10, 17, 11, 9, 1, 1, 19, 1, 1] => QQFieldElem[0, 0, -3//4, 0, 0, 0, 0, 0, 0, 0, 3//4, 0, 0, 0, 0, 0],
	[16, 10, 17, 11, 20, 1, 1, 21, 1, 1] => QQFieldElem[0, 0, -1//4, 0, 0, 0, 0, 0, 0, 0, 1//4, 0, -1//4, 0, 0, 0],
	[16, 10, 17, 11, 6, 1, 1, 21, 1, 1] => QQFieldElem[0, 0, 0, 0, 0, 0, 0, 0, 0, 0, -1, 0, 0, 0, 0, 0],
	[16, 10, 17, 11, 19, 1, 1, 14, 1, 1] => QQFieldElem[0, 0, 0, 0, 0, 0, 0, 0, 0, 0, 0, 0, 0, 0, 0, 0],
	[16, 10, 17, 11, 9, 1, 1, 21, 1, 1] => QQFieldElem[0, 0, 0, 0, 0, 0, 0, 0, 0, 0, -3//4, 0, 0, 0, 0, 0],
	[16, 10, 17, 11, 14, 1, 1, 20, 1, 1] => QQFieldElem[0, 0, 0, 0, 0, 0, 0, 0, 0, 0, 0, 0, 0, 0, 0, 0],
	[16, 10, 17, 11, 21, 1, 1, 8, 1, 1] => QQFieldElem[0, 0, 0, 0, 0, 0, 0, 0, 0, 0, -1//8, 0, 0, 0, 0, 0],
	[16, 10, 17, 11, 19, 1, 1, 7, 1, 1] => QQFieldElem[0, 0, 1//6, 0, 0, 0, 0, 0, 0, 0, -1//6, 0, 0, 0, 0, 0])