Dict(
	[16, 21, 13, 14, 13, 1, 1, 17, 1, 1] => QQFieldElem[1//4, 0, 0, 0, 0, 0, 1//4, 1//4, 0, 0, -1//4, 1//4, -1//4, 0, -1//4, -1//4],
	[16, 21, 13, 14, 12, 1, 1, 15, 1, 1] => QQFieldElem[0, 0, 0, 0, 0, 0, 0, 0, 0, 0, 0, 0, 0, 0, 0, 0],
	[16, 21, 13, 14, 11, 1, 1, 18, 1, 1] => QQFieldElem[0, 0, 0, 0, 0, 0, 0, 0, 0, 0, 0, 0, 0, 0, 0, 0],
	[16, 21, 13, 14, 18, 1, 1, 17, 1, 1] => QQFieldElem[1//4, 0, 0, 0, 0, 0, -1//4, -1//4, 0, 0, 1//4, -1//4, -1//4, 0, 1//4, 1//4],
	[16, 21, 13, 14, 16, 1, 1, 16, 1, 1] => QQFieldElem[0, 0, 0, 0, 0, 0, 0, 1//4, 0, 0, 0, 0, -1//4, -1//4, 0, -1//4],
	[16, 21, 13, 14, 11, 1, 1, 17, 1, 1] => QQFieldElem[0, 0, 0, 0, 0, 0, 0, 0, 0, 0, 0, 0, 0, 0, 0, 0],
	[16, 21, 13, 14, 13, 1, 1, 11, 1, 1] => QQFieldElem[0, 0, 0, 0, 0, 0, 0, 0, 0, 0, 0, 0, 0, 0, 0, 0],
	[16, 21, 13, 14, 12, 1, 1, 12, 1, 1] => QQFieldElem[0, 0, 0, 0, 0, 0, 0, 0, 0, 0, 0, 0, 0, 0, 0, 0],
	[16, 21, 13, 14, 18, 1, 1, 11, 1, 1] => QQFieldElem[0, 0, 0, 0, 0, 0, 0, 0, 0, 0, 0, 0, 0, 0, 0, 0],
	[16, 21, 13, 14, 10, 1, 1, 15, 1, 1] => QQFieldElem[0, 0, 0, 0, 0, 0, 3//4, 0, 0, 0, 0, 0, 0, 0, -3//4, 0],
	[16, 21, 13, 14, 11, 1, 1, 11, 1, 1] => QQFieldElem[0, 0, 0, 0, -128//3, 0, 0, 0, 0, 0, 0, 0, 0, 0, 0, 0],
	[16, 21, 13, 14, 10, 1, 1, 12, 1, 1] => QQFieldElem[0, 0, 0, 0, 0, 0, 3//4, 0, 0, 0, 0, 0, 0, 0, -3//4, 0],
	[16, 21, 13, 14, 12, 1, 1, 16, 1, 1] => QQFieldElem[0, 0, 0, 0, 0, 0, 0, 1//4, 0, 0, 0, 0, -1//4, 1//4, 0, -1//4],
	[16, 21, 13, 14, 13, 1, 1, 15, 1, 1] => QQFieldElem[0, 1//4, 0, 0, 0, 0, 0, 1//4, 0, 0, 0, 0, 1//4, 0, 0, -1//4],
	[16, 21, 13, 14, 18, 1, 1, 15, 1, 1] => QQFieldElem[0, -1//4, 0, 0, 0, 0, 0, 1//4, 0, 0, 0, 0, 1//4, 0, 0, -1//4],
	[16, 21, 13, 14, 16, 1, 1, 18, 1, 1] => QQFieldElem[1//4, 0, 0, 0, 0, 0, 1//4, 1//4, 0, 0, 1//4, -1//4, -1//4, 0, -1//4, -1//4],
	[16, 21, 13, 14, 10, 1, 1, 16, 1, 1] => QQFieldElem[0, 0, 0, 0, 0, 0, 3//4, 0, 0, 0, 0, 0, 0, 0, -3//4, 0],
	[16, 21, 13, 14, 13, 1, 1, 12, 1, 1] => QQFieldElem[0, -1//4, 0, 0, 0, 0, 0, -1//4, 0, 0, 0, 0, -1//4, 0, 0, 1//4],
	[16, 21, 13, 14, 18, 1, 1, 12, 1, 1] => QQFieldElem[0, 1//4, 0, 0, 0, 0, 0, -1//4, 0, 0, 0, 0, -1//4, 0, 0, 1//4],
	[16, 21, 13, 14, 11, 1, 1, 15, 1, 1] => QQFieldElem[0, 0, 0, 0, 128//3, 0, 0, 0, 0, 0, 0, 0, 0, 0, 0, 0],
	[16, 21, 13, 14, 16, 1, 1, 17, 1, 1] => QQFieldElem[-1//4, 0, 0, 0, 0, 0, 1//4, -1//4, 0, 0, -1//4, -1//4, -1//4, 0, -1//4, 1//4],
	[16, 21, 13, 14, 11, 1, 1, 12, 1, 1] => QQFieldElem[0, 0, 0, 0, 128//3, 0, 0, 0, 0, 0, 0, 0, 0, 0, 0, 0],
	[16, 21, 13, 14, 16, 1, 1, 11, 1, 1] => QQFieldElem[0, 0, 0, 0, 0, 0, 0, -1//4, 0, 0, 0, 0, 1//4, 1//4, 0, 1//4],
	[16, 21, 13, 14, 12, 1, 1, 18, 1, 1] => QQFieldElem[1//4, 0, 0, 0, 0, 0, -1//4, -1//4, 0, 0, -1//4, 1//4, -1//4, 0, 1//4, 1//4],
	[16, 21, 13, 14, 13, 1, 1, 16, 1, 1] => QQFieldElem[0, 0, 0, 0, 0, 0, 0, 0, 0, 0, 0, 0, 0, 0, 0, 0],
	[16, 21, 13, 14, 18, 1, 1, 16, 1, 1] => QQFieldElem[0, 0, 0, 0, 0, 0, 0, 0, 0, 0, 0, 0, 0, 0, 0, 0],
	[16, 21, 13, 14, 12, 1, 1, 17, 1, 1] => QQFieldElem[-1//4, 0, 0, 0, 0, 0, -1//4, 1//4, 0, 0, 1//4, 1//4, -1//4, 0, 1//4, -1//4],
	[16, 21, 13, 14, 11, 1, 1, 16, 1, 1] => QQFieldElem[0, 0, 0, 0, -128//3, 0, 0, 0, 0, 0, 0, 0, 0, 0, 0, 0],
	[16, 21, 13, 14, 10, 1, 1, 18, 1, 1] => QQFieldElem[0, 0, 0, 0, 0, 0, 0, 0, 0, 0, 0, 0, 0, 0, 0, 0],
	[16, 21, 13, 14, 16, 1, 1, 15, 1, 1] => QQFieldElem[0, 0, 0, 0, 0, 0, 0, 0, 0, 0, 0, 0, 0, 0, 0, 0],
	[16, 21, 13, 14, 12, 1, 1, 11, 1, 1] => QQFieldElem[0, 0, 0, 0, 0, 0, 0, -1//4, 0, 0, 0, 0, 1//4, -1//4, 0, 1//4],
	[16, 21, 13, 14, 10, 1, 1, 17, 1, 1] => QQFieldElem[0, 0, 0, 0, 0, 0, 0, 0, 0, 0, 0, 0, 0, 0, 0, 0],
	[16, 21, 13, 14, 16, 1, 1, 12, 1, 1] => QQFieldElem[0, 0, 0, 0, 0, 0, 0, 0, 0, 0, 0, 0, 0, 0, 0, 0],
	[16, 21, 13, 14, 13, 1, 1, 18, 1, 1] => QQFieldElem[-1//4, 0, 0, 0, 0, 0, -1//4, 1//4, 0, 0, -1//4, -1//4, -1//4, 0, 1//4, -1//4],
	[16, 21, 13, 14, 18, 1, 1, 18, 1, 1] => QQFieldElem[-1//4, 0, 0, 0, 0, 0, 1//4, -1//4, 0, 0, 1//4, 1//4, -1//4, 0, -1//4, 1//4],
	[16, 21, 13, 14, 10, 1, 1, 11, 1, 1] => QQFieldElem[0, 0, 0, 0, 0, 0, 3//4, 0, 0, 0, 0, 0, 0, 0, -3//4, 0])