Dict(
	[17, 10, 10, 10, 20, 1, 1, 19, 1, 1] => QQFieldElem[0, -1//4, 0, 0, 0, 0, 0, 0, 0, 1//4, 0, 0, 1//4, 0, 0, 0],
	[17, 10, 10, 10, 6, 1, 1, 19, 1, 1] => QQFieldElem[0, 0, 0, 0, 0, 0, -36, 0, 0, 0, 0, 0, 0, 0, 0, 0],
	[17, 10, 10, 10, 21, 1, 1, 20, 1, 1] => QQFieldElem[0, 0, 0, 0, 0, 0, 0, 0, 0, -1//4, 0, 0, 1//4, 0, 0, 0],
	[17, 10, 10, 10, 20, 1, 1, 21, 1, 1] => QQFieldElem[0, 0, 0, 0, 0, 0, 0, 0, 0, -1//4, 0, 0, 1//4, 0, 0, 0],
	[17, 10, 10, 10, 6, 1, 1, 21, 1, 1] => QQFieldElem[0, 0, 0, 0, 0, 0, 0, 0, 0, 0, 0, 0, 0, 0, 36, 0],
	[17, 10, 10, 10, 19, 1, 1, 14, 1, 1] => QQFieldElem[0, 0, 0, 0, 0, 0, 0, 0, 0, 0, 0, 0, 1//128, 0, 0, 0],
	[17, 10, 10, 10, 20, 1, 1, 20, 1, 1] => QQFieldElem[0, 1//4, 0, 0, 0, 0, 0, 0, 0, 0, 0, 0, 1//4, 0, 0, 0],
	[17, 10, 10, 10, 6, 1, 1, 20, 1, 1] => QQFieldElem[0, 0, 0, 0, 0, 0, 36, 0, 0, 0, 0, 0, 0, 0, -36, 0],
	[17, 10, 10, 10, 21, 1, 1, 14, 1, 1] => QQFieldElem[0, 0, 0, 0, 1//128, 0, 0, 0, 0, 0, 0, 0, -1//128, 0, 0, 0],
	[17, 10, 10, 10, 19, 1, 1, 19, 1, 1] => QQFieldElem[0, 0, 0, 0, 0, 0, 0, 0, 0, -1//4, 0, 0, 1//4, 0, 0, 0],
	[17, 10, 10, 10, 19, 1, 1, 21, 1, 1] => QQFieldElem[0, 1//4, 0, 0, 0, 0, 0, 0, 0, 0, 0, 0, 1//4, 0, 0, 0],
	[17, 10, 10, 10, 20, 1, 1, 14, 1, 1] => QQFieldElem[0, 0, 0, 0, -1//128, 0, 0, 0, 0, 0, 0, 0, 0, 0, 0, 0],
	[17, 10, 10, 10, 6, 1, 1, 14, 1, 1] => QQFieldElem[0, 0, 0, 0, 0, 0, 0, 0, 0, 0, 0, 0, 0, 0, 0, 0],
	[17, 10, 10, 10, 19, 1, 1, 20, 1, 1] => QQFieldElem[0, -1//4, 0, 0, 0, 0, 0, 0, 0, 1//4, 0, 0, 1//4, 0, 0, 0],
	[17, 10, 10, 10, 21, 1, 1, 19, 1, 1] => QQFieldElem[0, 1//4, 0, 0, 0, 0, 0, 0, 0, 0, 0, 0, 1//4, 0, 0, 0],
	[17, 10, 10, 10, 21, 1, 1, 21, 1, 1] => QQFieldElem[0, -1//4, 0, 0, 0, 0, 0, 0, 0, 1//4, 0, 0, 1//4, 0, 0, 0])