Dict(
	[17, 19, 12, 19, 11, 1, 1, 10, 1, 1] => QQFieldElem[0, 0, 0, 0, 0, 0, 0, 0, 0, 0, 0, 0, -1//4, 0, 0, 1//4],
	[17, 19, 12, 19, 12, 1, 1, 13, 1, 1] => QQFieldElem[0, 0, 0, 0, 0, 0, 0, 0, 0, 0, 0, 0, -1//3, 0, 0, 1//3],
	[17, 19, 12, 19, 15, 1, 1, 10, 1, 1] => QQFieldElem[1//4, 0, -1//8, 0, 0, 0, -1//8, 0, 0, -1//8, 1//8, 0, 0, 0, 0, 1//8],
	[17, 19, 12, 19, 11, 1, 1, 18, 1, 1] => QQFieldElem[1//17, 0, -13//34, 11//34, 0, -6//17, 1//34, 0, 0, -3//34, 13//34, 0, -4//17, 6//17, 0, -5//17],
	[17, 19, 12, 19, 11, 1, 1, 17, 1, 1] => QQFieldElem[0, 0, 1//2, -1//2, 0, 1//2, -1//2, 0, 0, -1, -1//2, 0, -1, -1//2, 0, -1],
	[17, 19, 12, 19, 13, 1, 1, 11, 1, 1] => QQFieldElem[0, 0, 0, 0, 0, 0, 0, 0, 0, 0, 0, 0, 1//4, 0, 0, 1//4],
	[17, 19, 12, 19, 15, 1, 1, 18, 1, 1] => QQFieldElem[19//68, 0, -15//34, 7//17, 0, -3//17, 1//68, 0, 0, -5//17, 15//34, 0, -25//68, 3//17, 0, 7//68],
	[17, 19, 12, 19, 10, 1, 1, 15, 1, 1] => QQFieldElem[8//21, 0, 2//21, 2//21, 0, -2//21, 2//21, 0, 0, -4//21, -2//21, 0, 0, 2//21, 0, -4//21],
	[17, 19, 12, 19, 15, 1, 1, 17, 1, 1] => QQFieldElem[0, 0, 0, 0, 0, 0, -1//4, 0, 0, 0, 0, 0, 0, 0, 0, -1//4],
	[17, 19, 12, 19, 10, 1, 1, 12, 1, 1] => QQFieldElem[0, 0, 0, 0, 0, 0, 0, 0, 0, 0, 0, 0, 1//3, 0, 0, 1//3],
	[17, 19, 12, 19, 17, 1, 1, 10, 1, 1] => QQFieldElem[-1//4, 0, -1//8, 0, 0, 0, -1//8, 0, 0, 1//8, 1//8, 0, 0, 0, 0, 1//8],
	[17, 19, 12, 19, 18, 1, 1, 15, 1, 1] => QQFieldElem[-3//14, 0, 5//28, 3//28, 0, -1//28, 3//14, 0, 0, -1//28, -5//28, 0, 1//14, 1//28, 0, 0],
	[17, 19, 12, 19, 17, 1, 1, 18, 1, 1] => QQFieldElem[-5//68, 0, -5//34, -1//34, 0, -1//17, 23//68, 0, 0, -9//34, 5//34, 0, 3//68, 1//17, 0, -9//68],
	[17, 19, 12, 19, 10, 1, 1, 16, 1, 1] => QQFieldElem[-4//17, 0, 2//17, -6//17, 0, -8//51, -10//51, 0, 0, 2//51, -2//17, 0, 20//51, 8//51, 0, -4//51],
	[17, 19, 12, 19, 18, 1, 1, 12, 1, 1] => QQFieldElem[0, 0, 1//8, 0, 0, -1//8, -1//8, 0, 0, 0, -1//8, 0, 1//4, 1//8, 0, -1//8],
	[17, 19, 12, 19, 17, 1, 1, 17, 1, 1] => QQFieldElem[-1//2, 0, 0, -1//2, 0, 0, -3//4, 0, 0, -1//2, 0, 0, -1//2, 0, 0, -1//4],
	[17, 19, 12, 19, 16, 1, 1, 11, 1, 1] => QQFieldElem[0, 0, 1//8, 0, 0, 1//8, 1//8, 0, 0, 0, -1//8, 0, 0, -1//8, 0, 1//8],
	[17, 19, 12, 19, 18, 1, 1, 16, 1, 1] => QQFieldElem[-5//68, 0, 11//68, 1//68, 0, -9//68, 5//34, 0, 0, 15//68, -11//68, 0, -3//68, 9//68, 0, 1//17],
	[17, 19, 12, 19, 13, 1, 1, 10, 1, 1] => QQFieldElem[0, 0, 0, 0, 0, 0, 0, 0, 0, 0, 0, 0, -1//4, 0, 0, 1//4],
	[17, 19, 12, 19, 12, 1, 1, 11, 1, 1] => QQFieldElem[0, 0, 0, 0, 0, 0, 0, 0, 0, 0, 0, 0, -1//3, 0, 0, 1//3],
	[17, 19, 12, 19, 13, 1, 1, 18, 1, 1] => QQFieldElem[-1//17, 0, 13//34, -11//34, 0, 6//17, -1//34, 0, 0, 3//34, -13//34, 0, 4//17, -6//17, 0, 5//17],
	[17, 19, 12, 19, 13, 1, 1, 17, 1, 1] => QQFieldElem[0, 0, -1//2, 1//2, 0, -1//2, 1//2, 0, 0, 1, 1//2, 0, 1, 1//2, 0, 1],
	[17, 19, 12, 19, 10, 1, 1, 13, 1, 1] => QQFieldElem[0, 0, 0, 0, 0, 0, 0, 0, 0, 0, 0, 0, -1//3, 0, 0, 1//3],
	[17, 19, 12, 19, 18, 1, 1, 13, 1, 1] => QQFieldElem[0, 0, -1//8, 0, 0, 1//8, -1//8, 0, 0, 0, 1//8, 0, 0, -1//8, 0, -1//8],
	[17, 19, 12, 19, 16, 1, 1, 10, 1, 1] => QQFieldElem[0, 0, -1//8, 0, 0, -1//8, 1//8, 0, 0, 0, 1//8, 0, 1//4, 1//8, 0, 1//8],
	[17, 19, 12, 19, 16, 1, 1, 18, 1, 1] => QQFieldElem[-9//68, 0, -1//68, -7//68, 0, 3//68, 1//17, 0, 0, 5//68, 1//68, 0, 19//68, -3//68, 0, -3//34],
	[17, 19, 12, 19, 12, 1, 1, 10, 1, 1] => QQFieldElem[0, 0, 0, 0, 0, 0, 0, 0, 0, 0, 0, 0, 1//3, 0, 0, 1//3],
	[17, 19, 12, 19, 11, 1, 1, 15, 1, 1] => QQFieldElem[0, 0, -3//14, -1//14, 0, -1//14, 3//14, 0, 0, 2//7, 3//14, 0, -1//7, 1//14, 0, -2//7],
	[17, 19, 12, 19, 16, 1, 1, 17, 1, 1] => QQFieldElem[3//2, 0, 3//4, 5//4, 0, 5//4, 1, 0, 0, 3//4, -3//4, 0, 0, -5//4, 0, -1//2],
	[17, 19, 12, 19, 15, 1, 1, 15, 1, 1] => QQFieldElem[0, 0, 1//14, -1//7, 0, 5//14, -9//28, 0, 0, 1//14, -1//14, 0, 3//14, -5//14, 0, 5//28],
	[17, 19, 12, 19, 11, 1, 1, 12, 1, 1] => QQFieldElem[0, 0, 0, 0, 0, 0, 0, 0, 0, 0, 0, 0, -1//4, 0, 0, 1//4],
	[17, 19, 12, 19, 12, 1, 1, 18, 1, 1] => QQFieldElem[4//17, 0, -10//51, -2//51, 0, -4//51, 2//17, 0, 0, -6//17, 10//51, 0, 20//51, 4//51, 0, 8//51],
	[17, 19, 12, 19, 15, 1, 1, 12, 1, 1] => QQFieldElem[-1//4, 0, 1//8, 0, 0, 0, 1//8, 0, 0, 1//8, -1//8, 0, 0, 0, 0, -1//8],
	[17, 19, 12, 19, 12, 1, 1, 17, 1, 1] => QQFieldElem[0, 0, -2//3, -2//3, 0, -2//3, -2//3, 0, 0, 0, 2//3, 0, 0, 2//3, 0, 0],
	[17, 19, 12, 19, 11, 1, 1, 16, 1, 1] => QQFieldElem[-1//17, 0, 1//34, -3//34, 0, 5//17, -13//34, 0, 0, -11//34, -1//34, 0, -4//17, -5//17, 0, -6//17],
	[17, 19, 12, 19, 15, 1, 1, 16, 1, 1] => QQFieldElem[9//68, 0, 1//17, -3//17, 0, 3//34, -1//68, 0, 0, -5//34, -1//17, 0, 19//68, -3//34, 0, 3//68],
	[17, 19, 12, 19, 17, 1, 1, 15, 1, 1] => QQFieldElem[3//14, 0, -1//14, -1//14, 0, 1//14, 5//28, 0, 0, 1//7, 1//14, 0, 0, -1//14, 0, -3//28],
	[17, 19, 12, 19, 17, 1, 1, 12, 1, 1] => QQFieldElem[1//4, 0, 1//8, 0, 0, 0, 1//8, 0, 0, -1//8, -1//8, 0, 0, 0, 0, -1//8],
	[17, 19, 12, 19, 10, 1, 1, 11, 1, 1] => QQFieldElem[0, 0, 0, 0, 0, 0, 0, 0, 0, 0, 0, 0, -1//3, 0, 0, 1//3],
	[17, 19, 12, 19, 17, 1, 1, 16, 1, 1] => QQFieldElem[9//68, 0, 1//17, 11//34, 0, 3//34, 33//68, 0, 0, 6//17, -1//17, 0, 19//68, -3//34, 0, 3//68],
	[17, 19, 12, 19, 18, 1, 1, 11, 1, 1] => QQFieldElem[0, 0, 1//8, 0, 0, -1//8, 1//8, 0, 0, 0, -1//8, 0, 0, 1//8, 0, 1//8],
	[17, 19, 12, 19, 11, 1, 1, 13, 1, 1] => QQFieldElem[0, 0, 0, 0, 0, 0, 0, 0, 0, 0, 0, 0, 1//4, 0, 0, 1//4],
	[17, 19, 12, 19, 13, 1, 1, 15, 1, 1] => QQFieldElem[0, 0, 3//14, 1//14, 0, 1//14, -3//14, 0, 0, -2//7, -3//14, 0, 1//7, -1//14, 0, 2//7],
	[17, 19, 12, 19, 15, 1, 1, 13, 1, 1] => QQFieldElem[0, 0, -1//8, 0, 0, 0, 1//8, 0, 0, -1//8, 1//8, 0, 0, 0, 0, -1//8],
	[17, 19, 12, 19, 13, 1, 1, 12, 1, 1] => QQFieldElem[0, 0, 0, 0, 0, 0, 0, 0, 0, 0, 0, 0, -1//4, 0, 0, 1//4],
	[17, 19, 12, 19, 10, 1, 1, 10, 1, 1] => QQFieldElem[0, 0, 0, 0, 0, 0, 0, 0, 0, 0, 0, 0, 1//3, 0, 0, 1//3],
	[17, 19, 12, 19, 13, 1, 1, 16, 1, 1] => QQFieldElem[1//17, 0, -1//34, 3//34, 0, -5//17, 13//34, 0, 0, 11//34, 1//34, 0, 4//17, 5//17, 0, 6//17],
	[17, 19, 12, 19, 17, 1, 1, 13, 1, 1] => QQFieldElem[0, 0, -1//8, 0, 0, 0, 1//8, 0, 0, 1//8, 1//8, 0, 0, 0, 0, -1//8],
	[17, 19, 12, 19, 10, 1, 1, 18, 1, 1] => QQFieldElem[-4//17, 0, 10//51, 2//51, 0, 4//51, -2//17, 0, 0, 6//17, -10//51, 0, -20//51, -4//51, 0, -8//51],
	[17, 19, 12, 19, 18, 1, 1, 10, 1, 1] => QQFieldElem[0, 0, -1//8, 0, 0, 1//8, 1//8, 0, 0, 0, 1//8, 0, -1//4, -1//8, 0, 1//8],
	[17, 19, 12, 19, 16, 1, 1, 15, 1, 1] => QQFieldElem[-1//7, 0, -1//28, -1//28, 0, 1//28, 3//14, 0, 0, -5//28, 1//28, 0, 0, -1//28, 0, 1//14],
	[17, 19, 12, 19, 10, 1, 1, 17, 1, 1] => QQFieldElem[0, 0, 2//3, 2//3, 0, 2//3, 2//3, 0, 0, 0, -2//3, 0, 0, -2//3, 0, 0],
	[17, 19, 12, 19, 16, 1, 1, 12, 1, 1] => QQFieldElem[0, 0, 1//8, 0, 0, 1//8, -1//8, 0, 0, 0, -1//8, 0, -1//4, -1//8, 0, -1//8],
	[17, 19, 12, 19, 18, 1, 1, 18, 1, 1] => QQFieldElem[11//68, 0, 5//68, 1//68, 0, -15//68, -5//17, 0, 0, 9//68, -5//68, 0, 7//68, 15//68, 0, -1//17],
	[17, 19, 12, 19, 12, 1, 1, 15, 1, 1] => QQFieldElem[-8//21, 0, -2//21, -2//21, 0, 2//21, -2//21, 0, 0, 4//21, 2//21, 0, 0, -2//21, 0, 4//21],
	[17, 19, 12, 19, 18, 1, 1, 17, 1, 1] => QQFieldElem[0, 0, 1//4, 1//4, 0, -1//4, 0, 0, 0, -1//4, -1//4, 0, 1//2, 1//4, 0, 0],
	[17, 19, 12, 19, 16, 1, 1, 16, 1, 1] => QQFieldElem[-21//68, 0, -15//68, -23//68, 0, -31//68, -13//34, 0, 0, -5//68, 15//68, 0, 1//68, 31//68, 0, 5//34],
	[17, 19, 12, 19, 12, 1, 1, 12, 1, 1] => QQFieldElem[0, 0, 0, 0, 0, 0, 0, 0, 0, 0, 0, 0, 1//3, 0, 0, 1//3],
	[17, 19, 12, 19, 13, 1, 1, 13, 1, 1] => QQFieldElem[0, 0, 0, 0, 0, 0, 0, 0, 0, 0, 0, 0, 1//4, 0, 0, 1//4],
	[17, 19, 12, 19, 11, 1, 1, 11, 1, 1] => QQFieldElem[0, 0, 0, 0, 0, 0, 0, 0, 0, 0, 0, 0, 1//4, 0, 0, 1//4],
	[17, 19, 12, 19, 12, 1, 1, 16, 1, 1] => QQFieldElem[4//17, 0, -2//17, 6//17, 0, 8//51, 10//51, 0, 0, -2//51, 2//17, 0, -20//51, -8//51, 0, 4//51],
	[17, 19, 12, 19, 15, 1, 1, 11, 1, 1] => QQFieldElem[0, 0, 1//8, 0, 0, 0, -1//8, 0, 0, 1//8, -1//8, 0, 0, 0, 0, 1//8],
	[17, 19, 12, 19, 17, 1, 1, 11, 1, 1] => QQFieldElem[0, 0, 1//8, 0, 0, 0, -1//8, 0, 0, -1//8, -1//8, 0, 0, 0, 0, 1//8],
	[17, 19, 12, 19, 16, 1, 1, 13, 1, 1] => QQFieldElem[0, 0, -1//8, 0, 0, -1//8, -1//8, 0, 0, 0, 1//8, 0, 0, 1//8, 0, -1//8])