Dict(
	[17, 10, 15, 11, 20, 1, 1, 20, 1, 1] => QQFieldElem[0, 0, 0, 0, 1//4, 0, 1//4, 0, 0, 0, 0, 0, -1//4, 0, 0, 0],
	[17, 10, 15, 11, 21, 1, 1, 14, 1, 1] => QQFieldElem[0, 0, 0, 0, 0, 0, -1//4, 0, 0, 0, 0, 0, 0, 0, 1//4, 0],
	[17, 10, 15, 11, 19, 1, 1, 19, 1, 1] => QQFieldElem[0, 0, 0, 0, 0, 0, 1//4, 0, 0, 0, 0, 0, 1//4, 0, 0, 0],
	[17, 10, 15, 11, 19, 1, 1, 21, 1, 1] => QQFieldElem[0, 0, 0, 0, 1//4, 0, 1//4, 0, 0, 0, 0, 0, -1//4, 0, 0, 0],
	[17, 10, 15, 11, 14, 1, 1, 14, 1, 1] => QQFieldElem[0, 0, 0, 0, 0, 0, 0, 0, 0, 0, 0, 0, 0, 0, 0, 0],
	[17, 10, 15, 11, 20, 1, 1, 14, 1, 1] => QQFieldElem[0, 0, 0, 0, 0, 0, 0, 0, 0, 0, 0, 0, 0, 0, -1//4, 0],
	[17, 10, 15, 11, 19, 1, 1, 20, 1, 1] => QQFieldElem[0, 0, 0, 0, -1//4, 0, 1//4, 0, 0, 0, 0, 0, 0, 0, 0, 0],
	[17, 10, 15, 11, 21, 1, 1, 19, 1, 1] => QQFieldElem[0, 0, 0, 0, 1//4, 0, 1//4, 0, 0, 0, 0, 0, -1//4, 0, 0, 0],
	[17, 10, 15, 11, 21, 1, 1, 21, 1, 1] => QQFieldElem[0, 0, 0, 0, -1//4, 0, 1//4, 0, 0, 0, 0, 0, 0, 0, 0, 0],
	[17, 10, 15, 11, 14, 1, 1, 19, 1, 1] => QQFieldElem[0, 0, 0, 0, 0, 0, 3//4, 0, 0, 0, 0, 0, 0, 0, 0, 0],
	[17, 10, 15, 11, 14, 1, 1, 21, 1, 1] => QQFieldElem[0, 0, 0, 0, 0, 0, -3//4, 0, 0, 0, 0, 0, 0, 0, 3//4, 0],
	[17, 10, 15, 11, 20, 1, 1, 19, 1, 1] => QQFieldElem[0, 0, 0, 0, -1//4, 0, 1//4, 0, 0, 0, 0, 0, 0, 0, 0, 0],
	[17, 10, 15, 11, 20, 1, 1, 21, 1, 1] => QQFieldElem[0, 0, 0, 0, 0, 0, 1//4, 0, 0, 0, 0, 0, 1//4, 0, 0, 0],
	[17, 10, 15, 11, 21, 1, 1, 20, 1, 1] => QQFieldElem[0, 0, 0, 0, 0, 0, 1//4, 0, 0, 0, 0, 0, 1//4, 0, 0, 0],
	[17, 10, 15, 11, 19, 1, 1, 14, 1, 1] => QQFieldElem[0, 0, 0, 0, 0, 0, 1//4, 0, 0, 0, 0, 0, 0, 0, 0, 0],
	[17, 10, 15, 11, 14, 1, 1, 20, 1, 1] => QQFieldElem[0, 0, 0, 0, 0, 0, 0, 0, 0, 0, 0, 0, 0, 0, -3//4, 0])