Dict(
	[17, 10, 13, 12, 19, 1, 1, 20, 1, 1] => QQFieldElem[0, -1//4, 0, 0, 0, 0, 0, 0, 0, 1//4, 0, 0, -1//4, 0, 0, 0],
	[17, 10, 13, 12, 21, 1, 1, 21, 1, 1] => QQFieldElem[0, -1//4, 0, 0, 0, 0, 0, 0, 0, 1//4, 0, 0, -1//4, 0, 0, 0],
	[17, 10, 13, 12, 21, 1, 1, 9, 1, 1] => QQFieldElem[0, 0, 0, 0, 1//256, 0, 0, 0, 0, 0, 0, 0, -1//256, 0, 0, 0],
	[17, 10, 13, 12, 8, 1, 1, 20, 1, 1] => QQFieldElem[0, 0, 0, 0, -48, 0, 0, 0, 0, 0, 0, 0, 0, 0, 0, 0],
	[17, 10, 13, 12, 20, 1, 1, 19, 1, 1] => QQFieldElem[0, -1//4, 0, 0, 0, 0, 0, 0, 0, 1//4, 0, 0, -1//4, 0, 0, 0],
	[17, 10, 13, 12, 21, 1, 1, 20, 1, 1] => QQFieldElem[0, 0, 0, 0, 0, 0, 0, 0, 0, -1//4, 0, 0, -1//4, 0, 0, 0],
	[17, 10, 13, 12, 20, 1, 1, 21, 1, 1] => QQFieldElem[0, 0, 0, 0, 0, 0, 0, 0, 0, -1//4, 0, 0, -1//4, 0, 0, 0],
	[17, 10, 13, 12, 20, 1, 1, 9, 1, 1] => QQFieldElem[0, 0, 0, 0, -1//256, 0, 0, 0, 0, 0, 0, 0, 0, 0, 0, 0],
	[17, 10, 13, 12, 20, 1, 1, 20, 1, 1] => QQFieldElem[0, 1//4, 0, 0, 0, 0, 0, 0, 0, 0, 0, 0, -1//4, 0, 0, 0],
	[17, 10, 13, 12, 19, 1, 1, 19, 1, 1] => QQFieldElem[0, 0, 0, 0, 0, 0, 0, 0, 0, -1//4, 0, 0, -1//4, 0, 0, 0],
	[17, 10, 13, 12, 19, 1, 1, 21, 1, 1] => QQFieldElem[0, 1//4, 0, 0, 0, 0, 0, 0, 0, 0, 0, 0, -1//4, 0, 0, 0],
	[17, 10, 13, 12, 19, 1, 1, 9, 1, 1] => QQFieldElem[0, 0, 0, 0, 0, 0, 0, 0, 0, 0, 0, 0, 1//256, 0, 0, 0],
	[17, 10, 13, 12, 8, 1, 1, 19, 1, 1] => QQFieldElem[0, 0, 0, 0, 0, 0, 0, 0, 0, 0, 0, 0, 48, 0, 0, 0],
	[17, 10, 13, 12, 8, 1, 1, 21, 1, 1] => QQFieldElem[0, 0, 0, 0, 48, 0, 0, 0, 0, 0, 0, 0, -48, 0, 0, 0],
	[17, 10, 13, 12, 8, 1, 1, 9, 1, 1] => QQFieldElem[0, 0, 0, 0, 0, 0, 0, 0, 0, 0, 0, 0, 0, 0, 0, 0],
	[17, 10, 13, 12, 21, 1, 1, 19, 1, 1] => QQFieldElem[0, 1//4, 0, 0, 0, 0, 0, 0, 0, 0, 0, 0, -1//4, 0, 0, 0])