Dict(
	[17, 21, 18, 14, 15, 1, 1, 11, 1, 1] => QQFieldElem[1//4, -1//4, -1//4, 0, 0, 0, 0, 0, 0, 0, 0, 0, -1//4, 1//4, -1//4, 0],
	[17, 21, 18, 14, 17, 1, 1, 18, 1, 1] => QQFieldElem[0, 0, 0, 0, 0, 0, 0, 0, 0, 0, 0, 0, 0, 0, 0, 0],
	[17, 21, 18, 14, 15, 1, 1, 13, 1, 1] => QQFieldElem[-1//4, 1//4, -1//4, 0, 0, 0, 0, 0, 0, 0, 0, 0, -1//4, 1//4, 1//4, 0],
	[17, 21, 18, 14, 10, 1, 1, 16, 1, 1] => QQFieldElem[-4//97, -16//291, 36//97, -50//291, -2//291, 62//291, 6//97, 8//97, 44//291, -2//97, -8//291, 18//97, 24//97, 32//97, -22//97, -88//291],
	[17, 21, 18, 14, 12, 1, 1, 10, 1, 1] => QQFieldElem[0, 0, 0, 0, 0, 0, 0, 0, 0, 0, 0, 0, 0, 0, 0, 0],
	[17, 21, 18, 14, 13, 1, 1, 12, 1, 1] => QQFieldElem[0, 0, 0, 0, 0, 0, 0, 0, 0, 0, 0, 0, 0, 0, 0, 0],
	[17, 21, 18, 14, 11, 1, 1, 12, 1, 1] => QQFieldElem[0, 0, 0, 0, 0, 0, 0, 0, 0, 0, 0, 0, 0, 0, 1//2, 0],
	[17, 21, 18, 14, 12, 1, 1, 18, 1, 1] => QQFieldElem[100//291, -32//97, -32//291, 18//97, 6//97, 2//97, 2//291, -64//291, 8//291, -62//291, 44//291, -50//291, 16//97, 16//291, 70//291, 88//291],
	[17, 21, 18, 14, 10, 1, 1, 10, 1, 1] => QQFieldElem[0, 0, 0, 0, 0, 0, 0, 0, 0, 0, 0, 0, 0, 0, 2//3, 0],
	[17, 21, 18, 14, 13, 1, 1, 16, 1, 1] => QQFieldElem[3//97, 4//97, -27//97, 25//194, 1//194, -31//194, -9//194, -6//97, -11//97, 3//194, 2//97, -27//194, -18//97, -24//97, 33//194, 22//97],
	[17, 21, 18, 14, 17, 1, 1, 11, 1, 1] => QQFieldElem[-1//4, 1//4, 1//4, 0, 0, 0, 0, 0, 0, 0, 0, 0, -1//4, 1//4, -1//4, 0],
	[17, 21, 18, 14, 15, 1, 1, 12, 1, 1] => QQFieldElem[-1//4, 1//4, 1//4, 0, 0, 0, 0, 0, 0, 0, 0, 0, 1//4, -1//4, 1//4, 0],
	[17, 21, 18, 14, 17, 1, 1, 13, 1, 1] => QQFieldElem[1//4, -1//4, 1//4, 0, 0, 0, 0, 0, 0, 0, 0, 0, -1//4, 1//4, 1//4, 0],
	[17, 21, 18, 14, 11, 1, 1, 16, 1, 1] => QQFieldElem[35//194, 79//194, -12//97, -16//97, 11//97, -3//194, -2//97, 27//194, 1//194, -31//194, -9//194, -6//97, -8//97, 11//194, -25//97, -1//97],
	[17, 21, 18, 14, 10, 1, 1, 18, 1, 1] => QQFieldElem[-22//97, -22//291, -24//97, -8//97, -8//291, 62//291, -44//291, 50//291, 6//97, 2//97, 2//291, -64//291, 36//97, -158//291, 4//97, 4//291],
	[17, 21, 18, 14, 13, 1, 1, 10, 1, 1] => QQFieldElem[0, 0, 0, 0, 0, 0, 0, 0, 0, 0, 0, 0, 0, 0, 1//2, 0],
	[17, 21, 18, 14, 12, 1, 1, 11, 1, 1] => QQFieldElem[0, 0, 0, 0, 0, 0, 0, 0, 0, 0, 0, 0, 0, 0, 2//3, 0],
	[17, 21, 18, 14, 15, 1, 1, 16, 1, 1] => QQFieldElem[0, 0, 0, 0, 0, 0, 0, 0, 0, 0, 0, 0, 0, 0, 0, 0],
	[17, 21, 18, 14, 11, 1, 1, 10, 1, 1] => QQFieldElem[0, 0, 0, 0, 0, 0, 0, 0, 0, 0, 0, 0, 0, 0, 0, 0],
	[17, 21, 18, 14, 12, 1, 1, 13, 1, 1] => QQFieldElem[0, 0, 0, 0, 0, 0, 0, 0, 0, 0, 0, 0, 0, 0, 0, 0],
	[17, 21, 18, 14, 13, 1, 1, 18, 1, 1] => QQFieldElem[33//194, 11//194, 18//97, 6//97, 2//97, -31//194, 11//97, -25//194, -9//194, -3//194, -1//194, 16//97, -27//97, 79//194, -3//97, -1//97],
	[17, 21, 18, 14, 17, 1, 1, 12, 1, 1] => QQFieldElem[1//4, -1//4, -1//4, 0, 0, 0, 0, 0, 0, 0, 0, 0, 1//4, -1//4, 1//4, 0],
	[17, 21, 18, 14, 10, 1, 1, 11, 1, 1] => QQFieldElem[0, 0, 0, 0, 0, 0, 0, 0, 0, 0, 0, 0, 0, 0, 0, 0],
	[17, 21, 18, 14, 15, 1, 1, 10, 1, 1] => QQFieldElem[1//4, -1//4, 1//4, 0, 0, 0, 0, 0, 0, 0, 0, 0, 1//4, -1//4, -1//4, 0],
	[17, 21, 18, 14, 11, 1, 1, 18, 1, 1] => QQFieldElem[-25//97, 24//97, 8//97, -27//194, -9//194, -3//194, -1//194, 16//97, -2//97, 31//194, -11//97, 25//194, -12//97, -4//97, -35//194, -22//97],
	[17, 21, 18, 14, 10, 1, 1, 13, 1, 1] => QQFieldElem[0, 0, 0, 0, 0, 0, 0, 0, 0, 0, 0, 0, 0, 0, 2//3, 0],
	[17, 21, 18, 14, 17, 1, 1, 16, 1, 1] => QQFieldElem[0, 0, 0, 0, 0, 0, 0, 0, 0, 0, 0, 0, 0, 0, 0, 0],
	[17, 21, 18, 14, 12, 1, 1, 12, 1, 1] => QQFieldElem[0, 0, 0, 0, 0, 0, 0, 0, 0, 0, 0, 0, 0, 0, 2//3, 0],
	[17, 21, 18, 14, 15, 1, 1, 18, 1, 1] => QQFieldElem[0, 0, 0, 0, 0, 0, 0, 0, 0, 0, 0, 0, 0, 0, 0, 0],
	[17, 21, 18, 14, 13, 1, 1, 11, 1, 1] => QQFieldElem[0, 0, 0, 0, 0, 0, 0, 0, 0, 0, 0, 0, 0, 0, 0, 0],
	[17, 21, 18, 14, 13, 1, 1, 13, 1, 1] => QQFieldElem[0, 0, 0, 0, 0, 0, 0, 0, 0, 0, 0, 0, 0, 0, 1//2, 0],
	[17, 21, 18, 14, 11, 1, 1, 11, 1, 1] => QQFieldElem[0, 0, 0, 0, 0, 0, 0, 0, 0, 0, 0, 0, 0, 0, 1//2, 0],
	[17, 21, 18, 14, 17, 1, 1, 10, 1, 1] => QQFieldElem[-1//4, 1//4, -1//4, 0, 0, 0, 0, 0, 0, 0, 0, 0, 1//4, -1//4, -1//4, 0],
	[17, 21, 18, 14, 12, 1, 1, 16, 1, 1] => QQFieldElem[-70//291, -158//291, 16//97, 64//291, -44//291, 2//97, 8//291, -18//97, -2//291, 62//291, 6//97, 8//97, 32//291, -22//291, 100//291, 4//291],
	[17, 21, 18, 14, 10, 1, 1, 12, 1, 1] => QQFieldElem[0, 0, 0, 0, 0, 0, 0, 0, 0, 0, 0, 0, 0, 0, 0, 0],
	[17, 21, 18, 14, 11, 1, 1, 13, 1, 1] => QQFieldElem[0, 0, 0, 0, 0, 0, 0, 0, 0, 0, 0, 0, 0, 0, 0, 0])