Dict(
	[17, 12, 13, 17, 20, 1, 1, 8, 1, 1] => QQFieldElem[1//192, 0, 0, 0, 0, 0, 0, 0, 0, 0, 0, 0, 0, 0, 0, 0],
	[17, 12, 13, 17, 21, 1, 1, 14, 1, 1] => QQFieldElem[0, 0, 0, 0, 0, 0, 0, 0, 0, 0, 0, 0, 0, 0, 0, 0],
	[17, 12, 13, 17, 19, 1, 1, 19, 1, 1] => QQFieldElem[1//7, 0, 1//28, -1//28, 0, 1//28, 1//28, 0, 0, 1//14, -1//28, 0, 0, -1//28, 0, 1//14],
	[17, 12, 13, 17, 19, 1, 1, 21, 1, 1] => QQFieldElem[25//184, -3//46, -9//184, -3//184, -3//92, 3//184, -9//184, 3//46, 0, -1//184, 1//184, -1//92, 3//184, -5//184, 1//23, -13//184],
	[17, 12, 13, 17, 1, 1, 1, 20, 1, 1] => QQFieldElem[-3//46, -1//23, 9//46, 13//46, 0, 13//46, -9//46, -1//23, 3//23, 5//46, -1//46, -6//23, -21//46, -1//46, 4//23, -3//46],
	[17, 12, 13, 17, 14, 1, 1, 14, 1, 1] => QQFieldElem[0, 0, 0, 0, 0, 0, 0, 0, 0, 0, 0, 0, 0, 0, 0, 3//512],
	[17, 12, 13, 17, 21, 1, 1, 7, 1, 1] => QQFieldElem[1//1024, 0, 0, 0, 0, 0, 0, 0, 0, 0, 0, 0, 0, 0, 0, 0],
	[17, 12, 13, 17, 3, 1, 1, 20, 1, 1] => QQFieldElem[9//184, 3//92, -27//184, -39//184, 0, -39//184, 27//184, 3//92, -9//92, -15//184, 3//184, 9//46, 63//184, 3//184, -3//23, 9//184],
	[17, 12, 13, 17, 1, 1, 1, 8, 1, 1] => QQFieldElem[-1//48, 0, 0, 0, 0, 0, 0, 0, 0, 0, 0, 0, 0, 0, 0, 0],
	[17, 12, 13, 17, 14, 1, 1, 7, 1, 1] => QQFieldElem[3//2048, 0, 0, 0, 0, 0, 0, 0, 0, 0, 0, 0, 0, 0, 0, 0],
	[17, 12, 13, 17, 20, 1, 1, 14, 1, 1] => QQFieldElem[0, 0, 0, 0, 0, 0, 0, 0, 0, 0, 0, 0, 0, 0, 0, 0],
	[17, 12, 13, 17, 3, 1, 1, 8, 1, 1] => QQFieldElem[-1//64, 0, 0, 0, 0, 0, 0, 0, 0, 0, 0, 0, 0, 0, 0, 0],
	[17, 12, 13, 17, 21, 1, 1, 19, 1, 1] => QQFieldElem[-1//14, -1//7, 1//28, 1//28, -1//14, -1//28, 1//28, 1//7, 0, 1//28, 1//14, -1//28, 1//28, 0, -3//28, -3//28],
	[17, 12, 13, 17, 19, 1, 1, 20, 1, 1] => QQFieldElem[25//184, 3//46, -1//184, -5//184, 3//92, 5//184, -1//184, -3//46, 0, -13//184, 9//184, 1//92, -3//184, -3//184, -1//23, -1//184],
	[17, 12, 13, 17, 21, 1, 1, 21, 1, 1] => QQFieldElem[-11//184, 5//46, 15//184, 5//184, 5//92, -5//184, 15//184, -5//46, 0, -29//184, -17//184, -3//46, -5//184, -7//184, 1//92, -9//184],
	[17, 12, 13, 17, 20, 1, 1, 7, 1, 1] => QQFieldElem[1//1024, 0, 0, 0, 0, 0, 0, 0, 0, 0, 0, 0, 0, 0, 0, 0],
	[17, 12, 13, 17, 19, 1, 1, 8, 1, 1] => QQFieldElem[1//192, 0, 0, 0, 0, 0, 0, 0, 0, 0, 0, 0, 0, 0, 0, 0],
	[17, 12, 13, 17, 14, 1, 1, 19, 1, 1] => QQFieldElem[0, 0, 0, 0, 0, 0, 0, 0, 0, 0, 0, 0, 0, 0, 0, 0],
	[17, 12, 13, 17, 1, 1, 1, 14, 1, 1] => QQFieldElem[0, 0, 0, 0, 0, 0, 0, 0, 0, 0, 0, 0, 0, 0, 0, -1//128],
	[17, 12, 13, 17, 14, 1, 1, 21, 1, 1] => QQFieldElem[0, 0, 0, 0, 0, 0, 0, 0, 0, 0, 0, 0, 0, 0, 0, 0],
	[17, 12, 13, 17, 3, 1, 1, 14, 1, 1] => QQFieldElem[0, 0, 0, 0, 0, 0, 0, 0, 0, 0, 0, 0, 0, 0, 0, -3//512],
	[17, 12, 13, 17, 20, 1, 1, 19, 1, 1] => QQFieldElem[-1//14, 1//7, -1//14, 0, 1//14, 0, -1//14, -1//7, 0, -3//28, -1//28, 1//28, -1//28, 1//28, 3//28, 1//28],
	[17, 12, 13, 17, 1, 1, 1, 7, 1, 1] => QQFieldElem[1//512, 0, 0, 0, 0, 0, 0, 0, 0, 0, 0, 0, 0, 0, 0, 0],
	[17, 12, 13, 17, 20, 1, 1, 21, 1, 1] => QQFieldElem[-7//92, -1//23, -3//92, -1//92, -1//46, 1//92, -3//92, 1//23, 0, 15//92, 2//23, 7//92, 1//92, 3//46, -5//92, 11//92],
	[17, 12, 13, 17, 21, 1, 1, 20, 1, 1] => QQFieldElem[-7//92, 1//23, -2//23, 3//46, 1//46, -3//46, -2//23, -1//23, 0, 11//92, 3//92, -7//92, -1//92, -1//92, 5//92, 15//92],
	[17, 12, 13, 17, 3, 1, 1, 7, 1, 1] => QQFieldElem[3//2048, 0, 0, 0, 0, 0, 0, 0, 0, 0, 0, 0, 0, 0, 0, 0],
	[17, 12, 13, 17, 19, 1, 1, 14, 1, 1] => QQFieldElem[0, 0, 0, 0, 0, 0, 0, 0, 0, 0, 0, 0, 0, 0, 0, 0],
	[17, 12, 13, 17, 21, 1, 1, 8, 1, 1] => QQFieldElem[1//192, 0, 0, 0, 0, 0, 0, 0, 0, 0, 0, 0, 0, 0, 0, 0],
	[17, 12, 13, 17, 14, 1, 1, 20, 1, 1] => QQFieldElem[0, 0, 0, 0, 0, 0, 0, 0, 0, 0, 0, 0, 0, 0, 0, 0],
	[17, 12, 13, 17, 1, 1, 1, 19, 1, 1] => QQFieldElem[0, 0, -1//7, -2//7, 0, -2//7, 1//7, 0, 0, 1//7, 1//7, 0, -3//7, 2//7, 0, -1//7],
	[17, 12, 13, 17, 19, 1, 1, 7, 1, 1] => QQFieldElem[1//1024, 0, 0, 0, 0, 0, 0, 0, 0, 0, 0, 0, 0, 0, 0, 0],
	[17, 12, 13, 17, 3, 1, 1, 19, 1, 1] => QQFieldElem[0, 0, 3//28, 3//14, 0, 3//14, -3//28, 0, 0, -3//28, -3//28, 0, 9//28, -3//14, 0, 3//28],
	[17, 12, 13, 17, 1, 1, 1, 21, 1, 1] => QQFieldElem[3//46, 1//23, 1//46, 1//46, 0, 1//46, -1//46, 1//23, -3//23, 3//46, -9//46, 6//23, -21//46, -13//46, -4//23, -5//46],
	[17, 12, 13, 17, 20, 1, 1, 20, 1, 1] => QQFieldElem[-11//184, -5//46, 17//184, -7//184, -5//92, 7//184, 17//184, 5//46, 0, -9//184, -15//184, 3//46, 5//184, 5//184, -1//92, -29//184],
	[17, 12, 13, 17, 14, 1, 1, 8, 1, 1] => QQFieldElem[-1//64, 0, 0, 0, 0, 0, 0, 0, 0, 0, 0, 0, 0, 0, 0, 0],
	[17, 12, 13, 17, 3, 1, 1, 21, 1, 1] => QQFieldElem[-9//184, -3//92, -3//184, -3//184, 0, -3//184, 3//184, -3//92, 9//92, -9//184, 27//184, -9//46, 63//184, 39//184, 3//23, 15//184])