Dict(
	[17, 17, 11, 11, 19, 1, 1, 1, 1, 1] => QQFieldElem[0, 0, 0, -1//6, 0, 1//6, 0, 0, 0, 0, 0, 0, 1//6, -1//6, 0, 0],
	[17, 17, 11, 11, 20, 1, 1, 20, 1, 1] => QQFieldElem[1//3, 1//3, -1//3, 0, 0, 0, 1//3, -1//3, -2//3, 0, 1//3, 0, 0, 0, 0, 1//3],
	[17, 17, 11, 11, 8, 1, 1, 14, 1, 1] => QQFieldElem[9//8, 0, 0, 0, 0, 0, 0, 0, 0, 0, 0, 0, 0, 0, 0, 0],
	[17, 17, 11, 11, 7, 1, 1, 1, 1, 1] => QQFieldElem[0, 0, 512//9, 512//9, 0, -512//9, -512//9, 0, 0, 512//9, -512//9, 0, -512//9, 512//9, 0, 512//9],
	[17, 17, 11, 11, 19, 1, 1, 3, 1, 1] => QQFieldElem[0, 0, 0, 1//6, 0, -1//6, 0, 0, 0, 0, 0, 0, -1//6, 1//6, 0, 0],
	[17, 17, 11, 11, 21, 1, 1, 14, 1, 1] => QQFieldElem[0, 0, 0, 0, 0, 0, 0, 0, 0, 0, 0, 0, 0, 0, 0, 0],
	[17, 17, 11, 11, 19, 1, 1, 19, 1, 1] => QQFieldElem[0, 0, -1//3, 0, 0, 0, 1//3, 0, 0, -1//3, 1//3, 0, 0, 0, 0, -1//3],
	[17, 17, 11, 11, 7, 1, 1, 3, 1, 1] => QQFieldElem[0, 0, 512//9, 512//9, 0, -512//9, -512//9, 0, 0, 512//9, -512//9, 0, -512//9, 512//9, 0, 512//9],
	[17, 17, 11, 11, 8, 1, 1, 1, 1, 1] => QQFieldElem[9//16, 0, 0, 0, 0, 0, 0, 0, 0, 0, 0, 0, 0, 0, 0, 0],
	[17, 17, 11, 11, 7, 1, 1, 19, 1, 1] => QQFieldElem[0, 0, -2048//9, -2048//9, 0, 2048//9, 2048//9, 0, 0, -2048//9, 2048//9, 0, 2048//9, -2048//9, 0, -2048//9],
	[17, 17, 11, 11, 19, 1, 1, 21, 1, 1] => QQFieldElem[-1//3, 1//3, 0, 0, 0, 0, 0, -1//3, 2//3, 0, -1//3, 0, 0, 0, -1//3, 1//3],
	[17, 17, 11, 11, 14, 1, 1, 14, 1, 1] => QQFieldElem[0, 0, 0, 0, 0, 0, 0, 0, 0, 0, 0, 0, 0, 0, 0, 128//3],
	[17, 17, 11, 11, 7, 1, 1, 21, 1, 1] => QQFieldElem[0, 0, -2048//9, -2048//9, 0, 2048//9, 2048//9, 0, 0, -2048//9, 2048//9, 0, 2048//9, -2048//9, 0, -2048//9],
	[17, 17, 11, 11, 8, 1, 1, 3, 1, 1] => QQFieldElem[9//16, 0, 0, 0, 0, 0, 0, 0, 0, 0, 0, 0, 0, 0, 0, 0],
	[17, 17, 11, 11, 21, 1, 1, 1, 1, 1] => QQFieldElem[0, 0, 0, 0, 0, 0, 0, 0, 0, 0, 0, 1//6, 1//6, 1//6, 0, 0],
	[17, 17, 11, 11, 8, 1, 1, 19, 1, 1] => QQFieldElem[9//8, 0, 0, 0, 0, 0, 0, 0, 0, 0, 0, 0, 0, 0, 0, 0],
	[17, 17, 11, 11, 8, 1, 1, 21, 1, 1] => QQFieldElem[9//8, 0, 0, 0, 0, 0, 0, 0, 0, 0, 0, 0, 0, 0, 0, 0],
	[17, 17, 11, 11, 20, 1, 1, 14, 1, 1] => QQFieldElem[0, 0, 0, 0, 0, 0, 0, 0, 0, 0, 0, 0, 0, 0, 0, 0],
	[17, 17, 11, 11, 21, 1, 1, 3, 1, 1] => QQFieldElem[0, 0, 0, 0, 0, 0, 0, 0, 0, 0, 0, -1//6, -1//6, -1//6, 0, 0],
	[17, 17, 11, 11, 14, 1, 1, 1, 1, 1] => QQFieldElem[0, 0, 0, 0, 0, 0, 0, 0, 0, 0, 0, 0, 0, 0, 0, -64//3],
	[17, 17, 11, 11, 21, 1, 1, 19, 1, 1] => QQFieldElem[0, 1//3, 1//3, 0, 0, 0, -1//3, -1//3, 0, 0, 0, 0, 0, 0, 1//3, 1//3],
	[17, 17, 11, 11, 19, 1, 1, 20, 1, 1] => QQFieldElem[1//3, -1//3, 1//3, 0, 0, 0, -1//3, 1//3, -2//3, 1//3, 0, 0, 0, 0, 1//3, 0],
	[17, 17, 11, 11, 21, 1, 1, 21, 1, 1] => QQFieldElem[-1//3, -1//3, -1//3, 0, 0, 0, 1//3, 1//3, 2//3, 1//3, 1//3, 0, 0, 0, 0, 0],
	[17, 17, 11, 11, 7, 1, 1, 20, 1, 1] => QQFieldElem[0, 0, -2048//9, -2048//9, 0, 2048//9, 2048//9, 0, 0, -2048//9, 2048//9, 0, 2048//9, -2048//9, 0, -2048//9],
	[17, 17, 11, 11, 14, 1, 1, 3, 1, 1] => QQFieldElem[0, 0, 0, 0, 0, 0, 0, 0, 0, 0, 0, 0, 0, 0, 0, -64//3],
	[17, 17, 11, 11, 20, 1, 1, 1, 1, 1] => QQFieldElem[0, 0, 0, 1//6, 0, -1//6, 0, 0, 0, 0, 0, -1//6, 1//6, 0, 0, 0],
	[17, 17, 11, 11, 14, 1, 1, 19, 1, 1] => QQFieldElem[0, 0, 0, 0, 0, 0, 0, 0, 0, 0, 0, 0, 0, 0, 0, 0],
	[17, 17, 11, 11, 14, 1, 1, 21, 1, 1] => QQFieldElem[0, 0, 0, 0, 0, 0, 0, 0, 0, 0, 0, 0, 0, 0, 0, 0],
	[17, 17, 11, 11, 8, 1, 1, 20, 1, 1] => QQFieldElem[9//8, 0, 0, 0, 0, 0, 0, 0, 0, 0, 0, 0, 0, 0, 0, 0],
	[17, 17, 11, 11, 20, 1, 1, 3, 1, 1] => QQFieldElem[0, 0, 0, -1//6, 0, 1//6, 0, 0, 0, 0, 0, 1//6, -1//6, 0, 0, 0],
	[17, 17, 11, 11, 20, 1, 1, 19, 1, 1] => QQFieldElem[0, -1//3, 0, 0, 0, 0, 0, 1//3, 0, 1//3, -1//3, 0, 0, 0, -1//3, 0],
	[17, 17, 11, 11, 21, 1, 1, 20, 1, 1] => QQFieldElem[1//3, 0, 0, 0, 0, 0, 0, 0, -2//3, -1//3, -1//3, 0, 0, 0, -1//3, -1//3],
	[17, 17, 11, 11, 20, 1, 1, 21, 1, 1] => QQFieldElem[-1//3, 0, 1//3, 0, 0, 0, -1//3, 0, 2//3, -1//3, 0, 0, 0, 0, 1//3, -1//3],
	[17, 17, 11, 11, 19, 1, 1, 14, 1, 1] => QQFieldElem[0, 0, 0, 0, 0, 0, 0, 0, 0, 0, 0, 0, 0, 0, 0, 0],
	[17, 17, 11, 11, 7, 1, 1, 14, 1, 1] => QQFieldElem[0, 0, 1024//9, 1024//9, 0, -1024//9, -1024//9, 0, 0, 1024//9, -1024//9, 0, -1024//9, 1024//9, 0, 1024//9],
	[17, 17, 11, 11, 14, 1, 1, 20, 1, 1] => QQFieldElem[0, 0, 0, 0, 0, 0, 0, 0, 0, 0, 0, 0, 0, 0, 0, 0])