Dict(
	[18, 10, 12, 16, 21, 1, 1, 20, 1, 1] => QQFieldElem[1//4, -1//4, 0, 1//4, 0, -1//4, 0, 1//4, -1//2, 0, 1//4, 0, -1//4, 1//4, 1//4, -1//4],
	[18, 10, 12, 16, 20, 1, 1, 21, 1, 1] => QQFieldElem[-1//4, 1//4, -1//4, 1//4, 0, -1//4, 1//4, -1//4, 1//2, -1//4, 0, 0, -1//4, 1//4, -1//4, 0],
	[18, 10, 12, 16, 3, 1, 1, 7, 1, 1] => QQFieldElem[0, 0, -9//8192, 9//8192, 0, -9//8192, 9//8192, 0, 0, -9//8192, 9//8192, 0, -9//8192, 9//8192, 0, -9//8192],
	[18, 10, 12, 16, 19, 1, 1, 14, 1, 1] => QQFieldElem[0, 0, 0, 0, 0, 0, 0, 0, 0, 0, 0, 0, 0, 0, 0, 0],
	[18, 10, 12, 16, 14, 1, 1, 20, 1, 1] => QQFieldElem[0, 0, 0, 0, 0, 0, 0, 0, 0, 0, 0, 0, 0, 0, 0, 0],
	[18, 10, 12, 16, 21, 1, 1, 8, 1, 1] => QQFieldElem[1//384, 0, 0, 0, 0, 0, 0, 0, 0, 0, 0, 0, 0, 0, 0, 0],
	[18, 10, 12, 16, 19, 1, 1, 7, 1, 1] => QQFieldElem[0, 0, 3//4096, -3//4096, 0, 3//4096, -3//4096, 0, 0, 3//4096, -3//4096, 0, 3//4096, -3//4096, 0, 3//4096],
	[18, 10, 12, 16, 2, 1, 1, 20, 1, 1] => QQFieldElem[1//2, -1, -1//2, 1//2, 0, -1//2, 1//2, 1, -1, 1//2, 1//2, 0, -1//2, 1//2, 0, -1//2],
	[18, 10, 12, 16, 3, 1, 1, 19, 1, 1] => QQFieldElem[0, 0, -3//4, 3//4, 0, -3//4, 3//4, 0, 0, 0, 3//4, 0, -3//4, 3//4, 0, 0],
	[18, 10, 12, 16, 20, 1, 1, 20, 1, 1] => QQFieldElem[-1//8, 0, -1//8, -1//8, 0, 1//8, 1//8, 0, 1//4, -1//8, 1//8, 0, 1//8, -1//8, 0, -1//8],
	[18, 10, 12, 16, 14, 1, 1, 8, 1, 1] => QQFieldElem[1//128, 0, 0, 0, 0, 0, 0, 0, 0, 0, 0, 0, 0, 0, 0, 0],
	[18, 10, 12, 16, 3, 1, 1, 21, 1, 1] => QQFieldElem[3//8, -3//4, 3//8, -3//8, 0, 3//8, -3//8, 3//4, -3//4, 3//8, -3//8, 0, 3//8, -3//8, 0, -3//8],
	[18, 10, 12, 16, 2, 1, 1, 8, 1, 1] => QQFieldElem[1//96, 0, 0, 0, 0, 0, 0, 0, 0, 0, 0, 0, 0, 0, 0, 0],
	[18, 10, 12, 16, 20, 1, 1, 8, 1, 1] => QQFieldElem[1//384, 0, 0, 0, 0, 0, 0, 0, 0, 0, 0, 0, 0, 0, 0, 0],
	[18, 10, 12, 16, 21, 1, 1, 14, 1, 1] => QQFieldElem[0, 0, 0, 0, 0, 0, 0, 0, 0, 0, 0, 0, 0, 0, 0, 0],
	[18, 10, 12, 16, 19, 1, 1, 19, 1, 1] => QQFieldElem[0, 0, 1//4, -1//2, 0, 1//2, -1//4, 0, 0, 1//4, -1//4, 0, 1//2, -1//2, 0, 1//4],
	[18, 10, 12, 16, 19, 1, 1, 21, 1, 1] => QQFieldElem[1//8, -1//4, 3//8, -1//8, 0, 1//8, -3//8, 1//4, -1//4, 3//8, -1//8, 0, 1//8, -1//8, 1//4, 1//8],
	[18, 10, 12, 16, 14, 1, 1, 14, 1, 1] => QQFieldElem[0, 0, 0, 9//2048, 0, 0, 0, 0, 0, 0, 0, 0, 0, 0, 0, 0],
	[18, 10, 12, 16, 21, 1, 1, 7, 1, 1] => QQFieldElem[0, 0, 3//4096, -3//4096, 0, 3//4096, -3//4096, 0, 0, 3//4096, -3//4096, 0, 3//4096, -3//4096, 0, 3//4096],
	[18, 10, 12, 16, 3, 1, 1, 20, 1, 1] => QQFieldElem[-3//8, 3//4, 3//8, -3//8, 0, 3//8, -3//8, -3//4, 3//4, -3//8, -3//8, 0, 3//8, -3//8, 0, 3//8],
	[18, 10, 12, 16, 2, 1, 1, 14, 1, 1] => QQFieldElem[0, 0, 0, -3//512, 0, 0, 0, 0, 0, 0, 0, 0, 0, 0, 0, 0],
	[18, 10, 12, 16, 14, 1, 1, 7, 1, 1] => QQFieldElem[0, 0, -9//8192, 9//8192, 0, -9//8192, 9//8192, 0, 0, -9//8192, 9//8192, 0, -9//8192, 9//8192, 0, -9//8192],
	[18, 10, 12, 16, 20, 1, 1, 14, 1, 1] => QQFieldElem[0, 0, 0, 0, 0, 0, 0, 0, 0, 0, 0, 0, 0, 0, 0, 0],
	[18, 10, 12, 16, 3, 1, 1, 8, 1, 1] => QQFieldElem[1//128, 0, 0, 0, 0, 0, 0, 0, 0, 0, 0, 0, 0, 0, 0, 0],
	[18, 10, 12, 16, 21, 1, 1, 19, 1, 1] => QQFieldElem[0, 1//4, -1//4, 1//4, 0, -1//4, 1//4, -1//4, 0, -1//4, 0, 0, -1//4, 1//4, -1//4, 0],
	[18, 10, 12, 16, 2, 1, 1, 7, 1, 1] => QQFieldElem[0, 0, -3//2048, 3//2048, 0, -3//2048, 3//2048, 0, 0, -3//2048, 3//2048, 0, -3//2048, 3//2048, 0, -3//2048],
	[18, 10, 12, 16, 19, 1, 1, 20, 1, 1] => QQFieldElem[-1//8, 1//4, 1//8, -1//8, 0, 1//8, -1//8, -1//4, 1//4, 1//8, -3//8, 0, 1//8, -1//8, -1//4, 3//8],
	[18, 10, 12, 16, 21, 1, 1, 21, 1, 1] => QQFieldElem[1//8, 0, -1//8, -1//8, 0, 1//8, 1//8, 0, -1//4, -1//8, 1//8, 0, 1//8, -1//8, 0, -1//8],
	[18, 10, 12, 16, 20, 1, 1, 7, 1, 1] => QQFieldElem[0, 0, 3//4096, -3//4096, 0, 3//4096, -3//4096, 0, 0, 3//4096, -3//4096, 0, 3//4096, -3//4096, 0, 3//4096],
	[18, 10, 12, 16, 14, 1, 1, 19, 1, 1] => QQFieldElem[0, 0, 0, 0, 0, 0, 0, 0, 0, 0, 0, 0, 0, 0, 0, 0],
	[18, 10, 12, 16, 19, 1, 1, 8, 1, 1] => QQFieldElem[1//384, 0, 0, 0, 0, 0, 0, 0, 0, 0, 0, 0, 0, 0, 0, 0],
	[18, 10, 12, 16, 14, 1, 1, 21, 1, 1] => QQFieldElem[0, 0, 0, 0, 0, 0, 0, 0, 0, 0, 0, 0, 0, 0, 0, 0],
	[18, 10, 12, 16, 2, 1, 1, 19, 1, 1] => QQFieldElem[0, 0, 1, -1, 0, 1, -1, 0, 0, 0, -1, 0, 1, -1, 0, 0],
	[18, 10, 12, 16, 3, 1, 1, 14, 1, 1] => QQFieldElem[0, 0, 0, -9//2048, 0, 0, 0, 0, 0, 0, 0, 0, 0, 0, 0, 0],
	[18, 10, 12, 16, 20, 1, 1, 19, 1, 1] => QQFieldElem[0, -1//4, 0, 1//4, 0, -1//4, 0, 1//4, 0, 0, 1//4, 0, -1//4, 1//4, 1//4, -1//4],
	[18, 10, 12, 16, 2, 1, 1, 21, 1, 1] => QQFieldElem[-1//2, 1, -1//2, 1//2, 0, -1//2, 1//2, -1, 1, -1//2, 1//2, 0, -1//2, 1//2, 0, 1//2])