Dict(
	[18, 16, 14, 14, 10, 1, 1, 14, 1, 1] => QQFieldElem[0, 0, 0, 0, 0, 0, 128, 0, 0, 0, 0, 0, 0, 0, 0, 0],
	[18, 16, 14, 14, 13, 1, 1, 3, 1, 2] => QQFieldElem[0, 0, -9//16, 0, 0, 0, 0, 0, 0, 0, 9//16, 0, 0, 0, 0, 0],
	[18, 16, 14, 14, 18, 1, 1, 3, 1, 2] => QQFieldElem[-1//2, 0, 0, 0, 0, 0, 0, 0, 0, 0, 0, 0, 1//2, 0, 0, 0],
	[18, 16, 14, 14, 10, 1, 1, 4, 1, 1] => QQFieldElem[0, 0, 128, 0, 0, 0, 0, 0, 0, 0, -128, 0, 0, 0, 0, 0],
	[18, 16, 14, 14, 12, 1, 1, 3, 1, 1] => QQFieldElem[0, 0, -9//16, 0, 0, 0, 9//16, 0, 0, 0, 9//16, 0, 0, 0, 0, 0],
	[18, 16, 14, 14, 16, 1, 1, 2, 1, 1] => QQFieldElem[0, 0, 9//16, 0, 0, 0, 9//16, 0, 0, 0, -9//16, 0, 0, 0, 0, 0],
	[18, 16, 14, 14, 11, 1, 1, 3, 1, 2] => QQFieldElem[0, 0, 0, 0, 0, 0, 0, 0, 0, 0, 0, 0, 0, 0, 0, 0],
	[18, 16, 14, 14, 13, 1, 1, 14, 1, 1] => QQFieldElem[0, 0, 0, 0, 0, 0, -128, 0, 0, 0, 0, 0, 0, 0, 0, 0],
	[18, 16, 14, 14, 18, 1, 1, 14, 1, 1] => QQFieldElem[0, 0, 0, 0, 0, 0, 0, 0, 0, 0, 0, 0, 0, 0, 0, 0],
	[18, 16, 14, 14, 16, 1, 1, 14, 1, 2] => QQFieldElem[9//8, 0, 0, 0, 0, 0, 0, 0, 0, 0, 0, 0, 0, 0, 0, 0],
	[18, 16, 14, 14, 13, 1, 1, 4, 1, 1] => QQFieldElem[0, 0, 0, 0, 0, 0, 0, 0, 0, 0, 0, 0, 0, 0, 0, 0],
	[18, 16, 14, 14, 10, 1, 1, 3, 1, 1] => QQFieldElem[0, 0, -128, 0, 0, 0, 0, 0, 0, 0, 128, 0, 0, 0, 0, 0],
	[18, 16, 14, 14, 18, 1, 1, 4, 1, 1] => QQFieldElem[-1//2, 0, 0, 0, 0, 0, 0, 0, 0, 0, 0, 0, -1//2, 0, 0, 0],
	[18, 16, 14, 14, 11, 1, 1, 14, 1, 1] => QQFieldElem[0, 0, 0, 0, 0, 0, 0, 0, 0, 0, 0, 0, 0, 0, 0, 0],
	[18, 16, 14, 14, 12, 1, 1, 2, 1, 1] => QQFieldElem[9//16, 0, 0, 0, 0, 0, 0, 0, 0, 0, 0, 0, 0, 0, 0, 0],
	[18, 16, 14, 14, 11, 1, 1, 4, 1, 1] => QQFieldElem[0, 0, 9//16, 0, 0, 0, 0, 0, 0, 0, -9//16, 0, 0, 0, 0, 0],
	[18, 16, 14, 14, 12, 1, 1, 14, 1, 2] => QQFieldElem[0, 0, 0, 0, 0, 0, 0, 0, 0, 0, 0, 0, 0, 0, 0, 0],
	[18, 16, 14, 14, 13, 1, 1, 3, 1, 1] => QQFieldElem[0, 0, -128, 0, 0, 0, 0, 0, 0, 0, 128, 0, 0, 0, 0, 0],
	[18, 16, 14, 14, 18, 1, 1, 3, 1, 1] => QQFieldElem[0, 0, 9//16, 0, 0, 0, -9//16, 0, 0, 0, -9//16, 0, 0, 0, 0, 0],
	[18, 16, 14, 14, 10, 1, 1, 2, 1, 1] => QQFieldElem[0, 0, 128, 0, 0, 0, 0, 0, 0, 0, -128, 0, 0, 0, 0, 0],
	[18, 16, 14, 14, 16, 1, 1, 3, 1, 2] => QQFieldElem[0, 0, 0, 0, 0, 0, 0, 0, 0, 0, 0, 0, 0, 0, 0, 0],
	[18, 16, 14, 14, 11, 1, 1, 3, 1, 1] => QQFieldElem[9//16, 0, 0, 0, 0, 0, 0, 0, 0, 0, 0, 0, 0, 0, 0, 0],
	[18, 16, 14, 14, 10, 1, 1, 14, 1, 2] => QQFieldElem[0, 0, 0, 0, 0, 0, -9//8, 0, 0, 0, 0, 0, 0, 0, 0, 0],
	[18, 16, 14, 14, 16, 1, 1, 14, 1, 1] => QQFieldElem[0, 0, 0, 0, 0, 0, 0, 0, 0, 0, 0, 0, 0, 0, 0, 0],
	[18, 16, 14, 14, 13, 1, 1, 2, 1, 1] => QQFieldElem[0, 0, 0, 0, 0, 0, 0, 0, 0, 0, 0, 0, 0, 0, 0, 0],
	[18, 16, 14, 14, 18, 1, 1, 2, 1, 1] => QQFieldElem[1//2, 0, 0, 0, 0, 0, 0, 0, 0, 0, 0, 0, 1//2, 0, 0, 0],
	[18, 16, 14, 14, 12, 1, 1, 3, 1, 2] => QQFieldElem[1//2, 0, 0, 0, 0, 0, 0, 0, 0, 0, 0, 0, -1//2, 0, 0, 0],
	[18, 16, 14, 14, 16, 1, 1, 4, 1, 1] => QQFieldElem[0, 0, -9//16, 0, 0, 0, -9//16, 0, 0, 0, 9//16, 0, 0, 0, 0, 0],
	[18, 16, 14, 14, 13, 1, 1, 14, 1, 2] => QQFieldElem[0, 0, 0, 0, 0, 0, 9//8, 0, 0, 0, 0, 0, 0, 0, 0, 0],
	[18, 16, 14, 14, 18, 1, 1, 14, 1, 2] => QQFieldElem[0, 0, 0, 0, 0, 0, 0, 0, 0, 0, 0, 0, 0, 0, 0, 0],
	[18, 16, 14, 14, 11, 1, 1, 2, 1, 1] => QQFieldElem[0, 0, 9//16, 0, 0, 0, 0, 0, 0, 0, -9//16, 0, 0, 0, 0, 0],
	[18, 16, 14, 14, 12, 1, 1, 14, 1, 1] => QQFieldElem[0, 0, 0, 0, 0, 0, 0, 0, 0, 0, 0, 0, 0, 0, 0, 0],
	[18, 16, 14, 14, 10, 1, 1, 3, 1, 2] => QQFieldElem[0, 0, -9//16, 0, 0, 0, 0, 0, 0, 0, 9//16, 0, 0, 0, 0, 0],
	[18, 16, 14, 14, 11, 1, 1, 14, 1, 2] => QQFieldElem[9//8, 0, 0, 0, 0, 0, 0, 0, 0, 0, 0, 0, 0, 0, 0, 0],
	[18, 16, 14, 14, 16, 1, 1, 3, 1, 1] => QQFieldElem[9//16, 0, 0, 0, 0, 0, 0, 0, 0, 0, 0, 0, 0, 0, 0, 0],
	[18, 16, 14, 14, 12, 1, 1, 4, 1, 1] => QQFieldElem[9//16, 0, 0, 0, 0, 0, 0, 0, 0, 0, 0, 0, 0, 0, 0, 0])