Dict(
	[18, 17, 12, 10, 7, 1, 1, 4, 1, 1] => QQFieldElem[3//16, 0, 0, 0, 0, 0, 0, 0, 0, 0, 0, 0, -3//16, 0, 0, 0],
	[18, 17, 12, 10, 20, 1, 1, 20, 1, 1] => QQFieldElem[0, 0, -1//3, 0, 2//3, 0, -1//3, -1//3, 0, 0, 1//3, 0, -1//3, -1//3, 0, 1//3],
	[18, 17, 12, 10, 14, 1, 1, 8, 1, 1] => QQFieldElem[0, 0, 0, 0, 0, 0, 0, 0, 0, 0, 0, 0, 0, 0, 0, -256//3],
	[18, 17, 12, 10, 19, 1, 1, 5, 1, 1] => QQFieldElem[0, 0, 0, -1//6, 0, 0, 0, 0, 0, -1//6, 0, 0, -1//6, 0, 0, 0],
	[18, 17, 12, 10, 7, 1, 1, 5, 1, 1] => QQFieldElem[3//16, 0, 0, 0, 0, 0, 0, 0, 0, 0, 0, 0, -3//16, 0, 0, 0],
	[18, 17, 12, 10, 8, 1, 1, 4, 1, 1] => QQFieldElem[9//16, 0, 0, 0, 0, 0, 0, 0, 0, 0, 0, 0, 3//16, 0, 0, 0],
	[18, 17, 12, 10, 20, 1, 1, 8, 1, 1] => QQFieldElem[0, 0, 0, 0, 0, 0, 0, 0, 0, 0, 0, 0, 0, 0, 0, 0],
	[18, 17, 12, 10, 19, 1, 1, 19, 1, 1] => QQFieldElem[0, 0, -1//3, 0, 0, -1//3, -1//3, 0, 0, 0, 1//3, 0, 0, 1//3, 0, -1//3],
	[18, 17, 12, 10, 7, 1, 1, 19, 1, 1] => QQFieldElem[0, 0, 0, 0, 0, 0, 0, 0, 0, 0, 0, 0, 3//4, 0, 0, 0],
	[18, 17, 12, 10, 19, 1, 1, 21, 1, 1] => QQFieldElem[0, 0, 0, 0, -2//3, 0, 0, -1//3, 0, 0, -1//3, 0, 1//3, -1//3, 1//3, 1//3],
	[18, 17, 12, 10, 21, 1, 1, 4, 1, 1] => QQFieldElem[0, -1//6, 0, 0, 0, 0, 0, 0, 0, 0, 0, -1//6, 1//6, 0, 0, 0],
	[18, 17, 12, 10, 8, 1, 1, 5, 1, 1] => QQFieldElem[9//16, 0, 0, 0, 0, 0, 0, 0, 0, 0, 0, 0, 3//16, 0, 0, 0],
	[18, 17, 12, 10, 7, 1, 1, 21, 1, 1] => QQFieldElem[0, 0, 0, 0, 0, 0, 0, 0, 0, 0, 0, 0, 3//4, 0, 0, 0],
	[18, 17, 12, 10, 8, 1, 1, 19, 1, 1] => QQFieldElem[3//2, 0, 0, 0, 0, 0, 0, 0, 0, 0, 0, 0, -3//4, 0, 0, 0],
	[18, 17, 12, 10, 21, 1, 1, 5, 1, 1] => QQFieldElem[0, 1//6, 0, 0, 0, 0, 0, 0, 0, 0, 0, 1//6, -1//6, 0, 0, 0],
	[18, 17, 12, 10, 14, 1, 1, 4, 1, 1] => QQFieldElem[0, 0, 0, 0, 0, 0, 0, 0, 0, 0, 0, 0, 0, 0, 0, 128//3],
	[18, 17, 12, 10, 8, 1, 1, 21, 1, 1] => QQFieldElem[3//2, 0, 0, 0, 0, 0, 0, 0, 0, 0, 0, 0, -3//4, 0, 0, 0],
	[18, 17, 12, 10, 19, 1, 1, 20, 1, 1] => QQFieldElem[0, 0, 1//3, 0, 2//3, 1//3, 1//3, 1//3, 0, 0, 0, 0, -1//3, 0, -1//3, 0],
	[18, 17, 12, 10, 14, 1, 1, 5, 1, 1] => QQFieldElem[0, 0, 0, 0, 0, 0, 0, 0, 0, 0, 0, 0, 0, 0, 0, 128//3],
	[18, 17, 12, 10, 20, 1, 1, 4, 1, 1] => QQFieldElem[0, 1//6, 0, -1//6, 0, 0, 0, 0, 0, -1//6, 0, 1//6, 1//6, 0, 0, 0],
	[18, 17, 12, 10, 21, 1, 1, 19, 1, 1] => QQFieldElem[0, 0, 1//3, 0, 0, 0, 1//3, -1//3, 0, 0, 0, 0, 0, -1//3, -1//3, 1//3],
	[18, 17, 12, 10, 21, 1, 1, 21, 1, 1] => QQFieldElem[0, 0, -1//3, 0, -2//3, 1//3, -1//3, 1//3, 0, 0, 1//3, 0, 1//3, 0, 0, 0],
	[18, 17, 12, 10, 7, 1, 1, 20, 1, 1] => QQFieldElem[0, 0, 0, 0, 0, 0, 0, 0, 0, 0, 0, 0, 3//4, 0, 0, 0],
	[18, 17, 12, 10, 19, 1, 1, 8, 1, 1] => QQFieldElem[0, 0, 0, 0, 0, 0, 0, 0, 0, 0, 0, 0, 0, 0, 0, 0],
	[18, 17, 12, 10, 20, 1, 1, 5, 1, 1] => QQFieldElem[0, -1//6, 0, 1//6, 0, 0, 0, 0, 0, 1//6, 0, -1//6, -1//6, 0, 0, 0],
	[18, 17, 12, 10, 14, 1, 1, 19, 1, 1] => QQFieldElem[0, 0, 0, 0, 0, 0, 0, 0, 0, 0, 0, 0, 0, 0, 0, 0],
	[18, 17, 12, 10, 7, 1, 1, 8, 1, 1] => QQFieldElem[3//8, 0, 0, 0, 0, 0, 0, 0, 0, 0, 0, 0, -3//8, 0, 0, 0],
	[18, 17, 12, 10, 14, 1, 1, 21, 1, 1] => QQFieldElem[0, 0, 0, 0, 0, 0, 0, 0, 0, 0, 0, 0, 0, 0, 0, 0],
	[18, 17, 12, 10, 8, 1, 1, 20, 1, 1] => QQFieldElem[3//2, 0, 0, 0, 0, 0, 0, 0, 0, 0, 0, 0, -3//4, 0, 0, 0],
	[18, 17, 12, 10, 20, 1, 1, 19, 1, 1] => QQFieldElem[0, 0, 0, 0, 0, 1//3, 0, 1//3, 0, 0, -1//3, 0, 0, 0, 1//3, 0],
	[18, 17, 12, 10, 20, 1, 1, 21, 1, 1] => QQFieldElem[0, 0, 1//3, 0, -2//3, -1//3, 1//3, 0, 0, 0, 0, 0, 1//3, 1//3, -1//3, -1//3],
	[18, 17, 12, 10, 8, 1, 1, 8, 1, 1] => QQFieldElem[9//8, 0, 0, 0, 0, 0, 0, 0, 0, 0, 0, 0, 3//8, 0, 0, 0],
	[18, 17, 12, 10, 21, 1, 1, 20, 1, 1] => QQFieldElem[0, 0, 0, 0, 2//3, -1//3, 0, 0, 0, 0, -1//3, 0, -1//3, 1//3, 1//3, -1//3],
	[18, 17, 12, 10, 21, 1, 1, 8, 1, 1] => QQFieldElem[0, 0, 0, 0, 0, 0, 0, 0, 0, 0, 0, 0, 0, 0, 0, 0],
	[18, 17, 12, 10, 14, 1, 1, 20, 1, 1] => QQFieldElem[0, 0, 0, 0, 0, 0, 0, 0, 0, 0, 0, 0, 0, 0, 0, 0],
	[18, 17, 12, 10, 19, 1, 1, 4, 1, 1] => QQFieldElem[0, 0, 0, 1//6, 0, 0, 0, 0, 0, 1//6, 0, 0, 1//6, 0, 0, 0])