Dict(
	[18, 15, 11, 11, 14, 1, 1, 4, 1, 1] => QQFieldElem[0, 0, 0, 0, 0, 0, 0, 0, 0, 0, 0, 0, 0, 0, 0, 0],
	[18, 15, 11, 11, 19, 1, 1, 20, 1, 1] => QQFieldElem[0, 0, 1//3, 0, -2//3, 1//3, 1//3, -1//3, 0, 0, 0, 0, 1//3, 0, -1//3, 0],
	[18, 15, 11, 11, 21, 1, 1, 19, 1, 1] => QQFieldElem[0, 0, 1//3, 0, 0, 0, 1//3, 1//3, 0, 0, 0, 0, 0, -1//3, -1//3, -1//3],
	[18, 15, 11, 11, 20, 1, 1, 4, 1, 1] => QQFieldElem[0, -1//3, 0, -1//3, 0, 0, 0, 0, 0, 1//3, 0, 1//3, -1//3, 0, 0, 0],
	[18, 15, 11, 11, 21, 1, 1, 21, 1, 1] => QQFieldElem[0, 0, -1//3, 0, 2//3, 1//3, -1//3, -1//3, 0, 0, 1//3, 0, -1//3, 0, 0, 0],
	[18, 15, 11, 11, 14, 1, 1, 19, 1, 1] => QQFieldElem[9//8, 0, 0, 0, 0, 0, 0, 0, 0, 0, 0, 0, 0, 0, 0, 0],
	[18, 15, 11, 11, 14, 1, 1, 21, 1, 1] => QQFieldElem[9//8, 0, 0, 0, 0, 0, 0, 0, 0, 0, 0, 0, 0, 0, 0, 0],
	[18, 15, 11, 11, 20, 1, 1, 19, 1, 1] => QQFieldElem[0, 0, 0, 0, 0, 1//3, 0, -1//3, 0, 0, -1//3, 0, 0, 0, 1//3, 0],
	[18, 15, 11, 11, 21, 1, 1, 20, 1, 1] => QQFieldElem[0, 0, 0, 0, -2//3, -1//3, 0, 0, 0, 0, -1//3, 0, 1//3, 1//3, 1//3, 1//3],
	[18, 15, 11, 11, 20, 1, 1, 21, 1, 1] => QQFieldElem[0, 0, 1//3, 0, 2//3, -1//3, 1//3, 0, 0, 0, 0, 0, -1//3, 1//3, -1//3, 1//3],
	[18, 15, 11, 11, 14, 1, 1, 20, 1, 1] => QQFieldElem[9//8, 0, 0, 0, 0, 0, 0, 0, 0, 0, 0, 0, 0, 0, 0, 0],
	[18, 15, 11, 11, 19, 1, 1, 4, 1, 1] => QQFieldElem[0, 0, 0, 1//3, 0, 0, 0, 0, 0, -1//3, 0, 0, -1//3, 0, 0, 0],
	[18, 15, 11, 11, 20, 1, 1, 20, 1, 1] => QQFieldElem[0, 0, -1//3, 0, -2//3, 0, -1//3, 1//3, 0, 0, 1//3, 0, 1//3, -1//3, 0, -1//3],
	[18, 15, 11, 11, 19, 1, 1, 19, 1, 1] => QQFieldElem[0, 0, -1//3, 0, 0, -1//3, -1//3, 0, 0, 0, 1//3, 0, 0, 1//3, 0, 1//3],
	[18, 15, 11, 11, 19, 1, 1, 21, 1, 1] => QQFieldElem[0, 0, 0, 0, 2//3, 0, 0, 1//3, 0, 0, -1//3, 0, -1//3, -1//3, 1//3, -1//3],
	[18, 15, 11, 11, 21, 1, 1, 4, 1, 1] => QQFieldElem[0, 1//3, 0, 0, 0, 0, 0, 0, 0, 0, 0, -1//3, -1//3, 0, 0, 0])