Dict(
	[18, 11, 11, 10, 20, 1, 1, 20, 1, 1] => QQFieldElem[0, 0, 0, 0, 0, 0, 0, 0, 0, 0, 0, 0, 1//3, 1//3, 0, 0],
	[18, 11, 11, 10, 20, 1, 1, 6, 1, 1] => QQFieldElem[0, 0, 0, 0, 1//128, 0, 0, 0, 0, 0, 0, 0, 0, 0, 0, 0],
	[18, 11, 11, 10, 19, 1, 1, 19, 1, 1] => QQFieldElem[0, 0, 0, 0, 0, 1//3, 0, 0, 0, 0, 0, 0, 1//3, -1//3, 0, 0],
	[18, 11, 11, 10, 19, 1, 1, 21, 1, 1] => QQFieldElem[0, 0, 0, 0, 0, 0, 0, 0, 0, 0, 0, 0, 1//3, 1//3, 0, 0],
	[18, 11, 11, 10, 8, 1, 1, 19, 1, 1] => QQFieldElem[0, 0, 0, 0, 0, 0, 0, 0, 0, 0, 0, 0, -128//3, 0, 0, 0],
	[18, 11, 11, 10, 8, 1, 1, 21, 1, 1] => QQFieldElem[0, 0, 0, 0, -128//3, 0, 0, 0, 0, 0, 0, 0, 128//3, 0, 0, 0],
	[18, 11, 11, 10, 21, 1, 1, 19, 1, 1] => QQFieldElem[0, 0, 0, 0, 0, 0, 0, 0, 0, 0, 0, 0, 1//3, 1//3, 0, 0],
	[18, 11, 11, 10, 19, 1, 1, 20, 1, 1] => QQFieldElem[0, 0, 0, 0, 0, -1//3, 0, 0, 0, 0, 0, 0, 1//3, 0, 0, 0],
	[18, 11, 11, 10, 21, 1, 1, 21, 1, 1] => QQFieldElem[0, 0, 0, 0, 0, -1//3, 0, 0, 0, 0, 0, 0, 1//3, 0, 0, 0],
	[18, 11, 11, 10, 19, 1, 1, 6, 1, 1] => QQFieldElem[0, 0, 0, 0, 0, 0, 0, 0, 0, 0, 0, 0, -1//128, 0, 0, 0],
	[18, 11, 11, 10, 8, 1, 1, 20, 1, 1] => QQFieldElem[0, 0, 0, 0, 128//3, 0, 0, 0, 0, 0, 0, 0, 0, 0, 0, 0],
	[18, 11, 11, 10, 20, 1, 1, 19, 1, 1] => QQFieldElem[0, 0, 0, 0, 0, -1//3, 0, 0, 0, 0, 0, 0, 1//3, 0, 0, 0],
	[18, 11, 11, 10, 8, 1, 1, 6, 1, 1] => QQFieldElem[0, 0, 0, 0, 0, 0, 0, 0, 0, 0, 0, 0, 0, 0, 0, 0],
	[18, 11, 11, 10, 21, 1, 1, 20, 1, 1] => QQFieldElem[0, 0, 0, 0, 0, 1//3, 0, 0, 0, 0, 0, 0, 1//3, -1//3, 0, 0],
	[18, 11, 11, 10, 20, 1, 1, 21, 1, 1] => QQFieldElem[0, 0, 0, 0, 0, 1//3, 0, 0, 0, 0, 0, 0, 1//3, -1//3, 0, 0],
	[18, 11, 11, 10, 21, 1, 1, 6, 1, 1] => QQFieldElem[0, 0, 0, 0, -1//128, 0, 0, 0, 0, 0, 0, 0, 1//128, 0, 0, 0])