Dict(
	[18, 15, 10, 10, 19, 1, 1, 19, 1, 1] => QQFieldElem[0, 0, 1//3, 0, 0, 1//3, 1//3, 0, 0, 0, -1//3, 0, 0, -1//3, 0, -1//3],
	[18, 15, 10, 10, 19, 1, 1, 21, 1, 1] => QQFieldElem[0, 0, 0, 0, -2//3, 0, 0, -1//3, 0, 0, 1//3, 0, 1//3, 1//3, -1//3, 1//3],
	[18, 15, 10, 10, 21, 1, 1, 4, 1, 1] => QQFieldElem[0, 1//3, 0, 0, 0, 0, 0, 0, 0, 0, 0, -1//3, -1//3, 0, 0, 0],
	[18, 15, 10, 10, 14, 1, 1, 4, 1, 1] => QQFieldElem[0, 0, 0, 0, 0, 0, 0, 0, 0, 0, 0, 0, 0, 0, 0, 0],
	[18, 15, 10, 10, 19, 1, 1, 20, 1, 1] => QQFieldElem[0, 0, -1//3, 0, 2//3, -1//3, -1//3, 1//3, 0, 0, 0, 0, -1//3, 0, 1//3, 0],
	[18, 15, 10, 10, 21, 1, 1, 19, 1, 1] => QQFieldElem[0, 0, -1//3, 0, 0, 0, -1//3, -1//3, 0, 0, 0, 0, 0, 1//3, 1//3, 1//3],
	[18, 15, 10, 10, 20, 1, 1, 4, 1, 1] => QQFieldElem[0, -1//3, 0, -1//3, 0, 0, 0, 0, 0, 1//3, 0, 1//3, -1//3, 0, 0, 0],
	[18, 15, 10, 10, 21, 1, 1, 21, 1, 1] => QQFieldElem[0, 0, 1//3, 0, -2//3, -1//3, 1//3, 1//3, 0, 0, -1//3, 0, 1//3, 0, 0, 0],
	[18, 15, 10, 10, 14, 1, 1, 19, 1, 1] => QQFieldElem[3//2, 0, 0, 0, 0, 0, 0, 0, 0, 0, 0, 0, 0, 0, 0, 0],
	[18, 15, 10, 10, 14, 1, 1, 21, 1, 1] => QQFieldElem[3//2, 0, 0, 0, 0, 0, 0, 0, 0, 0, 0, 0, 0, 0, 0, 0],
	[18, 15, 10, 10, 20, 1, 1, 19, 1, 1] => QQFieldElem[0, 0, 0, 0, 0, -1//3, 0, 1//3, 0, 0, 1//3, 0, 0, 0, -1//3, 0],
	[18, 15, 10, 10, 20, 1, 1, 21, 1, 1] => QQFieldElem[0, 0, -1//3, 0, -2//3, 1//3, -1//3, 0, 0, 0, 0, 0, 1//3, -1//3, 1//3, -1//3],
	[18, 15, 10, 10, 21, 1, 1, 20, 1, 1] => QQFieldElem[0, 0, 0, 0, 2//3, 1//3, 0, 0, 0, 0, 1//3, 0, -1//3, -1//3, -1//3, -1//3],
	[18, 15, 10, 10, 14, 1, 1, 20, 1, 1] => QQFieldElem[3//2, 0, 0, 0, 0, 0, 0, 0, 0, 0, 0, 0, 0, 0, 0, 0],
	[18, 15, 10, 10, 19, 1, 1, 4, 1, 1] => QQFieldElem[0, 0, 0, 1//3, 0, 0, 0, 0, 0, -1//3, 0, 0, -1//3, 0, 0, 0],
	[18, 15, 10, 10, 20, 1, 1, 20, 1, 1] => QQFieldElem[0, 0, 1//3, 0, 2//3, 0, 1//3, -1//3, 0, 0, -1//3, 0, -1//3, 1//3, 0, 1//3])