Dict(
	[18, 10, 10, 12, 19, 1, 1, 19, 1, 1] => QQFieldElem[0, 0, 0, 0, 0, -1//4, 0, 0, 0, 0, 0, 0, 1//4, 1//4, 0, 0],
	[18, 10, 10, 12, 19, 1, 1, 21, 1, 1] => QQFieldElem[0, 0, 0, 0, 0, 0, 0, 0, 0, 0, 0, 0, 1//4, -1//4, 0, 0],
	[18, 10, 10, 12, 21, 1, 1, 7, 1, 1] => QQFieldElem[0, 0, 0, 0, -1//128, 0, 0, 0, 0, 0, 0, 0, 1//128, 0, 0, 0],
	[18, 10, 10, 12, 21, 1, 1, 19, 1, 1] => QQFieldElem[0, 0, 0, 0, 0, 0, 0, 0, 0, 0, 0, 0, 1//4, -1//4, 0, 0],
	[18, 10, 10, 12, 19, 1, 1, 20, 1, 1] => QQFieldElem[0, 0, 0, 0, 0, 1//4, 0, 0, 0, 0, 0, 0, 1//4, 0, 0, 0],
	[18, 10, 10, 12, 21, 1, 1, 21, 1, 1] => QQFieldElem[0, 0, 0, 0, 0, 1//4, 0, 0, 0, 0, 0, 0, 1//4, 0, 0, 0],
	[18, 10, 10, 12, 20, 1, 1, 7, 1, 1] => QQFieldElem[0, 0, 0, 0, 1//128, 0, 0, 0, 0, 0, 0, 0, 0, 0, 0, 0],
	[18, 10, 10, 12, 6, 1, 1, 7, 1, 1] => QQFieldElem[0, 0, 0, 0, 0, 0, 0, 0, 0, 0, 0, 0, 0, 0, 0, 0],
	[18, 10, 10, 12, 20, 1, 1, 19, 1, 1] => QQFieldElem[0, 0, 0, 0, 0, 1//4, 0, 0, 0, 0, 0, 0, 1//4, 0, 0, 0],
	[18, 10, 10, 12, 6, 1, 1, 19, 1, 1] => QQFieldElem[0, 0, 0, 0, 0, 0, 0, 0, 0, 0, 0, 0, -32, 0, 0, 0],
	[18, 10, 10, 12, 21, 1, 1, 20, 1, 1] => QQFieldElem[0, 0, 0, 0, 0, -1//4, 0, 0, 0, 0, 0, 0, 1//4, 1//4, 0, 0],
	[18, 10, 10, 12, 20, 1, 1, 21, 1, 1] => QQFieldElem[0, 0, 0, 0, 0, -1//4, 0, 0, 0, 0, 0, 0, 1//4, 1//4, 0, 0],
	[18, 10, 10, 12, 6, 1, 1, 21, 1, 1] => QQFieldElem[0, 0, 0, 0, -32, 0, 0, 0, 0, 0, 0, 0, 32, 0, 0, 0],
	[18, 10, 10, 12, 19, 1, 1, 7, 1, 1] => QQFieldElem[0, 0, 0, 0, 0, 0, 0, 0, 0, 0, 0, 0, -1//128, 0, 0, 0],
	[18, 10, 10, 12, 20, 1, 1, 20, 1, 1] => QQFieldElem[0, 0, 0, 0, 0, 0, 0, 0, 0, 0, 0, 0, 1//4, -1//4, 0, 0],
	[18, 10, 10, 12, 6, 1, 1, 20, 1, 1] => QQFieldElem[0, 0, 0, 0, 32, 0, 0, 0, 0, 0, 0, 0, 0, 0, 0, 0])