Dict(
	[18, 14, 14, 10, 8, 1, 1, 16, 1, 1] => QQFieldElem[0, 0, 0, 0, 0, 0, 0, 0, 0, -1, 0, 0, 0, 0, 0, 0],
	[18, 14, 14, 10, 7, 1, 1, 10, 1, 1] => QQFieldElem[0, 0, 0, 0, 0, 9//8, 0, 0, 0, 0, 0, 0, 0, -9//8, 0, 0],
	[18, 14, 14, 10, 8, 1, 1, 10, 1, 1] => QQFieldElem[0, 0, 0, 9//8, 0, 0, 0, 0, 0, 0, 0, 0, 0, 0, 0, 0],
	[18, 14, 14, 10, 7, 1, 1, 18, 1, 1] => QQFieldElem[0, 0, 0, 0, 0, -9//8, 0, 0, 0, 0, 0, 0, 0, 9//8, 0, 0],
	[18, 14, 14, 10, 14, 1, 2, 16, 1, 1] => QQFieldElem[0, 0, -2//9, 0, 0, 0, 2//9, 0, 0, 0, 2//9, 0, 0, 0, 0, 0],
	[18, 14, 14, 10, 14, 1, 1, 16, 1, 1] => QQFieldElem[0, 0, -2//9, 0, 0, 0, -2//9, 0, 0, 0, 2//9, 0, 0, 0, 0, 0],
	[18, 14, 14, 10, 8, 1, 1, 18, 1, 1] => QQFieldElem[0, 0, 0, 9//8, 0, 0, 0, 0, 0, 0, 0, 0, 0, 0, 0, 0],
	[18, 14, 14, 10, 14, 1, 2, 10, 1, 1] => QQFieldElem[1//4, 0, 0, 0, 0, 0, 0, 0, 0, 0, 0, 0, -1//4, 0, 0, 0],
	[18, 14, 14, 10, 14, 1, 1, 10, 1, 1] => QQFieldElem[-1//4, 0, 0, 0, 0, 0, 0, 0, 0, 0, 0, 0, -1//4, 0, 0, 0],
	[18, 14, 14, 10, 7, 1, 1, 13, 1, 1] => QQFieldElem[0, 0, 0, 0, 0, 9//8, 0, 0, 0, 0, 0, 0, 0, -9//8, 0, 0],
	[18, 14, 14, 10, 14, 1, 2, 18, 1, 1] => QQFieldElem[1//4, 0, 0, 0, 0, 0, 0, 0, 0, 0, 0, 0, 1//4, 0, 0, 0],
	[18, 14, 14, 10, 14, 1, 1, 18, 1, 1] => QQFieldElem[-1//4, 0, 0, 0, 0, 0, 0, 0, 0, 0, 0, 0, 1//4, 0, 0, 0],
	[18, 14, 14, 10, 8, 1, 1, 13, 1, 1] => QQFieldElem[0, 0, 0, 9//8, 0, 0, 0, 0, 0, 0, 0, 0, 0, 0, 0, 0],
	[18, 14, 14, 10, 14, 1, 2, 13, 1, 1] => QQFieldElem[-1//4, 0, 0, 0, 0, 0, 0, 0, 0, 0, 0, 0, 1//4, 0, 0, 0],
	[18, 14, 14, 10, 14, 1, 1, 13, 1, 1] => QQFieldElem[1//4, 0, 0, 0, 0, 0, 0, 0, 0, 0, 0, 0, 1//4, 0, 0, 0],
	[18, 14, 14, 10, 7, 1, 1, 16, 1, 1] => QQFieldElem[0, 0, 0, 1, 0, 0, 0, 0, 0, 0, 0, 0, 0, 0, 0, 0])