Dict(
	[18, 12, 18, 12, 21, 1, 1, 21, 1, 1] => QQFieldElem[0, 0, 0, 0, -1//4, 0, 1//4, 0, 0, 0, 0, 0, 0, 0, 0, 0],
	[18, 12, 18, 12, 19, 1, 1, 6, 1, 1] => QQFieldElem[0, 0, 0, 0, 0, 0, 1//6, 0, 0, 0, 0, 0, 0, 0, 0, 0],
	[18, 12, 18, 12, 21, 1, 1, 9, 1, 1] => QQFieldElem[0, 0, 0, 0, 0, 0, 1//8, 0, 0, 0, 0, 0, 0, 0, -1//8, 0],
	[18, 12, 18, 12, 14, 1, 1, 19, 1, 1] => QQFieldElem[0, 0, 0, 0, 0, 0, 0, 0, 0, 0, 0, 0, 0, 0, 0, 0],
	[18, 12, 18, 12, 14, 1, 1, 21, 1, 1] => QQFieldElem[0, 0, 0, 0, 0, 0, 0, 0, 0, 0, 0, 0, 0, 0, 0, 0],
	[18, 12, 18, 12, 14, 1, 1, 9, 1, 1] => QQFieldElem[0, 0, 3//16, 0, 0, 0, 0, 0, 0, 0, -3//16, 0, -3//16, 0, 0, 0],
	[18, 12, 18, 12, 20, 1, 1, 19, 1, 1] => QQFieldElem[0, 0, 0, 0, -1//4, 0, 1//4, 0, 0, 0, 0, 0, 0, 0, 0, 0],
	[18, 12, 18, 12, 6, 1, 1, 19, 1, 1] => QQFieldElem[0, 0, 0, 0, 0, 0, 3//4, 0, 0, 0, 0, 0, 0, 0, 0, 0],
	[18, 12, 18, 12, 20, 1, 1, 21, 1, 1] => QQFieldElem[0, 0, 0, 0, 0, 0, 1//4, 0, 0, 0, 0, 0, 1//4, 0, 0, 0],
	[18, 12, 18, 12, 21, 1, 1, 20, 1, 1] => QQFieldElem[0, 0, 0, 0, 0, 0, 1//4, 0, 0, 0, 0, 0, 1//4, 0, 0, 0],
	[18, 12, 18, 12, 9, 1, 1, 19, 1, 1] => QQFieldElem[0, 0, 0, 0, 0, 0, -3//4, 0, 0, 0, 0, 0, 0, 0, 0, 0],
	[18, 12, 18, 12, 6, 1, 1, 21, 1, 1] => QQFieldElem[0, 0, 0, 0, 0, 0, -3//4, 0, 0, 0, 0, 0, 0, 0, 3//4, 0],
	[18, 12, 18, 12, 20, 1, 1, 9, 1, 1] => QQFieldElem[0, 0, 0, 0, 0, 0, 0, 0, 0, 0, 0, 0, 0, 0, 1//8, 0],
	[18, 12, 18, 12, 19, 1, 1, 14, 1, 1] => QQFieldElem[0, 0, 0, 0, 0, 0, 0, 0, 0, 0, 0, 0, 0, 0, 0, 0],
	[18, 12, 18, 12, 9, 1, 1, 21, 1, 1] => QQFieldElem[0, 0, 0, 0, 0, 0, 3//4, 0, 0, 0, 0, 0, 0, 0, -3//4, 0],
	[18, 12, 18, 12, 21, 1, 1, 6, 1, 1] => QQFieldElem[0, 0, 0, 0, 0, 0, -1//6, 0, 0, 0, 0, 0, 0, 0, 1//6, 0],
	[18, 12, 18, 12, 9, 1, 1, 9, 1, 1] => QQFieldElem[0, 0, -3//16, 0, 0, 0, 0, 0, 0, 0, 3//16, 0, -3//16, 0, 0, 0],
	[18, 12, 18, 12, 14, 1, 1, 20, 1, 1] => QQFieldElem[0, 0, 0, 0, 0, 0, 0, 0, 0, 0, 0, 0, 0, 0, 0, 0],
	[18, 12, 18, 12, 6, 1, 1, 9, 1, 1] => QQFieldElem[0, 0, -3//16, 0, 0, 0, 0, 0, 0, 0, 3//16, 0, -3//16, 0, 0, 0],
	[18, 12, 18, 12, 14, 1, 1, 6, 1, 1] => QQFieldElem[0, 0, 1//4, 0, 0, 0, 0, 0, 0, 0, -1//4, 0, -1//4, 0, 0, 0],
	[18, 12, 18, 12, 20, 1, 1, 20, 1, 1] => QQFieldElem[0, 0, 0, 0, 1//4, 0, 1//4, 0, 0, 0, 0, 0, -1//4, 0, 0, 0],
	[18, 12, 18, 12, 6, 1, 1, 20, 1, 1] => QQFieldElem[0, 0, 0, 0, 0, 0, 0, 0, 0, 0, 0, 0, 0, 0, -3//4, 0],
	[18, 12, 18, 12, 9, 1, 1, 20, 1, 1] => QQFieldElem[0, 0, 0, 0, 0, 0, 0, 0, 0, 0, 0, 0, 0, 0, 3//4, 0],
	[18, 12, 18, 12, 20, 1, 1, 6, 1, 1] => QQFieldElem[0, 0, 0, 0, 0, 0, 0, 0, 0, 0, 0, 0, 0, 0, -1//6, 0],
	[18, 12, 18, 12, 21, 1, 1, 14, 1, 1] => QQFieldElem[0, 0, 0, 0, 0, 0, 0, 0, 0, 0, 0, 0, 0, 0, 0, 0],
	[18, 12, 18, 12, 19, 1, 1, 19, 1, 1] => QQFieldElem[0, 0, 0, 0, 0, 0, 1//4, 0, 0, 0, 0, 0, 1//4, 0, 0, 0],
	[18, 12, 18, 12, 6, 1, 1, 6, 1, 1] => QQFieldElem[0, 0, -1//4, 0, 0, 0, 0, 0, 0, 0, 1//4, 0, -1//4, 0, 0, 0],
	[18, 12, 18, 12, 9, 1, 1, 6, 1, 1] => QQFieldElem[0, 0, -1//4, 0, 0, 0, 0, 0, 0, 0, 1//4, 0, -1//4, 0, 0, 0],
	[18, 12, 18, 12, 19, 1, 1, 21, 1, 1] => QQFieldElem[0, 0, 0, 0, 1//4, 0, 1//4, 0, 0, 0, 0, 0, -1//4, 0, 0, 0],
	[18, 12, 18, 12, 14, 1, 1, 14, 1, 1] => QQFieldElem[0, 0, -3//8, 0, 0, 0, 0, 0, 0, 0, 3//8, 0, -3//8, 0, 0, 0],
	[18, 12, 18, 12, 19, 1, 1, 9, 1, 1] => QQFieldElem[0, 0, 0, 0, 0, 0, -1//8, 0, 0, 0, 0, 0, 0, 0, 0, 0],
	[18, 12, 18, 12, 20, 1, 1, 14, 1, 1] => QQFieldElem[0, 0, 0, 0, 0, 0, 0, 0, 0, 0, 0, 0, 0, 0, 0, 0],
	[18, 12, 18, 12, 6, 1, 1, 14, 1, 1] => QQFieldElem[0, 0, 3//8, 0, 0, 0, 0, 0, 0, 0, -3//8, 0, -3//8, 0, 0, 0],
	[18, 12, 18, 12, 9, 1, 1, 14, 1, 1] => QQFieldElem[0, 0, 3//8, 0, 0, 0, 0, 0, 0, 0, -3//8, 0, -3//8, 0, 0, 0],
	[18, 12, 18, 12, 19, 1, 1, 20, 1, 1] => QQFieldElem[0, 0, 0, 0, -1//4, 0, 1//4, 0, 0, 0, 0, 0, 0, 0, 0, 0],
	[18, 12, 18, 12, 21, 1, 1, 19, 1, 1] => QQFieldElem[0, 0, 0, 0, 1//4, 0, 1//4, 0, 0, 0, 0, 0, -1//4, 0, 0, 0])