Dict(
	[18, 15, 12, 13, 19, 1, 1, 7, 1, 1] => QQFieldElem[0, 0, 0, 0, 0, 0, 0, 0, 0, 0, 0, 0, 0, 0, 0, 0],
	[18, 15, 12, 13, 7, 1, 1, 4, 1, 1] => QQFieldElem[3//8, 0, 0, 0, 0, 0, 0, 0, 0, 0, 0, 0, -3//8, 0, 0, 0],
	[18, 15, 12, 13, 7, 1, 1, 7, 1, 1] => QQFieldElem[3//4, 0, 0, 0, 0, 0, 0, 0, 0, 0, 0, 0, -3//4, 0, 0, 0],
	[18, 15, 12, 13, 19, 1, 1, 5, 1, 1] => QQFieldElem[0, 0, 0, -1//6, 0, 0, 0, 0, 0, 1//6, 0, 0, 1//6, 0, 0, 0],
	[18, 15, 12, 13, 20, 1, 1, 20, 1, 1] => QQFieldElem[0, 0, 1//3, 0, 0, 0, -1//3, 1//3, 0, 0, -1//3, 0, -1//3, 1//3, 0, -1//3],
	[18, 15, 12, 13, 7, 1, 1, 5, 1, 1] => QQFieldElem[3//8, 0, 0, 0, 0, 0, 0, 0, 0, 0, 0, 0, -3//8, 0, 0, 0],
	[18, 15, 12, 13, 8, 1, 1, 4, 1, 1] => QQFieldElem[1//8, 0, 0, 0, 0, 0, 0, 0, 0, 0, 0, 0, 3//8, 0, 0, 0],
	[18, 15, 12, 13, 19, 1, 1, 19, 1, 1] => QQFieldElem[0, 0, 1//3, 0, 0, 1//3, -1//3, 0, 0, 0, -1//3, 0, 2//3, -1//3, 0, 1//3],
	[18, 15, 12, 13, 8, 1, 1, 7, 1, 1] => QQFieldElem[1//4, 0, 0, 0, 0, 0, 0, 0, 0, 0, 0, 0, 3//4, 0, 0, 0],
	[18, 15, 12, 13, 7, 1, 1, 19, 1, 1] => QQFieldElem[0, 0, 0, 0, 0, 0, 0, 0, 0, 0, 0, 0, 3//2, 0, 0, 0],
	[18, 15, 12, 13, 19, 1, 1, 21, 1, 1] => QQFieldElem[0, 0, 0, 0, 0, 0, 0, 1//3, 0, 0, 1//3, 0, -1//3, 1//3, 1//3, -1//3],
	[18, 15, 12, 13, 21, 1, 1, 4, 1, 1] => QQFieldElem[0, 1//6, 0, 0, 0, 0, 0, 0, 0, 0, 0, -1//6, -1//6, 0, 0, 0],
	[18, 15, 12, 13, 8, 1, 1, 5, 1, 1] => QQFieldElem[1//8, 0, 0, 0, 0, 0, 0, 0, 0, 0, 0, 0, 3//8, 0, 0, 0],
	[18, 15, 12, 13, 7, 1, 1, 21, 1, 1] => QQFieldElem[0, 0, 0, 0, 0, 0, 0, 0, 0, 0, 0, 0, 3//2, 0, 0, 0],
	[18, 15, 12, 13, 21, 1, 1, 7, 1, 1] => QQFieldElem[0, 0, 0, 0, 0, 0, 0, 0, 0, 0, 0, 0, 0, 0, 0, 0],
	[18, 15, 12, 13, 8, 1, 1, 19, 1, 1] => QQFieldElem[1, 0, 0, 0, 0, 0, 0, 0, 0, 0, 0, 0, 1//2, 0, 0, 0],
	[18, 15, 12, 13, 21, 1, 1, 5, 1, 1] => QQFieldElem[0, -1//6, 0, 0, 0, 0, 0, 0, 0, 0, 0, 1//6, 1//6, 0, 0, 0],
	[18, 15, 12, 13, 14, 1, 1, 4, 1, 1] => QQFieldElem[0, 0, 0, 0, 0, 0, 0, 0, 0, 0, 0, 0, 0, 0, 0, 512//9],
	[18, 15, 12, 13, 8, 1, 1, 21, 1, 1] => QQFieldElem[1, 0, 0, 0, 0, 0, 0, 0, 0, 0, 0, 0, 1//2, 0, 0, 0],
	[18, 15, 12, 13, 14, 1, 1, 7, 1, 1] => QQFieldElem[0, 0, 0, 0, 0, 0, 0, 0, 0, 0, 0, 0, 0, 0, 0, -1024//9],
	[18, 15, 12, 13, 21, 1, 1, 19, 1, 1] => QQFieldElem[0, 0, -1//3, 0, 0, 0, 1//3, 1//3, 0, 0, 0, 0, 2//3, 1//3, -1//3, -1//3],
	[18, 15, 12, 13, 19, 1, 1, 20, 1, 1] => QQFieldElem[0, 0, -1//3, 0, 0, -1//3, 1//3, -1//3, 0, 0, 0, 0, -1//3, 0, -1//3, 0],
	[18, 15, 12, 13, 14, 1, 1, 5, 1, 1] => QQFieldElem[0, 0, 0, 0, 0, 0, 0, 0, 0, 0, 0, 0, 0, 0, 0, 512//9],
	[18, 15, 12, 13, 20, 1, 1, 4, 1, 1] => QQFieldElem[0, -1//6, 0, -1//6, 0, 0, 0, 0, 0, 1//6, 0, 1//6, -1//6, 0, 0, 0],
	[18, 15, 12, 13, 21, 1, 1, 21, 1, 1] => QQFieldElem[0, 0, 1//3, 0, 0, -1//3, -1//3, -1//3, 0, 0, -1//3, 0, -1//3, 0, 0, 0],
	[18, 15, 12, 13, 7, 1, 1, 20, 1, 1] => QQFieldElem[0, 0, 0, 0, 0, 0, 0, 0, 0, 0, 0, 0, 3//2, 0, 0, 0],
	[18, 15, 12, 13, 20, 1, 1, 7, 1, 1] => QQFieldElem[0, 0, 0, 0, 0, 0, 0, 0, 0, 0, 0, 0, 0, 0, 0, 0],
	[18, 15, 12, 13, 14, 1, 1, 19, 1, 1] => QQFieldElem[0, 0, 0, 0, 0, 0, 0, 0, 0, 0, 0, 0, 0, 0, 0, 0],
	[18, 15, 12, 13, 20, 1, 1, 5, 1, 1] => QQFieldElem[0, 1//6, 0, 1//6, 0, 0, 0, 0, 0, -1//6, 0, -1//6, 1//6, 0, 0, 0],
	[18, 15, 12, 13, 8, 1, 1, 20, 1, 1] => QQFieldElem[1, 0, 0, 0, 0, 0, 0, 0, 0, 0, 0, 0, 1//2, 0, 0, 0],
	[18, 15, 12, 13, 14, 1, 1, 21, 1, 1] => QQFieldElem[0, 0, 0, 0, 0, 0, 0, 0, 0, 0, 0, 0, 0, 0, 0, 0],
	[18, 15, 12, 13, 20, 1, 1, 19, 1, 1] => QQFieldElem[0, 0, 0, 0, 0, -1//3, 0, -1//3, 0, 0, 1//3, 0, 2//3, 0, 1//3, 0],
	[18, 15, 12, 13, 20, 1, 1, 21, 1, 1] => QQFieldElem[0, 0, -1//3, 0, 0, 1//3, 1//3, 0, 0, 0, 0, 0, -1//3, -1//3, -1//3, 1//3],
	[18, 15, 12, 13, 21, 1, 1, 20, 1, 1] => QQFieldElem[0, 0, 0, 0, 0, 1//3, 0, 0, 0, 0, 1//3, 0, -1//3, -1//3, 1//3, 1//3],
	[18, 15, 12, 13, 14, 1, 1, 20, 1, 1] => QQFieldElem[0, 0, 0, 0, 0, 0, 0, 0, 0, 0, 0, 0, 0, 0, 0, 0],
	[18, 15, 12, 13, 19, 1, 1, 4, 1, 1] => QQFieldElem[0, 0, 0, 1//6, 0, 0, 0, 0, 0, -1//6, 0, 0, -1//6, 0, 0, 0])