Dict(
	[19, 13, 14, 10, 13, 1, 1, 13, 1, 1] => QQFieldElem[0, 0, 0, 0, 0, 0, 0, 0, 0, 0, 0, 0, 0, 0, 0, 0],
	[19, 13, 14, 10, 18, 1, 1, 13, 1, 1] => QQFieldElem[0, 0, 0, 0, 0, 0, 0, 0, 0, 0, 0, 0, -1//18, 0, 0, 0],
	[19, 13, 14, 10, 16, 1, 1, 10, 1, 1] => QQFieldElem[0, 0, 0, 0, 0, 0, -1//9, 0, 0, 0, 0, 0, 0, 0, 0, 0],
	[19, 13, 14, 10, 17, 1, 1, 10, 1, 1] => QQFieldElem[0, 0, 0, 0, 0, 0, 1//9, 0, 0, 0, 0, 0, 0, 0, 0, 0],
	[19, 13, 14, 10, 15, 1, 1, 17, 1, 1] => QQFieldElem[0, 0, 1//2, 0, 0, 0, 0, 0, 0, 0, -1//2, 0, 0, 0, 0, 0],
	[19, 13, 14, 10, 13, 1, 1, 15, 1, 1] => QQFieldElem[0, 0, 0, 0, 0, 0, 0, 0, 0, 0, 0, 0, 9//4, 0, 0, 0],
	[19, 13, 14, 10, 16, 1, 1, 18, 1, 1] => QQFieldElem[0, 0, -1//2, 0, 0, 0, 0, 0, 0, 0, 1//2, 0, 0, 0, 0, 0],
	[19, 13, 14, 10, 18, 1, 1, 15, 1, 1] => QQFieldElem[0, 0, 0, 0, 0, 0, 0, 0, 0, 0, 0, 0, 0, 0, 0, 0],
	[19, 13, 14, 10, 17, 1, 1, 18, 1, 1] => QQFieldElem[0, 0, 0, 0, 0, 0, 0, 0, 0, 0, 0, 0, 0, 0, 0, 0],
	[19, 13, 14, 10, 15, 1, 1, 13, 1, 1] => QQFieldElem[0, 0, 0, 0, 0, 0, 0, 0, 0, 0, 0, 0, -1//18, 0, 0, 0],
	[19, 13, 14, 10, 10, 1, 1, 16, 1, 1] => QQFieldElem[0, 0, 0, 0, 0, 0, -9//4, 0, 0, 0, 0, 0, 0, 0, 0, 0],
	[19, 13, 14, 10, 16, 1, 1, 17, 1, 1] => QQFieldElem[0, 0, 0, 0, 0, 0, 0, 0, 0, 0, 0, 0, 0, 0, 0, 0],
	[19, 13, 14, 10, 17, 1, 1, 17, 1, 1] => QQFieldElem[0, 0, -1//2, 0, 0, 0, 0, 0, 0, 0, 1//2, 0, 0, 0, 0, 0],
	[19, 13, 14, 10, 15, 1, 1, 15, 1, 1] => QQFieldElem[0, 0, -1//2, 0, 0, 0, 0, 0, 0, 0, 1//2, 0, 0, 0, 0, 0],
	[19, 13, 14, 10, 10, 1, 1, 10, 1, 1] => QQFieldElem[0, 0, 0, 0, 0, 0, 0, 0, 0, 0, 0, 0, 0, 0, 0, 0],
	[19, 13, 14, 10, 13, 1, 1, 16, 1, 1] => QQFieldElem[0, 0, 0, 0, 0, 0, 0, 0, 0, 0, 0, 0, 9//4, 0, 0, 0],
	[19, 13, 14, 10, 18, 1, 1, 16, 1, 1] => QQFieldElem[0, 0, -1//2, 0, 0, 0, 0, 0, 0, 0, 1//2, 0, 0, 0, 0, 0],
	[19, 13, 14, 10, 16, 1, 1, 13, 1, 1] => QQFieldElem[0, 0, 0, 0, 0, 0, 0, 0, 0, 0, 0, 0, -1//18, 0, 0, 0],
	[19, 13, 14, 10, 17, 1, 1, 13, 1, 1] => QQFieldElem[0, 0, 0, 0, 0, 0, 0, 0, 0, 0, 0, 0, -1//18, 0, 0, 0],
	[19, 13, 14, 10, 10, 1, 1, 18, 1, 1] => QQFieldElem[0, 0, 0, 0, 0, 0, -9//4, 0, 0, 0, 0, 0, 0, 0, 0, 0],
	[19, 13, 14, 10, 13, 1, 1, 10, 1, 1] => QQFieldElem[0, 0, 0, 0, 0, 0, 0, 0, 0, 0, 0, 0, 0, 0, 0, 0],
	[19, 13, 14, 10, 18, 1, 1, 10, 1, 1] => QQFieldElem[0, 0, 0, 0, 0, 0, -1//9, 0, 0, 0, 0, 0, 0, 0, 0, 0],
	[19, 13, 14, 10, 15, 1, 1, 16, 1, 1] => QQFieldElem[0, 0, 0, 0, 0, 0, 0, 0, 0, 0, 0, 0, 0, 0, 0, 0],
	[19, 13, 14, 10, 10, 1, 1, 17, 1, 1] => QQFieldElem[0, 0, 0, 0, 0, 0, 9//4, 0, 0, 0, 0, 0, 0, 0, 0, 0],
	[19, 13, 14, 10, 17, 1, 1, 15, 1, 1] => QQFieldElem[0, 0, 1//2, 0, 0, 0, 0, 0, 0, 0, -1//2, 0, 0, 0, 0, 0],
	[19, 13, 14, 10, 16, 1, 1, 15, 1, 1] => QQFieldElem[0, 0, 0, 0, 0, 0, 0, 0, 0, 0, 0, 0, 0, 0, 0, 0],
	[19, 13, 14, 10, 13, 1, 1, 18, 1, 1] => QQFieldElem[0, 0, 0, 0, 0, 0, 0, 0, 0, 0, 0, 0, 9//4, 0, 0, 0],
	[19, 13, 14, 10, 18, 1, 1, 18, 1, 1] => QQFieldElem[0, 0, 1//2, 0, 0, 0, 0, 0, 0, 0, -1//2, 0, 0, 0, 0, 0],
	[19, 13, 14, 10, 15, 1, 1, 10, 1, 1] => QQFieldElem[0, 0, 0, 0, 0, 0, 1//9, 0, 0, 0, 0, 0, 0, 0, 0, 0],
	[19, 13, 14, 10, 13, 1, 1, 17, 1, 1] => QQFieldElem[0, 0, 0, 0, 0, 0, 0, 0, 0, 0, 0, 0, 9//4, 0, 0, 0],
	[19, 13, 14, 10, 10, 1, 1, 13, 1, 1] => QQFieldElem[0, 0, 0, 0, 0, 0, 0, 0, 0, 0, 0, 0, 0, 0, 0, 0],
	[19, 13, 14, 10, 18, 1, 1, 17, 1, 1] => QQFieldElem[0, 0, 0, 0, 0, 0, 0, 0, 0, 0, 0, 0, 0, 0, 0, 0],
	[19, 13, 14, 10, 16, 1, 1, 16, 1, 1] => QQFieldElem[0, 0, 1//2, 0, 0, 0, 0, 0, 0, 0, -1//2, 0, 0, 0, 0, 0],
	[19, 13, 14, 10, 17, 1, 1, 16, 1, 1] => QQFieldElem[0, 0, 0, 0, 0, 0, 0, 0, 0, 0, 0, 0, 0, 0, 0, 0],
	[19, 13, 14, 10, 15, 1, 1, 18, 1, 1] => QQFieldElem[0, 0, 0, 0, 0, 0, 0, 0, 0, 0, 0, 0, 0, 0, 0, 0],
	[19, 13, 14, 10, 10, 1, 1, 15, 1, 1] => QQFieldElem[0, 0, 0, 0, 0, 0, 9//4, 0, 0, 0, 0, 0, 0, 0, 0, 0])