Dict(
	[19, 6, 20, 21, 21, 1, 1, 19, 1, 1] => QQFieldElem[1//8, 0, 0, 0, -1//8, 0, 0, 0, -1//4, 0, 1//8, 0, -1//4, 0, 1//4, 0],
	[19, 6, 20, 21, 21, 1, 1, 21, 1, 1] => QQFieldElem[0, 0, -1//4, 0, -1//2, 0, -1//4, 0, 0, 0, 0, 0, 1//4, 0, 1//4, 0],
	[19, 6, 20, 21, 20, 1, 1, 19, 1, 1] => QQFieldElem[0, 0, 1//4, 0, 0, 0, 1//4, 0, 0, 0, -1//4, 0, 0, 0, 0, 0],
	[19, 6, 20, 21, 19, 1, 1, 19, 1, 2] => QQFieldElem[9//4, 0, 3//2, 0, -2, 0, -7//4, 0, -3//2, 0, 1, 0, 5//2, 0, -1//2, 0],
	[19, 6, 20, 21, 21, 1, 1, 20, 1, 1] => QQFieldElem[0, 0, -1//8, 0, 0, 0, 1//8, 0, 0, 0, 0, 0, 1//8, 0, 0, 0],
	[19, 6, 20, 21, 20, 1, 1, 21, 1, 1] => QQFieldElem[0, 0, 0, 0, 0, 0, 1//4, 0, 0, 0, 1//4, 0, 3//4, 0, 0, 0],
	[19, 6, 20, 21, 20, 2, 1, 19, 1, 1] => QQFieldElem[0, 0, -1//4, 0, -1//4, 0, 0, 0, 0, 0, 0, 0, -1//4, 0, -1//4, 0],
	[19, 6, 20, 21, 20, 2, 1, 21, 1, 1] => QQFieldElem[-3//8, 0, 1//4, 0, 1//8, 0, -3//8, 0, 3//8, 0, 1//8, 0, -1//4, 0, 1//8, 0],
	[19, 6, 20, 21, 20, 1, 1, 20, 1, 1] => QQFieldElem[1//2, 0, -1//2, 0, 3//4, 0, -1, 0, 1//2, 0, -3//8, 0, 1//8, 0, 3//8, 0],
	[19, 6, 20, 21, 21, 1, 1, 19, 1, 2] => QQFieldElem[0, 0, -1//8, 0, 0, 0, 1//8, 0, 0, 0, 0, 0, -1//8, 0, 0, 0],
	[19, 6, 20, 21, 20, 2, 1, 20, 1, 1] => QQFieldElem[-1//8, 0, 1//4, 0, -3//8, 0, 1//2, 0, -1//2, 0, 3//8, 0, -1//4, 0, 0, 0],
	[19, 6, 20, 21, 19, 1, 1, 19, 1, 1] => QQFieldElem[-3//4, 0, 0, 0, 1, 0, -1//4, 0, 0, 0, -1//2, 0, -1//2, 0, 1, 0],
	[19, 6, 20, 21, 19, 1, 1, 21, 1, 1] => QQFieldElem[0, 0, 0, 0, 0, 0, 1//4, 0, 0, 0, 1//4, 0, -3//4, 0, 0, 0],
	[19, 6, 20, 21, 20, 1, 1, 19, 1, 2] => QQFieldElem[1//4, 0, -1//4, 0, -1//4, 0, 1//4, 0, -1//2, 0, 5//8, 0, -3//8, 0, 1//8, 0],
	[19, 6, 20, 21, 20, 2, 1, 19, 1, 2] => QQFieldElem[1, 0, -1, 0, 5//4, 0, -5//4, 0, 1//4, 0, -1//8, 0, -3//8, 0, 7//8, 0],
	[19, 6, 20, 21, 19, 1, 1, 20, 1, 1] => QQFieldElem[-1//4, 0, 1//4, 0, -3//4, 0, 1//2, 0, -1//4, 0, 3//8, 0, 1//8, 0, -3//8, 0])