Dict(
	[19, 21, 14, 14, 20, 1, 1, 14, 1, 2] => QQFieldElem[-27//32, 0, 0, 0, -27//32, 0, 0, 0, 27//32, 0, 0, 0, 27//32, 0, 0, 0],
	[19, 21, 14, 14, 19, 2, 2, 4, 1, 1] => QQFieldElem[9//8, 0, 0, 0, 9//32, 0, 0, 0, -45//32, 0, 0, 0, 9//8, 0, 0, 0],
	[19, 21, 14, 14, 21, 1, 2, 3, 1, 2] => QQFieldElem[-1//4, 0, 0, 0, 0, 0, 0, 0, 1//2, 0, 0, 0, 1//2, 0, 0, 0],
	[19, 21, 14, 14, 21, 2, 1, 14, 2, 2] => QQFieldElem[1//2, 0, 0, 0, 1, 0, 0, 0, 0, 0, 0, 0, -1//2, 0, 0, 0],
	[19, 21, 14, 14, 20, 2, 2, 14, 1, 2] => QQFieldElem[-45//32, 0, 0, 0, -45//32, 0, 0, 0, 9//32, 0, 0, 0, 9//32, 0, 0, 0],
	[19, 21, 14, 14, 19, 1, 1, 14, 2, 1] => QQFieldElem[8//27, 0, 0, 0, -4//27, 0, 8//27, 0, -20//27, 0, 8//27, 0, -8//27, 0, 8//27, 0],
	[19, 21, 14, 14, 19, 1, 1, 3, 1, 1] => QQFieldElem[0, 0, 0, 0, 0, 0, 0, 0, 0, 0, 0, 0, 3//4, 0, 0, 0],
	[19, 21, 14, 14, 19, 2, 2, 14, 2, 1] => QQFieldElem[-2//9, 0, -2//9, 0, -5//9, 0, -4//9, 0, -1//9, 0, 0, 0, 2//9, 0, 2//9, 0],
	[19, 21, 14, 14, 21, 2, 1, 3, 1, 2] => QQFieldElem[2//9, 0, 0, 0, -2//3, 0, 0, 0, 2//3, 0, 0, 0, -2//9, 0, 0, 0],
	[19, 21, 14, 14, 19, 2, 2, 3, 1, 1] => QQFieldElem[3//2, 0, 0, 0, -1, 0, 0, 0, -1, 0, 0, 0, 5//4, 0, 0, 0],
	[19, 21, 14, 14, 20, 1, 1, 14, 2, 2] => QQFieldElem[1//3, 0, -1//6, 0, 1//3, 0, -1//6, 0, -1//3, 0, 1//3, 0, -2//3, 0, 1//2, 0],
	[19, 21, 14, 14, 19, 1, 2, 9, 1, 1] => QQFieldElem[9//64, 0, 0, 0, 9//32, 0, 0, 0, 0, 0, 0, 0, -9//64, 0, 0, 0],
	[19, 21, 14, 14, 21, 1, 2, 7, 1, 1] => QQFieldElem[1//4, 0, 0, 0, 0, 0, 0, 0, -1//2, 0, 0, 0, 1//2, 0, 0, 0],
	[19, 21, 14, 14, 20, 1, 1, 3, 1, 2] => QQFieldElem[3//2, 0, 0, 0, -3//2, 0, 0, 0, 0, 0, 0, 0, 3//4, 0, 0, 0],
	[19, 21, 14, 14, 20, 2, 2, 14, 2, 2] => QQFieldElem[0, 0, -1//8, 0, -1//4, 0, -1//8, 0, -1//4, 0, -1//4, 0, -1//4, 0, -1//8, 0],
	[19, 21, 14, 14, 20, 2, 2, 3, 1, 2] => QQFieldElem[0, 0, 0, 0, 1//2, 0, 0, 0, 0, 0, 0, 0, 1//4, 0, 0, 0],
	[19, 21, 14, 14, 21, 1, 1, 5, 1, 1] => QQFieldElem[-9//8, 0, 0, 0, 27//32, 0, 0, 0, 27//32, 0, 0, 0, -9//8, 0, 0, 0],
	[19, 21, 14, 14, 19, 2, 1, 9, 1, 1] => QQFieldElem[27//64, 0, 0, 0, -9//32, 0, 0, 0, 0, 0, 0, 0, 9//64, 0, 0, 0],
	[19, 21, 14, 14, 21, 2, 1, 7, 1, 1] => QQFieldElem[2//9, 0, 0, 0, 0, 0, 0, 0, 0, 0, 0, 0, -2//9, 0, 0, 0],
	[19, 21, 14, 14, 19, 1, 2, 14, 1, 2] => QQFieldElem[1//2, 0, 0, 0, 1, 0, 0, 0, 0, 0, 0, 0, -1//2, 0, 0, 0],
	[19, 21, 14, 14, 21, 2, 2, 5, 1, 1] => QQFieldElem[-1//4, 0, 0, 0, 0, 0, 0, 0, 1//2, 0, 0, 0, -1//2, 0, 0, 0],
	[19, 21, 14, 14, 20, 1, 1, 7, 1, 1] => QQFieldElem[0, 0, 0, 0, 4//27, 0, 0, 0, -4//27, 0, 4//27, 0, -4//27, 0, 4//27, 0],
	[19, 21, 14, 14, 19, 2, 1, 14, 1, 2] => QQFieldElem[0, 0, 0, 0, 2//9, 0, 0, 0, 2//9, 0, 0, 0, 0, 0, 0, 0],
	[19, 21, 14, 14, 20, 1, 2, 5, 1, 1] => QQFieldElem[1//8, 0, -1//2, 0, 0, 0, 1//2, 0, -1//4, 0, 3//8, 0, 0, 0, -3//8, 0],
	[19, 21, 14, 14, 20, 2, 2, 7, 1, 1] => QQFieldElem[1//9, 0, 1//9, 0, 1//9, 0, 1//9, 0, -1//9, 0, 0, 0, 0, 0, -1//9, 0],
	[19, 21, 14, 14, 19, 1, 2, 14, 2, 2] => QQFieldElem[-1//2, 0, 0, 0, -1//4, 0, 0, 0, 1//4, 0, 0, 0, 1//2, 0, 0, 0],
	[19, 21, 14, 14, 19, 1, 2, 3, 1, 2] => QQFieldElem[1//9, 0, -4//9, 0, 1//9, 0, 1//3, 0, -1//9, 0, 0, 0, -1//9, 0, 0, 0],
	[19, 21, 14, 14, 20, 2, 1, 5, 1, 1] => QQFieldElem[-1//6, 0, -2//3, 0, 0, 0, 2//3, 0, 1//3, 0, 1//6, 0, 0, 0, -1//6, 0],
	[19, 21, 14, 14, 19, 2, 1, 14, 2, 2] => QQFieldElem[1//2, 0, 0, 0, 1//4, 0, 0, 0, -1//4, 0, 0, 0, -1//2, 0, 0, 0],
	[19, 21, 14, 14, 19, 2, 1, 3, 1, 2] => QQFieldElem[-4//27, 0, 0, 0, -4//27, 0, -4//9, 0, 4//27, 0, 16//27, 0, 4//27, 0, 0, 0],
	[19, 21, 14, 14, 21, 1, 2, 6, 1, 1] => QQFieldElem[-1//4, 0, 0, 0, 0, 0, 0, 0, 0, 0, 0, 0, 0, 0, 0, 0],
	[19, 21, 14, 14, 21, 1, 1, 8, 1, 1] => QQFieldElem[-9//32, 0, 0, 0, 0, 0, 0, 0, 0, 0, 0, 0, 9//32, 0, 0, 0],
	[19, 21, 14, 14, 19, 1, 2, 7, 1, 1] => QQFieldElem[-1//8, 0, 0, 0, -1//4, 0, 0, 0, 1//4, 0, 0, 0, 1//8, 0, 0, 0],
	[19, 21, 14, 14, 21, 2, 2, 8, 1, 1] => QQFieldElem[3//4, 0, 0, 0, 0, 0, 0, 0, 0, 0, 0, 0, 0, 0, 0, 0],
	[19, 21, 14, 14, 21, 2, 1, 6, 1, 1] => QQFieldElem[-2//9, 0, 0, 0, 0, 0, 0, 0, 0, 0, 0, 0, -2//9, 0, 0, 0],
	[19, 21, 14, 14, 19, 1, 1, 5, 1, 1] => QQFieldElem[27//16, 0, 0, 0, -27//32, 0, 0, 0, -27//32, 0, 0, 0, 27//16, 0, 0, 0],
	[19, 21, 14, 14, 19, 2, 1, 7, 1, 1] => QQFieldElem[1//8, 0, 0, 0, 1//4, 0, 0, 0, -1//4, 0, 0, 0, -1//8, 0, 0, 0],
	[19, 21, 14, 14, 19, 2, 2, 5, 1, 1] => QQFieldElem[-9//16, 0, 0, 0, 27//32, 0, 0, 0, -9//32, 0, 0, 0, -9//16, 0, 0, 0],
	[19, 21, 14, 14, 20, 1, 2, 8, 1, 1] => QQFieldElem[1//8, 0, 0, 0, -1//8, 0, 1//8, 0, -1//8, 0, 1//8, 0, -1//8, 0, 1//8, 0],
	[19, 21, 14, 14, 20, 1, 1, 6, 1, 1] => QQFieldElem[8//27, 0, 0, 0, -4//27, 0, -8//27, 0, 4//27, 0, -4//27, 0, 4//27, 0, 4//27, 0],
	[19, 21, 14, 14, 21, 1, 2, 14, 1, 1] => QQFieldElem[9//32, 0, 0, 0, 27//32, 0, 0, 0, 27//32, 0, 0, 0, 9//32, 0, 0, 0],
	[19, 21, 14, 14, 20, 2, 2, 6, 1, 1] => QQFieldElem[1//9, 0, 1//9, 0, 1//9, 0, 1//9, 0, -1//9, 0, 0, 0, 2//9, 0, 1//9, 0],
	[19, 21, 14, 14, 21, 1, 2, 4, 1, 1] => QQFieldElem[9//8, 0, 0, 0, -27//32, 0, 0, 0, -27//32, 0, 0, 0, 9//8, 0, 0, 0],
	[19, 21, 14, 14, 20, 2, 1, 8, 1, 1] => QQFieldElem[0, 0, 1//6, 0, 1//6, 0, 0, 0, -1//6, 0, -1//3, 0, -1//3, 0, -1//6, 0],
	[19, 21, 14, 14, 21, 2, 1, 14, 1, 1] => QQFieldElem[0, 0, 0, 0, 0, 0, 0, 0, 0, 0, 0, 0, 1//2, 0, 0, 0],
	[19, 21, 14, 14, 21, 1, 2, 14, 2, 1] => QQFieldElem[-9//32, 0, 0, 0, -9//16, 0, 0, 0, 0, 0, 0, 0, 9//32, 0, 0, 0],
	[19, 21, 14, 14, 21, 2, 1, 4, 1, 1] => QQFieldElem[-1//4, 0, 0, 0, 0, 0, 0, 0, 1//2, 0, 0, 0, 1//2, 0, 0, 0],
	[19, 21, 14, 14, 21, 1, 2, 3, 1, 1] => QQFieldElem[1//9, 0, -4//9, 0, -1//9, 0, 5//9, 0, -1//9, 0, 0, 0, 1//9, 0, -2//9, 0],
	[19, 21, 14, 14, 20, 1, 1, 14, 1, 1] => QQFieldElem[-8//27, 0, 0, 0, 4//27, 0, 0, 0, 4//9, 0, -8//27, 0, 8//27, 0, -8//27, 0],
	[19, 21, 14, 14, 20, 2, 2, 14, 1, 1] => QQFieldElem[-2//9, 0, -2//9, 0, -1//3, 0, -2//9, 0, -1//9, 0, 0, 0, 2//9, 0, 2//9, 0],
	[19, 21, 14, 14, 21, 2, 1, 14, 2, 1] => QQFieldElem[27//32, 0, 0, 0, 9//16, 0, 0, 0, 0, 0, 0, 0, -9//32, 0, 0, 0],
	[19, 21, 14, 14, 20, 1, 1, 4, 1, 1] => QQFieldElem[1//6, 0, -2//3, 0, 0, 0, 2//3, 0, 0, 0, -1//6, 0, 0, 0, -1//6, 0],
	[19, 21, 14, 14, 21, 2, 1, 3, 1, 1] => QQFieldElem[-4//27, 0, 0, 0, 4//27, 0, 4//9, 0, 4//27, 0, -16//27, 0, -4//27, 0, 8//27, 0],
	[19, 21, 14, 14, 19, 1, 2, 6, 1, 1] => QQFieldElem[1//8, 0, 0, 0, 0, 0, 0, 0, 0, 0, 0, 0, 1//8, 0, 0, 0],
	[19, 21, 14, 14, 20, 2, 2, 4, 1, 1] => QQFieldElem[-1//8, 0, 1//2, 0, 0, 0, -1//2, 0, 0, 0, -3//8, 0, 0, 0, 5//8, 0],
	[19, 21, 14, 14, 21, 1, 1, 9, 1, 1] => QQFieldElem[-9//32, 0, 0, 0, 0, 0, 0, 0, 0, 0, 0, 0, -9//32, 0, 0, 0],
	[19, 21, 14, 14, 19, 1, 1, 8, 1, 1] => QQFieldElem[-27//64, 0, 0, 0, 0, 0, 0, 0, 0, 0, 0, 0, 27//64, 0, 0, 0],
	[19, 21, 14, 14, 20, 1, 1, 14, 2, 1] => QQFieldElem[-3//2, 0, 0, 0, -1, 0, 0, 0, 0, 0, 0, 0, 1//2, 0, 0, 0],
	[19, 21, 14, 14, 21, 2, 2, 9, 1, 1] => QQFieldElem[1//4, 0, 0, 0, 0, 0, 0, 0, -1//2, 0, 0, 0, -1//2, 0, 0, 0],
	[19, 21, 14, 14, 19, 2, 1, 6, 1, 1] => QQFieldElem[3//8, 0, 0, 0, 0, 0, 0, 0, 0, 0, 0, 0, 3//8, 0, 0, 0],
	[19, 21, 14, 14, 20, 2, 2, 14, 2, 1] => QQFieldElem[0, 0, 0, 0, -2//9, 0, 0, 0, -2//9, 0, 0, 0, 0, 0, 0, 0],
	[19, 21, 14, 14, 19, 2, 2, 8, 1, 1] => QQFieldElem[-9//64, 0, 0, 0, -9//16, 0, 0, 0, -9//16, 0, 0, 0, 45//64, 0, 0, 0],
	[19, 21, 14, 14, 20, 1, 1, 3, 1, 1] => QQFieldElem[-1//4, 0, 0, 0, 0, 0, 0, 0, 1//2, 0, 0, 0, -1//2, 0, 0, 0],
	[19, 21, 14, 14, 21, 1, 1, 14, 1, 2] => QQFieldElem[-2//3, 0, 1//2, 0, -1//3, 0, 1//6, 0, 1//3, 0, -1//3, 0, 2//3, 0, -1//2, 0],
	[19, 21, 14, 14, 20, 2, 2, 3, 1, 1] => QQFieldElem[-2//9, 0, 0, 0, 2//3, 0, 0, 0, -2//3, 0, 0, 0, 2//9, 0, 0, 0],
	[19, 21, 14, 14, 19, 1, 2, 14, 1, 1] => QQFieldElem[0, 0, 0, 0, 1//4, 0, 0, 0, 1//4, 0, 0, 0, 0, 0, 0, 0],
	[19, 21, 14, 14, 21, 2, 2, 14, 1, 2] => QQFieldElem[-1//4, 0, -1//8, 0, -1//4, 0, -3//8, 0, -1//4, 0, -1//4, 0, -1//4, 0, 1//8, 0],
	[19, 21, 14, 14, 20, 1, 2, 9, 1, 1] => QQFieldElem[1//8, 0, 0, 0, -1//8, 0, -1//8, 0, 1//8, 0, 1//8, 0, -1//8, 0, 1//8, 0],
	[19, 21, 14, 14, 19, 1, 2, 4, 1, 1] => QQFieldElem[0, 0, 0, 0, 0, 0, 0, 0, 0, 0, 0, 0, 9//32, 0, 0, 0],
	[19, 21, 14, 14, 19, 2, 1, 14, 1, 1] => QQFieldElem[0, 0, 0, 0, 3//4, 0, 0, 0, 3//4, 0, 0, 0, 0, 0, 0, 0],
	[19, 21, 14, 14, 20, 2, 1, 9, 1, 1] => QQFieldElem[1//3, 0, 1//6, 0, -1//6, 0, 0, 0, -1//6, 0, 0, 0, 1//3, 0, 1//6, 0],
	[19, 21, 14, 14, 21, 1, 1, 14, 2, 2] => QQFieldElem[-9//32, 0, 0, 0, -27//32, 0, 0, 0, -27//32, 0, 0, 0, -9//32, 0, 0, 0],
	[19, 21, 14, 14, 20, 1, 2, 14, 1, 2] => QQFieldElem[-9//32, 0, 0, 0, 0, 0, 0, 0, 9//16, 0, 0, 0, 9//32, 0, 0, 0],
	[19, 21, 14, 14, 19, 1, 2, 14, 2, 1] => QQFieldElem[-2//9, 0, 2//9, 0, -5//9, 0, 4//9, 0, -1//9, 0, 0, 0, 2//9, 0, -2//9, 0],
	[19, 21, 14, 14, 19, 2, 1, 4, 1, 1] => QQFieldElem[9//16, 0, 0, 0, 0, 0, 0, 0, -9//8, 0, 0, 0, 27//32, 0, 0, 0],
	[19, 21, 14, 14, 21, 1, 1, 3, 1, 2] => QQFieldElem[-3//4, 0, 0, 0, 1, 0, 0, 0, 0, 0, 0, 0, -1//2, 0, 0, 0],
	[19, 21, 14, 14, 21, 2, 2, 14, 2, 2] => QQFieldElem[0, 0, 0, 0, 0, 0, 0, 0, 0, 0, 0, 0, -1//2, 0, 0, 0],
	[19, 21, 14, 14, 20, 2, 1, 14, 1, 2] => QQFieldElem[-9//32, 0, 0, 0, 0, 0, 0, 0, 9//16, 0, 0, 0, 27//32, 0, 0, 0],
	[19, 21, 14, 14, 19, 1, 2, 3, 1, 1] => QQFieldElem[1//4, 0, 0, 0, -1//4, 0, 0, 0, -1//4, 0, 0, 0, 1//4, 0, 0, 0],
	[19, 21, 14, 14, 21, 2, 2, 3, 1, 2] => QQFieldElem[-2//9, 0, 0, 0, 2//9, 0, 0, 0, 2//9, 0, 0, 0, -2//9, 0, 0, 0],
	[19, 21, 14, 14, 19, 2, 1, 14, 2, 1] => QQFieldElem[8//27, 0, 0, 0, -4//27, 0, -8//27, 0, -20//27, 0, -8//27, 0, -8//27, 0, -8//27, 0],
	[19, 21, 14, 14, 20, 1, 2, 14, 2, 2] => QQFieldElem[0, 0, 1//8, 0, -1//4, 0, 1//8, 0, -1//4, 0, 1//4, 0, -1//4, 0, 1//8, 0],
	[19, 21, 14, 14, 19, 2, 1, 3, 1, 1] => QQFieldElem[3//4, 0, 0, 0, -3//4, 0, 0, 0, -3//4, 0, 0, 0, 3//4, 0, 0, 0],
	[19, 21, 14, 14, 20, 1, 2, 3, 1, 2] => QQFieldElem[1//4, 0, 0, 0, -1//4, 0, 0, 0, 1//4, 0, 0, 0, -1//4, 0, 0, 0],
	[19, 21, 14, 14, 21, 1, 1, 7, 1, 1] => QQFieldElem[3//4, 0, 0, 0, 0, 0, 0, 0, 0, 0, 0, 0, 0, 0, 0, 0],
	[19, 21, 14, 14, 19, 1, 1, 9, 1, 1] => QQFieldElem[27//64, 0, 0, 0, -27//32, 0, 0, 0, -27//32, 0, 0, 0, 27//64, 0, 0, 0],
	[19, 21, 14, 14, 20, 2, 1, 14, 2, 2] => QQFieldElem[1//3, 0, 1//6, 0, 1//3, 0, 1//6, 0, -1//3, 0, -1//3, 0, -2//3, 0, -1//2, 0],
	[19, 21, 14, 14, 21, 1, 2, 5, 1, 1] => QQFieldElem[0, 0, 0, 0, 9//32, 0, 0, 0, -9//32, 0, 0, 0, 0, 0, 0, 0],
	[19, 21, 14, 14, 21, 2, 2, 7, 1, 1] => QQFieldElem[2//9, 0, 0, 0, 0, 0, 0, 0, 0, 0, 0, 0, 2//9, 0, 0, 0],
	[19, 21, 14, 14, 19, 2, 2, 9, 1, 1] => QQFieldElem[-27//64, 0, 0, 0, 9//32, 0, 0, 0, 9//32, 0, 0, 0, 9//64, 0, 0, 0],
	[19, 21, 14, 14, 20, 2, 1, 3, 1, 2] => QQFieldElem[-1//4, 0, 0, 0, 1//4, 0, 0, 0, -1//4, 0, 0, 0, 1//4, 0, 0, 0],
	[19, 21, 14, 14, 19, 1, 1, 14, 1, 2] => QQFieldElem[0, 0, 0, 0, 0, 0, 0, 0, 0, 0, 0, 0, -1//2, 0, 0, 0],
	[19, 21, 14, 14, 21, 2, 1, 5, 1, 1] => QQFieldElem[5//4, 0, 0, 0, -1, 0, 0, 0, 0, 0, 0, 0, 1//2, 0, 0, 0],
	[19, 21, 14, 14, 19, 2, 2, 14, 1, 2] => QQFieldElem[-8//9, 0, 0, 0, -2//3, 0, 0, 0, 2//3, 0, 0, 0, 8//9, 0, 0, 0],
	[19, 21, 14, 14, 20, 1, 2, 7, 1, 1] => QQFieldElem[1//9, 0, -1//9, 0, 1//9, 0, -1//9, 0, -1//9, 0, 0, 0, 0, 0, 1//9, 0],
	[19, 21, 14, 14, 20, 1, 1, 5, 1, 1] => QQFieldElem[-1//6, 0, 2//3, 0, 0, 0, -2//3, 0, 1//3, 0, -1//6, 0, 0, 0, 1//6, 0],
	[19, 21, 14, 14, 20, 2, 1, 7, 1, 1] => QQFieldElem[0, 0, 0, 0, 4//27, 0, 0, 0, -4//27, 0, -4//27, 0, -4//27, 0, -4//27, 0],
	[19, 21, 14, 14, 19, 1, 1, 14, 2, 2] => QQFieldElem[-3//4, 0, 0, 0, -3//2, 0, 0, 0, 0, 0, 0, 0, 3//4, 0, 0, 0],
	[19, 21, 14, 14, 20, 2, 2, 5, 1, 1] => QQFieldElem[1//8, 0, 1//2, 0, 0, 0, -1//2, 0, -1//4, 0, -3//8, 0, 0, 0, 3//8, 0],
	[19, 21, 14, 14, 19, 2, 2, 14, 2, 2] => QQFieldElem[1//4, 0, 0, 0, 1//2, 0, 0, 0, 1, 0, 0, 0, 1//4, 0, 0, 0],
	[19, 21, 14, 14, 19, 1, 1, 3, 1, 2] => QQFieldElem[-4//27, 0, 0, 0, -4//27, 0, 4//9, 0, 4//27, 0, -16//27, 0, 4//27, 0, 0, 0],
	[19, 21, 14, 14, 19, 2, 2, 3, 1, 2] => QQFieldElem[1//9, 0, 4//9, 0, 1//9, 0, -1//3, 0, -1//9, 0, 0, 0, -1//9, 0, 0, 0],
	[19, 21, 14, 14, 21, 1, 2, 8, 1, 1] => QQFieldElem[9//32, 0, 0, 0, 0, 0, 0, 0, 0, 0, 0, 0, 9//32, 0, 0, 0],
	[19, 21, 14, 14, 21, 1, 1, 6, 1, 1] => QQFieldElem[1//4, 0, 0, 0, 0, 0, 0, 0, -1//2, 0, 0, 0, -1//2, 0, 0, 0],
	[19, 21, 14, 14, 21, 2, 2, 6, 1, 1] => QQFieldElem[-2//9, 0, 0, 0, 0, 0, 0, 0, 0, 0, 0, 0, 2//9, 0, 0, 0],
	[19, 21, 14, 14, 19, 1, 1, 7, 1, 1] => QQFieldElem[3//8, 0, 0, 0, 3//4, 0, 0, 0, 0, 0, 0, 0, -3//8, 0, 0, 0],
	[19, 21, 14, 14, 21, 2, 1, 8, 1, 1] => QQFieldElem[1//4, 0, 0, 0, 0, 0, 0, 0, -1//2, 0, 0, 0, 1//2, 0, 0, 0],
	[19, 21, 14, 14, 19, 1, 2, 5, 1, 1] => QQFieldElem[9//16, 0, 0, 0, -9//16, 0, 0, 0, 0, 0, 0, 0, 9//32, 0, 0, 0],
	[19, 21, 14, 14, 19, 2, 2, 7, 1, 1] => QQFieldElem[1//8, 0, 0, 0, -1//4, 0, 0, 0, 1//2, 0, 0, 0, -1//8, 0, 0, 0],
	[19, 21, 14, 14, 20, 1, 2, 6, 1, 1] => QQFieldElem[1//9, 0, -1//9, 0, 1//9, 0, -1//9, 0, -1//9, 0, 0, 0, 2//9, 0, -1//9, 0],
	[19, 21, 14, 14, 19, 2, 1, 5, 1, 1] => QQFieldElem[0, 0, 0, 0, 9//16, 0, 0, 0, 0, 0, 0, 0, -9//32, 0, 0, 0],
	[19, 21, 14, 14, 20, 1, 1, 8, 1, 1] => QQFieldElem[0, 0, -1//6, 0, 1//6, 0, 0, 0, -1//6, 0, 1//3, 0, -1//3, 0, 1//6, 0],
	[19, 21, 14, 14, 21, 1, 1, 14, 1, 1] => QQFieldElem[9//32, 0, 0, 0, 9//32, 0, 0, 0, -9//32, 0, 0, 0, -9//32, 0, 0, 0],
	[19, 21, 14, 14, 20, 2, 2, 8, 1, 1] => QQFieldElem[1//8, 0, 0, 0, -1//8, 0, -1//8, 0, -1//8, 0, -1//8, 0, -1//8, 0, -1//8, 0],
	[19, 21, 14, 14, 20, 2, 1, 6, 1, 1] => QQFieldElem[8//27, 0, 0, 0, -4//27, 0, 8//27, 0, 4//27, 0, 4//27, 0, 4//27, 0, -4//27, 0],
	[19, 21, 14, 14, 21, 1, 1, 4, 1, 1] => QQFieldElem[0, 0, 0, 0, -9//32, 0, 0, 0, 9//32, 0, 0, 0, 0, 0, 0, 0],
	[19, 21, 14, 14, 21, 2, 2, 14, 1, 1] => QQFieldElem[-3//2, 0, 0, 0, -1, 0, 0, 0, 0, 0, 0, 0, 1//2, 0, 0, 0],
	[19, 21, 14, 14, 21, 2, 2, 4, 1, 1] => QQFieldElem[-3//4, 0, 0, 0, 1, 0, 0, 0, 0, 0, 0, 0, -1//2, 0, 0, 0],
	[19, 21, 14, 14, 21, 1, 1, 14, 2, 1] => QQFieldElem[-27//32, 0, 0, 0, -27//32, 0, 0, 0, -27//32, 0, 0, 0, -27//32, 0, 0, 0],
	[19, 21, 14, 14, 20, 1, 2, 14, 1, 1] => QQFieldElem[-2//9, 0, 2//9, 0, -1//3, 0, 2//9, 0, -1//9, 0, 0, 0, 2//9, 0, -2//9, 0],
	[19, 21, 14, 14, 21, 2, 2, 14, 2, 1] => QQFieldElem[-9//32, 0, 0, 0, -9//32, 0, 0, 0, 27//32, 0, 0, 0, 27//32, 0, 0, 0],
	[19, 21, 14, 14, 21, 1, 1, 3, 1, 1] => QQFieldElem[-4//27, 0, 0, 0, 4//27, 0, -4//9, 0, 4//27, 0, 16//27, 0, -4//27, 0, -8//27, 0],
	[19, 21, 14, 14, 20, 1, 2, 4, 1, 1] => QQFieldElem[-1//8, 0, -1//2, 0, 0, 0, 1//2, 0, 0, 0, 3//8, 0, 0, 0, -5//8, 0],
	[19, 21, 14, 14, 21, 2, 2, 3, 1, 1] => QQFieldElem[1//9, 0, 4//9, 0, -1//9, 0, -5//9, 0, -1//9, 0, 0, 0, 1//9, 0, 2//9, 0],
	[19, 21, 14, 14, 20, 2, 1, 14, 1, 1] => QQFieldElem[-8//27, 0, 0, 0, 4//27, 0, 0, 0, 4//9, 0, 8//27, 0, 8//27, 0, 8//27, 0],
	[19, 21, 14, 14, 21, 1, 2, 9, 1, 1] => QQFieldElem[9//32, 0, 0, 0, 0, 0, 0, 0, 0, 0, 0, 0, -9//32, 0, 0, 0],
	[19, 21, 14, 14, 19, 1, 1, 6, 1, 1] => QQFieldElem[-3//8, 0, 0, 0, 0, 0, 0, 0, 3//4, 0, 0, 0, -3//8, 0, 0, 0],
	[19, 21, 14, 14, 20, 1, 2, 14, 2, 1] => QQFieldElem[0, 0, 0, 0, 0, 0, 0, 0, 0, 0, 0, 0, 1//2, 0, 0, 0],
	[19, 21, 14, 14, 20, 2, 1, 4, 1, 1] => QQFieldElem[1//6, 0, 2//3, 0, 0, 0, -2//3, 0, 0, 0, 1//6, 0, 0, 0, 1//6, 0],
	[19, 21, 14, 14, 19, 1, 2, 8, 1, 1] => QQFieldElem[-9//64, 0, 0, 0, 0, 0, 0, 0, 9//32, 0, 0, 0, -9//64, 0, 0, 0],
	[19, 21, 14, 14, 19, 2, 2, 6, 1, 1] => QQFieldElem[3//8, 0, 0, 0, 1//2, 0, 0, 0, -1//4, 0, 0, 0, -5//8, 0, 0, 0],
	[19, 21, 14, 14, 20, 1, 2, 3, 1, 1] => QQFieldElem[5//4, 0, 0, 0, -1, 0, 0, 0, 0, 0, 0, 0, 1//2, 0, 0, 0],
	[19, 21, 14, 14, 21, 2, 1, 9, 1, 1] => QQFieldElem[-1//4, 0, 0, 0, 0, 0, 0, 0, 0, 0, 0, 0, 0, 0, 0, 0],
	[19, 21, 14, 14, 19, 2, 1, 8, 1, 1] => QQFieldElem[9//64, 0, 0, 0, 0, 0, 0, 0, -9//32, 0, 0, 0, -27//64, 0, 0, 0],
	[19, 21, 14, 14, 21, 1, 2, 14, 1, 2] => QQFieldElem[-1//4, 0, 1//8, 0, -1//4, 0, 3//8, 0, -1//4, 0, 1//4, 0, -1//4, 0, -1//8, 0],
	[19, 21, 14, 14, 20, 2, 1, 14, 2, 1] => QQFieldElem[8//9, 0, 0, 0, 2//3, 0, 0, 0, -2//3, 0, 0, 0, -8//9, 0, 0, 0],
	[19, 21, 14, 14, 20, 2, 1, 3, 1, 1] => QQFieldElem[2//9, 0, 0, 0, -2//9, 0, 0, 0, -2//9, 0, 0, 0, 2//9, 0, 0, 0],
	[19, 21, 14, 14, 21, 2, 1, 14, 1, 2] => QQFieldElem[-2//3, 0, -1//2, 0, -1//3, 0, -1//6, 0, 1//3, 0, 1//3, 0, 2//3, 0, 1//2, 0],
	[19, 21, 14, 14, 20, 1, 1, 9, 1, 1] => QQFieldElem[1//3, 0, -1//6, 0, -1//6, 0, 0, 0, -1//6, 0, 0, 0, 1//3, 0, -1//6, 0],
	[19, 21, 14, 14, 19, 1, 1, 14, 1, 1] => QQFieldElem[-3//4, 0, 0, 0, 0, 0, 0, 0, 3//2, 0, 0, 0, 3//4, 0, 0, 0],
	[19, 21, 14, 14, 20, 2, 2, 9, 1, 1] => QQFieldElem[1//8, 0, 0, 0, -1//8, 0, 1//8, 0, 1//8, 0, -1//8, 0, -1//8, 0, -1//8, 0],
	[19, 21, 14, 14, 19, 2, 2, 14, 1, 1] => QQFieldElem[-3//4, 0, 0, 0, -1, 0, 0, 0, 1//2, 0, 0, 0, 5//4, 0, 0, 0],
	[19, 21, 14, 14, 19, 1, 1, 4, 1, 1] => QQFieldElem[0, 0, 0, 0, 27//32, 0, 0, 0, -27//32, 0, 0, 0, 0, 0, 0, 0],
	[19, 21, 14, 14, 21, 1, 2, 14, 2, 2] => QQFieldElem[-9//32, 0, 0, 0, -9//32, 0, 0, 0, 9//32, 0, 0, 0, 9//32, 0, 0, 0])