Dict(
	[19, 12, 19, 13, 16, 1, 1, 12, 1, 1] => QQFieldElem[0, 0, 0, 1//8, 0, 0, 0, 0, 0, 0, 0, 0, 1//8, 0, 0, 0],
	[19, 12, 19, 13, 18, 1, 1, 18, 1, 1] => QQFieldElem[0, 0, 3//16, 0, 0, 0, 0, 0, 0, 0, -3//16, 0, -3//16, 0, 0, 0],
	[19, 12, 19, 13, 18, 1, 1, 17, 1, 1] => QQFieldElem[0, 0, 0, 0, 0, 0, 3//16, 0, 0, 0, 0, 0, 3//16, 0, 0, 0],
	[19, 12, 19, 13, 12, 1, 1, 15, 1, 1] => QQFieldElem[0, 0, 0, 0, 0, 0, 0, 0, 0, 0, 0, 0, -1//2, 0, 0, 1//2],
	[19, 12, 19, 13, 16, 1, 1, 16, 1, 1] => QQFieldElem[0, 0, 3//16, 0, 0, 0, 0, 0, 0, 0, -3//16, 0, -3//16, 0, 0, 0],
	[19, 12, 19, 13, 12, 1, 1, 12, 1, 1] => QQFieldElem[-2//3, 0, 0, 0, 0, 0, 0, 0, 0, 0, 0, 0, 0, 0, 0, 0],
	[19, 12, 19, 13, 13, 1, 1, 13, 1, 1] => QQFieldElem[3//8, 0, 0, 0, 0, 0, 0, 0, 0, 0, 0, 0, 0, 0, 0, 0],
	[19, 12, 19, 13, 11, 1, 1, 11, 1, 1] => QQFieldElem[3//8, 0, 0, 0, 0, 0, 0, 0, 0, 0, 0, 0, 0, 0, 0, 0],
	[19, 12, 19, 13, 12, 1, 1, 16, 1, 1] => QQFieldElem[0, 0, 0, -1//2, 0, 0, 0, 0, 0, 0, 0, 0, -1//2, 0, 0, 0],
	[19, 12, 19, 13, 15, 1, 1, 11, 1, 1] => QQFieldElem[0, 0, 0, 0, 0, 0, 0, 0, 0, 0, 0, 0, 3//32, 0, 0, 3//32],
	[19, 12, 19, 13, 17, 1, 1, 11, 1, 1] => QQFieldElem[0, 0, 0, 0, 0, 0, 0, 0, 0, 0, 0, 0, 3//32, 0, 0, -3//32],
	[19, 12, 19, 13, 16, 1, 1, 13, 1, 1] => QQFieldElem[0, 0, 0, 3//32, 0, 0, 0, 0, 0, 0, 0, 0, 3//32, 0, 0, 0],
	[19, 12, 19, 13, 11, 1, 1, 10, 1, 1] => QQFieldElem[-1//2, 0, 0, 0, 0, 0, 0, 0, 0, 0, 0, 0, 0, 0, 0, 0],
	[19, 12, 19, 13, 12, 1, 1, 13, 1, 1] => QQFieldElem[1//2, 0, 0, 0, 0, 0, 0, 0, 0, 0, 0, 0, 0, 0, 0, 0],
	[19, 12, 19, 13, 15, 1, 1, 10, 1, 1] => QQFieldElem[0, 0, 0, 0, 0, 0, 0, 0, 0, 0, 0, 0, 1//8, 0, 0, 1//8],
	[19, 12, 19, 13, 11, 1, 1, 18, 1, 1] => QQFieldElem[0, 0, 0, 3//8, 0, 0, 0, 0, 0, 0, 0, 0, 3//8, 0, 0, 0],
	[19, 12, 19, 13, 15, 1, 1, 18, 1, 1] => QQFieldElem[0, 0, 0, 0, 0, 0, -3//16, 0, 0, 0, 0, 0, 3//16, 0, 0, 0],
	[19, 12, 19, 13, 13, 1, 1, 11, 1, 1] => QQFieldElem[0, 0, 0, 0, 0, 0, 0, 0, 0, 0, 0, 0, 0, 0, 0, 0],
	[19, 12, 19, 13, 11, 1, 1, 17, 1, 1] => QQFieldElem[0, 0, 0, 0, 0, 0, 0, 0, 0, 0, 0, 0, 3//8, 0, 0, -3//8],
	[19, 12, 19, 13, 10, 1, 1, 15, 1, 1] => QQFieldElem[0, 0, 0, 0, 0, 0, 0, 0, 0, 0, 0, 0, -1//2, 0, 0, -1//2],
	[19, 12, 19, 13, 15, 1, 1, 17, 1, 1] => QQFieldElem[0, 0, 3//16, 0, 0, 0, 0, 0, 0, 0, -3//16, 0, -3//16, 0, 0, 0],
	[19, 12, 19, 13, 17, 1, 1, 10, 1, 1] => QQFieldElem[0, 0, 0, 0, 0, 0, 0, 0, 0, 0, 0, 0, 1//8, 0, 0, -1//8],
	[19, 12, 19, 13, 10, 1, 1, 12, 1, 1] => QQFieldElem[0, 0, 0, 0, 0, 0, 0, 0, 0, 0, 0, 0, 0, 0, 0, 0],
	[19, 12, 19, 13, 18, 1, 1, 15, 1, 1] => QQFieldElem[0, 0, 0, 0, 0, 0, -3//16, 0, 0, 0, 0, 0, 3//16, 0, 0, 0],
	[19, 12, 19, 13, 17, 1, 1, 18, 1, 1] => QQFieldElem[0, 0, 0, 0, 0, 0, 3//16, 0, 0, 0, 0, 0, 3//16, 0, 0, 0],
	[19, 12, 19, 13, 10, 1, 1, 16, 1, 1] => QQFieldElem[0, 0, 0, 1//2, 0, 0, 0, 0, 0, 0, 0, 0, -1//2, 0, 0, 0],
	[19, 12, 19, 13, 18, 1, 1, 12, 1, 1] => QQFieldElem[0, 0, 0, -1//8, 0, 0, 0, 0, 0, 0, 0, 0, 1//8, 0, 0, 0],
	[19, 12, 19, 13, 17, 1, 1, 17, 1, 1] => QQFieldElem[0, 0, -3//16, 0, 0, 0, 0, 0, 0, 0, 3//16, 0, -3//16, 0, 0, 0],
	[19, 12, 19, 13, 16, 1, 1, 11, 1, 1] => QQFieldElem[0, 0, 0, -3//32, 0, 0, 0, 0, 0, 0, 0, 0, 3//32, 0, 0, 0],
	[19, 12, 19, 13, 18, 1, 1, 16, 1, 1] => QQFieldElem[0, 0, -3//16, 0, 0, 0, 0, 0, 0, 0, 3//16, 0, -3//16, 0, 0, 0],
	[19, 12, 19, 13, 13, 1, 1, 10, 1, 1] => QQFieldElem[0, 0, 0, 0, 0, 0, 0, 0, 0, 0, 0, 0, 0, 0, 0, 0],
	[19, 12, 19, 13, 12, 1, 1, 11, 1, 1] => QQFieldElem[0, 0, 0, 0, 0, 0, 0, 0, 0, 0, 0, 0, 0, 0, 0, 0],
	[19, 12, 19, 13, 13, 1, 1, 18, 1, 1] => QQFieldElem[0, 0, 0, -3//8, 0, 0, 0, 0, 0, 0, 0, 0, 3//8, 0, 0, 0],
	[19, 12, 19, 13, 13, 1, 1, 17, 1, 1] => QQFieldElem[0, 0, 0, 0, 0, 0, 0, 0, 0, 0, 0, 0, 3//8, 0, 0, 3//8],
	[19, 12, 19, 13, 10, 1, 1, 13, 1, 1] => QQFieldElem[0, 0, 0, 0, 0, 0, 0, 0, 0, 0, 0, 0, 0, 0, 0, 0],
	[19, 12, 19, 13, 18, 1, 1, 13, 1, 1] => QQFieldElem[0, 0, 0, -3//32, 0, 0, 0, 0, 0, 0, 0, 0, 3//32, 0, 0, 0],
	[19, 12, 19, 13, 16, 1, 1, 10, 1, 1] => QQFieldElem[0, 0, 0, -1//8, 0, 0, 0, 0, 0, 0, 0, 0, 1//8, 0, 0, 0],
	[19, 12, 19, 13, 16, 1, 1, 18, 1, 1] => QQFieldElem[0, 0, -3//16, 0, 0, 0, 0, 0, 0, 0, 3//16, 0, -3//16, 0, 0, 0],
	[19, 12, 19, 13, 12, 1, 1, 10, 1, 1] => QQFieldElem[0, 0, 0, 0, 0, 0, 0, 0, 0, 0, 0, 0, 0, 0, 0, 0],
	[19, 12, 19, 13, 16, 1, 1, 17, 1, 1] => QQFieldElem[0, 0, 0, 0, 0, 0, -3//16, 0, 0, 0, 0, 0, 3//16, 0, 0, 0],
	[19, 12, 19, 13, 11, 1, 1, 15, 1, 1] => QQFieldElem[0, 0, 0, 0, 0, 0, 0, 0, 0, 0, 0, 0, 3//8, 0, 0, 3//8],
	[19, 12, 19, 13, 11, 1, 1, 12, 1, 1] => QQFieldElem[0, 0, 0, 0, 0, 0, 0, 0, 0, 0, 0, 0, 0, 0, 0, 0],
	[19, 12, 19, 13, 15, 1, 1, 15, 1, 1] => QQFieldElem[0, 0, -3//16, 0, 0, 0, 0, 0, 0, 0, 3//16, 0, -3//16, 0, 0, 0],
	[19, 12, 19, 13, 12, 1, 1, 18, 1, 1] => QQFieldElem[0, 0, 0, 1//2, 0, 0, 0, 0, 0, 0, 0, 0, -1//2, 0, 0, 0],
	[19, 12, 19, 13, 15, 1, 1, 12, 1, 1] => QQFieldElem[0, 0, 0, 0, 0, 0, 0, 0, 0, 0, 0, 0, 1//8, 0, 0, -1//8],
	[19, 12, 19, 13, 12, 1, 1, 17, 1, 1] => QQFieldElem[0, 0, 0, 0, 0, 0, 0, 0, 0, 0, 0, 0, -1//2, 0, 0, -1//2],
	[19, 12, 19, 13, 11, 1, 1, 16, 1, 1] => QQFieldElem[0, 0, 0, -3//8, 0, 0, 0, 0, 0, 0, 0, 0, 3//8, 0, 0, 0],
	[19, 12, 19, 13, 15, 1, 1, 16, 1, 1] => QQFieldElem[0, 0, 0, 0, 0, 0, 3//16, 0, 0, 0, 0, 0, 3//16, 0, 0, 0],
	[19, 12, 19, 13, 17, 1, 1, 15, 1, 1] => QQFieldElem[0, 0, 3//16, 0, 0, 0, 0, 0, 0, 0, -3//16, 0, -3//16, 0, 0, 0],
	[19, 12, 19, 13, 17, 1, 1, 12, 1, 1] => QQFieldElem[0, 0, 0, 0, 0, 0, 0, 0, 0, 0, 0, 0, 1//8, 0, 0, 1//8],
	[19, 12, 19, 13, 10, 1, 1, 11, 1, 1] => QQFieldElem[1//2, 0, 0, 0, 0, 0, 0, 0, 0, 0, 0, 0, 0, 0, 0, 0],
	[19, 12, 19, 13, 17, 1, 1, 16, 1, 1] => QQFieldElem[0, 0, 0, 0, 0, 0, -3//16, 0, 0, 0, 0, 0, 3//16, 0, 0, 0],
	[19, 12, 19, 13, 18, 1, 1, 11, 1, 1] => QQFieldElem[0, 0, 0, 3//32, 0, 0, 0, 0, 0, 0, 0, 0, 3//32, 0, 0, 0],
	[19, 12, 19, 13, 11, 1, 1, 13, 1, 1] => QQFieldElem[0, 0, 0, 0, 0, 0, 0, 0, 0, 0, 0, 0, 0, 0, 0, 0],
	[19, 12, 19, 13, 13, 1, 1, 15, 1, 1] => QQFieldElem[0, 0, 0, 0, 0, 0, 0, 0, 0, 0, 0, 0, 3//8, 0, 0, -3//8],
	[19, 12, 19, 13, 15, 1, 1, 13, 1, 1] => QQFieldElem[0, 0, 0, 0, 0, 0, 0, 0, 0, 0, 0, 0, 3//32, 0, 0, -3//32],
	[19, 12, 19, 13, 13, 1, 1, 12, 1, 1] => QQFieldElem[-1//2, 0, 0, 0, 0, 0, 0, 0, 0, 0, 0, 0, 0, 0, 0, 0],
	[19, 12, 19, 13, 10, 1, 1, 10, 1, 1] => QQFieldElem[-2//3, 0, 0, 0, 0, 0, 0, 0, 0, 0, 0, 0, 0, 0, 0, 0],
	[19, 12, 19, 13, 13, 1, 1, 16, 1, 1] => QQFieldElem[0, 0, 0, 3//8, 0, 0, 0, 0, 0, 0, 0, 0, 3//8, 0, 0, 0],
	[19, 12, 19, 13, 17, 1, 1, 13, 1, 1] => QQFieldElem[0, 0, 0, 0, 0, 0, 0, 0, 0, 0, 0, 0, 3//32, 0, 0, 3//32],
	[19, 12, 19, 13, 10, 1, 1, 18, 1, 1] => QQFieldElem[0, 0, 0, -1//2, 0, 0, 0, 0, 0, 0, 0, 0, -1//2, 0, 0, 0],
	[19, 12, 19, 13, 18, 1, 1, 10, 1, 1] => QQFieldElem[0, 0, 0, 1//8, 0, 0, 0, 0, 0, 0, 0, 0, 1//8, 0, 0, 0],
	[19, 12, 19, 13, 16, 1, 1, 15, 1, 1] => QQFieldElem[0, 0, 0, 0, 0, 0, 3//16, 0, 0, 0, 0, 0, 3//16, 0, 0, 0],
	[19, 12, 19, 13, 10, 1, 1, 17, 1, 1] => QQFieldElem[0, 0, 0, 0, 0, 0, 0, 0, 0, 0, 0, 0, -1//2, 0, 0, 1//2])