Dict(
	[19, 14, 21, 6, 20, 1, 2, 21, 2, 1] => QQFieldElem[-1//6, 0, 0, 0, 0, 0, 0, 0, 0, 0, -1//3, 0, 0, 0, -1//3, 0],
	[19, 14, 21, 6, 21, 1, 1, 20, 2, 1] => QQFieldElem[3//16, 0, 0, 0, 3//16, 0, -3//16, 0, 0, 0, 0, 0, -3//16, 0, -3//16, 0],
	[19, 14, 21, 6, 20, 1, 2, 20, 1, 1] => QQFieldElem[-1//6, 0, 1//6, 0, 0, 0, 0, 0, -1//6, 0, -1//6, 0, 0, 0, -1//6, 0],
	[19, 14, 21, 6, 20, 1, 1, 20, 1, 1] => QQFieldElem[3//16, 0, 0, 0, -3//16, 0, 3//16, 0, 0, 0, 0, 0, 3//16, 0, -3//16, 0],
	[19, 14, 21, 6, 20, 1, 1, 21, 2, 1] => QQFieldElem[-3//16, 0, 0, 0, 3//16, 0, 3//8, 0, 3//16, 0, 0, 0, -3//16, 0, -3//4, 0],
	[19, 14, 21, 6, 19, 1, 2, 19, 1, 1] => QQFieldElem[1//6, 0, -1//6, 0, -1//6, 0, 1//6, 0, -1//3, 0, 1//2, 0, -1//6, 0, 0, 0],
	[19, 14, 21, 6, 19, 1, 1, 19, 1, 1] => QQFieldElem[3//16, 0, -3//16, 0, 0, 0, -3//16, 0, 0, 0, 3//8, 0, -3//16, 0, 0, 0],
	[19, 14, 21, 6, 19, 1, 2, 21, 1, 1] => QQFieldElem[-1//6, 0, 0, 0, 0, 0, 0, 0, 1//3, 0, -1//3, 0, 0, 0, 1//3, 0],
	[19, 14, 21, 6, 20, 1, 2, 20, 2, 1] => QQFieldElem[1//3, 0, -2//3, 0, -1//6, 0, 2//3, 0, -1//2, 0, 0, 0, 5//6, 0, -2//3, 0],
	[19, 14, 21, 6, 19, 1, 1, 21, 1, 1] => QQFieldElem[-3//16, 0, 0, 0, -3//16, 0, 3//8, 0, 3//16, 0, 0, 0, 3//16, 0, 0, 0],
	[19, 14, 21, 6, 20, 1, 1, 20, 2, 1] => QQFieldElem[-3//8, 0, -3//16, 0, 3//8, 0, 0, 0, 0, 0, 3//8, 0, 0, 0, -9//16, 0],
	[19, 14, 21, 6, 19, 1, 2, 19, 2, 1] => QQFieldElem[1//3, 0, -1//6, 0, 0, 0, 0, 0, -1//6, 0, 0, 0, 0, 0, -1//6, 0],
	[19, 14, 21, 6, 19, 1, 1, 19, 2, 1] => QQFieldElem[0, 0, 0, 0, -3//16, 0, 0, 0, -3//16, 0, 0, 0, 3//16, 0, 3//16, 0],
	[19, 14, 21, 6, 19, 1, 2, 21, 2, 1] => QQFieldElem[-1//2, 0, -1//2, 0, -1//3, 0, -1//6, 0, 1//2, 0, 2//3, 0, 2//3, 0, 2//3, 0],
	[19, 14, 21, 6, 21, 1, 2, 19, 1, 1] => QQFieldElem[0, 0, -1//6, 0, 0, 0, 0, 0, 1//6, 0, 0, 0, 0, 0, 1//6, 0],
	[19, 14, 21, 6, 19, 1, 2, 20, 1, 1] => QQFieldElem[0, 0, -1//3, 0, 1//6, 0, 1//3, 0, -1//2, 0, 1//3, 0, 1//6, 0, -1//3, 0],
	[19, 14, 21, 6, 21, 1, 1, 19, 1, 1] => QQFieldElem[0, 0, 0, 0, 3//16, 0, 3//8, 0, -3//16, 0, 0, 0, -3//16, 0, -3//16, 0],
	[19, 14, 21, 6, 19, 1, 1, 20, 1, 1] => QQFieldElem[0, 0, -15//16, 0, 3//4, 0, 3//8, 0, -3//4, 0, 3//4, 0, 0, 0, -9//16, 0],
	[19, 14, 21, 6, 21, 1, 2, 21, 1, 1] => QQFieldElem[1//2, 0, 1//6, 0, 1//3, 0, 1//6, 0, -5//6, 0, -2//3, 0, -2//3, 0, -2//3, 0],
	[19, 14, 21, 6, 19, 1, 1, 21, 2, 1] => QQFieldElem[3//4, 0, 3//4, 0, 3//4, 0, 9//16, 0, -9//16, 0, -3//8, 0, -9//16, 0, -15//16, 0],
	[19, 14, 21, 6, 21, 1, 1, 21, 1, 1] => QQFieldElem[-3//4, 0, -3//4, 0, -3//4, 0, -9//16, 0, 3//16, 0, 3//8, 0, 9//16, 0, 9//16, 0],
	[19, 14, 21, 6, 21, 1, 2, 19, 2, 1] => QQFieldElem[-1//3, 0, 0, 0, 1//3, 0, -1//3, 0, 1//3, 0, -1//3, 0, 1//3, 0, 1//3, 0],
	[19, 14, 21, 6, 19, 1, 2, 20, 2, 1] => QQFieldElem[-4//3, 0, 1//6, 0, 4//3, 0, -5//6, 0, 2//3, 0, 4//3, 0, -7//6, 0, -1//2, 0],
	[19, 14, 21, 6, 21, 1, 1, 19, 2, 1] => QQFieldElem[9//32, 0, 3//32, 0, -3//16, 0, -9//32, 0, -3//16, 0, 3//32, 0, 9//32, 0, 0, 0],
	[19, 14, 21, 6, 20, 1, 2, 19, 1, 1] => QQFieldElem[1//2, 0, -1//6, 0, -1//3, 0, -1//6, 0, 0, 0, 1//2, 0, 1//6, 0, -1//3, 0],
	[19, 14, 21, 6, 20, 1, 1, 19, 1, 1] => QQFieldElem[-15//32, 0, -3//32, 0, 3//4, 0, 15//32, 0, 3//4, 0, -21//32, 0, -9//32, 0, -3//16, 0],
	[19, 14, 21, 6, 19, 1, 1, 20, 2, 1] => QQFieldElem[-3//4, 0, 3//8, 0, 9//16, 0, -9//16, 0, 3//16, 0, 3//8, 0, -3//4, 0, -3//8, 0],
	[19, 14, 21, 6, 21, 1, 2, 20, 1, 1] => QQFieldElem[0, 0, 1//2, 0, -1//3, 0, -1//6, 0, 2//3, 0, -1//3, 0, 1//6, 0, 1//2, 0],
	[19, 14, 21, 6, 21, 1, 1, 21, 2, 1] => QQFieldElem[-3//16, 0, -3//8, 0, -9//16, 0, -3//8, 0, -3//8, 0, -3//8, 0, -3//8, 0, -3//8, 0],
	[19, 14, 21, 6, 21, 1, 1, 20, 1, 1] => QQFieldElem[3//4, 0, -3//2, 0, 9//16, 0, 21//16, 0, -27//16, 0, 3//4, 0, 3//4, 0, -3//2, 0],
	[19, 14, 21, 6, 20, 1, 1, 21, 1, 1] => QQFieldElem[-9//16, 0, -3//4, 0, -9//16, 0, -3//8, 0, 3//8, 0, 3//8, 0, 3//8, 0, 3//8, 0],
	[19, 14, 21, 6, 21, 1, 2, 21, 2, 1] => QQFieldElem[-1//3, 0, -1//6, 0, -1//3, 0, -1//6, 0, 1//3, 0, 1//2, 0, 2//3, 0, 1//2, 0],
	[19, 14, 21, 6, 20, 1, 2, 21, 1, 1] => QQFieldElem[-1//3, 0, -1//2, 0, -2//3, 0, -5//6, 0, -1//3, 0, 1//6, 0, 1//3, 0, 1//2, 0],
	[19, 14, 21, 6, 20, 1, 2, 19, 2, 1] => QQFieldElem[-1//6, 0, 1//6, 0, 1//6, 0, -1//6, 0, 0, 0, -1//6, 0, 1//6, 0, 0, 0],
	[19, 14, 21, 6, 20, 1, 1, 19, 2, 1] => QQFieldElem[-9//16, 0, 3//16, 0, 0, 0, 3//16, 0, 3//8, 0, -3//8, 0, 3//16, 0, -3//8, 0],
	[19, 14, 21, 6, 21, 1, 2, 20, 2, 1] => QQFieldElem[1//6, 0, 1//6, 0, 0, 0, 0, 0, -1//6, 0, -1//6, 0, 0, 0, 1//6, 0])