Dict(
	[19, 14, 4, 19, 14, 1, 1, 19, 2, 1] => QQFieldElem[3//16, 0, -3//16, 0, 1//8, 0, -3//16, 0, -1//8, 0, -5//16, 0, 1//16, 0, 1//8, 0],
	[19, 14, 4, 19, 6, 1, 1, 21, 1, 1] => QQFieldElem[0, 0, 0, 0, 0, 0, 0, 0, 0, 0, 0, 0, -1//3, 0, 0, 0],
	[19, 14, 4, 19, 9, 1, 1, 21, 1, 1] => QQFieldElem[-3//8, 0, 0, 0, 0, 0, 0, 0, 0, 0, 0, 0, 3//8, 0, 0, 0],
	[19, 14, 4, 19, 14, 1, 1, 21, 2, 1] => QQFieldElem[9//32, 0, 0, 0, -3//16, 0, 0, 0, -3//16, 0, 0, 0, -3//32, 0, 0, 0],
	[19, 14, 4, 19, 8, 1, 1, 20, 2, 1] => QQFieldElem[-5//12, 0, -1//12, 0, 1//6, 0, 1//4, 0, 2//3, 0, 1//4, 0, 1//12, 0, -1//6, 0],
	[19, 14, 4, 19, 14, 2, 1, 19, 2, 1] => QQFieldElem[-7//18, 0, -1//18, 0, -1//9, 0, 1//6, 0, 0, 0, 1//6, 0, -1//18, 0, -1//9, 0],
	[19, 14, 4, 19, 14, 1, 1, 20, 1, 1] => QQFieldElem[3//32, 0, -21//32, 0, -3//16, 0, -3//32, 0, 3//16, 0, 21//32, 0, 9//32, 0, -3//16, 0],
	[19, 14, 4, 19, 14, 2, 1, 21, 2, 1] => QQFieldElem[-1//12, 0, 0, 0, -1//6, 0, 0, 0, -1//3, 0, 0, 0, -1//12, 0, 0, 0],
	[19, 14, 4, 19, 6, 1, 1, 19, 2, 1] => QQFieldElem[-2//9, 0, -2//9, 0, 0, 0, 2//9, 0, 0, 0, 2//9, 0, 2//9, 0, 0, 0],
	[19, 14, 4, 19, 9, 1, 1, 19, 2, 1] => QQFieldElem[-2//9, 0, 2//9, 0, 0, 0, -2//9, 0, 0, 0, -2//9, 0, 2//9, 0, 0, 0],
	[19, 14, 4, 19, 14, 2, 1, 20, 1, 1] => QQFieldElem[1//4, 0, 1//4, 0, -1//6, 0, -1//12, 0, -2//3, 0, -1//12, 0, 1//4, 0, -1//6, 0],
	[19, 14, 4, 19, 6, 1, 1, 21, 2, 1] => QQFieldElem[-8//27, 0, 0, 0, 0, 0, 0, 0, 0, 0, 0, 0, -8//27, 0, 0, 0],
	[19, 14, 4, 19, 9, 1, 1, 21, 2, 1] => QQFieldElem[0, 0, 0, 0, 0, 0, 0, 0, 0, 0, 0, 0, 1//3, 0, 0, 0],
	[19, 14, 4, 19, 6, 1, 1, 20, 1, 1] => QQFieldElem[-3//8, 0, 3//8, 0, 0, 0, -3//8, 0, 0, 0, -3//8, 0, -3//8, 0, 0, 0],
	[19, 14, 4, 19, 9, 1, 1, 20, 1, 1] => QQFieldElem[-3//8, 0, -3//8, 0, 0, 0, 3//8, 0, 0, 0, 3//8, 0, -3//8, 0, 0, 0],
	[19, 14, 4, 19, 14, 1, 1, 20, 2, 1] => QQFieldElem[9//32, 0, -21//32, 0, 3//16, 0, -9//32, 0, -3//16, 0, 21//32, 0, 3//32, 0, 3//16, 0],
	[19, 14, 4, 19, 14, 2, 1, 20, 2, 1] => QQFieldElem[-5//12, 0, 1//12, 0, 1//6, 0, -1//4, 0, 2//3, 0, -1//4, 0, 1//12, 0, 1//6, 0],
	[19, 14, 4, 19, 7, 1, 1, 19, 1, 1] => QQFieldElem[1//16, 0, -5//16, 0, -1//8, 0, 1//16, 0, 1//8, 0, -3//16, 0, 3//16, 0, 1//8, 0],
	[19, 14, 4, 19, 7, 1, 1, 21, 1, 1] => QQFieldElem[5//12, 0, 0, 0, -1//6, 0, 0, 0, -1//3, 0, 0, 0, 1//4, 0, 0, 0],
	[19, 14, 4, 19, 6, 1, 1, 20, 2, 1] => QQFieldElem[-1//3, 0, 1//3, 0, 0, 0, -1//3, 0, 0, 0, -1//3, 0, -1//3, 0, 0, 0],
	[19, 14, 4, 19, 9, 1, 1, 20, 2, 1] => QQFieldElem[-1//3, 0, -1//3, 0, 0, 0, 1//3, 0, 0, 0, 1//3, 0, -1//3, 0, 0, 0],
	[19, 14, 4, 19, 8, 1, 1, 19, 1, 1] => QQFieldElem[3//16, 0, 3//16, 0, 1//8, 0, 3//16, 0, -1//8, 0, 5//16, 0, 1//16, 0, -1//8, 0],
	[19, 14, 4, 19, 8, 1, 1, 21, 1, 1] => QQFieldElem[1//12, 0, 0, 0, 1//6, 0, 0, 0, 1//3, 0, 0, 0, 1//12, 0, 0, 0],
	[19, 14, 4, 19, 7, 1, 1, 19, 2, 1] => QQFieldElem[-7//18, 0, 1//6, 0, 1//9, 0, -1//18, 0, 0, 0, -1//18, 0, -1//6, 0, -1//9, 0],
	[19, 14, 4, 19, 7, 1, 1, 21, 2, 1] => QQFieldElem[2//27, 0, 0, 0, -4//27, 0, 0, 0, 4//27, 0, 0, 0, 2//9, 0, 0, 0],
	[19, 14, 4, 19, 7, 1, 1, 20, 1, 1] => QQFieldElem[3//32, 0, 21//32, 0, -3//16, 0, 3//32, 0, 3//16, 0, -21//32, 0, 9//32, 0, 3//16, 0],
	[19, 14, 4, 19, 8, 1, 1, 19, 2, 1] => QQFieldElem[-7//18, 0, 1//18, 0, -1//9, 0, -1//6, 0, 0, 0, -1//6, 0, -1//18, 0, 1//9, 0],
	[19, 14, 4, 19, 14, 1, 1, 19, 1, 1] => QQFieldElem[1//16, 0, 5//16, 0, -1//8, 0, -1//16, 0, 1//8, 0, 3//16, 0, 3//16, 0, -1//8, 0],
	[19, 14, 4, 19, 8, 1, 1, 21, 2, 1] => QQFieldElem[2//9, 0, 0, 0, 4//27, 0, 0, 0, -4//27, 0, 0, 0, 2//27, 0, 0, 0],
	[19, 14, 4, 19, 14, 1, 1, 21, 1, 1] => QQFieldElem[3//32, 0, 0, 0, 3//16, 0, 0, 0, 3//16, 0, 0, 0, -9//32, 0, 0, 0],
	[19, 14, 4, 19, 8, 1, 1, 20, 1, 1] => QQFieldElem[9//32, 0, 21//32, 0, 3//16, 0, 9//32, 0, -3//16, 0, -21//32, 0, 3//32, 0, -3//16, 0],
	[19, 14, 4, 19, 14, 2, 1, 19, 1, 1] => QQFieldElem[-7//18, 0, -1//6, 0, 1//9, 0, 1//18, 0, 0, 0, 1//18, 0, -1//6, 0, 1//9, 0],
	[19, 14, 4, 19, 7, 1, 1, 20, 2, 1] => QQFieldElem[1//4, 0, -1//4, 0, -1//6, 0, 1//12, 0, -2//3, 0, 1//12, 0, 1//4, 0, 1//6, 0],
	[19, 14, 4, 19, 14, 2, 1, 21, 1, 1] => QQFieldElem[-5//12, 0, 0, 0, 1//6, 0, 0, 0, 1//3, 0, 0, 0, -1//4, 0, 0, 0],
	[19, 14, 4, 19, 9, 1, 1, 19, 1, 1] => QQFieldElem[-1//4, 0, 1//4, 0, 0, 0, 1//4, 0, 0, 0, -1//4, 0, -1//4, 0, 0, 0],
	[19, 14, 4, 19, 6, 1, 1, 19, 1, 1] => QQFieldElem[-1//4, 0, -1//4, 0, 0, 0, -1//4, 0, 0, 0, 1//4, 0, -1//4, 0, 0, 0])