Dict(
	[19, 14, 12, 12, 11, 1, 1, 20, 1, 1] => QQFieldElem[0, 0, 0, 0, 0, 0, 3//8, 0, 0, -3//8, 0, 0, -3//8, 0, 0, -3//8],
	[19, 14, 12, 12, 16, 1, 1, 19, 1, 1] => QQFieldElem[0, 0, 0, 0, 0, 0, 0, 0, 0, 0, 0, 0, -9//2048, 0, 0, 0],
	[19, 14, 12, 12, 17, 1, 1, 19, 1, 1] => QQFieldElem[0, 0, 0, 0, 0, 0, 0, 0, 0, 0, 0, 0, -9//2048, 0, 0, 0],
	[19, 14, 12, 12, 15, 1, 1, 21, 2, 1] => QQFieldElem[0, 0, 0, 0, 0, -1//3, 0, -1//3, 0, 0, 1//3, 0, -1//3, 0, 0, 0],
	[19, 14, 12, 12, 15, 1, 1, 20, 1, 1] => QQFieldElem[0, 3//8, 0, 0, 3//8, 0, 3//8, -3//8, 0, 0, 0, 0, 0, 0, 0, 3//8],
	[19, 14, 12, 12, 16, 1, 1, 21, 1, 1] => QQFieldElem[0, 0, 0, -3//8, 0, 3//8, -3//8, 0, 0, 0, 0, 0, -3//8, -3//8, 0, 0],
	[19, 14, 12, 12, 18, 1, 1, 20, 2, 1] => QQFieldElem[0, 1//3, 0, -1//3, 0, 0, 0, 0, 0, -1//3, -1//3, 1//3, -1//3, 0, 0, 0],
	[19, 14, 12, 12, 17, 1, 1, 21, 1, 1] => QQFieldElem[0, 0, 0, 3//8, -3//8, -3//8, -3//8, 0, 0, 0, 0, -3//8, 3//8, 0, 0, 0],
	[19, 14, 12, 12, 11, 1, 1, 20, 2, 1] => QQFieldElem[0, 0, 1//3, 0, 0, -1//3, 0, 0, 0, 0, -1//3, 0, -1//3, 1//3, 0, -1//3],
	[19, 14, 12, 12, 12, 1, 1, 19, 1, 1] => QQFieldElem[0, 0, 0, 0, -3//1024, 0, 0, 0, 0, 0, 0, 0, 0, 0, 0, 0],
	[19, 14, 12, 12, 16, 1, 1, 19, 2, 1] => QQFieldElem[0, 0, 0, 0, 0, 0, 0, 0, 0, 0, 0, 0, -1//256, 0, 0, 0],
	[19, 14, 12, 12, 17, 1, 1, 19, 2, 1] => QQFieldElem[0, 0, 0, 0, 1//256, 0, 0, 0, 0, 0, 0, 0, 0, 0, 0, 0],
	[19, 14, 12, 12, 15, 1, 1, 20, 2, 1] => QQFieldElem[0, 0, 0, 0, 0, 1//3, 0, 1//3, 0, 0, 1//3, 0, -1//3, 0, 0, 0],
	[19, 14, 12, 12, 12, 1, 1, 21, 1, 1] => QQFieldElem[0, 3//8, 0, 0, -3//8, 0, 3//8, -3//8, 0, -3//8, 0, 0, 3//8, 0, 0, 0],
	[19, 14, 12, 12, 16, 1, 1, 20, 1, 1] => QQFieldElem[0, 0, 0, 3//8, 0, -3//8, -3//8, 0, 0, 0, 0, 0, -3//8, 3//8, 0, 0],
	[19, 14, 12, 12, 17, 1, 1, 21, 2, 1] => QQFieldElem[0, 1//3, 1//3, 0, 0, 0, 0, 0, 0, 0, 0, 1//3, -1//3, 0, 0, 0],
	[19, 14, 12, 12, 17, 1, 1, 20, 1, 1] => QQFieldElem[0, 0, 0, -3//8, -3//8, 3//8, -3//8, 0, 0, 0, 0, 3//8, 3//8, 0, 0, 0],
	[19, 14, 12, 12, 16, 1, 1, 21, 2, 1] => QQFieldElem[0, 0, -1//3, -1//3, 0, 0, 0, 0, 0, -1//3, 1//3, 0, -1//3, 0, 0, 0],
	[19, 14, 12, 12, 12, 1, 1, 19, 2, 1] => QQFieldElem[1//384, 0, 0, 0, 0, 0, 0, 0, 0, 0, 0, 0, 0, 0, 0, 0],
	[19, 14, 12, 12, 12, 1, 1, 21, 2, 1] => QQFieldElem[0, 0, -1//3, 0, 0, 0, 0, 1//3, 0, 0, 0, 0, -1//3, 1//3, 0, -1//3],
	[19, 14, 12, 12, 12, 1, 1, 20, 1, 1] => QQFieldElem[0, -3//8, 0, 0, -3//8, 0, 3//8, 3//8, 0, 3//8, 0, 0, 3//8, 0, 0, 0],
	[19, 14, 12, 12, 16, 1, 1, 20, 2, 1] => QQFieldElem[0, 0, -1//3, 1//3, 0, 0, 0, 0, 0, 1//3, 1//3, 0, -1//3, 0, 0, 0],
	[19, 14, 12, 12, 17, 1, 1, 20, 2, 1] => QQFieldElem[0, -1//3, 1//3, 0, 0, 0, 0, 0, 0, 0, 0, -1//3, -1//3, 0, 0, 0],
	[19, 14, 12, 12, 18, 1, 1, 19, 1, 1] => QQFieldElem[0, 0, 0, 0, 0, 0, 0, 0, 0, 0, 0, 0, -9//2048, 0, 0, 0],
	[19, 14, 12, 12, 18, 1, 1, 21, 1, 1] => QQFieldElem[0, 0, 0, 0, 3//8, 0, -3//8, 0, 0, 0, 0, 3//8, 0, 3//8, 0, 0],
	[19, 14, 12, 12, 11, 1, 1, 19, 1, 1] => QQFieldElem[0, 0, 0, 0, 0, 0, 0, 0, 0, 0, 0, 0, 3//1024, 0, 0, 0],
	[19, 14, 12, 12, 11, 1, 1, 21, 1, 1] => QQFieldElem[0, 0, 0, 0, 0, 0, 3//8, 0, 0, 3//8, 0, 0, -3//8, 0, 0, 3//8],
	[19, 14, 12, 12, 12, 1, 1, 20, 2, 1] => QQFieldElem[0, 0, -1//3, 0, 0, 0, 0, -1//3, 0, 0, 0, 0, -1//3, -1//3, 0, 1//3],
	[19, 14, 12, 12, 15, 1, 1, 19, 1, 1] => QQFieldElem[0, 0, 0, 0, 3//1024, 0, 0, 0, 0, 0, 0, 0, -3//1024, 0, 0, 0],
	[19, 14, 12, 12, 18, 1, 1, 19, 2, 1] => QQFieldElem[0, 0, 0, 0, -1//256, 0, 0, 0, 0, 0, 0, 0, 1//256, 0, 0, 0],
	[19, 14, 12, 12, 15, 1, 1, 21, 1, 1] => QQFieldElem[0, -3//8, 0, 0, 3//8, 0, 3//8, 3//8, 0, 0, 0, 0, 0, 0, 0, -3//8],
	[19, 14, 12, 12, 18, 1, 1, 21, 2, 1] => QQFieldElem[0, -1//3, 0, 1//3, 0, 0, 0, 0, 0, 1//3, -1//3, -1//3, -1//3, 0, 0, 0],
	[19, 14, 12, 12, 18, 1, 1, 20, 1, 1] => QQFieldElem[0, 0, 0, 0, 3//8, 0, -3//8, 0, 0, 0, 0, -3//8, 0, -3//8, 0, 0],
	[19, 14, 12, 12, 11, 1, 1, 19, 2, 1] => QQFieldElem[1//384, 0, 0, 0, 0, 0, 0, 0, 0, 0, 0, 0, 0, 0, 0, 0],
	[19, 14, 12, 12, 11, 1, 1, 21, 2, 1] => QQFieldElem[0, 0, 1//3, 0, 0, 1//3, 0, 0, 0, 0, -1//3, 0, -1//3, -1//3, 0, 1//3],
	[19, 14, 12, 12, 15, 1, 1, 19, 2, 1] => QQFieldElem[1//384, 0, 0, 0, 0, 0, 0, 0, 0, 0, 0, 0, 0, 0, 0, 0])