Dict(
	[19, 6, 21, 14, 21, 1, 1, 21, 1, 2] => QQFieldElem[-1//4, 0, 1//4, 0, 1//2, 0, 1//8, 0, -1//4, 0, -5//8, 0, -1//4, 0, 1//4, 0],
	[19, 6, 21, 14, 20, 2, 1, 20, 1, 1] => QQFieldElem[-3//16, 0, -1//8, 0, -1//16, 0, -1//16, 0, 3//16, 0, 3//16, 0, 1//8, 0, 3//16, 0],
	[19, 6, 21, 14, 21, 2, 1, 19, 1, 2] => QQFieldElem[-1//8, 0, 0, 0, 0, 0, 0, 0, 0, 0, 1//4, 0, 0, 0, 1//4, 0],
	[19, 6, 21, 14, 19, 2, 1, 20, 1, 2] => QQFieldElem[-7//16, 0, 1//16, 0, 1//4, 0, -5//16, 0, 1//8, 0, 3//16, 0, -5//16, 0, -1//4, 0],
	[19, 6, 21, 14, 19, 1, 1, 19, 1, 1] => QQFieldElem[-1//8, 0, 0, 0, -1//8, 0, 0, 0, 3//8, 0, -1//4, 0, 1//4, 0, -1//4, 0],
	[19, 6, 21, 14, 19, 1, 1, 21, 1, 1] => QQFieldElem[-1//4, 0, 1//2, 0, 1//2, 0, 0, 0, -1//2, 0, -1//2, 0, -1//4, 0, 1//2, 0],
	[19, 6, 21, 14, 21, 2, 1, 21, 1, 2] => QQFieldElem[1//4, 0, -1//4, 0, -1//2, 0, -1//8, 0, 0, 0, 3//8, 0, 1//4, 0, -1//4, 0],
	[19, 6, 21, 14, 19, 2, 1, 19, 1, 1] => QQFieldElem[1//8, 0, 0, 0, -1//8, 0, 1//4, 0, -5//8, 0, 1//2, 0, -1//2, 0, 1//2, 0],
	[19, 6, 21, 14, 19, 2, 1, 21, 1, 1] => QQFieldElem[3//4, 0, -1//4, 0, -1, 0, -1//4, 0, 0, 0, 1, 0, 1//2, 0, -3//4, 0],
	[19, 6, 21, 14, 20, 1, 1, 19, 1, 2] => QQFieldElem[-5//8, 0, 3//4, 0, -5//8, 0, 1//2, 0, 1//8, 0, -1//2, 0, 1//2, 0, -1//2, 0],
	[19, 6, 21, 14, 21, 1, 1, 20, 1, 2] => QQFieldElem[3//16, 0, 1//8, 0, 1//16, 0, 1//16, 0, -3//16, 0, -3//16, 0, -1//8, 0, -3//16, 0],
	[19, 6, 21, 14, 20, 1, 1, 21, 1, 2] => QQFieldElem[-3//4, 0, 1//4, 0, 1, 0, 1//4, 0, 0, 0, -1, 0, -1//2, 0, 3//4, 0],
	[19, 6, 21, 14, 20, 2, 1, 19, 1, 2] => QQFieldElem[-3//8, 0, 1//4, 0, -1//8, 0, 1//4, 0, 1//8, 0, -1//4, 0, 1//4, 0, -1//4, 0],
	[19, 6, 21, 14, 21, 2, 1, 20, 1, 2] => QQFieldElem[1//16, 0, 1//4, 0, 5//16, 0, -1//16, 0, -3//16, 0, -1//16, 0, -1//4, 0, -3//16, 0],
	[19, 6, 21, 14, 21, 1, 1, 19, 1, 1] => QQFieldElem[0, 0, 0, 0, -1//8, 0, 1//4, 0, -3//8, 0, 1//4, 0, -1//8, 0, 0, 0],
	[19, 6, 21, 14, 20, 2, 1, 21, 1, 2] => QQFieldElem[-3//4, 0, 0, 0, 1//2, 0, 1//2, 0, 1//2, 0, -1//2, 0, -1//4, 0, 0, 0],
	[19, 6, 21, 14, 19, 1, 1, 20, 1, 1] => QQFieldElem[0, 0, -1//8, 0, 0, 0, 0, 0, 1//8, 0, 0, 0, 0, 0, 1//8, 0],
	[19, 6, 21, 14, 21, 1, 1, 21, 1, 1] => QQFieldElem[-1//8, 0, -1//8, 0, 0, 0, 0, 0, -1//8, 0, 1//8, 0, 0, 0, 1//8, 0],
	[19, 6, 21, 14, 19, 2, 1, 20, 1, 1] => QQFieldElem[1//4, 0, -1//8, 0, 0, 0, 0, 0, -1//8, 0, 0, 0, 0, 0, -1//8, 0],
	[19, 6, 21, 14, 21, 2, 1, 19, 1, 1] => QQFieldElem[-1//4, 0, 1//2, 0, -5//8, 0, 1//2, 0, -1//8, 0, 0, 0, 1//8, 0, 0, 0],
	[19, 6, 21, 14, 20, 1, 1, 20, 1, 2] => QQFieldElem[1//4, 0, 1//8, 0, 0, 0, 0, 0, -1//8, 0, 0, 0, 0, 0, 1//8, 0],
	[19, 6, 21, 14, 21, 2, 1, 21, 1, 1] => QQFieldElem[1//8, 0, -1//8, 0, 0, 0, 0, 0, -1//8, 0, 1//8, 0, 0, 0, -1//8, 0],
	[19, 6, 21, 14, 20, 2, 1, 20, 1, 2] => QQFieldElem[0, 0, 1//8, 0, 0, 0, 0, 0, 1//8, 0, 0, 0, 0, 0, -1//8, 0],
	[19, 6, 21, 14, 20, 1, 1, 19, 1, 1] => QQFieldElem[-1//8, 0, 0, 0, 0, 0, 0, 0, 0, 0, -1//4, 0, 0, 0, -1//4, 0],
	[19, 6, 21, 14, 19, 1, 1, 19, 1, 2] => QQFieldElem[1//4, 0, 0, 0, 1//8, 0, 0, 0, -3//8, 0, 1//2, 0, -5//8, 0, 1//2, 0],
	[19, 6, 21, 14, 21, 1, 1, 20, 1, 1] => QQFieldElem[5//16, 0, 5//16, 0, -1//4, 0, -1//16, 0, 1//8, 0, -9//16, 0, -1//16, 0, 1//4, 0],
	[19, 6, 21, 14, 20, 1, 1, 21, 1, 1] => QQFieldElem[-1//4, 0, -1//4, 0, 1//4, 0, 3//8, 0, 1//4, 0, -1//8, 0, -1//2, 0, -1//4, 0],
	[19, 6, 21, 14, 19, 1, 1, 21, 1, 2] => QQFieldElem[1//8, 0, 1//8, 0, 0, 0, 0, 0, -1//8, 0, -1//8, 0, 0, 0, 1//8, 0],
	[19, 6, 21, 14, 20, 2, 1, 19, 1, 1] => QQFieldElem[-1//8, 0, 0, 0, 0, 0, 0, 0, 1//4, 0, -1//4, 0, 0, 0, 1//4, 0],
	[19, 6, 21, 14, 19, 2, 1, 19, 1, 2] => QQFieldElem[0, 0, 0, 0, 1//8, 0, -1//4, 0, 3//8, 0, -1//4, 0, 1//8, 0, 0, 0],
	[19, 6, 21, 14, 21, 2, 1, 20, 1, 1] => QQFieldElem[-1//16, 0, -3//16, 0, -1//8, 0, 1//16, 0, 1//4, 0, 1//16, 0, 7//16, 0, 1//8, 0],
	[19, 6, 21, 14, 20, 2, 1, 21, 1, 1] => QQFieldElem[-1//4, 0, -1//4, 0, 1//4, 0, 5//8, 0, 1//2, 0, -1//8, 0, -1//2, 0, -1//4, 0],
	[19, 6, 21, 14, 19, 2, 1, 21, 1, 2] => QQFieldElem[-1//8, 0, 1//8, 0, 0, 0, 0, 0, -1//8, 0, -1//8, 0, 0, 0, -1//8, 0],
	[19, 6, 21, 14, 20, 1, 1, 20, 1, 1] => QQFieldElem[3//16, 0, 1//4, 0, -1//16, 0, -3//16, 0, -1//16, 0, -3//16, 0, -1//4, 0, -1//16, 0],
	[19, 6, 21, 14, 21, 1, 1, 19, 1, 2] => QQFieldElem[-1//8, 0, 0, 0, 0, 0, 0, 0, 1//4, 0, 1//4, 0, 0, 0, -1//4, 0],
	[19, 6, 21, 14, 19, 1, 1, 20, 1, 2] => QQFieldElem[3//16, 0, 1//16, 0, -1//8, 0, -3//16, 0, -1//4, 0, -3//16, 0, -5//16, 0, 1//8, 0])