Dict(
	[19, 20, 14, 7, 19, 1, 1, 8, 1, 1] => QQFieldElem[27//64, 0, 27//64, 0, 0, 0, -27//64, 0, -27//32, 0, 27//64, 0, 27//32, 0, 0, 0],
	[19, 20, 14, 7, 20, 1, 2, 14, 2, 1] => QQFieldElem[63//128, 0, -45//128, 0, 0, 0, 27//128, 0, -63//64, 0, 99//128, 0, -63//128, 0, 27//64, 0],
	[19, 20, 14, 7, 20, 1, 1, 5, 1, 1] => QQFieldElem[-1//4, 0, 1//4, 0, 1//2, 0, 1//4, 0, 0, 0, 1//4, 0, -1//4, 0, -1//2, 0],
	[19, 20, 14, 7, 20, 1, 1, 14, 2, 1] => QQFieldElem[-27//128, 0, -27//128, 0, 0, 0, -27//128, 0, 27//64, 0, -27//128, 0, 27//128, 0, -27//64, 0],
	[19, 20, 14, 7, 19, 1, 2, 14, 1, 1] => QQFieldElem[3//16, 0, -5//16, 0, 5//8, 0, -13//16, 0, 3//8, 0, -3//16, 0, -1//16, 0, 1//8, 0],
	[19, 20, 14, 7, 19, 1, 1, 14, 1, 1] => QQFieldElem[9//16, 0, -3//16, 0, 3//8, 0, -3//16, 0, -3//8, 0, 3//16, 0, -3//16, 0, 3//8, 0],
	[19, 20, 14, 7, 21, 1, 2, 8, 1, 1] => QQFieldElem[-3//2, 0, 2, 0, 2, 0, -1, 0, -1, 0, -3, 0, 0, 0, 3, 0],
	[19, 20, 14, 7, 19, 1, 2, 4, 1, 1] => QQFieldElem[-3//16, 0, -5//16, 0, -3//8, 0, -13//16, 0, -3//8, 0, -3//16, 0, -5//16, 0, 1//8, 0],
	[19, 20, 14, 7, 21, 1, 1, 8, 1, 1] => QQFieldElem[1//2, 0, -3, 0, -2, 0, 2, 0, 2, 0, 3, 0, -1, 0, -4, 0],
	[19, 20, 14, 7, 19, 1, 1, 4, 1, 1] => QQFieldElem[3//16, 0, -3//16, 0, 3//8, 0, -3//16, 0, 3//8, 0, 3//16, 0, -3//16, 0, 3//8, 0],
	[19, 20, 14, 7, 19, 1, 2, 7, 1, 1] => QQFieldElem[-15//8, 0, -5//4, 0, 5//4, 0, 13//8, 0, 3//2, 0, -3//4, 0, -15//8, 0, -1//4, 0],
	[19, 20, 14, 7, 19, 1, 1, 7, 1, 1] => QQFieldElem[3//8, 0, -3//4, 0, -3//4, 0, 3//8, 0, 0, 0, 3//4, 0, 3//8, 0, -3//4, 0],
	[19, 20, 14, 7, 19, 1, 2, 5, 1, 1] => QQFieldElem[63//128, 0, -9//128, 0, 0, 0, -27//128, 0, -63//64, 0, -81//128, 0, -63//128, 0, -27//64, 0],
	[19, 20, 14, 7, 19, 1, 2, 14, 2, 1] => QQFieldElem[-8//9, 0, 0, 0, -4//9, 0, 0, 0, 4//3, 0, -8//9, 0, 8//9, 0, -8//9, 0],
	[19, 20, 14, 7, 19, 1, 1, 5, 1, 1] => QQFieldElem[-27//128, 0, -27//128, 0, 0, 0, -81//128, 0, 27//64, 0, -27//128, 0, 27//128, 0, 27//64, 0],
	[19, 20, 14, 7, 19, 1, 1, 14, 2, 1] => QQFieldElem[4//9, 0, -4//9, 0, 4//9, 0, -4//9, 0, 4//9, 0, -4//9, 0, 4//9, 0, 0, 0],
	[19, 20, 14, 7, 20, 1, 2, 8, 1, 1] => QQFieldElem[11//2, 0, 3, 0, -4, 0, -5, 0, -4, 0, 3, 0, 6, 0, 0, 0],
	[19, 20, 14, 7, 21, 1, 2, 14, 1, 1] => QQFieldElem[1, 0, -1//2, 0, 1, 0, -1//2, 0, -1, 0, 1, 0, -1, 0, 3//2, 0],
	[19, 20, 14, 7, 20, 1, 1, 8, 1, 1] => QQFieldElem[1//2, 0, 0, 0, 0, 0, 0, 0, 0, 0, 0, 0, 0, 0, 0, 0],
	[19, 20, 14, 7, 21, 1, 1, 14, 1, 1] => QQFieldElem[1//2, 0, -1, 0, 1, 0, -1, 0, 0, 0, 1//2, 0, -1//2, 0, 1//2, 0],
	[19, 20, 14, 7, 21, 1, 2, 4, 1, 1] => QQFieldElem[-2//9, 0, -2//3, 0, -4//9, 0, -10//9, 0, -4//9, 0, -2//3, 0, -2//9, 0, 0, 0],
	[19, 20, 14, 7, 21, 1, 1, 4, 1, 1] => QQFieldElem[2//3, 0, 2//3, 0, 0, 0, 14//9, 0, 0, 0, 2//9, 0, 2//9, 0, -4//9, 0],
	[19, 20, 14, 7, 21, 1, 2, 7, 1, 1] => QQFieldElem[8//9, 0, 32//9, 0, 8//9, 0, -28//9, 0, -8//3, 0, -16//9, 0, 16//9, 0, 8//3, 0],
	[19, 20, 14, 7, 21, 1, 1, 7, 1, 1] => QQFieldElem[-8//9, 0, -8//3, 0, 0, 0, 20//9, 0, 16//9, 0, 8//9, 0, -16//9, 0, -16//9, 0],
	[19, 20, 14, 7, 21, 1, 2, 5, 1, 1] => QQFieldElem[3//4, 0, 1//4, 0, -1//2, 0, -3//4, 0, -1, 0, -7//4, 0, -1//4, 0, -1//2, 0],
	[19, 20, 14, 7, 21, 1, 2, 14, 2, 1] => QQFieldElem[-3//2, 0, 3//2, 0, -3//2, 0, 1, 0, 1//2, 0, -1//2, 0, 1, 0, -1, 0],
	[19, 20, 14, 7, 21, 1, 1, 5, 1, 1] => QQFieldElem[-1//4, 0, -1//4, 0, 0, 0, 1//4, 0, 1//2, 0, 5//4, 0, 1//4, 0, 1, 0],
	[19, 20, 14, 7, 20, 1, 2, 14, 1, 1] => QQFieldElem[4//3, 0, -8//9, 0, 8//9, 0, -4//9, 0, -8//9, 0, 4//9, 0, -8//9, 0, 4//3, 0],
	[19, 20, 14, 7, 21, 1, 1, 14, 2, 1] => QQFieldElem[1//2, 0, -1//2, 0, 1//2, 0, 0, 0, 1//2, 0, -1//2, 0, 0, 0, 0, 0],
	[19, 20, 14, 7, 20, 1, 1, 14, 1, 1] => QQFieldElem[-4//9, 0, 0, 0, 0, 0, -4//9, 0, 8//9, 0, -4//9, 0, 8//9, 0, -4//9, 0],
	[19, 20, 14, 7, 20, 1, 2, 4, 1, 1] => QQFieldElem[10//9, 0, -2//9, 0, 4//9, 0, -2//3, 0, -4//3, 0, -10//9, 0, -14//9, 0, -8//9, 0],
	[19, 20, 14, 7, 20, 1, 1, 4, 1, 1] => QQFieldElem[2//9, 0, -2//9, 0, -4//9, 0, 2//9, 0, -4//9, 0, -2//9, 0, 2//9, 0, 0, 0],
	[19, 20, 14, 7, 20, 1, 2, 7, 1, 1] => QQFieldElem[40//9, 0, -16//9, 0, -16//3, 0, -4//3, 0, 0, 0, 16//3, 0, 8//3, 0, -32//9, 0],
	[19, 20, 14, 7, 20, 1, 1, 7, 1, 1] => QQFieldElem[0, 0, 0, 0, 0, 0, -4//9, 0, 0, 0, 0, 0, 0, 0, 0, 0],
	[19, 20, 14, 7, 19, 1, 2, 8, 1, 1] => QQFieldElem[-63//64, 0, -135//64, 0, 0, 0, 135//64, 0, 63//32, 0, 45//64, 0, -63//32, 0, -27//16, 0],
	[19, 20, 14, 7, 20, 1, 2, 5, 1, 1] => QQFieldElem[7//4, 0, 5//4, 0, 3//2, 0, 1//4, 0, -1, 0, -7//4, 0, -5//4, 0, -3//2, 0])