Dict(
	[19, 17, 14, 12, 13, 1, 1, 18, 1, 1] => QQFieldElem[1//4, 0, -1//4, 0, 0, 1//4, 1//4, 0, 0, 1//4, 1//4, 0, 1//4, -1//4, 0, 0],
	[19, 17, 14, 12, 17, 1, 1, 12, 1, 1] => QQFieldElem[0, 0, 0, 0, 0, -1//4, 0, 0, 0, 0, 0, 0, 1//4, 1//4, 0, -1//4],
	[19, 17, 14, 12, 10, 1, 1, 11, 1, 1] => QQFieldElem[0, 0, 0, 0, 0, 0, 0, 0, 0, 0, 0, 0, 9//8, 0, 0, 0],
	[19, 17, 14, 12, 13, 1, 1, 17, 1, 1] => QQFieldElem[-1//4, 0, -1//4, 0, 0, -1//4, -1//4, 0, 0, 1//4, 1//4, 0, 1//4, 1//4, 0, 0],
	[19, 17, 14, 12, 11, 1, 1, 18, 1, 1] => QQFieldElem[0, 0, 0, 0, 0, 0, 0, 0, 0, 0, 0, 0, 0, 0, 0, 0],
	[19, 17, 14, 12, 12, 1, 1, 15, 1, 1] => QQFieldElem[0, 0, 0, 0, 0, 0, 0, 0, 0, 0, 0, 0, 0, 0, 0, 0],
	[19, 17, 14, 12, 17, 1, 1, 16, 1, 1] => QQFieldElem[0, 0, 0, 0, 0, 0, 0, 0, 0, 0, 0, 0, 0, 0, 0, 0],
	[19, 17, 14, 12, 11, 1, 1, 17, 1, 1] => QQFieldElem[0, 0, 0, 0, 0, 0, 0, 0, 0, 0, 0, 0, 0, 0, 0, 0],
	[19, 17, 14, 12, 13, 1, 1, 11, 1, 1] => QQFieldElem[0, 0, 0, 0, 0, 0, 0, 0, 0, 0, 0, 0, 0, 0, 0, 0],
	[19, 17, 14, 12, 12, 1, 1, 12, 1, 1] => QQFieldElem[0, 0, 0, 0, 0, 0, 0, 0, 0, 0, 0, 0, 0, 0, 0, 0],
	[19, 17, 14, 12, 10, 1, 1, 15, 1, 1] => QQFieldElem[0, 0, 0, 0, 0, 0, 0, 0, 0, 0, 0, 0, -9//8, 0, 0, 0],
	[19, 17, 14, 12, 15, 1, 1, 18, 1, 1] => QQFieldElem[-1//4, 0, -1//4, 0, 0, -1//4, 1//4, 0, 0, -1//4, 1//4, 0, 1//4, 1//4, 0, 0],
	[19, 17, 14, 12, 15, 1, 1, 17, 1, 1] => QQFieldElem[1//4, 0, 1//4, 0, 0, -1//4, 1//4, 0, 0, 1//4, -1//4, 0, 1//4, 1//4, 0, 0],
	[19, 17, 14, 12, 11, 1, 1, 11, 1, 1] => QQFieldElem[0, 0, 3//2, 0, 0, 0, 0, 0, 0, 0, -3//2, 0, 0, 0, 0, 0],
	[19, 17, 14, 12, 10, 1, 1, 12, 1, 1] => QQFieldElem[0, 0, 0, 0, 0, 0, 0, 0, 0, 0, 0, 0, -9//8, 0, 0, 0],
	[19, 17, 14, 12, 12, 1, 1, 16, 1, 1] => QQFieldElem[0, 0, 0, -1//4, 0, 1//4, 0, 0, 0, 0, 0, 0, 1//4, -1//4, 0, 0],
	[19, 17, 14, 12, 15, 1, 1, 11, 1, 1] => QQFieldElem[0, 0, 0, -1//4, 0, -1//4, 0, 0, 0, 0, 0, 0, -1//4, 1//4, 0, 0],
	[19, 17, 14, 12, 13, 1, 1, 15, 1, 1] => QQFieldElem[0, 0, 0, 0, 0, 1//4, 0, 0, 0, 0, 0, 0, -1//4, -1//4, 0, -1//4],
	[19, 17, 14, 12, 17, 1, 1, 18, 1, 1] => QQFieldElem[1//4, 0, 1//4, 0, 0, -1//4, -1//4, 0, 0, -1//4, -1//4, 0, 1//4, 1//4, 0, 0],
	[19, 17, 14, 12, 10, 1, 1, 16, 1, 1] => QQFieldElem[0, 0, 0, 0, 0, 0, 0, 0, 0, 0, 0, 0, 9//8, 0, 0, 0],
	[19, 17, 14, 12, 13, 1, 1, 12, 1, 1] => QQFieldElem[0, 0, 0, 0, 0, -1//4, 0, 0, 0, 0, 0, 0, 1//4, 1//4, 0, 1//4],
	[19, 17, 14, 12, 11, 1, 1, 15, 1, 1] => QQFieldElem[0, 0, 3//2, 0, 0, 0, 0, 0, 0, 0, -3//2, 0, 0, 0, 0, 0],
	[19, 17, 14, 12, 17, 1, 1, 17, 1, 1] => QQFieldElem[-1//4, 0, 1//4, 0, 0, 1//4, 1//4, 0, 0, -1//4, -1//4, 0, 1//4, -1//4, 0, 0],
	[19, 17, 14, 12, 15, 1, 1, 15, 1, 1] => QQFieldElem[0, 0, 0, 0, 0, 0, 0, 0, 0, 0, 0, 0, 0, 0, 0, 0],
	[19, 17, 14, 12, 11, 1, 1, 12, 1, 1] => QQFieldElem[0, 0, 3//2, 0, 0, 0, 0, 0, 0, 0, -3//2, 0, 0, 0, 0, 0],
	[19, 17, 14, 12, 12, 1, 1, 18, 1, 1] => QQFieldElem[-1//4, 0, 1//4, 0, 0, 1//4, -1//4, 0, 0, 1//4, -1//4, 0, 1//4, -1//4, 0, 0],
	[19, 17, 14, 12, 13, 1, 1, 16, 1, 1] => QQFieldElem[0, 0, 0, 0, 0, 0, 0, 0, 0, 0, 0, 0, 0, 0, 0, 0],
	[19, 17, 14, 12, 17, 1, 1, 11, 1, 1] => QQFieldElem[0, 0, 0, 0, 0, 0, 0, 0, 0, 0, 0, 0, 0, 0, 0, 0],
	[19, 17, 14, 12, 15, 1, 1, 12, 1, 1] => QQFieldElem[0, 0, 0, 0, 0, 0, 0, 0, 0, 0, 0, 0, 0, 0, 0, 0],
	[19, 17, 14, 12, 12, 1, 1, 17, 1, 1] => QQFieldElem[1//4, 0, -1//4, 0, 0, 1//4, -1//4, 0, 0, -1//4, 1//4, 0, 1//4, -1//4, 0, 0],
	[19, 17, 14, 12, 11, 1, 1, 16, 1, 1] => QQFieldElem[0, 0, 3//2, 0, 0, 0, 0, 0, 0, 0, -3//2, 0, 0, 0, 0, 0],
	[19, 17, 14, 12, 10, 1, 1, 18, 1, 1] => QQFieldElem[0, 0, 0, 0, 0, 0, 0, 0, 0, 0, 0, 0, 0, 0, 0, 0],
	[19, 17, 14, 12, 15, 1, 1, 16, 1, 1] => QQFieldElem[0, 0, 0, 1//4, 0, 1//4, 0, 0, 0, 0, 0, 0, 1//4, -1//4, 0, 0],
	[19, 17, 14, 12, 12, 1, 1, 11, 1, 1] => QQFieldElem[0, 0, 0, 1//4, 0, -1//4, 0, 0, 0, 0, 0, 0, -1//4, 1//4, 0, 0],
	[19, 17, 14, 12, 17, 1, 1, 15, 1, 1] => QQFieldElem[0, 0, 0, 0, 0, 1//4, 0, 0, 0, 0, 0, 0, -1//4, -1//4, 0, 1//4],
	[19, 17, 14, 12, 10, 1, 1, 17, 1, 1] => QQFieldElem[0, 0, 0, 0, 0, 0, 0, 0, 0, 0, 0, 0, 0, 0, 0, 0])