Dict(
	[19, 5, 21, 21, 20, 1, 1, 20, 1, 1] => QQFieldElem[-256//27, 0, 0, 0, 0, 0, 0, 0, 0, 0, 0, 0, 0, 0, 0, 0],
	[19, 5, 21, 21, 21, 1, 1, 21, 1, 2] => QQFieldElem[-256//27, 0, 0, 0, 0, 0, 0, 0, 256//27, 0, 0, 0, 0, 0, 0, 0],
	[19, 5, 21, 21, 20, 2, 1, 20, 1, 1] => QQFieldElem[128//9, 0, 0, 0, 0, 0, 0, 0, -512//27, 0, 0, 0, 0, 0, 0, 0],
	[19, 5, 21, 21, 19, 1, 1, 19, 1, 1] => QQFieldElem[0, 0, 0, 0, 0, 0, 0, 0, -1024//27, 0, 0, 0, 0, 0, 0, 0],
	[19, 5, 21, 21, 19, 1, 1, 21, 1, 1] => QQFieldElem[-512//27, 0, 0, 0, 0, 0, 0, 0, 512//27, 0, 0, 0, 0, 0, 0, 0],
	[19, 5, 21, 21, 20, 1, 1, 21, 1, 2] => QQFieldElem[256//27, 0, 0, 0, 0, 0, 0, 0, 0, 0, 0, 0, 0, 0, 0, 0],
	[19, 5, 21, 21, 21, 1, 1, 19, 1, 1] => QQFieldElem[-512//27, 0, 0, 0, 0, 0, 0, 0, 0, 0, 0, 0, 0, 0, 0, 0],
	[19, 5, 21, 21, 20, 2, 1, 21, 1, 2] => QQFieldElem[0, 0, 0, 0, 0, 0, 0, 0, -256//27, 0, 0, 0, 0, 0, 0, 0],
	[19, 5, 21, 21, 19, 1, 1, 20, 1, 1] => QQFieldElem[-512//27, 0, 0, 0, 0, 0, 0, 0, 512//27, 0, 0, 0, 0, 0, 0, 0],
	[19, 5, 21, 21, 21, 1, 1, 21, 1, 1] => QQFieldElem[-256//27, 0, 0, 0, 0, 0, 0, 0, 256//27, 0, 0, 0, 0, 0, 0, 0],
	[19, 5, 21, 21, 20, 1, 1, 19, 1, 1] => QQFieldElem[-256//27, 0, 0, 0, 0, 0, 0, 0, 256//27, 0, 0, 0, 0, 0, 0, 0],
	[19, 5, 21, 21, 21, 1, 1, 20, 1, 1] => QQFieldElem[-128//9, 0, 0, 0, 0, 0, 0, 0, 256//27, 0, 0, 0, 0, 0, 0, 0],
	[19, 5, 21, 21, 20, 1, 1, 21, 1, 1] => QQFieldElem[-128//9, 0, 0, 0, 0, 0, 0, 0, 256//27, 0, 0, 0, 0, 0, 0, 0],
	[19, 5, 21, 21, 19, 1, 1, 21, 1, 2] => QQFieldElem[-256//27, 0, 0, 0, 0, 0, 0, 0, 0, 0, 0, 0, 0, 0, 0, 0],
	[19, 5, 21, 21, 20, 2, 1, 19, 1, 1] => QQFieldElem[-512//27, 0, 0, 0, 0, 0, 0, 0, 0, 0, 0, 0, 0, 0, 0, 0],
	[19, 5, 21, 21, 20, 2, 1, 21, 1, 1] => QQFieldElem[128//9, 0, 0, 0, 0, 0, 0, 0, -512//27, 0, 0, 0, 0, 0, 0, 0])