Dict(
	[19, 20, 12, 11, 13, 1, 1, 21, 2, 1] => QQFieldElem[0, -1//3, 0, 0, 0, 0, 0, -1//3, 0, 0, 0, 0, 0, 0, 0, 0],
	[19, 20, 12, 11, 11, 1, 1, 20, 1, 1] => QQFieldElem[1, 0, 0, 0, 0, 0, 0, 0, -3//2, 0, 0, 0, 0, 0, 0, 0],
	[19, 20, 12, 11, 15, 1, 1, 20, 1, 1] => QQFieldElem[0, 0, 0, 1//3, 0, 1//3, 0, 0, 0, 0, 0, 0, 0, 0, 0, 0],
	[19, 20, 12, 11, 16, 1, 1, 21, 1, 1] => QQFieldElem[0, 0, 128, 0, 0, 0, 0, 0, 0, 0, -128, 0, 0, 0, 0, 0],
	[19, 20, 12, 11, 10, 1, 1, 5, 1, 1] => QQFieldElem[3//4, 0, 0, 0, 0, 0, 0, 0, -3//4, 0, 0, 0, 0, 0, 0, 0],
	[19, 20, 12, 11, 12, 1, 1, 21, 1, 1] => QQFieldElem[0, 1//3, 0, 0, 0, 0, 0, 0, 0, -1//3, 0, 0, 0, 0, 0, 1//3],
	[19, 20, 12, 11, 16, 1, 1, 21, 2, 1] => QQFieldElem[0, 0, 128, 0, 0, 0, 0, 0, 0, 0, -128, 0, 0, 0, 0, 0],
	[19, 20, 12, 11, 11, 1, 1, 14, 1, 1] => QQFieldElem[64, 0, 0, 0, 0, 0, 0, 0, 0, 0, 0, 0, 0, 0, 0, 0],
	[19, 20, 12, 11, 10, 1, 1, 19, 1, 1] => QQFieldElem[0, 0, 0, 0, 0, 0, 0, 0, 3//2, 0, 0, 0, 0, 0, 0, 0],
	[19, 20, 12, 11, 17, 1, 1, 20, 1, 1] => QQFieldElem[0, 0, 0, -1//3, 0, 0, 0, 0, 0, 0, 0, 1//3, 0, -1//3, 0, 0],
	[19, 20, 12, 11, 15, 1, 1, 14, 1, 1] => QQFieldElem[3//4, 0, 0, 0, 0, 0, 0, 0, -3//4, 0, 0, 0, 0, 0, 0, 0],
	[19, 20, 12, 11, 18, 1, 1, 5, 1, 1] => QQFieldElem[1//2, 0, 0, 0, 0, 0, 0, 0, -1//2, 0, 0, 0, 1//6, 0, 0, 0],
	[19, 20, 12, 11, 12, 1, 1, 21, 2, 1] => QQFieldElem[0, 0, 0, 0, 0, 0, 0, 1//3, 0, 1//3, 0, 0, 0, 0, 0, -1//3],
	[19, 20, 12, 11, 18, 1, 1, 19, 1, 1] => QQFieldElem[0, 1//3, 0, 0, 0, 0, 0, 1//3, 0, 0, 0, 0, 0, 0, 0, 0],
	[19, 20, 12, 11, 11, 1, 1, 14, 2, 1] => QQFieldElem[-64, 0, 0, 0, 0, 0, 0, 0, 0, 0, 0, 0, 0, 0, 0, 0],
	[19, 20, 12, 11, 11, 1, 1, 3, 1, 1] => QQFieldElem[3//4, 0, 0, 0, 0, 0, 0, 0, -1//4, 0, 0, 0, 0, 0, 0, 0],
	[19, 20, 12, 11, 15, 1, 1, 14, 2, 1] => QQFieldElem[3//4, 0, 0, 0, 0, 0, 0, 0, -1//4, 0, 0, 0, 0, 0, 0, 0],
	[19, 20, 12, 11, 17, 1, 1, 14, 1, 1] => QQFieldElem[0, 0, 0, 0, 0, 0, 0, 0, 0, 0, 0, 0, 1//6, 0, 0, 0],
	[19, 20, 12, 11, 15, 1, 1, 3, 1, 1] => QQFieldElem[0, 0, 0, 0, 0, 0, 0, 0, 0, 0, 0, 0, -1//6, 0, 0, 0],
	[19, 20, 12, 11, 13, 1, 1, 20, 1, 1] => QQFieldElem[0, 0, 128, 0, 0, 0, 0, 0, 0, 0, -128, 0, 0, 0, 0, 0],
	[19, 20, 12, 11, 17, 1, 1, 14, 2, 1] => QQFieldElem[0, 0, 0, 0, 0, 0, 0, 0, 0, 0, 0, 0, 1//6, 0, 0, 0],
	[19, 20, 12, 11, 17, 1, 1, 3, 1, 1] => QQFieldElem[-1//2, 0, 0, 0, 0, 0, 0, 0, 1//2, 0, 0, 0, -1//6, 0, 0, 0],
	[19, 20, 12, 11, 13, 1, 1, 14, 1, 1] => QQFieldElem[1//2, 0, 0, 0, 0, 0, 0, 0, -1//2, 0, 0, 0, -1//6, 0, 0, 0],
	[19, 20, 12, 11, 16, 1, 1, 20, 1, 1] => QQFieldElem[0, 0, 0, 0, 0, -1//3, 0, 0, 0, 0, 0, -1//3, 0, 1//3, 0, 0],
	[19, 20, 12, 11, 10, 1, 1, 21, 1, 1] => QQFieldElem[0, 0, 0, 0, 0, 0, 0, 0, 3//2, 0, 0, 0, 0, 0, 0, 0],
	[19, 20, 12, 11, 13, 1, 1, 14, 2, 1] => QQFieldElem[-1//2, 0, 0, 0, 0, 0, 0, 0, 1//2, 0, 0, 0, -1//6, 0, 0, 0],
	[19, 20, 12, 11, 13, 1, 1, 3, 1, 1] => QQFieldElem[64, 0, 0, 0, 0, 0, 0, 0, 0, 0, 0, 0, 0, 0, 0, 0],
	[19, 20, 12, 11, 12, 1, 1, 20, 1, 1] => QQFieldElem[0, 0, 128, 0, 0, 0, 0, 0, 0, 0, -128, 0, 0, 0, 0, 0],
	[19, 20, 12, 11, 11, 1, 1, 5, 1, 1] => QQFieldElem[3//4, 0, 0, 0, 0, 0, 0, 0, -1//4, 0, 0, 0, 0, 0, 0, 0],
	[19, 20, 12, 11, 18, 1, 1, 21, 1, 1] => QQFieldElem[0, 0, 0, 1//3, 0, 0, 0, 0, 0, 0, 0, -1//3, 0, 1//3, 0, 0],
	[19, 20, 12, 11, 15, 1, 1, 5, 1, 1] => QQFieldElem[0, 0, 0, 0, 0, 0, 0, 0, 0, 0, 0, 0, 1//6, 0, 0, 0],
	[19, 20, 12, 11, 11, 1, 1, 19, 1, 1] => QQFieldElem[1, 0, 0, 0, 0, 0, 0, 0, -3//2, 0, 0, 0, 0, 0, 0, 0],
	[19, 20, 12, 11, 10, 1, 1, 21, 2, 1] => QQFieldElem[1, 0, 0, 0, 0, 0, 0, 0, -3//2, 0, 0, 0, 0, 0, 0, 0],
	[19, 20, 12, 11, 16, 1, 1, 14, 1, 1] => QQFieldElem[-64, 0, 0, 0, 0, 0, 0, 0, 0, 0, 0, 0, 0, 0, 0, 0],
	[19, 20, 12, 11, 15, 1, 1, 19, 1, 1] => QQFieldElem[0, -1//3, 0, 0, 0, 0, 0, 0, 0, 1//3, 0, 0, 0, 0, 0, -1//3],
	[19, 20, 12, 11, 18, 1, 1, 21, 2, 1] => QQFieldElem[0, 0, 0, 1//3, 0, 0, 0, 0, 0, 0, 0, -1//3, 0, 1//3, 0, 0],
	[19, 20, 12, 11, 12, 1, 1, 14, 1, 1] => QQFieldElem[0, 0, 0, 0, 0, 0, 0, 0, 0, 0, 0, 0, -1//6, 0, 0, 0],
	[19, 20, 12, 11, 16, 1, 1, 14, 2, 1] => QQFieldElem[64, 0, 0, 0, 0, 0, 0, 0, 0, 0, 0, 0, 0, 0, 0, 0],
	[19, 20, 12, 11, 17, 1, 1, 5, 1, 1] => QQFieldElem[-1//2, 0, 0, 0, 0, 0, 0, 0, 1//2, 0, 0, 0, 1//6, 0, 0, 0],
	[19, 20, 12, 11, 16, 1, 1, 3, 1, 1] => QQFieldElem[0, 0, 0, 0, 0, 0, 0, 0, 0, 0, 0, 0, -1//6, 0, 0, 0],
	[19, 20, 12, 11, 17, 1, 1, 19, 1, 1] => QQFieldElem[0, 1//3, 0, 0, 0, 0, 0, 1//3, 0, 0, 0, 0, 0, 0, 0, 0],
	[19, 20, 12, 11, 12, 1, 1, 14, 2, 1] => QQFieldElem[0, 0, 0, 0, 0, 0, 0, 0, 0, 0, 0, 0, -1//6, 0, 0, 0],
	[19, 20, 12, 11, 12, 1, 1, 3, 1, 1] => QQFieldElem[-64, 0, 0, 0, 0, 0, 0, 0, 0, 0, 0, 0, 0, 0, 0, 0],
	[19, 20, 12, 11, 13, 1, 1, 5, 1, 1] => QQFieldElem[-64, 0, 0, 0, 0, 0, 0, 0, 0, 0, 0, 0, 0, 0, 0, 0],
	[19, 20, 12, 11, 13, 1, 1, 19, 1, 1] => QQFieldElem[0, 0, -128, 0, 0, 0, 0, 0, 0, 0, 128, 0, 0, 0, 0, 0],
	[19, 20, 12, 11, 10, 1, 1, 20, 1, 1] => QQFieldElem[0, 0, 0, 0, 0, 0, 0, 0, 3//2, 0, 0, 0, 0, 0, 0, 0],
	[19, 20, 12, 11, 11, 1, 1, 21, 1, 1] => QQFieldElem[0, 0, -128, 0, 0, 0, 0, 0, 0, 0, 128, 0, 0, 0, 0, 0],
	[19, 20, 12, 11, 15, 1, 1, 21, 1, 1] => QQFieldElem[0, 0, 0, 0, 0, 0, 0, 0, 3//2, 0, 0, 0, 0, 0, 0, 0],
	[19, 20, 12, 11, 18, 1, 1, 20, 1, 1] => QQFieldElem[0, 0, 0, -1//3, 0, 0, 0, 0, 0, 0, 0, 1//3, 0, -1//3, 0, 0],
	[19, 20, 12, 11, 16, 1, 1, 5, 1, 1] => QQFieldElem[0, 0, 0, 0, 0, 0, 0, 0, 0, 0, 0, 0, 1//6, 0, 0, 0],
	[19, 20, 12, 11, 11, 1, 1, 21, 2, 1] => QQFieldElem[0, 0, -128, 0, 0, 0, 0, 0, 0, 0, 128, 0, 0, 0, 0, 0],
	[19, 20, 12, 11, 16, 1, 1, 19, 1, 1] => QQFieldElem[0, 0, 0, 0, 0, 0, 0, -1//3, 0, -1//3, 0, 0, 0, 0, 0, 1//3],
	[19, 20, 12, 11, 15, 1, 1, 21, 2, 1] => QQFieldElem[1, 0, 0, 0, 0, 0, 0, 0, -3//2, 0, 0, 0, 0, 0, 0, 0],
	[19, 20, 12, 11, 10, 1, 1, 14, 1, 1] => QQFieldElem[3//4, 0, 0, 0, 0, 0, 0, 0, -3//4, 0, 0, 0, 0, 0, 0, 0],
	[19, 20, 12, 11, 17, 1, 1, 21, 1, 1] => QQFieldElem[0, 0, 0, -1//3, 0, -1//3, 0, 0, 0, 0, 0, 0, 0, 0, 0, 0],
	[19, 20, 12, 11, 12, 1, 1, 5, 1, 1] => QQFieldElem[64, 0, 0, 0, 0, 0, 0, 0, 0, 0, 0, 0, 0, 0, 0, 0],
	[19, 20, 12, 11, 12, 1, 1, 19, 1, 1] => QQFieldElem[0, 0, -128, 0, 0, 0, 0, 0, 0, 0, 128, 0, 0, 0, 0, 0],
	[19, 20, 12, 11, 18, 1, 1, 14, 1, 1] => QQFieldElem[1//2, 0, 0, 0, 0, 0, 0, 0, -1//2, 0, 0, 0, 1//6, 0, 0, 0],
	[19, 20, 12, 11, 10, 1, 1, 14, 2, 1] => QQFieldElem[3//4, 0, 0, 0, 0, 0, 0, 0, -1//4, 0, 0, 0, 0, 0, 0, 0],
	[19, 20, 12, 11, 17, 1, 1, 21, 2, 1] => QQFieldElem[0, 0, 0, 0, 0, 1//3, 0, 0, 0, 0, 0, 1//3, 0, -1//3, 0, 0],
	[19, 20, 12, 11, 10, 1, 1, 3, 1, 1] => QQFieldElem[3//4, 0, 0, 0, 0, 0, 0, 0, -3//4, 0, 0, 0, 0, 0, 0, 0],
	[19, 20, 12, 11, 18, 1, 1, 14, 2, 1] => QQFieldElem[-1//2, 0, 0, 0, 0, 0, 0, 0, 1//2, 0, 0, 0, 1//6, 0, 0, 0],
	[19, 20, 12, 11, 18, 1, 1, 3, 1, 1] => QQFieldElem[1//2, 0, 0, 0, 0, 0, 0, 0, -1//2, 0, 0, 0, -1//6, 0, 0, 0],
	[19, 20, 12, 11, 13, 1, 1, 21, 1, 1] => QQFieldElem[0, -1//3, 0, 0, 0, 0, 0, -1//3, 0, 0, 0, 0, 0, 0, 0, 0])