Dict(
	[19, 15, 19, 12, 18, 1, 1, 13, 1, 1] => QQFieldElem[0, 0, 1//8, -1//8, 0, 0, 1//8, 0, 0, 1//8, -1//8, 0, 0, 0, 0, 0],
	[19, 15, 19, 12, 16, 1, 1, 10, 1, 1] => QQFieldElem[0, 0, -1//8, 1//8, 0, 0, 1//8, 0, 0, -1//8, 1//8, 0, -1//4, 0, 0, 0],
	[19, 15, 19, 12, 16, 1, 1, 18, 1, 1] => QQFieldElem[-21//68, 0, -1//34, -7//68, 0, 5//68, 9//68, 0, 0, -7//34, 1//34, 0, 1//68, -5//68, 0, 23//68],
	[19, 15, 19, 12, 12, 1, 1, 10, 1, 1] => QQFieldElem[0, 0, 0, 0, 0, 0, 0, 0, 0, -1//4, 0, 0, -1//4, 0, 0, 0],
	[19, 15, 19, 12, 16, 1, 1, 17, 1, 1] => QQFieldElem[-1//2, 0, 0, 1//4, 0, 1//4, -1//4, 0, 0, 1//2, 0, 0, 0, -1//4, 0, -1//4],
	[19, 15, 19, 12, 11, 1, 1, 15, 1, 1] => QQFieldElem[0, 0, 3//14, 1//14, 0, 1//14, -3//14, 0, 0, -2//7, -3//14, 0, 1//7, -1//14, 0, 2//7],
	[19, 15, 19, 12, 15, 1, 1, 15, 1, 1] => QQFieldElem[1//14, 0, 3//28, 3//14, 0, -1//14, -1//14, 0, 0, 5//28, -3//28, 0, 1//7, 1//14, 0, 0],
	[19, 15, 19, 12, 11, 1, 1, 12, 1, 1] => QQFieldElem[0, 0, 0, 0, 0, 0, 0, 0, 0, 1//4, 0, 0, -1//4, 0, 0, 0],
	[19, 15, 19, 12, 12, 1, 1, 18, 1, 1] => QQFieldElem[-3//17, 0, -3//34, -1//17, 0, -1//34, 5//34, 0, 0, -2//17, 3//34, 0, 5//17, 1//34, 0, 9//34],
	[19, 15, 19, 12, 15, 1, 1, 12, 1, 1] => QQFieldElem[-1//4, 0, -1//8, 0, 0, 0, -1//8, 0, 0, 1//8, 1//8, 0, 0, 0, 0, 1//8],
	[19, 15, 19, 12, 12, 1, 1, 17, 1, 1] => QQFieldElem[0, 0, 1//2, -1//2, 0, -1//2, 1//2, 0, 0, 0, -1//2, 0, 0, 1//2, 0, 0],
	[19, 15, 19, 12, 11, 1, 1, 16, 1, 1] => QQFieldElem[-1//17, 0, -13//34, -5//17, 0, 3//34, 1//34, 0, 0, -6//17, 13//34, 0, 4//17, -3//34, 0, -11//34],
	[19, 15, 19, 12, 15, 1, 1, 16, 1, 1] => QQFieldElem[-5//68, 0, -7//68, -2//17, 0, -9//34, -3//34, 0, 0, -13//68, 7//68, 0, 3//68, 9//34, 0, -1//34],
	[19, 15, 19, 12, 17, 1, 1, 15, 1, 1] => QQFieldElem[1//7, 0, -3//28, 1//14, 0, 0, -1//14, 0, 0, 1//28, 3//28, 0, 1//14, 0, 0, 1//14],
	[19, 15, 19, 12, 17, 1, 1, 12, 1, 1] => QQFieldElem[1//4, 0, -1//8, 0, 0, 0, -1//8, 0, 0, 1//8, 1//8, 0, 0, 0, 0, -1//8],
	[19, 15, 19, 12, 10, 1, 1, 11, 1, 1] => QQFieldElem[0, 0, 0, 0, 0, 0, 0, 0, 0, -1//4, 0, 0, 1//4, 0, 0, 0],
	[19, 15, 19, 12, 17, 1, 1, 16, 1, 1] => QQFieldElem[11//68, 0, -5//68, 1//17, 0, -2//17, -7//34, 0, 0, 15//68, 5//68, 0, 7//68, 2//17, 0, -4//17],
	[19, 15, 19, 12, 18, 1, 1, 11, 1, 1] => QQFieldElem[0, 0, -1//8, 1//8, 0, 0, -1//8, 0, 0, -1//8, 1//8, 0, 0, 0, 0, 0],
	[19, 15, 19, 12, 11, 1, 1, 13, 1, 1] => QQFieldElem[0, 0, 0, 0, 0, 0, 0, 0, 0, 1//4, 0, 0, 1//4, 0, 0, 0],
	[19, 15, 19, 12, 13, 1, 1, 15, 1, 1] => QQFieldElem[0, 0, -3//14, -1//14, 0, -1//14, 3//14, 0, 0, 2//7, 3//14, 0, -1//7, 1//14, 0, -2//7],
	[19, 15, 19, 12, 15, 1, 1, 13, 1, 1] => QQFieldElem[0, 0, -1//8, 0, 0, 0, 1//8, 0, 0, 1//8, 1//8, 0, 0, 0, 0, -1//8],
	[19, 15, 19, 12, 13, 1, 1, 12, 1, 1] => QQFieldElem[0, 0, 0, 0, 0, 0, 0, 0, 0, 1//4, 0, 0, -1//4, 0, 0, 0],
	[19, 15, 19, 12, 10, 1, 1, 10, 1, 1] => QQFieldElem[0, 0, 0, 0, 0, 0, 0, 0, 0, -1//4, 0, 0, -1//4, 0, 0, 0],
	[19, 15, 19, 12, 13, 1, 1, 16, 1, 1] => QQFieldElem[1//17, 0, 13//34, 5//17, 0, -3//34, -1//34, 0, 0, 6//17, -13//34, 0, -4//17, 3//34, 0, 11//34],
	[19, 15, 19, 12, 17, 1, 1, 13, 1, 1] => QQFieldElem[0, 0, -1//8, 0, 0, 0, 1//8, 0, 0, 1//8, 1//8, 0, 0, 0, 0, 1//8],
	[19, 15, 19, 12, 10, 1, 1, 18, 1, 1] => QQFieldElem[3//17, 0, 3//34, 1//17, 0, 1//34, -5//34, 0, 0, 2//17, -3//34, 0, -5//17, -1//34, 0, -9//34],
	[19, 15, 19, 12, 18, 1, 1, 10, 1, 1] => QQFieldElem[0, 0, -1//8, -1//8, 0, 0, 1//8, 0, 0, -1//8, 1//8, 0, 1//4, 0, 0, 0],
	[19, 15, 19, 12, 16, 1, 1, 15, 1, 1] => QQFieldElem[0, 0, -3//14, 5//28, 0, -9//28, -1//28, 0, 0, -3//14, 3//14, 0, -1//7, 9//28, 0, -1//28],
	[19, 15, 19, 12, 10, 1, 1, 17, 1, 1] => QQFieldElem[0, 0, -1//2, 1//2, 0, 1//2, -1//2, 0, 0, 0, 1//2, 0, 0, -1//2, 0, 0],
	[19, 15, 19, 12, 16, 1, 1, 12, 1, 1] => QQFieldElem[0, 0, 1//8, -1//8, 0, 0, -1//8, 0, 0, 1//8, -1//8, 0, 1//4, 0, 0, 0],
	[19, 15, 19, 12, 18, 1, 1, 18, 1, 1] => QQFieldElem[-5//68, 0, 3//34, -13//68, 0, -15//68, 7//68, 0, 0, 2//17, -3//34, 0, -3//68, 15//68, 0, -1//68],
	[19, 15, 19, 12, 18, 1, 1, 17, 1, 1] => QQFieldElem[0, 0, 0, -1//4, 0, 1//4, 1//4, 0, 0, 0, 0, 0, 1//2, -1//4, 0, -1//4],
	[19, 15, 19, 12, 12, 1, 1, 15, 1, 1] => QQFieldElem[2//7, 0, 1//14, 1//14, 0, -1//14, 1//14, 0, 0, -1//7, -1//14, 0, 0, 1//14, 0, -1//7],
	[19, 15, 19, 12, 16, 1, 1, 16, 1, 1] => QQFieldElem[11//68, 0, 3//17, -13//68, 0, 9//68, 3//68, 0, 0, -1//34, -3//17, 0, 7//68, -9//68, 0, 1//68],
	[19, 15, 19, 12, 12, 1, 1, 12, 1, 1] => QQFieldElem[0, 0, 0, 0, 0, 0, 0, 0, 0, -1//4, 0, 0, -1//4, 0, 0, 0],
	[19, 15, 19, 12, 13, 1, 1, 13, 1, 1] => QQFieldElem[0, 0, 0, 0, 0, 0, 0, 0, 0, 1//4, 0, 0, 1//4, 0, 0, 0],
	[19, 15, 19, 12, 11, 1, 1, 11, 1, 1] => QQFieldElem[0, 0, 0, 0, 0, 0, 0, 0, 0, 1//4, 0, 0, 1//4, 0, 0, 0],
	[19, 15, 19, 12, 12, 1, 1, 16, 1, 1] => QQFieldElem[-3//17, 0, -5//34, 2//17, 0, 9//34, 3//34, 0, 0, -1//17, 5//34, 0, -5//17, -9//34, 0, 1//34],
	[19, 15, 19, 12, 15, 1, 1, 11, 1, 1] => QQFieldElem[0, 0, 1//8, 0, 0, 0, -1//8, 0, 0, -1//8, -1//8, 0, 0, 0, 0, 1//8],
	[19, 15, 19, 12, 17, 1, 1, 11, 1, 1] => QQFieldElem[0, 0, 1//8, 0, 0, 0, -1//8, 0, 0, -1//8, -1//8, 0, 0, 0, 0, -1//8],
	[19, 15, 19, 12, 16, 1, 1, 13, 1, 1] => QQFieldElem[0, 0, 1//8, 1//8, 0, 0, 1//8, 0, 0, 1//8, -1//8, 0, 0, 0, 0, 0],
	[19, 15, 19, 12, 11, 1, 1, 10, 1, 1] => QQFieldElem[0, 0, 0, 0, 0, 0, 0, 0, 0, 1//4, 0, 0, -1//4, 0, 0, 0],
	[19, 15, 19, 12, 12, 1, 1, 13, 1, 1] => QQFieldElem[0, 0, 0, 0, 0, 0, 0, 0, 0, -1//4, 0, 0, 1//4, 0, 0, 0],
	[19, 15, 19, 12, 15, 1, 1, 10, 1, 1] => QQFieldElem[1//4, 0, 1//8, 0, 0, 0, 1//8, 0, 0, -1//8, -1//8, 0, 0, 0, 0, -1//8],
	[19, 15, 19, 12, 11, 1, 1, 18, 1, 1] => QQFieldElem[1//17, 0, 1//34, 6//17, 0, -11//34, -13//34, 0, 0, -5//17, -1//34, 0, 4//17, 11//34, 0, -3//34],
	[19, 15, 19, 12, 11, 1, 1, 17, 1, 1] => QQFieldElem[0, 0, -1//2, -1//2, 0, 1//2, 1//2, 0, 0, -1, 1//2, 0, 1, -1//2, 0, -1],
	[19, 15, 19, 12, 13, 1, 1, 11, 1, 1] => QQFieldElem[0, 0, 0, 0, 0, 0, 0, 0, 0, 1//4, 0, 0, 1//4, 0, 0, 0],
	[19, 15, 19, 12, 15, 1, 1, 18, 1, 1] => QQFieldElem[-11//68, 0, 3//68, 1//34, 0, 9//34, 3//17, 0, 0, -13//68, -3//68, 0, 7//68, -9//34, 0, 2//17],
	[19, 15, 19, 12, 10, 1, 1, 15, 1, 1] => QQFieldElem[-2//7, 0, -1//14, -1//14, 0, 1//14, -1//14, 0, 0, 1//7, 1//14, 0, 0, -1//14, 0, 1//7],
	[19, 15, 19, 12, 15, 1, 1, 17, 1, 1] => QQFieldElem[-1//2, 0, -1//4, 1, 0, 1//2, -1, 0, 0, 3//4, 1//4, 0, -1//2, -1//2, 0, 1//2],
	[19, 15, 19, 12, 10, 1, 1, 12, 1, 1] => QQFieldElem[0, 0, 0, 0, 0, 0, 0, 0, 0, -1//4, 0, 0, -1//4, 0, 0, 0],
	[19, 15, 19, 12, 17, 1, 1, 10, 1, 1] => QQFieldElem[-1//4, 0, 1//8, 0, 0, 0, 1//8, 0, 0, -1//8, -1//8, 0, 0, 0, 0, 1//8],
	[19, 15, 19, 12, 18, 1, 1, 15, 1, 1] => QQFieldElem[-1//14, 0, -1//14, -1//28, 0, 1//4, 1//28, 0, 0, -1//7, 1//14, 0, 3//14, -1//4, 0, -1//28],
	[19, 15, 19, 12, 17, 1, 1, 18, 1, 1] => QQFieldElem[21//68, 0, -15//68, -5//34, 0, 3//17, 2//17, 0, 0, 31//68, 15//68, 0, -1//68, -3//17, 0, -3//34],
	[19, 15, 19, 12, 10, 1, 1, 16, 1, 1] => QQFieldElem[3//17, 0, 5//34, -2//17, 0, -9//34, -3//34, 0, 0, 1//17, -5//34, 0, 5//17, 9//34, 0, -1//34],
	[19, 15, 19, 12, 18, 1, 1, 12, 1, 1] => QQFieldElem[0, 0, 1//8, 1//8, 0, 0, -1//8, 0, 0, 1//8, -1//8, 0, -1//4, 0, 0, 0],
	[19, 15, 19, 12, 17, 1, 1, 17, 1, 1] => QQFieldElem[0, 0, 1//4, 0, 0, 0, 0, 0, 0, -1//4, -1//4, 0, 0, 0, 0, 0],
	[19, 15, 19, 12, 16, 1, 1, 11, 1, 1] => QQFieldElem[0, 0, -1//8, -1//8, 0, 0, -1//8, 0, 0, -1//8, 1//8, 0, 0, 0, 0, 0],
	[19, 15, 19, 12, 18, 1, 1, 16, 1, 1] => QQFieldElem[-9//68, 0, -4//17, -11//68, 0, 5//68, 13//68, 0, 0, -5//17, 4//17, 0, 19//68, -5//68, 0, -7//68],
	[19, 15, 19, 12, 13, 1, 1, 10, 1, 1] => QQFieldElem[0, 0, 0, 0, 0, 0, 0, 0, 0, 1//4, 0, 0, -1//4, 0, 0, 0],
	[19, 15, 19, 12, 12, 1, 1, 11, 1, 1] => QQFieldElem[0, 0, 0, 0, 0, 0, 0, 0, 0, -1//4, 0, 0, 1//4, 0, 0, 0],
	[19, 15, 19, 12, 13, 1, 1, 18, 1, 1] => QQFieldElem[-1//17, 0, -1//34, -6//17, 0, 11//34, 13//34, 0, 0, 5//17, 1//34, 0, -4//17, -11//34, 0, 3//34],
	[19, 15, 19, 12, 13, 1, 1, 17, 1, 1] => QQFieldElem[0, 0, 1//2, 1//2, 0, -1//2, -1//2, 0, 0, 1, -1//2, 0, -1, 1//2, 0, 1],
	[19, 15, 19, 12, 10, 1, 1, 13, 1, 1] => QQFieldElem[0, 0, 0, 0, 0, 0, 0, 0, 0, -1//4, 0, 0, 1//4, 0, 0, 0])