Dict(
	[19, 21, 11, 12, 16, 1, 1, 14, 1, 1] => QQFieldElem[-24, 0, 0, 0, 0, 0, 0, 0, 0, 0, 0, 0, 0, 0, 0, 0],
	[19, 21, 11, 12, 12, 1, 1, 20, 2, 1] => QQFieldElem[0, 0, 0, 0, 0, 1//3, 0, 0, 0, 0, 0, -1//3, 0, 0, 0, 0],
	[19, 21, 11, 12, 15, 1, 1, 19, 1, 1] => QQFieldElem[0, 1//3, 0, 0, 0, 0, 0, 0, 0, 0, 0, 0, 0, 0, 0, -1//3],
	[19, 21, 11, 12, 12, 1, 1, 14, 1, 1] => QQFieldElem[0, 0, 0, 0, 0, 0, 0, 0, 0, 0, 0, 0, -1//6, 0, 0, 0],
	[19, 21, 11, 12, 16, 1, 1, 14, 2, 1] => QQFieldElem[24, 0, 0, 0, 0, 0, 0, 0, 0, 0, 0, 0, 0, 0, 0, 0],
	[19, 21, 11, 12, 17, 1, 1, 5, 1, 1] => QQFieldElem[0, 0, 0, 0, 0, 0, 0, 0, 1//2, 0, 0, 0, 1//6, 0, 0, 0],
	[19, 21, 11, 12, 16, 1, 1, 3, 1, 1] => QQFieldElem[0, 0, 0, 0, 0, 0, 0, 0, -1//2, 0, 0, 0, -1//6, 0, 0, 0],
	[19, 21, 11, 12, 17, 1, 1, 19, 1, 1] => QQFieldElem[0, -1//3, 0, 0, 0, 0, 0, -1//3, 0, 1//3, 0, 0, 0, 0, 0, 1//3],
	[19, 21, 11, 12, 12, 1, 1, 14, 2, 1] => QQFieldElem[0, 0, 0, 0, 0, 0, 0, 0, 1//2, 0, 0, 0, -1//6, 0, 0, 0],
	[19, 21, 11, 12, 12, 1, 1, 3, 1, 1] => QQFieldElem[-24, 0, 0, 0, 0, 0, 0, 0, 0, 0, 0, 0, 0, 0, 0, 0],
	[19, 21, 11, 12, 13, 1, 1, 5, 1, 1] => QQFieldElem[-24, 0, 0, 0, 0, 0, 0, 0, 0, 0, 0, 0, 0, 0, 0, 0],
	[19, 21, 11, 12, 13, 1, 1, 19, 1, 1] => QQFieldElem[0, 0, -48, 0, 0, 0, 0, 0, 0, 0, 48, 0, 0, 0, 0, 0],
	[19, 21, 11, 12, 10, 1, 1, 20, 1, 1] => QQFieldElem[-27//32, 0, 0, 0, 0, 0, 0, 0, 27//32, 0, 0, 0, 0, 0, 0, 0],
	[19, 21, 11, 12, 11, 1, 1, 21, 1, 1] => QQFieldElem[9//32, 0, 0, 0, 0, 0, 0, 0, -27//32, 0, 0, 0, 0, 0, 0, 0],
	[19, 21, 11, 12, 15, 1, 1, 21, 1, 1] => QQFieldElem[0, 0, 0, -1//3, 0, 0, 0, 0, 0, 0, 0, 0, 0, 1//3, 0, 0],
	[19, 21, 11, 12, 18, 1, 1, 20, 1, 1] => QQFieldElem[0, 1//3, 0, 0, 0, 0, 0, 1//3, 0, -1//3, 0, 0, 0, 0, 0, -1//3],
	[19, 21, 11, 12, 16, 1, 1, 5, 1, 1] => QQFieldElem[0, 0, 0, 0, 0, 0, 0, 0, -1//2, 0, 0, 0, 1//6, 0, 0, 0],
	[19, 21, 11, 12, 10, 1, 1, 20, 2, 1] => QQFieldElem[9//32, 0, 0, 0, 0, 0, 0, 0, -27//32, 0, 0, 0, 0, 0, 0, 0],
	[19, 21, 11, 12, 16, 1, 1, 19, 1, 1] => QQFieldElem[0, -1//3, 0, 0, 0, 0, 0, -1//3, 0, 1//3, 0, 0, 0, 0, 0, 1//3],
	[19, 21, 11, 12, 10, 1, 1, 14, 1, 1] => QQFieldElem[0, 0, 0, 0, 0, 0, 0, 0, -27//64, 0, 0, 0, 0, 0, 0, 0],
	[19, 21, 11, 12, 18, 1, 1, 20, 2, 1] => QQFieldElem[0, 0, 0, 0, 0, 0, 0, -1//3, 0, 1//3, 0, 0, 0, 0, 0, 0],
	[19, 21, 11, 12, 12, 1, 1, 5, 1, 1] => QQFieldElem[24, 0, 0, 0, 0, 0, 0, 0, 0, 0, 0, 0, 0, 0, 0, 0],
	[19, 21, 11, 12, 17, 1, 1, 21, 1, 1] => QQFieldElem[0, 0, 0, 0, 0, -1//3, 0, 0, 0, 0, 0, 1//3, 0, 0, 0, 0],
	[19, 21, 11, 12, 12, 1, 1, 19, 1, 1] => QQFieldElem[0, 0, -48, 0, 0, 0, 0, 0, 0, 0, 48, 0, 0, 0, 0, 0],
	[19, 21, 11, 12, 18, 1, 1, 14, 1, 1] => QQFieldElem[0, 0, 0, 0, 0, 0, 0, 0, -1//2, 0, 0, 0, 1//6, 0, 0, 0],
	[19, 21, 11, 12, 10, 1, 1, 14, 2, 1] => QQFieldElem[-9//32, 0, 0, 0, 0, 0, 0, 0, -9//64, 0, 0, 0, 0, 0, 0, 0],
	[19, 21, 11, 12, 10, 1, 1, 3, 1, 1] => QQFieldElem[0, 0, 0, 0, 0, 0, 0, 0, -27//64, 0, 0, 0, 0, 0, 0, 0],
	[19, 21, 11, 12, 18, 1, 1, 14, 2, 1] => QQFieldElem[0, 0, 0, 0, 0, 0, 0, 0, 0, 0, 0, 0, 1//6, 0, 0, 0],
	[19, 21, 11, 12, 18, 1, 1, 3, 1, 1] => QQFieldElem[0, 0, 0, 0, 0, 0, 0, 0, 0, 0, 0, 0, -1//6, 0, 0, 0],
	[19, 21, 11, 12, 13, 1, 1, 21, 1, 1] => QQFieldElem[0, 0, 48, 0, 0, 0, 0, 0, 0, 0, -48, 0, 0, 0, 0, 0],
	[19, 21, 11, 12, 11, 1, 1, 20, 1, 1] => QQFieldElem[0, 0, 48, 0, 0, 0, 0, 0, 0, 0, -48, 0, 0, 0, 0, 0],
	[19, 21, 11, 12, 16, 1, 1, 21, 1, 1] => QQFieldElem[0, 0, 0, 0, 0, -1//3, 0, 0, 0, 0, 0, 1//3, 0, 0, 0, 0],
	[19, 21, 11, 12, 15, 1, 1, 20, 1, 1] => QQFieldElem[-27//32, 0, 0, 0, 0, 0, 0, 0, 27//32, 0, 0, 0, 0, 0, 0, 0],
	[19, 21, 11, 12, 11, 1, 1, 20, 2, 1] => QQFieldElem[0, 0, 48, 0, 0, 0, 0, 0, 0, 0, -48, 0, 0, 0, 0, 0],
	[19, 21, 11, 12, 10, 1, 1, 5, 1, 1] => QQFieldElem[0, 0, 0, 0, 0, 0, 0, 0, -27//64, 0, 0, 0, 0, 0, 0, 0],
	[19, 21, 11, 12, 15, 1, 1, 20, 2, 1] => QQFieldElem[9//32, 0, 0, 0, 0, 0, 0, 0, -27//32, 0, 0, 0, 0, 0, 0, 0],
	[19, 21, 11, 12, 12, 1, 1, 21, 1, 1] => QQFieldElem[0, 0, 48, 0, 0, 0, 0, 0, 0, 0, -48, 0, 0, 0, 0, 0],
	[19, 21, 11, 12, 11, 1, 1, 14, 1, 1] => QQFieldElem[24, 0, 0, 0, 0, 0, 0, 0, 0, 0, 0, 0, 0, 0, 0, 0],
	[19, 21, 11, 12, 10, 1, 1, 19, 1, 1] => QQFieldElem[-27//32, 0, 0, 0, 0, 0, 0, 0, 27//32, 0, 0, 0, 0, 0, 0, 0],
	[19, 21, 11, 12, 17, 1, 1, 20, 1, 1] => QQFieldElem[0, -1//3, 0, 0, 0, 0, 0, 0, 0, 0, 0, 0, 0, 0, 0, 1//3],
	[19, 21, 11, 12, 15, 1, 1, 14, 1, 1] => QQFieldElem[0, 0, 0, 0, 0, 0, 0, 0, -27//64, 0, 0, 0, 0, 0, 0, 0],
	[19, 21, 11, 12, 18, 1, 1, 5, 1, 1] => QQFieldElem[0, 0, 0, 0, 0, 0, 0, 0, 0, 0, 0, 0, 1//6, 0, 0, 0],
	[19, 21, 11, 12, 11, 1, 1, 14, 2, 1] => QQFieldElem[-24, 0, 0, 0, 0, 0, 0, 0, 0, 0, 0, 0, 0, 0, 0, 0],
	[19, 21, 11, 12, 17, 1, 1, 20, 2, 1] => QQFieldElem[0, 1//3, 0, 0, 0, 0, 0, 1//3, 0, -1//3, 0, 0, 0, 0, 0, -1//3],
	[19, 21, 11, 12, 18, 1, 1, 19, 1, 1] => QQFieldElem[0, 0, 0, 0, 0, 0, 0, 1//3, 0, -1//3, 0, 0, 0, 0, 0, 0],
	[19, 21, 11, 12, 11, 1, 1, 3, 1, 1] => QQFieldElem[-9//32, 0, 0, 0, 0, 0, 0, 0, -9//64, 0, 0, 0, 0, 0, 0, 0],
	[19, 21, 11, 12, 15, 1, 1, 14, 2, 1] => QQFieldElem[-9//32, 0, 0, 0, 0, 0, 0, 0, -9//64, 0, 0, 0, 0, 0, 0, 0],
	[19, 21, 11, 12, 17, 1, 1, 14, 1, 1] => QQFieldElem[0, 0, 0, 0, 0, 0, 0, 0, 0, 0, 0, 0, 1//6, 0, 0, 0],
	[19, 21, 11, 12, 15, 1, 1, 3, 1, 1] => QQFieldElem[0, 0, 0, 0, 0, 0, 0, 0, 0, 0, 0, 0, -1//6, 0, 0, 0],
	[19, 21, 11, 12, 13, 1, 1, 20, 1, 1] => QQFieldElem[0, 0, 0, 0, 0, 1//3, 0, 0, 0, 0, 0, -1//3, 0, 0, 0, 0],
	[19, 21, 11, 12, 17, 1, 1, 14, 2, 1] => QQFieldElem[0, 0, 0, 0, 0, 0, 0, 0, 1//2, 0, 0, 0, 1//6, 0, 0, 0],
	[19, 21, 11, 12, 17, 1, 1, 3, 1, 1] => QQFieldElem[0, 0, 0, 0, 0, 0, 0, 0, 1//2, 0, 0, 0, -1//6, 0, 0, 0],
	[19, 21, 11, 12, 13, 1, 1, 20, 2, 1] => QQFieldElem[0, 0, 0, -1//3, 0, -1//3, 0, 0, 0, 0, 0, 1//3, 0, 1//3, 0, 0],
	[19, 21, 11, 12, 13, 1, 1, 14, 1, 1] => QQFieldElem[0, 0, 0, 0, 0, 0, 0, 0, -1//2, 0, 0, 0, -1//6, 0, 0, 0],
	[19, 21, 11, 12, 16, 1, 1, 20, 1, 1] => QQFieldElem[0, 0, -48, 0, 0, 0, 0, 0, 0, 0, 48, 0, 0, 0, 0, 0],
	[19, 21, 11, 12, 10, 1, 1, 21, 1, 1] => QQFieldElem[-27//32, 0, 0, 0, 0, 0, 0, 0, 27//32, 0, 0, 0, 0, 0, 0, 0],
	[19, 21, 11, 12, 13, 1, 1, 14, 2, 1] => QQFieldElem[0, 0, 0, 0, 0, 0, 0, 0, 0, 0, 0, 0, -1//6, 0, 0, 0],
	[19, 21, 11, 12, 13, 1, 1, 3, 1, 1] => QQFieldElem[24, 0, 0, 0, 0, 0, 0, 0, 0, 0, 0, 0, 0, 0, 0, 0],
	[19, 21, 11, 12, 12, 1, 1, 20, 1, 1] => QQFieldElem[0, 0, 0, 1//3, 0, 0, 0, 0, 0, 0, 0, 0, 0, -1//3, 0, 0],
	[19, 21, 11, 12, 16, 1, 1, 20, 2, 1] => QQFieldElem[0, 0, -48, 0, 0, 0, 0, 0, 0, 0, 48, 0, 0, 0, 0, 0],
	[19, 21, 11, 12, 11, 1, 1, 5, 1, 1] => QQFieldElem[-9//32, 0, 0, 0, 0, 0, 0, 0, -9//64, 0, 0, 0, 0, 0, 0, 0],
	[19, 21, 11, 12, 18, 1, 1, 21, 1, 1] => QQFieldElem[0, 0, 0, 1//3, 0, 1//3, 0, 0, 0, 0, 0, -1//3, 0, -1//3, 0, 0],
	[19, 21, 11, 12, 15, 1, 1, 5, 1, 1] => QQFieldElem[0, 0, 0, 0, 0, 0, 0, 0, 0, 0, 0, 0, 1//6, 0, 0, 0],
	[19, 21, 11, 12, 11, 1, 1, 19, 1, 1] => QQFieldElem[9//32, 0, 0, 0, 0, 0, 0, 0, -27//32, 0, 0, 0, 0, 0, 0, 0])