Dict(
	[19, 19, 15, 13, 10, 1, 1, 21, 1, 1] => QQFieldElem[10//51, 0, 20//51, 10//17, 0, -8//51, 22//51, 0, 0, -2//51, -20//51, 0, 28//51, 8//51, 0, 16//51],
	[19, 19, 15, 13, 16, 1, 1, 6, 1, 1] => QQFieldElem[0, 0, 0, 0, 0, 0, 0, 0, 0, -1//6, 0, 0, 0, 0, 0, -1//6],
	[19, 19, 15, 13, 13, 1, 1, 14, 2, 1] => QQFieldElem[0, -1//6, 0, 0, 0, 0, 0, 0, 0, 0, 0, 0, 0, 0, 0, -1//6],
	[19, 19, 15, 13, 10, 1, 1, 9, 1, 1] => QQFieldElem[0, 0, -1//3, 0, 0, -1//3, 0, 0, 0, 0, 1//3, 0, 1//3, 1//3, 0, 1//3],
	[19, 19, 15, 13, 12, 1, 1, 20, 1, 1] => QQFieldElem[1//2, 0, -1, -1//2, 0, 0, 3//2, 0, 0, -3//2, 1, 0, 1, 0, 0, -1],
	[19, 19, 15, 13, 18, 1, 1, 21, 1, 1] => QQFieldElem[0, 2//51, 1//17, 0, 2//17, 3//17, 0, 1//51, -7//51, -2//51, 0, -4//51, -2//17, 0, 5//51, -1//51],
	[19, 19, 15, 13, 12, 1, 1, 6, 1, 1] => QQFieldElem[0, 0, 1//4, 0, 0, -1//4, 0, 0, 0, 0, -1//4, 0, -1//4, 1//4, 0, -1//4],
	[19, 19, 15, 13, 11, 1, 1, 19, 1, 1] => QQFieldElem[-1//14, 0, 1//7, 3//14, 0, -4//7, 1//14, 0, 0, -1//14, -1//7, 0, -1//7, 4//7, 0, 0],
	[19, 19, 15, 13, 16, 1, 1, 14, 1, 1] => QQFieldElem[0, 0, -1//4, 0, 0, 1//4, 0, 0, 0, 0, 1//4, 0, 1//4, -1//4, 0, 1//4],
	[19, 19, 15, 13, 18, 1, 1, 9, 1, 1] => QQFieldElem[0, -1//6, 0, 0, 0, 0, 0, 0, 0, 0, 0, 0, 0, 0, 0, -1//6],
	[19, 19, 15, 13, 15, 1, 1, 19, 1, 1] => QQFieldElem[-46//51, 0, -28//51, 6//17, 0, 8//51, -10//51, 0, 0, -2//51, 28//51, 0, 20//51, -8//51, 0, 4//51],
	[19, 19, 15, 13, 11, 1, 1, 19, 2, 1] => QQFieldElem[-1//14, 0, 0, -1//14, 0, 1//7, 3//14, 0, 0, 1//14, 0, 0, -4//7, -1//7, 0, -1//7],
	[19, 19, 15, 13, 12, 1, 1, 14, 1, 1] => QQFieldElem[0, 0, 0, 0, 0, 0, 0, 0, 0, 1//6, 0, 0, 0, 0, 0, -1//6],
	[19, 19, 15, 13, 16, 1, 1, 14, 2, 1] => QQFieldElem[0, 0, -1//4, 0, 0, 1//4, 0, 0, 0, 0, 1//4, 0, -1//4, -1//4, 0, -1//4],
	[19, 19, 15, 13, 15, 1, 1, 19, 2, 1] => QQFieldElem[-9//34, 0, -2//17, 5//34, 0, 3//17, 1//34, 0, 0, 7//34, 2//17, 0, -1//17, -3//17, 0, -7//17],
	[19, 19, 15, 13, 17, 1, 1, 19, 1, 1] => QQFieldElem[25//51, 0, -4//51, -29//51, 0, -11//51, 6//17, 0, 0, 7//51, 4//51, 0, 5//17, 11//51, 0, 1//17],
	[19, 19, 15, 13, 12, 1, 1, 14, 2, 1] => QQFieldElem[0, 0, 0, 0, 0, 0, 0, 0, 0, 1//6, 0, 0, 0, 0, 0, -1//6],
	[19, 19, 15, 13, 17, 1, 1, 19, 2, 1] => QQFieldElem[-11//51, 0, 14//51, 25//51, 0, 13//51, -4//17, 0, 0, 1//51, -14//51, 0, -9//17, -13//51, 0, 5//17],
	[19, 19, 15, 13, 13, 1, 1, 19, 1, 1] => QQFieldElem[1//7, -2//21, 0, 1//21, 0, 0, -1//21, -2//21, -1//7, 0, 1//21, -1//21, 0, 1//21, 1//21, 0],
	[19, 19, 15, 13, 10, 1, 1, 20, 1, 1] => QQFieldElem[-2, 0, 0, 2, 0, 4//3, -2, 0, 0, 2, 0, 0, -4//3, -4//3, 0, 0],
	[19, 19, 15, 13, 11, 1, 1, 21, 1, 1] => QQFieldElem[11//34, 0, -6//17, -1//34, 0, -1//17, -3//34, 0, 0, -9//34, 6//17, 0, -5//17, 1//17, 0, 2//17],
	[19, 19, 15, 13, 13, 1, 1, 19, 2, 1] => QQFieldElem[0, 2//21, -1//21, 0, 0, -1//21, 0, 2//21, 1//7, -2//21, 0, 1//21, 0, 0, -1//21, -2//21],
	[19, 19, 15, 13, 10, 1, 1, 6, 1, 1] => QQFieldElem[0, 0, 1//3, 0, 0, -1//3, 0, 0, 0, 0, -1//3, 0, -1//3, 1//3, 0, 1//3],
	[19, 19, 15, 13, 11, 1, 1, 9, 1, 1] => QQFieldElem[0, 0, -1//4, 0, 0, 1//4, 0, 0, 0, 0, 1//4, 0, -1//4, -1//4, 0, 1//4],
	[19, 19, 15, 13, 15, 1, 1, 21, 1, 1] => QQFieldElem[-11//51, 0, 4//17, 1//51, 0, -5//17, -14//51, 0, 0, -25//51, -4//17, 0, 9//17, 5//17, 0, 13//51],
	[19, 19, 15, 13, 18, 1, 1, 20, 1, 1] => QQFieldElem[0, 0, 1//3, 0, 0, -1//3, 0, 0, 1//3, 0, 0, -1//3, 0, 0, 1//3, 0],
	[19, 19, 15, 13, 15, 1, 1, 9, 1, 1] => QQFieldElem[0, 0, 0, 0, 0, 0, 0, 0, 0, 1//6, 0, 0, 0, 0, 0, -1//6],
	[19, 19, 15, 13, 18, 1, 1, 6, 1, 1] => QQFieldElem[0, 1//6, 0, 0, 0, 0, 0, 0, 0, 0, 0, 0, 0, 0, 0, -1//6],
	[19, 19, 15, 13, 16, 1, 1, 19, 1, 1] => QQFieldElem[5//34, 0, 3//17, 1//34, 0, 4//17, 7//34, 0, 0, 15//34, -3//17, 0, -7//17, -4//17, 0, 2//17],
	[19, 19, 15, 13, 10, 1, 1, 14, 1, 1] => QQFieldElem[0, 0, 1//3, 0, 0, 1//3, 0, 0, 0, 0, -1//3, 0, -1//3, -1//3, 0, -1//3],
	[19, 19, 15, 13, 17, 1, 1, 21, 1, 1] => QQFieldElem[-7//51, -2//51, 0, -4//51, -2//17, 0, 5//51, -1//51, 7//51, 0, -1//17, 4//51, 0, -3//17, -5//51, 0],
	[19, 19, 15, 13, 17, 1, 1, 9, 1, 1] => QQFieldElem[0, 1//6, 0, 0, 0, 0, 0, 0, 0, -1//6, 0, 0, 0, 0, 0, -1//6],
	[19, 19, 15, 13, 12, 1, 1, 19, 1, 1] => QQFieldElem[-1//7, 0, 4//21, 5//21, 0, 1//3, -2//21, 0, 0, -1//21, -4//21, 0, 3//7, -1//3, 0, 5//21],
	[19, 19, 15, 13, 16, 1, 1, 19, 2, 1] => QQFieldElem[1//2, 0, 0, -1//2, 0, 0, 1//2, 0, 0, -1//2, 0, 0, 0, 0, 0, 0],
	[19, 19, 15, 13, 18, 1, 1, 14, 1, 1] => QQFieldElem[0, -1//6, 0, 0, 0, 0, 0, 0, 0, 1//6, 0, 0, 0, 0, 0, -1//6],
	[19, 19, 15, 13, 10, 1, 1, 14, 2, 1] => QQFieldElem[0, 0, 1//4, 0, 0, -1//4, 0, 0, 0, 0, -1//4, 0, 1//4, 1//4, 0, -1//4],
	[19, 19, 15, 13, 12, 1, 1, 19, 2, 1] => QQFieldElem[-1//7, 0, -2//21, -1//3, 0, -5//21, 4//21, 0, 0, 5//21, 2//21, 0, -3//7, 5//21, 0, -1//21],
	[19, 19, 15, 13, 18, 1, 1, 14, 2, 1] => QQFieldElem[0, 1//6, 0, 0, 0, 0, 0, 0, 0, 0, 0, 0, 0, 0, 0, -1//6],
	[19, 19, 15, 13, 13, 1, 1, 21, 1, 1] => QQFieldElem[-15//34, 0, 2//17, -11//34, 0, 6//17, 1//34, 0, 0, 3//34, -2//17, 0, -4//17, -6//17, 0, 5//17],
	[19, 19, 15, 13, 13, 1, 1, 9, 1, 1] => QQFieldElem[0, 0, -1//4, 0, 0, -1//4, 0, 0, 0, 0, 1//4, 0, -1//4, 1//4, 0, 1//4],
	[19, 19, 15, 13, 11, 1, 1, 20, 1, 1] => QQFieldElem[1//2, 0, 0, -1//2, 0, 0, 1//2, 0, 0, -1//2, 0, 0, 0, 0, 0, 0],
	[19, 19, 15, 13, 15, 1, 1, 20, 1, 1] => QQFieldElem[-1//3, 0, -4//3, 1//3, 0, 1//3, 2//3, 0, 0, -1, 4//3, 0, 1, -1//3, 0, -1],
	[19, 19, 15, 13, 16, 1, 1, 21, 1, 1] => QQFieldElem[25//51, 0, -6//17, 7//51, 0, -1//17, 4//51, 0, 0, 29//51, 6//17, 0, -5//17, 1//17, 0, -11//51],
	[19, 19, 15, 13, 11, 1, 1, 6, 1, 1] => QQFieldElem[0, 0, 1//4, 0, 0, 1//4, 0, 0, 0, 0, -1//4, 0, 1//4, -1//4, 0, 1//4],
	[19, 19, 15, 13, 16, 1, 1, 9, 1, 1] => QQFieldElem[0, 0, 0, 0, 0, 0, 0, 0, 0, 1//6, 0, 0, 0, 0, 0, -1//6],
	[19, 19, 15, 13, 15, 1, 1, 6, 1, 1] => QQFieldElem[0, 0, 0, 0, 0, 0, 0, 0, 0, -1//6, 0, 0, 0, 0, 0, -1//6],
	[19, 19, 15, 13, 12, 1, 1, 21, 1, 1] => QQFieldElem[-3//34, 0, -3//17, -9//34, 0, 8//17, 7//34, 0, 0, -13//34, 3//17, 0, -11//17, -8//17, 0, 1//17],
	[19, 19, 15, 13, 12, 1, 1, 9, 1, 1] => QQFieldElem[0, 0, -1//4, 0, 0, -1//4, 0, 0, 0, 0, 1//4, 0, 1//4, 1//4, 0, -1//4],
	[19, 19, 15, 13, 11, 1, 1, 14, 1, 1] => QQFieldElem[0, 0, 1//4, 0, 0, 1//4, 0, 0, 0, 0, -1//4, 0, -1//4, -1//4, 0, 1//4],
	[19, 19, 15, 13, 10, 1, 1, 19, 1, 1] => QQFieldElem[-2//21, 0, 0, -2//21, 0, 4//21, 2//7, 0, 0, 2//21, 0, 0, 4//7, -4//21, 0, -4//21],
	[19, 19, 15, 13, 17, 1, 1, 20, 1, 1] => QQFieldElem[1//3, 0, 0, -1//3, 0, 0, 1//3, 0, -1//3, 0, -1//3, 1//3, 0, 1//3, -1//3, 0],
	[19, 19, 15, 13, 15, 1, 1, 14, 1, 1] => QQFieldElem[0, 0, -1//3, 0, 0, 1//3, 0, 0, 0, 0, 1//3, 0, 1//3, -1//3, 0, -1//3],
	[19, 19, 15, 13, 17, 1, 1, 6, 1, 1] => QQFieldElem[0, -1//6, 0, 0, 0, 0, 0, 0, 0, 1//6, 0, 0, 0, 0, 0, -1//6],
	[19, 19, 15, 13, 18, 1, 1, 19, 1, 1] => QQFieldElem[-7//51, -4//51, 0, 2//51, 2//17, 0, -1//17, -3//17, 7//51, 0, 5//51, -2//51, 0, 1//51, 1//17, 0],
	[19, 19, 15, 13, 11, 1, 1, 14, 2, 1] => QQFieldElem[0, 0, 1//4, 0, 0, 1//4, 0, 0, 0, 0, -1//4, 0, 1//4, -1//4, 0, -1//4],
	[19, 19, 15, 13, 10, 1, 1, 19, 2, 1] => QQFieldElem[-1//14, 0, 2//7, 1//2, 0, -2//7, -1//14, 0, 0, -3//14, -2//7, 0, 2//7, 2//7, 0, 1//7],
	[19, 19, 15, 13, 15, 1, 1, 14, 2, 1] => QQFieldElem[0, 0, -1//4, 0, 0, -1//4, 0, 0, 0, 0, 1//4, 0, -1//4, 1//4, 0, -1//4],
	[19, 19, 15, 13, 17, 1, 1, 14, 1, 1] => QQFieldElem[0, 0, 0, 0, 0, 0, 0, 0, 0, -1//6, 0, 0, 0, 0, 0, -1//6],
	[19, 19, 15, 13, 18, 1, 1, 19, 2, 1] => QQFieldElem[0, 4//51, -5//51, 0, -2//17, -1//51, 0, 3//17, -7//51, -4//51, 0, 2//51, 2//17, 0, -1//17, -3//17],
	[19, 19, 15, 13, 13, 1, 1, 20, 1, 1] => QQFieldElem[1//2, 0, 0, -1//2, 0, -1, 1//2, 0, 0, -1//2, 0, 0, 0, 1, 0, 0],
	[19, 19, 15, 13, 17, 1, 1, 14, 2, 1] => QQFieldElem[0, 0, 0, 0, 0, 0, 0, 0, 0, -1//6, 0, 0, 0, 0, 0, -1//6],
	[19, 19, 15, 13, 13, 1, 1, 6, 1, 1] => QQFieldElem[0, 0, 1//4, 0, 0, -1//4, 0, 0, 0, 0, -1//4, 0, 1//4, 1//4, 0, 1//4],
	[19, 19, 15, 13, 13, 1, 1, 14, 1, 1] => QQFieldElem[0, 1//6, 0, 0, 0, 0, 0, 0, 0, -1//6, 0, 0, 0, 0, 0, -1//6],
	[19, 19, 15, 13, 16, 1, 1, 20, 1, 1] => QQFieldElem[-1//3, 0, 2//3, 1//3, 0, 1//3, -4//3, 0, 0, 1, -2//3, 0, -1, -1//3, 0, 1])