Dict(
	[19, 14, 11, 13, 17, 1, 1, 19, 1, 1] => QQFieldElem[0, 0, 0, 0, 1//128, 0, 0, 0, 0, 0, 0, 0, 0, 0, 0, 0],
	[19, 14, 11, 13, 15, 1, 1, 21, 2, 1] => QQFieldElem[0, 0, 0, 0, 0, -1//3, 0, -1//3, 0, 0, 1//3, 0, -1//3, 0, 0, 0],
	[19, 14, 11, 13, 15, 1, 1, 20, 1, 1] => QQFieldElem[0, 3//8, 0, 0, 3//8, 0, 3//8, -3//8, 0, 0, 0, 0, 0, 0, 0, 3//8],
	[19, 14, 11, 13, 16, 1, 1, 21, 1, 1] => QQFieldElem[0, 0, 0, -3//8, 0, 3//8, -3//8, 0, 0, 0, 0, 0, -3//8, -3//8, 0, 0],
	[19, 14, 11, 13, 18, 1, 1, 20, 2, 1] => QQFieldElem[0, 1//3, 0, -1//3, 0, 0, 0, 0, 0, -1//3, -1//3, 1//3, -1//3, 0, 0, 0],
	[19, 14, 11, 13, 17, 1, 1, 21, 1, 1] => QQFieldElem[0, 0, 0, 3//8, -3//8, -3//8, -3//8, 0, 0, 0, 0, -3//8, 3//8, 0, 0, 0],
	[19, 14, 11, 13, 11, 1, 1, 20, 2, 1] => QQFieldElem[0, 0, 1//3, 0, 0, -1//3, 0, 0, 0, 0, -1//3, 0, -1//3, 1//3, 0, -1//3],
	[19, 14, 11, 13, 12, 1, 1, 19, 1, 1] => QQFieldElem[0, 0, 0, 0, 0, 0, 0, 0, 0, 0, 0, 0, -9//1024, 0, 0, 0],
	[19, 14, 11, 13, 16, 1, 1, 19, 2, 1] => QQFieldElem[-1//144, 0, 0, 0, 0, 0, 0, 0, 0, 0, 0, 0, 0, 0, 0, 0],
	[19, 14, 11, 13, 17, 1, 1, 19, 2, 1] => QQFieldElem[-1//144, 0, 0, 0, 0, 0, 0, 0, 0, 0, 0, 0, 0, 0, 0, 0],
	[19, 14, 11, 13, 15, 1, 1, 20, 2, 1] => QQFieldElem[0, 0, 0, 0, 0, 1//3, 0, 1//3, 0, 0, 1//3, 0, -1//3, 0, 0, 0],
	[19, 14, 11, 13, 12, 1, 1, 21, 1, 1] => QQFieldElem[0, 3//8, 0, 0, -3//8, 0, 3//8, -3//8, 0, -3//8, 0, 0, 3//8, 0, 0, 0],
	[19, 14, 11, 13, 16, 1, 1, 20, 1, 1] => QQFieldElem[0, 0, 0, 3//8, 0, -3//8, -3//8, 0, 0, 0, 0, 0, -3//8, 3//8, 0, 0],
	[19, 14, 11, 13, 17, 1, 1, 21, 2, 1] => QQFieldElem[0, 1//3, 1//3, 0, 0, 0, 0, 0, 0, 0, 0, 1//3, -1//3, 0, 0, 0],
	[19, 14, 11, 13, 17, 1, 1, 20, 1, 1] => QQFieldElem[0, 0, 0, -3//8, -3//8, 3//8, -3//8, 0, 0, 0, 0, 3//8, 3//8, 0, 0, 0],
	[19, 14, 11, 13, 16, 1, 1, 21, 2, 1] => QQFieldElem[0, 0, -1//3, -1//3, 0, 0, 0, 0, 0, -1//3, 1//3, 0, -1//3, 0, 0, 0],
	[19, 14, 11, 13, 12, 1, 1, 19, 2, 1] => QQFieldElem[0, 0, 0, 0, 1//128, 0, 0, 0, 0, 0, 0, 0, 0, 0, 0, 0],
	[19, 14, 11, 13, 12, 1, 1, 21, 2, 1] => QQFieldElem[0, 0, -1//3, 0, 0, 0, 0, 1//3, 0, 0, 0, 0, -1//3, 1//3, 0, -1//3],
	[19, 14, 11, 13, 12, 1, 1, 20, 1, 1] => QQFieldElem[0, -3//8, 0, 0, -3//8, 0, 3//8, 3//8, 0, 3//8, 0, 0, 3//8, 0, 0, 0],
	[19, 14, 11, 13, 16, 1, 1, 20, 2, 1] => QQFieldElem[0, 0, -1//3, 1//3, 0, 0, 0, 0, 0, 1//3, 1//3, 0, -1//3, 0, 0, 0],
	[19, 14, 11, 13, 17, 1, 1, 20, 2, 1] => QQFieldElem[0, -1//3, 1//3, 0, 0, 0, 0, 0, 0, 0, 0, -1//3, -1//3, 0, 0, 0],
	[19, 14, 11, 13, 18, 1, 1, 19, 1, 1] => QQFieldElem[0, 0, 0, 0, -1//128, 0, 0, 0, 0, 0, 0, 0, 1//128, 0, 0, 0],
	[19, 14, 11, 13, 18, 1, 1, 21, 1, 1] => QQFieldElem[0, 0, 0, 0, 3//8, 0, -3//8, 0, 0, 0, 0, 3//8, 0, 3//8, 0, 0],
	[19, 14, 11, 13, 11, 1, 1, 19, 1, 1] => QQFieldElem[0, 0, 0, 0, 0, 0, 0, 0, 0, 0, 0, 0, -9//1024, 0, 0, 0],
	[19, 14, 11, 13, 11, 1, 1, 21, 1, 1] => QQFieldElem[0, 0, 0, 0, 0, 0, 3//8, 0, 0, 3//8, 0, 0, -3//8, 0, 0, 3//8],
	[19, 14, 11, 13, 12, 1, 1, 20, 2, 1] => QQFieldElem[0, 0, -1//3, 0, 0, 0, 0, -1//3, 0, 0, 0, 0, -1//3, -1//3, 0, 1//3],
	[19, 14, 11, 13, 15, 1, 1, 19, 1, 1] => QQFieldElem[0, 0, 0, 0, 0, 0, 0, 0, 0, 0, 0, 0, -9//1024, 0, 0, 0],
	[19, 14, 11, 13, 18, 1, 1, 19, 2, 1] => QQFieldElem[-1//144, 0, 0, 0, 0, 0, 0, 0, 0, 0, 0, 0, 0, 0, 0, 0],
	[19, 14, 11, 13, 15, 1, 1, 21, 1, 1] => QQFieldElem[0, -3//8, 0, 0, 3//8, 0, 3//8, 3//8, 0, 0, 0, 0, 0, 0, 0, -3//8],
	[19, 14, 11, 13, 18, 1, 1, 21, 2, 1] => QQFieldElem[0, -1//3, 0, 1//3, 0, 0, 0, 0, 0, 1//3, -1//3, -1//3, -1//3, 0, 0, 0],
	[19, 14, 11, 13, 18, 1, 1, 20, 1, 1] => QQFieldElem[0, 0, 0, 0, 3//8, 0, -3//8, 0, 0, 0, 0, -3//8, 0, -3//8, 0, 0],
	[19, 14, 11, 13, 11, 1, 1, 19, 2, 1] => QQFieldElem[0, 0, 0, 0, 0, 0, 0, 0, 0, 0, 0, 0, -1//128, 0, 0, 0],
	[19, 14, 11, 13, 11, 1, 1, 21, 2, 1] => QQFieldElem[0, 0, 1//3, 0, 0, 1//3, 0, 0, 0, 0, -1//3, 0, -1//3, -1//3, 0, 1//3],
	[19, 14, 11, 13, 15, 1, 1, 19, 2, 1] => QQFieldElem[0, 0, 0, 0, -1//128, 0, 0, 0, 0, 0, 0, 0, 1//128, 0, 0, 0],
	[19, 14, 11, 13, 11, 1, 1, 20, 1, 1] => QQFieldElem[0, 0, 0, 0, 0, 0, 3//8, 0, 0, -3//8, 0, 0, -3//8, 0, 0, -3//8],
	[19, 14, 11, 13, 16, 1, 1, 19, 1, 1] => QQFieldElem[0, 0, 0, 0, 0, 0, 0, 0, 0, 0, 0, 0, -1//128, 0, 0, 0])