Dict(
	[19, 19, 14, 5, 20, 1, 2, 6, 1, 1] => QQFieldElem[2//9, 0, 2//9, 0, 0, 0, -2//9, 0, 0, 0, -2//9, 0, 2//9, 0, 0, 0],
	[19, 19, 14, 5, 21, 1, 2, 14, 1, 1] => QQFieldElem[-2//7, 0, 1//7, 0, 1//7, 0, -1//7, 0, 3//7, 0, -3//14, 0, -3//14, 0, 3//14, 0],
	[19, 19, 14, 5, 20, 1, 1, 6, 1, 1] => QQFieldElem[2//9, 0, -2//9, 0, 0, 0, 2//9, 0, 0, 0, 2//9, 0, 2//9, 0, 0, 0],
	[19, 19, 14, 5, 20, 1, 1, 8, 1, 1] => QQFieldElem[-8//63, 0, -4//63, 0, -4//21, 0, 16//63, 0, -4//63, 0, 4//21, 0, 8//63, 0, 8//63, 0],
	[19, 19, 14, 5, 21, 1, 1, 14, 1, 1] => QQFieldElem[-2//7, 0, -1//7, 0, 1//7, 0, 1//7, 0, 3//7, 0, 3//14, 0, -3//14, 0, -3//14, 0],
	[19, 19, 14, 5, 20, 1, 2, 8, 1, 1] => QQFieldElem[-8//63, 0, 4//63, 0, -4//21, 0, -16//63, 0, -4//63, 0, -4//21, 0, 8//63, 0, -8//63, 0],
	[19, 19, 14, 5, 21, 1, 2, 7, 1, 1] => QQFieldElem[0, 0, 0, 0, 0, 0, 0, 0, 0, 0, 0, 0, -1, 0, 0, 0],
	[19, 19, 14, 5, 19, 1, 2, 9, 1, 1] => QQFieldElem[4//7, 0, 3//7, 0, 2//7, 0, 1//7, 0, 2//7, 0, -2//7, 0, 1//7, 0, -3//7, 0],
	[19, 19, 14, 5, 21, 1, 1, 7, 1, 1] => QQFieldElem[-1, 0, 0, 0, 0, 0, 0, 0, 0, 0, 0, 0, 0, 0, 0, 0],
	[19, 19, 14, 5, 19, 1, 1, 9, 1, 1] => QQFieldElem[4//7, 0, -3//7, 0, 2//7, 0, -1//7, 0, 2//7, 0, 2//7, 0, 1//7, 0, 3//7, 0],
	[19, 19, 14, 5, 21, 1, 2, 14, 2, 1] => QQFieldElem[0, 0, 0, 0, 4//7, 0, 0, 0, 0, 0, 0, 0, -6//7, 0, 0, 0],
	[19, 19, 14, 5, 20, 1, 2, 14, 1, 1] => QQFieldElem[-16//21, 0, 0, 0, 16//21, 0, 0, 0, 16//63, 0, 0, 0, -16//63, 0, 0, 0],
	[19, 19, 14, 5, 21, 1, 1, 14, 2, 1] => QQFieldElem[4//7, 0, 0, 0, -8//7, 0, 0, 0, 8//7, 0, 0, 0, -2//7, 0, 0, 0],
	[19, 19, 14, 5, 20, 1, 1, 14, 1, 1] => QQFieldElem[-16//63, 0, 0, 0, 16//63, 0, 0, 0, 80//63, 0, 0, 0, -80//63, 0, 0, 0],
	[19, 19, 14, 5, 20, 1, 2, 7, 1, 1] => QQFieldElem[1//4, 0, -1//4, 0, 0, 0, -1//4, 0, 0, 0, 1//4, 0, -1//4, 0, 0, 0],
	[19, 19, 14, 5, 20, 1, 1, 7, 1, 1] => QQFieldElem[1//4, 0, 1//4, 0, 0, 0, 1//4, 0, 0, 0, -1//4, 0, -1//4, 0, 0, 0],
	[19, 19, 14, 5, 19, 1, 2, 6, 1, 1] => QQFieldElem[-4//9, 0, 4//9, 0, 0, 0, 4//9, 0, 0, 0, -4//9, 0, -4//9, 0, 0, 0],
	[19, 19, 14, 5, 21, 1, 2, 9, 1, 1] => QQFieldElem[0, 0, 0, 0, -4//7, 0, 0, 0, 0, 0, 0, 0, -2//7, 0, 0, 0],
	[19, 19, 14, 5, 19, 1, 1, 6, 1, 1] => QQFieldElem[-4//9, 0, -4//9, 0, 0, 0, -4//9, 0, 0, 0, 4//9, 0, -4//9, 0, 0, 0],
	[19, 19, 14, 5, 19, 1, 1, 8, 1, 1] => QQFieldElem[16//63, 0, -8//63, 0, 8//21, 0, -16//63, 0, 8//63, 0, 8//21, 0, -16//63, 0, 16//21, 0],
	[19, 19, 14, 5, 20, 1, 2, 14, 2, 1] => QQFieldElem[6//7, 0, 2//7, 0, -2//7, 0, -2//7, 0, -2//7, 0, -3//7, 0, 3//7, 0, 3//7, 0],
	[19, 19, 14, 5, 19, 1, 2, 8, 1, 1] => QQFieldElem[16//63, 0, 8//63, 0, 8//21, 0, 16//63, 0, 8//63, 0, -8//21, 0, -16//63, 0, -16//21, 0],
	[19, 19, 14, 5, 21, 1, 1, 9, 1, 1] => QQFieldElem[12//7, 0, 0, 0, 8//7, 0, 0, 0, -8//7, 0, 0, 0, -10//7, 0, 0, 0],
	[19, 19, 14, 5, 20, 1, 1, 14, 2, 1] => QQFieldElem[6//7, 0, -2//7, 0, -2//7, 0, 2//7, 0, -2//7, 0, 3//7, 0, 3//7, 0, -3//7, 0],
	[19, 19, 14, 5, 20, 1, 2, 9, 1, 1] => QQFieldElem[1//7, 0, 3//14, 0, -1//7, 0, 1//14, 0, -3//7, 0, -1//7, 0, -1//14, 0, -3//14, 0],
	[19, 19, 14, 5, 19, 1, 2, 14, 1, 1] => QQFieldElem[8//21, 0, 8//21, 0, -8//21, 0, -32//63, 0, -8//63, 0, -8//63, 0, 8//63, 0, 16//21, 0],
	[19, 19, 14, 5, 20, 1, 1, 9, 1, 1] => QQFieldElem[1//7, 0, -3//14, 0, -1//7, 0, -1//14, 0, -3//7, 0, 1//7, 0, -1//14, 0, 3//14, 0],
	[19, 19, 14, 5, 21, 1, 2, 6, 1, 1] => QQFieldElem[8//9, 0, 0, 0, 0, 0, 0, 0, 0, 0, 0, 0, 8//9, 0, 0, 0],
	[19, 19, 14, 5, 19, 1, 1, 14, 1, 1] => QQFieldElem[8//21, 0, -8//21, 0, -8//21, 0, 32//63, 0, -8//63, 0, 8//63, 0, 8//63, 0, -16//21, 0],
	[19, 19, 14, 5, 21, 1, 1, 6, 1, 1] => QQFieldElem[0, 0, 0, 0, 0, 0, 0, 0, 0, 0, 0, 0, 0, 0, 0, 0],
	[19, 19, 14, 5, 21, 1, 1, 8, 1, 1] => QQFieldElem[64//63, 0, 0, 0, -16//63, 0, 0, 0, -80//63, 0, 0, 0, -64//63, 0, 0, 0],
	[19, 19, 14, 5, 21, 1, 2, 8, 1, 1] => QQFieldElem[-32//63, 0, 0, 0, -16//21, 0, 0, 0, -16//63, 0, 0, 0, 32//63, 0, 0, 0],
	[19, 19, 14, 5, 19, 1, 2, 7, 1, 1] => QQFieldElem[1//2, 0, -1//2, 0, 0, 0, -1//2, 0, 0, 0, 1//2, 0, 1//2, 0, 0, 0],
	[19, 19, 14, 5, 19, 1, 1, 7, 1, 1] => QQFieldElem[1//2, 0, 1//2, 0, 0, 0, 1//2, 0, 0, 0, -1//2, 0, 1//2, 0, 0, 0],
	[19, 19, 14, 5, 19, 1, 2, 14, 2, 1] => QQFieldElem[-4//21, 0, 4//21, 0, 4//21, 0, -8//21, 0, 4//63, 0, -4//63, 0, -4//63, 0, 8//63, 0],
	[19, 19, 14, 5, 19, 1, 1, 14, 2, 1] => QQFieldElem[-4//21, 0, -4//21, 0, 4//21, 0, 8//21, 0, 4//63, 0, 4//63, 0, -4//63, 0, -8//63, 0])