Dict(
	[19, 6, 20, 19, 19, 2, 1, 20, 1, 1] => QQFieldElem[0, 0, 0, 0, 0, 0, 0, 0, 0, 0, 1//8, 0, 1//8, 0, -1//8, 0],
	[19, 6, 20, 19, 20, 1, 1, 19, 1, 1] => QQFieldElem[-1//8, 0, 1//4, 0, 1//8, 0, -1//4, 0, -1//8, 0, -3//8, 0, 0, 0, 3//8, 0],
	[19, 6, 20, 19, 20, 1, 1, 21, 1, 1] => QQFieldElem[0, 0, -1//4, 0, 0, 0, 0, 0, 0, 0, 0, 0, 0, 0, -1//4, 0],
	[19, 6, 20, 19, 21, 1, 1, 20, 1, 1] => QQFieldElem[1//8, 0, -3//4, 0, -3//8, 0, 3//4, 0, 7//8, 0, 7//8, 0, -1//4, 0, -7//8, 0],
	[19, 6, 20, 19, 19, 1, 1, 21, 1, 2] => QQFieldElem[0, 0, 1//4, 0, 0, 0, 0, 0, 0, 0, -1//4, 0, -3//4, 0, -1//4, 0],
	[19, 6, 20, 19, 19, 2, 1, 21, 1, 2] => QQFieldElem[0, 0, 1//4, 0, 0, 0, 0, 0, 0, 0, -1//4, 0, 3//4, 0, -1//4, 0],
	[19, 6, 20, 19, 20, 1, 1, 20, 1, 1] => QQFieldElem[-5//8, 0, 0, 0, 3//8, 0, 0, 0, 1//8, 0, -5//8, 0, -1//4, 0, 5//8, 0],
	[19, 6, 20, 19, 21, 1, 1, 21, 1, 2] => QQFieldElem[-9//8, 0, -1//2, 0, -1//8, 0, -7//8, 0, 3//8, 0, 7//8, 0, 1//4, 0, 3//8, 0],
	[19, 6, 20, 19, 19, 1, 1, 19, 1, 1] => QQFieldElem[1//8, 0, -1//4, 0, -1//8, 0, 1//4, 0, 1//8, 0, 1//4, 0, -1//4, 0, -1//4, 0],
	[19, 6, 20, 19, 19, 1, 1, 21, 1, 1] => QQFieldElem[0, 0, -1//4, 0, 1//2, 0, -1//4, 0, 0, 0, 0, 0, -1//4, 0, 1//4, 0],
	[19, 6, 20, 19, 19, 2, 1, 19, 1, 1] => QQFieldElem[0, 0, 0, 0, 0, 0, 0, 0, 0, 0, 1//8, 0, -1//8, 0, -1//8, 0],
	[19, 6, 20, 19, 19, 2, 1, 21, 1, 1] => QQFieldElem[0, 0, 0, 0, 1//4, 0, -1//2, 0, 3//4, 0, -1//2, 0, 1//4, 0, 0, 0],
	[19, 6, 20, 19, 20, 1, 1, 21, 1, 2] => QQFieldElem[3//8, 0, 0, 0, 1//8, 0, 1//8, 0, -3//8, 0, -1//8, 0, -1//4, 0, -1//8, 0],
	[19, 6, 20, 19, 21, 1, 1, 19, 1, 1] => QQFieldElem[5//8, 0, -1//2, 0, -5//8, 0, 1//2, 0, 5//8, 0, 9//8, 0, 0, 0, -9//8, 0],
	[19, 6, 20, 19, 19, 1, 1, 20, 1, 1] => QQFieldElem[-1//8, 0, 0, 0, 3//8, 0, 0, 0, -1//8, 0, -1//4, 0, -1//4, 0, 1//4, 0],
	[19, 6, 20, 19, 21, 1, 1, 21, 1, 1] => QQFieldElem[3//8, 0, 1//4, 0, 5//8, 0, 5//8, 0, -3//8, 0, -5//8, 0, -1//2, 0, -3//8, 0])