Dict(
	[19, 11, 14, 15, 15, 1, 1, 11, 1, 1] => QQFieldElem[0, 0, 8//27, 0, 0, 0, 0, 0, 0, 0, -8//27, 0, 0, 0, 0, 0],
	[19, 11, 14, 15, 18, 1, 1, 15, 1, 1] => QQFieldElem[-1//2, 0, -1//2, -1, 0, -1//2, -1//2, 0, 0, -1//2, 1//2, 0, -1//2, 1//2, 0, 0],
	[19, 11, 14, 15, 15, 1, 1, 13, 1, 1] => QQFieldElem[-8//17, 0, -20//51, -16//51, 0, -12//17, 4//17, 0, 0, 8//51, 20//51, 0, 28//51, 12//17, 0, -4//51],
	[19, 11, 14, 15, 12, 1, 1, 10, 1, 1] => QQFieldElem[0, 0, 0, 0, 0, 0, 0, 0, 0, 0, 0, 0, 1//3, 0, 0, 0],
	[19, 11, 14, 15, 16, 1, 1, 17, 1, 1] => QQFieldElem[0, 0, 0, 0, 0, 0, 0, 0, 0, 0, 0, 0, 0, 0, 0, 0],
	[19, 11, 14, 15, 18, 1, 1, 12, 1, 1] => QQFieldElem[3//14, 0, 1//14, -1//7, 0, 3//14, -3//14, 0, 0, 3//14, -1//14, 0, -1//14, -3//14, 0, 0],
	[19, 11, 14, 15, 11, 1, 1, 15, 1, 1] => QQFieldElem[0, 0, -4//3, 0, 0, 0, 4//3, 0, 0, 4//3, 4//3, 0, 4//3, 0, 0, 4//3],
	[19, 11, 14, 15, 17, 1, 1, 17, 1, 1] => QQFieldElem[11//34, 0, -3//34, 1//17, 0, 1//34, 5//34, 0, 0, -13//34, 3//34, 0, -7//34, -1//34, 0, 4//17],
	[19, 11, 14, 15, 15, 1, 1, 15, 1, 1] => QQFieldElem[0, 0, 0, 0, 0, 0, 0, 0, 0, 0, 0, 0, 0, 0, 0, 0],
	[19, 11, 14, 15, 11, 1, 1, 12, 1, 1] => QQFieldElem[0, 0, 4//21, 8//21, 0, 8//21, -4//21, 0, 0, -4//21, -4//21, 0, 4//7, -8//21, 0, 4//21],
	[19, 11, 14, 15, 16, 1, 1, 11, 1, 1] => QQFieldElem[0, 0, 2//9, 0, 0, 0, 0, 0, 0, 0, -2//9, 0, 0, 0, 0, 0],
	[19, 11, 14, 15, 17, 1, 1, 11, 1, 1] => QQFieldElem[0, 0, 0, 0, 0, 0, 0, 0, 0, 0, 0, 0, 0, 0, 0, 0],
	[19, 11, 14, 15, 15, 1, 1, 12, 1, 1] => QQFieldElem[0, 0, 0, 0, 0, 0, 0, 0, 0, 0, 0, 0, 0, 0, 0, 0],
	[19, 11, 14, 15, 16, 1, 1, 13, 1, 1] => QQFieldElem[0, 0, 0, 0, 0, 0, 0, 0, 0, 0, 0, 0, 0, 0, 0, 0],
	[19, 11, 14, 15, 12, 1, 1, 17, 1, 1] => QQFieldElem[-6//17, 0, -3//17, 2//17, 0, 1//17, 5//17, 0, 0, 4//17, 3//17, 0, -7//17, -1//17, 0, -9//17],
	[19, 11, 14, 15, 17, 1, 1, 13, 1, 1] => QQFieldElem[-3//34, 0, -11//34, -1//17, 0, -13//34, -7//34, 0, 0, 1//34, 11//34, 0, -5//34, 13//34, 0, 4//17],
	[19, 11, 14, 15, 18, 1, 1, 10, 1, 1] => QQFieldElem[0, 0, 0, 0, 0, 0, 0, 0, 0, 0, 0, 0, 0, 0, 0, 0],
	[19, 11, 14, 15, 16, 1, 1, 15, 1, 1] => QQFieldElem[0, 0, 1, 0, 0, 0, -1, 0, 0, -1, -1, 0, -1, 0, 0, -1],
	[19, 11, 14, 15, 12, 1, 1, 11, 1, 1] => QQFieldElem[0, 0, 2//9, 0, 0, 0, 0, 0, 0, 0, -2//9, 0, 0, 0, 0, 0],
	[19, 11, 14, 15, 17, 1, 1, 15, 1, 1] => QQFieldElem[-1//2, 0, -1//2, 0, 0, -1//2, 1//2, 0, 0, 1//2, 1//2, 0, 1//2, 1//2, 0, 1],
	[19, 11, 14, 15, 11, 1, 1, 10, 1, 1] => QQFieldElem[0, 0, 0, 0, 0, 0, 0, 0, 0, 0, 0, 0, -4//9, 0, 0, 0],
	[19, 11, 14, 15, 16, 1, 1, 12, 1, 1] => QQFieldElem[0, 0, -1//7, -2//7, 0, -2//7, 1//7, 0, 0, 1//7, 1//7, 0, -3//7, 2//7, 0, -1//7],
	[19, 11, 14, 15, 12, 1, 1, 13, 1, 1] => QQFieldElem[6//17, 0, 5//17, 4//17, 0, 9//17, -3//17, 0, 0, -2//17, -5//17, 0, -7//17, -9//17, 0, 1//17],
	[19, 11, 14, 15, 17, 1, 1, 12, 1, 1] => QQFieldElem[-1//14, 0, -3//14, 0, 0, 3//14, -1//14, 0, 0, -3//14, 3//14, 0, -3//14, -3//14, 0, 1//7],
	[19, 11, 14, 15, 15, 1, 1, 10, 1, 1] => QQFieldElem[0, 0, 0, 0, 0, 0, 0, 0, 0, 0, 0, 0, 4//9, 0, 0, 0],
	[19, 11, 14, 15, 18, 1, 1, 17, 1, 1] => QQFieldElem[-7//34, 0, 5//34, 4//17, 0, -13//34, 3//34, 0, 0, -1//34, -5//34, 0, -11//34, 13//34, 0, -1//17],
	[19, 11, 14, 15, 12, 1, 1, 15, 1, 1] => QQFieldElem[0, 0, 0, 0, 0, 0, 0, 0, 0, 0, 0, 0, 0, 0, 0, 0],
	[19, 11, 14, 15, 11, 1, 1, 17, 1, 1] => QQFieldElem[0, 0, 0, 0, 0, 0, 0, 0, 0, 0, 0, 0, 0, 0, 0, 0],
	[19, 11, 14, 15, 12, 1, 1, 12, 1, 1] => QQFieldElem[0, 0, 0, 0, 0, 0, 0, 0, 0, 0, 0, 0, 0, 0, 0, 0],
	[19, 11, 14, 15, 18, 1, 1, 11, 1, 1] => QQFieldElem[0, 0, 0, 0, 0, 0, 0, 0, 0, 0, 0, 0, 0, 0, 0, 0],
	[19, 11, 14, 15, 15, 1, 1, 17, 1, 1] => QQFieldElem[8//17, 0, 4//17, -8//51, 0, -4//51, -20//51, 0, 0, -16//51, -4//17, 0, 28//51, 4//51, 0, 12//17],
	[19, 11, 14, 15, 16, 1, 1, 10, 1, 1] => QQFieldElem[0, 0, 0, 0, 0, 0, 0, 0, 0, 0, 0, 0, -1//3, 0, 0, 0],
	[19, 11, 14, 15, 18, 1, 1, 13, 1, 1] => QQFieldElem[-5//34, 0, -7//34, 4//17, 0, 1//34, 11//34, 0, 0, 13//34, 7//34, 0, 3//34, -1//34, 0, 1//17],
	[19, 11, 14, 15, 11, 1, 1, 11, 1, 1] => QQFieldElem[0, 0, 8//27, 0, 0, 0, 0, 0, 0, 0, -8//27, 0, 0, 0, 0, 0],
	[19, 11, 14, 15, 17, 1, 1, 10, 1, 1] => QQFieldElem[0, 0, 0, 0, 0, 0, 0, 0, 0, 0, 0, 0, 0, 0, 0, 0],
	[19, 11, 14, 15, 11, 1, 1, 13, 1, 1] => QQFieldElem[0, 0, 0, 0, 0, 0, 0, 0, 0, 0, 0, 0, 0, 0, 0, 0])