Dict(
	[19, 6, 14, 19, 6, 1, 1, 20, 1, 2] => QQFieldElem[-1//12, 0, -1//4, 0, -1//3, 0, -1//12, 0, -1//6, 0, -1//12, 0, 5//12, 0, 1//3, 0],
	[19, 6, 14, 19, 14, 2, 1, 19, 1, 1] => QQFieldElem[-1//192, 0, 0, 0, 0, 0, 0, 0, 0, 0, 0, 0, 0, 0, -1//192, 0],
	[19, 6, 14, 19, 5, 1, 1, 19, 1, 2] => QQFieldElem[-1//64, 0, 0, 0, 0, 0, 0, 0, 0, 0, 1//64, 0, 0, 0, 0, 0],
	[19, 6, 14, 19, 4, 1, 1, 21, 1, 2] => QQFieldElem[-1//9, 0, 0, 0, 0, 0, 0, 0, 0, 0, 0, 0, -1//9, 0, 0, 0],
	[19, 6, 14, 19, 9, 1, 1, 20, 1, 2] => QQFieldElem[0, 0, 1//8, 0, 0, 0, -1//8, 0, 0, 0, -1//8, 0, 1//4, 0, 0, 0],
	[19, 6, 14, 19, 14, 2, 1, 21, 1, 1] => QQFieldElem[1//16, 0, -1//16, 0, 1//4, 0, -1//16, 0, 1//8, 0, 1//16, 0, -1//16, 0, 0, 0],
	[19, 6, 14, 19, 5, 1, 1, 21, 1, 2] => QQFieldElem[-1//18, 0, 1//6, 0, -2//9, 0, -1//18, 0, 2//9, 0, -1//6, 0, 1//6, 0, 1//9, 0],
	[19, 6, 14, 19, 6, 1, 1, 19, 1, 1] => QQFieldElem[9//512, 0, 9//512, 0, 0, 0, 0, 0, -9//512, 0, -9//512, 0, 0, 0, 0, 0],
	[19, 6, 14, 19, 14, 1, 1, 21, 1, 1] => QQFieldElem[27//128, 0, -9//128, 0, -9//32, 0, 27//128, 0, -9//32, 0, -9//128, 0, 9//128, 0, 0, 0],
	[19, 6, 14, 19, 9, 1, 1, 19, 1, 1] => QQFieldElem[0, 0, -3//512, 0, 0, 0, 0, 0, 0, 0, 3//512, 0, -3//512, 0, 0, 0],
	[19, 6, 14, 19, 6, 1, 1, 21, 1, 1] => QQFieldElem[1//16, 0, -1//16, 0, -1//4, 0, -1//16, 0, 1//8, 0, 1//16, 0, 1//16, 0, 0, 0],
	[19, 6, 14, 19, 9, 1, 1, 21, 1, 1] => QQFieldElem[-9//64, 0, 0, 0, 0, 0, 0, 0, 0, 0, 0, 0, 9//64, 0, 0, 0],
	[19, 6, 14, 19, 14, 1, 1, 20, 1, 1] => QQFieldElem[-9//128, 0, 9//128, 0, 0, 0, -9//128, 0, 0, 0, 9//128, 0, -9//128, 0, 0, 0],
	[19, 6, 14, 19, 4, 1, 1, 20, 1, 2] => QQFieldElem[1//3, 0, 1//6, 0, 0, 0, -1//6, 0, 0, 0, -1//6, 0, 0, 0, 0, 0],
	[19, 6, 14, 19, 14, 2, 1, 20, 1, 1] => QQFieldElem[1//16, 0, -1//16, 0, 0, 0, 1//16, 0, -1//8, 0, 1//16, 0, 1//16, 0, 0, 0],
	[19, 6, 14, 19, 5, 1, 1, 20, 1, 2] => QQFieldElem[-1//4, 0, 1//12, 0, 1//3, 0, 1//4, 0, 1//6, 0, 1//4, 0, 1//12, 0, -1//3, 0],
	[19, 6, 14, 19, 4, 1, 1, 19, 1, 1] => QQFieldElem[-9//512, 0, 9//512, 0, 0, 0, 0, 0, 0, 0, -9//512, 0, 0, 0, 0, 0],
	[19, 6, 14, 19, 6, 1, 1, 20, 1, 1] => QQFieldElem[-9//32, 0, -3//32, 0, -3//8, 0, -15//32, 0, 3//8, 0, 9//32, 0, 3//32, 0, 3//8, 0],
	[19, 6, 14, 19, 9, 1, 1, 20, 1, 1] => QQFieldElem[9//64, 0, 0, 0, 0, 0, -9//32, 0, 0, 0, 0, 0, 9//64, 0, 0, 0],
	[19, 6, 14, 19, 5, 1, 1, 19, 1, 1] => QQFieldElem[0, 0, 9//512, 0, 0, 0, 0, 0, 9//512, 0, -9//512, 0, 0, 0, 0, 0],
	[19, 6, 14, 19, 4, 1, 1, 21, 1, 1] => QQFieldElem[-1//4, 0, 1//8, 0, 0, 0, 1//8, 0, 0, 0, -1//8, 0, -1//4, 0, 0, 0],
	[19, 6, 14, 19, 5, 1, 1, 21, 1, 1] => QQFieldElem[3//16, 0, -1//16, 0, 1//4, 0, -1//16, 0, -1//8, 0, 1//16, 0, -3//16, 0, 0, 0],
	[19, 6, 14, 19, 14, 1, 1, 19, 1, 2] => QQFieldElem[0, 0, -3//512, 0, -3//512, 0, 0, 0, 0, 0, 3//512, 0, 3//512, 0, 0, 0],
	[19, 6, 14, 19, 14, 1, 1, 21, 1, 2] => QQFieldElem[-9//128, 0, 9//128, 0, 9//32, 0, 27//128, 0, 9//32, 0, 9//128, 0, -27//128, 0, 0, 0],
	[19, 6, 14, 19, 14, 2, 1, 19, 1, 2] => QQFieldElem[-1//192, 0, 0, 0, 0, 0, -1//192, 0, 0, 0, 0, 0, 0, 0, 1//192, 0],
	[19, 6, 14, 19, 14, 2, 1, 21, 1, 2] => QQFieldElem[3//16, 0, -1//16, 0, -1//4, 0, -1//16, 0, -1//8, 0, 1//16, 0, 3//16, 0, 0, 0],
	[19, 6, 14, 19, 6, 1, 1, 19, 1, 2] => QQFieldElem[-1//64, 0, -1//64, 0, 0, 0, 0, 0, 0, 0, 0, 0, 0, 0, 0, 0],
	[19, 6, 14, 19, 4, 1, 1, 20, 1, 1] => QQFieldElem[3//16, 0, 3//8, 0, 0, 0, 0, 0, 0, 0, -3//8, 0, 3//16, 0, 0, 0],
	[19, 6, 14, 19, 9, 1, 1, 19, 1, 2] => QQFieldElem[-1//192, 0, 0, 0, 0, 0, 1//192, 0, 0, 0, 0, 0, 0, 0, 0, 0],
	[19, 6, 14, 19, 5, 1, 1, 20, 1, 1] => QQFieldElem[3//32, 0, -9//32, 0, 3//8, 0, -3//32, 0, -3//8, 0, 3//32, 0, -9//32, 0, -3//8, 0],
	[19, 6, 14, 19, 6, 1, 1, 21, 1, 2] => QQFieldElem[1//6, 0, 1//6, 0, 2//9, 0, 1//18, 0, -2//9, 0, -1//6, 0, -1//18, 0, -1//9, 0],
	[19, 6, 14, 19, 9, 1, 1, 21, 1, 2] => QQFieldElem[-1//4, 0, 1//8, 0, 0, 0, 1//8, 0, 0, 0, -1//8, 0, 1//4, 0, 0, 0],
	[19, 6, 14, 19, 14, 1, 1, 20, 1, 2] => QQFieldElem[-9//128, 0, -9//128, 0, 0, 0, -9//128, 0, 0, 0, -9//128, 0, -9//128, 0, 0, 0],
	[19, 6, 14, 19, 14, 2, 1, 20, 1, 2] => QQFieldElem[-1//16, 0, -1//16, 0, 0, 0, 1//16, 0, 1//8, 0, 1//16, 0, 1//16, 0, 0, 0],
	[19, 6, 14, 19, 14, 1, 1, 19, 1, 1] => QQFieldElem[0, 0, -3//512, 0, 3//512, 0, 0, 0, 0, 0, 3//512, 0, 0, 0, 0, 0],
	[19, 6, 14, 19, 4, 1, 1, 19, 1, 2] => QQFieldElem[-1//64, 0, 1//64, 0, 0, 0, 0, 0, 0, 0, -1//64, 0, 0, 0, 0, 0])