Dict(
	[19, 19, 19, 19, 20, 1, 1, 8, 1, 1] => QQFieldElem[-1//12, 0, 0, 0, 0, 0, 0, 0, 1//6, 0, 0, 0, -1//12, 0, 0, 0],
	[19, 19, 19, 19, 21, 1, 1, 14, 1, 1] => QQFieldElem[0, 0, 0, 0, 0, 0, 0, 0, 0, 0, 0, 0, -1//6, 0, 0, 0],
	[19, 19, 19, 19, 4, 1, 1, 9, 1, 1] => QQFieldElem[0, 0, -9//64, 0, 0, 0, 9//64, 0, 0, 0, 9//64, 0, 0, 0, 0, 0],
	[19, 19, 19, 19, 14, 2, 2, 19, 1, 2] => QQFieldElem[0, 0, 1//8, 0, 0, 0, 1//8, 0, 0, 0, -1//8, 0, 1//8, 0, 0, 0],
	[19, 19, 19, 19, 19, 1, 2, 2, 1, 1] => QQFieldElem[-1//512, 0, 0, 0, 0, 0, 0, 0, 0, 0, 0, 0, 0, 0, 0, 0],
	[19, 19, 19, 19, 4, 1, 1, 14, 1, 2] => QQFieldElem[0, 0, 0, 0, 0, 0, 0, 0, 0, 0, 0, 0, 0, 0, 0, 0],
	[19, 19, 19, 19, 14, 2, 2, 4, 1, 1] => QQFieldElem[0, 0, 0, 0, 0, 0, 0, 0, 0, 0, 0, 0, 0, 0, 0, 0],
	[19, 19, 19, 19, 1, 1, 1, 14, 2, 2] => QQFieldElem[0, 0, 0, 0, 0, 0, 0, 0, 0, 0, 0, 0, 0, 0, 0, 0],
	[19, 19, 19, 19, 14, 1, 1, 14, 2, 1] => QQFieldElem[-512//9, 0, 0, 0, 0, 0, 0, 0, 0, 0, 0, 0, -512//9, 0, 0, 0],
	[19, 19, 19, 19, 14, 2, 1, 1, 1, 1] => QQFieldElem[3//2048, 0, 0, 0, 0, 0, 0, 0, 0, 0, 0, 0, 0, 0, 0, 0],
	[19, 19, 19, 19, 14, 1, 2, 21, 1, 1] => QQFieldElem[1//2, 0, 0, 0, -1, 0, 0, 0, 0, 0, 0, 0, 1//2, 0, 0, 0],
	[19, 19, 19, 19, 6, 1, 1, 19, 1, 1] => QQFieldElem[0, 0, 0, 0, 0, 0, 0, 0, 0, 0, 0, 0, 0, 0, 0, 0],
	[19, 19, 19, 19, 20, 1, 1, 21, 1, 1] => QQFieldElem[0, 0, 0, 0, 0, 0, 0, 0, 0, 0, 0, 0, 0, 0, 0, 0],
	[19, 19, 19, 19, 14, 2, 1, 9, 1, 1] => QQFieldElem[-1//2, 0, 1//4, 0, 0, 0, -1//4, 0, 0, 0, -1//4, 0, 0, 0, 0, 0],
	[19, 19, 19, 19, 19, 1, 1, 14, 1, 1] => QQFieldElem[2//27, 0, 0, 0, 0, 0, 0, 0, 0, 0, 0, 0, 2//27, 0, 0, 0],
	[19, 19, 19, 19, 14, 2, 1, 14, 1, 2] => QQFieldElem[4//27, 0, -4//27, 0, 0, 0, 0, 0, 0, 0, 4//27, 0, 4//27, 0, 0, 0],
	[19, 19, 19, 19, 6, 1, 1, 2, 1, 1] => QQFieldElem[0, 0, 1//2048, 0, 0, 0, -1//2048, 0, 0, 0, -1//2048, 0, 0, 0, 0, 0],
	[19, 19, 19, 19, 8, 1, 1, 14, 1, 1] => QQFieldElem[1//4, 0, 1//16, 0, 0, 0, -1//16, 0, 0, 0, -1//16, 0, 0, 0, 0, 0],
	[19, 19, 19, 19, 5, 1, 1, 19, 1, 1] => QQFieldElem[0, 0, 0, 0, 0, 0, 0, 0, 0, 0, 0, 0, 0, 0, 0, 0],
	[19, 19, 19, 19, 19, 2, 2, 14, 2, 1] => QQFieldElem[0, 0, 0, 0, 0, 0, 0, 0, 0, 0, 0, 0, 64, 0, 0, 0],
	[19, 19, 19, 19, 1, 1, 1, 20, 1, 1] => QQFieldElem[256, 0, 0, 0, 0, 0, 0, 0, 0, 0, 0, 0, 0, 0, 0, 0],
	[19, 19, 19, 19, 5, 1, 1, 2, 1, 1] => QQFieldElem[27//32768, 0, 0, 0, 0, 0, 0, 0, 0, 0, 0, 0, 0, 0, 0, 0],
	[19, 19, 19, 19, 1, 1, 1, 6, 1, 1] => QQFieldElem[0, 0, 64, 0, 0, 0, -64, 0, 0, 0, -64, 0, 0, 0, 0, 0],
	[19, 19, 19, 19, 21, 1, 1, 19, 1, 1] => QQFieldElem[0, 0, 0, 0, 0, 0, 0, 0, 0, 0, 0, 0, 0, 0, 0, 0],
	[19, 19, 19, 19, 14, 1, 1, 5, 1, 1] => QQFieldElem[0, 0, 0, 0, 0, 0, 0, 0, 0, 0, 0, 0, 0, 0, 0, 0],
	[19, 19, 19, 19, 2, 1, 1, 1, 1, 1] => QQFieldElem[1//8, 0, 0, 0, 0, 0, 0, 0, 0, 0, 0, 0, 0, 0, 0, 0],
	[19, 19, 19, 19, 9, 1, 1, 7, 1, 1] => QQFieldElem[-1//8, 0, 0, 0, 0, 0, 0, 0, 0, 0, 0, 0, 0, 0, 0, 0],
	[19, 19, 19, 19, 19, 1, 2, 14, 2, 2] => QQFieldElem[0, 0, 0, 0, 0, 0, 0, 0, 0, 0, 0, 0, 0, 0, 0, 0],
	[19, 19, 19, 19, 4, 1, 1, 19, 1, 2] => QQFieldElem[-1//4, 0, 0, 0, 0, 0, 0, 0, 0, 0, 0, 0, 0, 0, 0, 0],
	[19, 19, 19, 19, 21, 1, 1, 2, 1, 1] => QQFieldElem[-1//2048, 0, 0, 0, 0, 0, 0, 0, 0, 0, 0, 0, 0, 0, 0, 0],
	[19, 19, 19, 19, 1, 1, 1, 19, 2, 2] => QQFieldElem[9//32, 0, 0, 0, 0, 0, 0, 0, 0, 0, 0, 0, 0, 0, 0, 0],
	[19, 19, 19, 19, 2, 1, 1, 9, 1, 1] => QQFieldElem[0, 0, -64, 0, 0, 0, 64, 0, 0, 0, 64, 0, 0, 0, 0, 0],
	[19, 19, 19, 19, 14, 1, 1, 19, 2, 1] => QQFieldElem[256//3, 0, 0, 0, 0, 0, 0, 0, 0, 0, 0, 0, 0, 0, 0, 0],
	[19, 19, 19, 19, 4, 1, 1, 4, 1, 1] => QQFieldElem[27//2048, 0, 0, 0, 0, 0, 0, 0, 0, 0, 0, 0, 0, 0, 0, 0],
	[19, 19, 19, 19, 2, 1, 1, 14, 1, 2] => QQFieldElem[-1//9, 0, 0, 0, 0, 0, 0, 0, 0, 0, 0, 0, 1//9, 0, 0, 0],
	[19, 19, 19, 19, 14, 1, 1, 8, 1, 1] => QQFieldElem[0, 0, 0, 0, 0, 0, 0, 0, 0, 0, 0, 0, 1//2, 0, 0, 0],
	[19, 19, 19, 19, 19, 2, 1, 7, 1, 1] => QQFieldElem[0, 0, 1//2, 0, 0, 0, 1//2, 0, 0, 0, -1//2, 0, 1//6, 0, 0, 0],
	[19, 19, 19, 19, 19, 2, 2, 5, 1, 1] => QQFieldElem[5//192, 0, 0, 0, 0, 0, 0, 0, 0, 0, 0, 0, 0, 0, 0, 0],
	[19, 19, 19, 19, 19, 1, 1, 19, 1, 1] => QQFieldElem[0, 0, 0, 0, 0, 0, 0, 0, 0, 0, 0, 0, 0, 0, 0, 0],
	[19, 19, 19, 19, 14, 1, 2, 14, 1, 1] => QQFieldElem[0, 0, 0, 0, 0, 0, 0, 0, 0, 0, 0, 0, 0, 0, 0, 0],
	[19, 19, 19, 19, 6, 1, 1, 14, 2, 2] => QQFieldElem[-64, 0, 0, 0, 0, 0, 0, 0, 0, 0, 0, 0, 0, 0, 0, 0],
	[19, 19, 19, 19, 14, 2, 1, 19, 1, 2] => QQFieldElem[0, 0, -1//6, 0, 0, 0, -1//6, 0, 0, 0, 1//6, 0, 1//6, 0, 0, 0],
	[19, 19, 19, 19, 8, 1, 1, 19, 1, 1] => QQFieldElem[0, 0, 1//8, 0, 0, 0, 1//8, 0, 0, 0, -1//8, 0, 1//8, 0, 0, 0],
	[19, 19, 19, 19, 19, 1, 1, 2, 1, 1] => QQFieldElem[1//1024, 0, 0, 0, 0, 0, 0, 0, 0, 0, 0, 0, 0, 0, 0, 0],
	[19, 19, 19, 19, 20, 1, 1, 14, 1, 1] => QQFieldElem[0, 0, 0, 0, 0, 0, 0, 0, 0, 0, 0, 0, 1//4, 0, 0, 0],
	[19, 19, 19, 19, 19, 2, 2, 19, 2, 1] => QQFieldElem[-128//3, 0, 0, 0, 0, 0, 0, 0, 0, 0, 0, 0, 0, 0, 0, 0],
	[19, 19, 19, 19, 19, 1, 2, 20, 1, 1] => QQFieldElem[0, 0, 0, 0, 0, 0, 0, 0, 0, 0, 0, 0, 0, 0, 0, 0],
	[19, 19, 19, 19, 14, 2, 1, 4, 1, 1] => QQFieldElem[1//128, 0, 0, 0, 0, 0, 0, 0, 0, 0, 0, 0, 0, 0, 0, 0],
	[19, 19, 19, 19, 8, 1, 1, 2, 1, 1] => QQFieldElem[0, 0, 3//8192, 0, 0, 0, -3//8192, 0, 0, 0, -3//8192, 0, 0, 0, 0, 0],
	[19, 19, 19, 19, 19, 1, 2, 6, 1, 1] => QQFieldElem[0, 0, 1//2, 0, 0, 0, 1//2, 0, 0, 0, -1//2, 0, 1//6, 0, 0, 0],
	[19, 19, 19, 19, 5, 1, 1, 14, 2, 2] => QQFieldElem[10//27, 0, 0, 0, 0, 0, 0, 0, 0, 0, 0, 0, -10//27, 0, 0, 0],
	[19, 19, 19, 19, 14, 1, 1, 21, 1, 1] => QQFieldElem[-1//2, 0, 0, 0, 0, 0, 0, 0, 1, 0, 0, 0, -1//2, 0, 0, 0],
	[19, 19, 19, 19, 19, 2, 2, 8, 1, 1] => QQFieldElem[0, 0, 0, 0, 0, 0, 0, 0, 0, 0, 0, 0, 1//6, 0, 0, 0],
	[19, 19, 19, 19, 9, 1, 1, 14, 2, 1] => QQFieldElem[0, 0, 0, 0, 0, 0, 0, 0, 0, 0, 0, 0, 0, 0, 0, 0],
	[19, 19, 19, 19, 19, 1, 2, 19, 2, 2] => QQFieldElem[0, 0, 0, 0, 0, 0, 0, 0, 0, 0, 0, 0, -1//4, 0, 0, 0],
	[19, 19, 19, 19, 21, 1, 1, 14, 2, 2] => QQFieldElem[1//12, 0, 0, 0, 0, 0, 0, 0, -1//6, 0, 0, 0, 1//12, 0, 0, 0],
	[19, 19, 19, 19, 7, 1, 1, 7, 1, 1] => QQFieldElem[-1//6, 0, 0, 0, 0, 0, 0, 0, 0, 0, 0, 0, 0, 0, 0, 0],
	[19, 19, 19, 19, 6, 1, 1, 20, 1, 1] => QQFieldElem[-1//3, 0, 0, 0, 0, 0, 0, 0, 2//3, 0, 0, 0, -1//3, 0, 0, 0],
	[19, 19, 19, 19, 19, 2, 1, 14, 2, 1] => QQFieldElem[-2//27, 0, 0, 0, 2//27, 0, 0, 0, 2//27, 0, 0, 0, -2//27, 0, 0, 0],
	[19, 19, 19, 19, 6, 1, 1, 6, 1, 1] => QQFieldElem[-1//6, 0, 0, 0, 0, 0, 0, 0, 0, 0, 0, 0, 0, 0, 0, 0],
	[19, 19, 19, 19, 2, 1, 1, 19, 1, 2] => QQFieldElem[0, 0, 0, 0, 0, 0, 0, 0, 0, 0, 0, 0, 1//8, 0, 0, 0],
	[19, 19, 19, 19, 19, 2, 2, 21, 1, 1] => QQFieldElem[0, 0, 0, 0, 0, 0, 0, 0, 0, 0, 0, 0, 0, 0, 0, 0],
	[19, 19, 19, 19, 5, 1, 1, 20, 1, 1] => QQFieldElem[9//16, 0, 0, 0, 0, 0, 0, 0, 0, 0, 0, 0, 0, 0, 0, 0],
	[19, 19, 19, 19, 2, 1, 1, 4, 1, 1] => QQFieldElem[-2, 0, 0, 0, 0, 0, 0, 0, 0, 0, 0, 0, 0, 0, 0, 0],
	[19, 19, 19, 19, 14, 2, 2, 7, 1, 1] => QQFieldElem[0, 0, 0, 0, 0, 0, 0, 0, 0, 0, 0, 0, 1//2, 0, 0, 0],
	[19, 19, 19, 19, 5, 1, 1, 6, 1, 1] => QQFieldElem[0, 0, -9//64, 0, 0, 0, 9//64, 0, 0, 0, 9//64, 0, 0, 0, 0, 0],
	[19, 19, 19, 19, 14, 1, 2, 19, 1, 1] => QQFieldElem[0, 0, 0, 0, 0, 0, 0, 0, 0, 0, 0, 0, 0, 0, 0, 0],
	[19, 19, 19, 19, 6, 1, 1, 19, 2, 2] => QQFieldElem[-256//3, 0, 0, 0, 0, 0, 0, 0, 0, 0, 0, 0, 0, 0, 0, 0],
	[19, 19, 19, 19, 19, 1, 1, 14, 2, 2] => QQFieldElem[0, 0, -1//16, 0, 0, 0, -1//16, 0, 0, 0, 1//16, 0, 0, 0, 0, 0],
	[19, 19, 19, 19, 9, 1, 1, 5, 1, 1] => QQFieldElem[0, 0, 1//512, 0, 0, 0, -1//512, 0, 0, 0, -1//512, 0, 0, 0, 0, 0],
	[19, 19, 19, 19, 20, 1, 1, 19, 1, 1] => QQFieldElem[-1//4, 0, 0, 0, 0, 0, 0, 0, 0, 0, 0, 0, 0, 0, 0, 0],
	[19, 19, 19, 19, 14, 1, 2, 2, 1, 1] => QQFieldElem[3//2048, 0, 0, 0, 0, 0, 0, 0, 0, 0, 0, 0, 0, 0, 0, 0],
	[19, 19, 19, 19, 21, 1, 1, 20, 1, 1] => QQFieldElem[0, 0, 0, 0, 0, 0, 0, 0, 0, 0, 0, 0, 0, 0, 0, 0],
	[19, 19, 19, 19, 1, 1, 1, 1, 1, 1] => QQFieldElem[1//8, 0, 0, 0, 0, 0, 0, 0, 0, 0, 0, 0, 0, 0, 0, 0],
	[19, 19, 19, 19, 8, 1, 1, 14, 2, 2] => QQFieldElem[-1//4, 0, 0, 0, 0, 0, 0, 0, 0, 0, 0, 0, 0, 0, 0, 0],
	[19, 19, 19, 19, 21, 1, 1, 6, 1, 1] => QQFieldElem[1//12, 0, 0, 0, 0, 0, 0, 0, -1//6, 0, 0, 0, -1//12, 0, 0, 0],
	[19, 19, 19, 19, 5, 1, 1, 19, 2, 2] => QQFieldElem[0, 0, 0, 0, 0, 0, 0, 0, 0, 0, 0, 0, 0, 0, 0, 0],
	[19, 19, 19, 19, 20, 1, 1, 2, 1, 1] => QQFieldElem[-1//2048, 0, 0, 0, 0, 0, 0, 0, 0, 0, 0, 0, 0, 0, 0, 0],
	[19, 19, 19, 19, 9, 1, 1, 19, 2, 1] => QQFieldElem[0, 0, 0, 0, 0, 0, 0, 0, 0, 0, 0, 0, -1//4, 0, 0, 0],
	[19, 19, 19, 19, 1, 1, 1, 9, 1, 1] => QQFieldElem[0, 0, -64, 0, 0, 0, 64, 0, 0, 0, 64, 0, 0, 0, 0, 0],
	[19, 19, 19, 19, 7, 1, 1, 14, 2, 1] => QQFieldElem[9//64, 0, 0, 0, 0, 0, 0, 0, 0, 0, 0, 0, 0, 0, 0, 0],
	[19, 19, 19, 19, 19, 2, 1, 5, 1, 1] => QQFieldElem[-1//48, 0, 0, 0, 0, 0, 0, 0, 0, 0, 0, 0, 0, 0, 0, 0],
	[19, 19, 19, 19, 9, 1, 1, 8, 1, 1] => QQFieldElem[1//8, 0, 0, 0, 0, 0, 0, 0, 0, 0, 0, 0, 0, 0, 0, 0],
	[19, 19, 19, 19, 1, 1, 1, 14, 1, 2] => QQFieldElem[0, 0, 0, 0, 0, 0, 0, 0, 0, 0, 0, 0, 0, 0, 0, 0],
	[19, 19, 19, 19, 14, 1, 1, 14, 1, 1] => QQFieldElem[0, 0, 0, 0, 0, 0, 0, 0, 0, 0, 0, 0, 0, 0, 0, 0],
	[19, 19, 19, 19, 21, 1, 1, 19, 2, 2] => QQFieldElem[0, 0, 0, 0, 0, 0, 0, 0, 0, 0, 0, 0, 0, 0, 0, 0],
	[19, 19, 19, 19, 19, 2, 1, 19, 2, 1] => QQFieldElem[0, 0, 0, 0, 0, 0, 0, 0, 0, 0, 0, 0, 0, 0, 0, 0],
	[19, 19, 19, 19, 19, 1, 1, 20, 1, 1] => QQFieldElem[0, 0, 0, 0, 0, 0, 0, 0, 0, 0, 0, 0, 0, 0, 0, 0],
	[19, 19, 19, 19, 14, 2, 2, 14, 2, 1] => QQFieldElem[1//8, 0, 0, 0, 0, 0, 0, 0, 0, 0, 0, 0, 1//8, 0, 0, 0],
	[19, 19, 19, 19, 19, 1, 1, 6, 1, 1] => QQFieldElem[0, 0, 0, 0, 0, 0, 0, 0, 0, 0, 0, 0, 1//6, 0, 0, 0],
	[19, 19, 19, 19, 8, 1, 1, 20, 1, 1] => QQFieldElem[-1//4, 0, 0, 0, 0, 0, 0, 0, 1//2, 0, 0, 0, -1//4, 0, 0, 0],
	[19, 19, 19, 19, 19, 2, 1, 8, 1, 1] => QQFieldElem[0, 0, 1//2, 0, 0, 0, 1//2, 0, 0, 0, -1//2, 0, 1//6, 0, 0, 0],
	[19, 19, 19, 19, 8, 1, 1, 6, 1, 1] => QQFieldElem[-1//8, 0, 0, 0, 0, 0, 0, 0, 0, 0, 0, 0, 0, 0, 0, 0],
	[19, 19, 19, 19, 9, 1, 1, 21, 1, 1] => QQFieldElem[1//4, 0, 0, 0, 0, 0, 0, 0, -1//2, 0, 0, 0, -1//4, 0, 0, 0],
	[19, 19, 19, 19, 4, 1, 1, 7, 1, 1] => QQFieldElem[0, 0, -9//64, 0, 0, 0, 9//64, 0, 0, 0, 9//64, 0, 0, 0, 0, 0],
	[19, 19, 19, 19, 19, 2, 2, 14, 1, 1] => QQFieldElem[2//27, 0, 0, 0, 0, 0, 0, 0, 0, 0, 0, 0, 2//27, 0, 0, 0],
	[19, 19, 19, 19, 19, 1, 1, 19, 2, 2] => QQFieldElem[0, 0, 0, 0, 0, 0, 0, 0, 0, 0, 0, 0, 1//8, 0, 0, 0],
	[19, 19, 19, 19, 19, 1, 2, 1, 1, 1] => QQFieldElem[1//512, 0, 0, 0, 0, 0, 0, 0, 0, 0, 0, 0, 0, 0, 0, 0],
	[19, 19, 19, 19, 14, 1, 2, 14, 2, 2] => QQFieldElem[-2//9, 0, 0, 0, 0, 0, 0, 0, 0, 0, 0, 0, -2//9, 0, 0, 0],
	[19, 19, 19, 19, 7, 1, 1, 5, 1, 1] => QQFieldElem[0, 0, 1//384, 0, 0, 0, -1//384, 0, 0, 0, -1//384, 0, 0, 0, 0, 0],
	[19, 19, 19, 19, 8, 1, 1, 19, 2, 2] => QQFieldElem[1//4, 0, 0, 0, 0, 0, 0, 0, 0, 0, 0, 0, 0, 0, 0, 0],
	[19, 19, 19, 19, 20, 1, 1, 14, 2, 2] => QQFieldElem[0, 0, 0, 0, 0, 0, 0, 0, 0, 0, 0, 0, -1//6, 0, 0, 0],
	[19, 19, 19, 19, 19, 1, 2, 9, 1, 1] => QQFieldElem[0, 0, 1//2, 0, 0, 0, 1//2, 0, 0, 0, -1//2, 0, 1//6, 0, 0, 0],
	[19, 19, 19, 19, 19, 2, 1, 21, 1, 1] => QQFieldElem[0, 0, 0, 0, 0, 0, 0, 0, 0, 0, 0, 0, 0, 0, 0, 0],
	[19, 19, 19, 19, 19, 1, 2, 14, 1, 2] => QQFieldElem[0, 0, -1//12, 0, 0, 0, -1//12, 0, 0, 0, 1//12, 0, 0, 0, 0, 0],
	[19, 19, 19, 19, 7, 1, 1, 19, 2, 1] => QQFieldElem[0, 0, 0, 0, 0, 0, 0, 0, 0, 0, 0, 0, 0, 0, 0, 0],
	[19, 19, 19, 19, 14, 2, 1, 7, 1, 1] => QQFieldElem[1//2, 0, 1//4, 0, 0, 0, -1//4, 0, 0, 0, -1//4, 0, 0, 0, 0, 0],
	[19, 19, 19, 19, 14, 2, 2, 5, 1, 1] => QQFieldElem[0, 0, 0, 0, 0, 0, 0, 0, 0, 0, 0, 0, 0, 0, 0, 0],
	[19, 19, 19, 19, 1, 1, 1, 19, 1, 2] => QQFieldElem[9//32, 0, 0, 0, 0, 0, 0, 0, 0, 0, 0, 0, 0, 0, 0, 0],
	[19, 19, 19, 19, 14, 1, 1, 19, 1, 1] => QQFieldElem[0, 0, 0, 0, 0, 0, 0, 0, 0, 0, 0, 0, 0, 0, 0, 0],
	[19, 19, 19, 19, 6, 1, 1, 1, 1, 1] => QQFieldElem[0, 0, 1//2048, 0, 0, 0, -1//2048, 0, 0, 0, -1//2048, 0, 0, 0, 0, 0],
	[19, 19, 19, 19, 7, 1, 1, 8, 1, 1] => QQFieldElem[1//6, 0, 0, 0, 0, 0, 0, 0, 0, 0, 0, 0, 0, 0, 0, 0],
	[19, 19, 19, 19, 1, 1, 1, 4, 1, 1] => QQFieldElem[-2, 0, 0, 0, 0, 0, 0, 0, 0, 0, 0, 0, 0, 0, 0, 0],
	[19, 19, 19, 19, 14, 1, 1, 2, 1, 1] => QQFieldElem[0, 0, 0, 0, 0, 0, 0, 0, 0, 0, 0, 0, 0, 0, 0, 0],
	[19, 19, 19, 19, 14, 1, 2, 20, 1, 1] => QQFieldElem[1//2, 0, 0, 0, 1, 0, 0, 0, 0, 0, 0, 0, -1//2, 0, 0, 0],
	[19, 19, 19, 19, 6, 1, 1, 9, 1, 1] => QQFieldElem[1//6, 0, 0, 0, 0, 0, 0, 0, 0, 0, 0, 0, 0, 0, 0, 0],
	[19, 19, 19, 19, 14, 2, 2, 19, 2, 1] => QQFieldElem[0, 0, 0, 0, 0, 0, 0, 0, 0, 0, 0, 0, 0, 0, 0, 0],
	[19, 19, 19, 19, 4, 1, 1, 14, 2, 1] => QQFieldElem[0, 0, 0, 0, 0, 0, 0, 0, 0, 0, 0, 0, 0, 0, 0, 0],
	[19, 19, 19, 19, 5, 1, 1, 1, 1, 1] => QQFieldElem[27//32768, 0, 0, 0, 0, 0, 0, 0, 0, 0, 0, 0, 0, 0, 0, 0],
	[19, 19, 19, 19, 14, 1, 2, 6, 1, 1] => QQFieldElem[-1//2, 0, -1//4, 0, 0, 0, 1//4, 0, 0, 0, 1//4, 0, 0, 0, 0, 0],
	[19, 19, 19, 19, 20, 1, 1, 20, 1, 1] => QQFieldElem[0, 0, 0, 0, 0, 0, 0, 0, 0, 0, 0, 0, 0, 0, 0, 0],
	[19, 19, 19, 19, 6, 1, 1, 14, 1, 2] => QQFieldElem[-64, 0, 0, 0, 0, 0, 0, 0, 0, 0, 0, 0, 0, 0, 0, 0],
	[19, 19, 19, 19, 14, 2, 2, 8, 1, 1] => QQFieldElem[0, 0, 0, 0, 0, 0, 0, 0, 0, 0, 0, 0, -1//2, 0, 0, 0],
	[19, 19, 19, 19, 20, 1, 1, 6, 1, 1] => QQFieldElem[-1//12, 0, 0, 0, 0, 0, 0, 0, 1//6, 0, 0, 0, -1//12, 0, 0, 0],
	[19, 19, 19, 19, 19, 2, 2, 19, 1, 1] => QQFieldElem[0, 0, 0, 0, 0, 0, 0, 0, 0, 0, 0, 0, 0, 0, 0, 0],
	[19, 19, 19, 19, 5, 1, 1, 9, 1, 1] => QQFieldElem[0, 0, 9//64, 0, 0, 0, -9//64, 0, 0, 0, -9//64, 0, 0, 0, 0, 0],
	[19, 19, 19, 19, 7, 1, 1, 21, 1, 1] => QQFieldElem[1//3, 0, 0, 0, 0, 0, 0, 0, -2//3, 0, 0, 0, -1//3, 0, 0, 0],
	[19, 19, 19, 19, 21, 1, 1, 1, 1, 1] => QQFieldElem[1//2048, 0, 0, 0, 0, 0, 0, 0, 0, 0, 0, 0, 0, 0, 0, 0],
	[19, 19, 19, 19, 14, 1, 2, 19, 2, 2] => QQFieldElem[-1//4, 0, 0, 0, 0, 0, 0, 0, 0, 0, 0, 0, 0, 0, 0, 0],
	[19, 19, 19, 19, 5, 1, 1, 14, 1, 2] => QQFieldElem[-2//27, 0, 0, 0, 0, 0, 0, 0, 0, 0, 0, 0, 2//27, 0, 0, 0],
	[19, 19, 19, 19, 19, 2, 2, 2, 1, 1] => QQFieldElem[1//1024, 0, 0, 0, 0, 0, 0, 0, 0, 0, 0, 0, 0, 0, 0, 0],
	[19, 19, 19, 19, 9, 1, 1, 14, 1, 1] => QQFieldElem[-1//4, 0, 0, 0, 0, 0, 0, 0, 0, 0, 0, 0, 0, 0, 0, 0],
	[19, 19, 19, 19, 2, 1, 1, 7, 1, 1] => QQFieldElem[0, 0, -64, 0, 0, 0, 64, 0, 0, 0, 64, 0, 0, 0, 0, 0],
	[19, 19, 19, 19, 20, 1, 1, 19, 2, 2] => QQFieldElem[0, 0, 0, 0, 0, 0, 0, 0, 0, 0, 0, 0, 0, 0, 0, 0],
	[19, 19, 19, 19, 21, 1, 1, 9, 1, 1] => QQFieldElem[1//12, 0, 0, 0, 0, 0, 0, 0, -1//6, 0, 0, 0, -1//12, 0, 0, 0],
	[19, 19, 19, 19, 14, 2, 1, 14, 2, 1] => QQFieldElem[-512//9, 0, 0, 0, 0, 0, 0, 0, 0, 0, 0, 0, -512//9, 0, 0, 0],
	[19, 19, 19, 19, 19, 1, 2, 19, 1, 2] => QQFieldElem[0, 0, 0, 0, 0, 0, 0, 0, 0, 0, 0, 0, 1//6, 0, 0, 0],
	[19, 19, 19, 19, 14, 2, 2, 21, 1, 1] => QQFieldElem[1//2, 0, 0, 0, 0, 0, 0, 0, -1, 0, 0, 0, 1//2, 0, 0, 0],
	[19, 19, 19, 19, 21, 1, 1, 14, 1, 2] => QQFieldElem[-1//12, 0, 0, 0, 0, 0, 0, 0, 1//6, 0, 0, 0, 1//12, 0, 0, 0],
	[19, 19, 19, 19, 19, 1, 2, 4, 1, 1] => QQFieldElem[-1//48, 0, 0, 0, 0, 0, 0, 0, 0, 0, 0, 0, 0, 0, 0, 0],
	[19, 19, 19, 19, 19, 2, 1, 14, 1, 1] => QQFieldElem[2//27, 0, 0, 0, 0, 0, 0, 0, 0, 0, 0, 0, 2//27, 0, 0, 0],
	[19, 19, 19, 19, 4, 1, 1, 5, 1, 1] => QQFieldElem[-27//2048, 0, 0, 0, 0, 0, 0, 0, 0, 0, 0, 0, 0, 0, 0, 0],
	[19, 19, 19, 19, 19, 1, 1, 1, 1, 1] => QQFieldElem[-1//1024, 0, 0, 0, 0, 0, 0, 0, 0, 0, 0, 0, 0, 0, 0, 0],
	[19, 19, 19, 19, 14, 1, 1, 14, 2, 2] => QQFieldElem[0, 0, 0, 0, 0, 0, 0, 0, 0, 0, 0, 0, 0, 0, 0, 0],
	[19, 19, 19, 19, 8, 1, 1, 1, 1, 1] => QQFieldElem[0, 0, 3//8192, 0, 0, 0, -3//8192, 0, 0, 0, -3//8192, 0, 0, 0, 0, 0],
	[19, 19, 19, 19, 19, 1, 1, 9, 1, 1] => QQFieldElem[0, 0, 0, 0, 0, 0, 0, 0, 0, 0, 0, 0, 1//6, 0, 0, 0],
	[19, 19, 19, 19, 4, 1, 1, 19, 2, 1] => QQFieldElem[1//4, 0, 0, 0, 0, 0, 0, 0, 0, 0, 0, 0, 0, 0, 0, 0],
	[19, 19, 19, 19, 6, 1, 1, 19, 1, 2] => QQFieldElem[256//3, 0, 0, 0, 0, 0, 0, 0, 0, 0, 0, 0, 0, 0, 0, 0],
	[19, 19, 19, 19, 19, 1, 1, 14, 1, 2] => QQFieldElem[0, 0, 0, 0, 0, 0, 0, 0, 0, 0, 0, 0, 9//64, 0, 0, 0],
	[19, 19, 19, 19, 8, 1, 1, 9, 1, 1] => QQFieldElem[1//8, 0, 0, 0, 0, 0, 0, 0, 0, 0, 0, 0, 0, 0, 0, 0],
	[19, 19, 19, 19, 4, 1, 1, 8, 1, 1] => QQFieldElem[0, 0, 9//64, 0, 0, 0, -9//64, 0, 0, 0, -9//64, 0, 0, 0, 0, 0],
	[19, 19, 19, 19, 6, 1, 1, 4, 1, 1] => QQFieldElem[0, 0, 1//384, 0, 0, 0, -1//384, 0, 0, 0, -1//384, 0, 0, 0, 0, 0],
	[19, 19, 19, 19, 14, 2, 1, 5, 1, 1] => QQFieldElem[-1//128, 0, 0, 0, 0, 0, 0, 0, 0, 0, 0, 0, 0, 0, 0, 0],
	[19, 19, 19, 19, 2, 1, 1, 14, 2, 1] => QQFieldElem[4//27, 0, 0, 0, 0, 0, 0, 0, 0, 0, 0, 0, -4//27, 0, 0, 0],
	[19, 19, 19, 19, 8, 1, 1, 14, 1, 2] => QQFieldElem[0, 0, 0, 0, 0, 0, 0, 0, 0, 0, 0, 0, 0, 0, 0, 0],
	[19, 19, 19, 19, 5, 1, 1, 19, 1, 2] => QQFieldElem[0, 0, 0, 0, 0, 0, 0, 0, 0, 0, 0, 0, 0, 0, 0, 0],
	[19, 19, 19, 19, 19, 2, 2, 14, 2, 2] => QQFieldElem[0, 0, 0, 0, 0, 0, 0, 0, 0, 0, 0, 0, 1//4, 0, 0, 0],
	[19, 19, 19, 19, 9, 1, 1, 19, 1, 1] => QQFieldElem[-1//4, 0, 0, 0, 0, 0, 0, 0, 0, 0, 0, 0, 0, 0, 0, 0],
	[19, 19, 19, 19, 5, 1, 1, 4, 1, 1] => QQFieldElem[-27//2048, 0, 0, 0, 0, 0, 0, 0, 0, 0, 0, 0, 0, 0, 0, 0],
	[19, 19, 19, 19, 14, 1, 1, 20, 1, 1] => QQFieldElem[1//2, 0, 0, 0, 0, 0, 0, 0, -1, 0, 0, 0, -1//2, 0, 0, 0],
	[19, 19, 19, 19, 14, 2, 1, 19, 2, 1] => QQFieldElem[-256//3, 0, 0, 0, 0, 0, 0, 0, 0, 0, 0, 0, 0, 0, 0, 0],
	[19, 19, 19, 19, 7, 1, 1, 14, 1, 1] => QQFieldElem[-9//64, 0, 0, 0, 0, 0, 0, 0, 0, 0, 0, 0, 0, 0, 0, 0],
	[19, 19, 19, 19, 9, 1, 1, 2, 1, 1] => QQFieldElem[0, 0, -3//8192, 0, 0, 0, 3//8192, 0, 0, 0, 3//8192, 0, 0, 0, 0, 0],
	[19, 19, 19, 19, 14, 1, 1, 6, 1, 1] => QQFieldElem[0, 0, 0, 0, 0, 0, 0, 0, 0, 0, 0, 0, -1//2, 0, 0, 0],
	[19, 19, 19, 19, 21, 1, 1, 19, 1, 2] => QQFieldElem[0, 0, 0, 0, 0, 0, 0, 0, 0, 0, 0, 0, 0, 0, 0, 0],
	[19, 19, 19, 19, 4, 1, 1, 21, 1, 1] => QQFieldElem[9//16, 0, 0, 0, 0, 0, 0, 0, 0, 0, 0, 0, 0, 0, 0, 0],
	[19, 19, 19, 19, 14, 2, 1, 8, 1, 1] => QQFieldElem[-1//2, 0, -1//4, 0, 0, 0, 1//4, 0, 0, 0, 1//4, 0, 0, 0, 0, 0],
	[19, 19, 19, 19, 19, 2, 1, 19, 1, 1] => QQFieldElem[0, 0, 0, 0, 0, 0, 0, 0, 0, 0, 0, 0, 0, 0, 0, 0],
	[19, 19, 19, 19, 21, 1, 1, 4, 1, 1] => QQFieldElem[1//384, 0, 0, 0, 0, 0, 0, 0, 0, 0, 0, 0, 0, 0, 0, 0],
	[19, 19, 19, 19, 14, 2, 2, 14, 1, 1] => QQFieldElem[0, 0, 0, 0, 0, 0, 0, 0, 0, 0, 0, 0, 0, 0, 0, 0],
	[19, 19, 19, 19, 14, 1, 1, 19, 2, 2] => QQFieldElem[0, 0, 0, 0, 0, 0, 0, 0, 0, 0, 0, 0, 1//4, 0, 0, 0],
	[19, 19, 19, 19, 14, 1, 2, 1, 1, 1] => QQFieldElem[3//2048, 0, 0, 0, 0, 0, 0, 0, 0, 0, 0, 0, 0, 0, 0, 0],
	[19, 19, 19, 19, 19, 2, 1, 2, 1, 1] => QQFieldElem[-1//512, 0, 0, 0, 0, 0, 0, 0, 0, 0, 0, 0, 0, 0, 0, 0],
	[19, 19, 19, 19, 19, 2, 2, 20, 1, 1] => QQFieldElem[0, 0, 0, 0, 0, 0, 0, 0, 0, 0, 0, 0, 0, 0, 0, 0],
	[19, 19, 19, 19, 2, 1, 1, 5, 1, 1] => QQFieldElem[2, 0, 0, 0, 0, 0, 0, 0, 0, 0, 0, 0, 0, 0, 0, 0],
	[19, 19, 19, 19, 20, 1, 1, 1, 1, 1] => QQFieldElem[1//2048, 0, 0, 0, 0, 0, 0, 0, 0, 0, 0, 0, 0, 0, 0, 0],
	[19, 19, 19, 19, 19, 2, 2, 6, 1, 1] => QQFieldElem[0, 0, 0, 0, 0, 0, 0, 0, 0, 0, 0, 0, 1//6, 0, 0, 0],
	[19, 19, 19, 19, 14, 1, 2, 9, 1, 1] => QQFieldElem[1//2, 0, 1//4, 0, 0, 0, -1//4, 0, 0, 0, -1//4, 0, 0, 0, 0, 0],
	[19, 19, 19, 19, 19, 1, 1, 19, 1, 2] => QQFieldElem[9//32, 0, 0, 0, 0, 0, 0, 0, 0, 0, 0, 0, 0, 0, 0, 0],
	[19, 19, 19, 19, 1, 1, 1, 7, 1, 1] => QQFieldElem[0, 0, -64, 0, 0, 0, 64, 0, 0, 0, 64, 0, 0, 0, 0, 0],
	[19, 19, 19, 19, 14, 2, 1, 21, 1, 1] => QQFieldElem[-1//2, 0, 0, 0, 1, 0, 0, 0, 0, 0, 0, 0, -1//2, 0, 0, 0],
	[19, 19, 19, 19, 14, 1, 2, 14, 1, 2] => QQFieldElem[-1//9, 0, 1//9, 0, 0, 0, 0, 0, 0, 0, -1//9, 0, -1//9, 0, 0, 0],
	[19, 19, 19, 19, 20, 1, 1, 9, 1, 1] => QQFieldElem[-1//12, 0, 0, 0, 0, 0, 0, 0, 1//6, 0, 0, 0, -1//12, 0, 0, 0],
	[19, 19, 19, 19, 2, 1, 1, 19, 2, 1] => QQFieldElem[0, 0, 0, 0, 0, 0, 0, 0, 0, 0, 0, 0, 1//6, 0, 0, 0],
	[19, 19, 19, 19, 8, 1, 1, 19, 1, 2] => QQFieldElem[0, 0, 0, 0, 0, 0, 0, 0, 0, 0, 0, 0, 1//4, 0, 0, 0],
	[19, 19, 19, 19, 19, 1, 1, 4, 1, 1] => QQFieldElem[5//192, 0, 0, 0, 0, 0, 0, 0, 0, 0, 0, 0, 0, 0, 0, 0],
	[19, 19, 19, 19, 20, 1, 1, 14, 1, 2] => QQFieldElem[0, 0, 0, 0, 0, 0, 0, 0, 0, 0, 0, 0, 1//3, 0, 0, 0],
	[19, 19, 19, 19, 19, 2, 2, 19, 2, 2] => QQFieldElem[1//4, 0, 0, 0, 0, 0, 0, 0, 0, 0, 0, 0, 0, 0, 0, 0],
	[19, 19, 19, 19, 2, 1, 1, 8, 1, 1] => QQFieldElem[0, 0, 64, 0, 0, 0, -64, 0, 0, 0, -64, 0, 0, 0, 0, 0],
	[19, 19, 19, 19, 8, 1, 1, 4, 1, 1] => QQFieldElem[0, 0, 1//512, 0, 0, 0, -1//512, 0, 0, 0, -1//512, 0, 0, 0, 0, 0],
	[19, 19, 19, 19, 7, 1, 1, 19, 1, 1] => QQFieldElem[0, 0, 0, 0, 0, 0, 0, 0, 0, 0, 0, 0, 0, 0, 0, 0],
	[19, 19, 19, 19, 9, 1, 1, 14, 2, 2] => QQFieldElem[0, 0, 0, 0, 0, 0, 0, 0, 0, 0, 0, 0, 0, 0, 0, 0],
	[19, 19, 19, 19, 7, 1, 1, 2, 1, 1] => QQFieldElem[0, 0, -1//2048, 0, 0, 0, 1//2048, 0, 0, 0, 1//2048, 0, 0, 0, 0, 0],
	[19, 19, 19, 19, 14, 2, 2, 19, 1, 1] => QQFieldElem[0, 0, 0, 0, 0, 0, 0, 0, 0, 0, 0, 0, 0, 0, 0, 0],
	[19, 19, 19, 19, 2, 1, 1, 21, 1, 1] => QQFieldElem[-256, 0, 0, 0, 0, 0, 0, 0, 0, 0, 0, 0, 0, 0, 0, 0],
	[19, 19, 19, 19, 19, 2, 1, 14, 2, 2] => QQFieldElem[0, 0, 1//16, 0, 0, 0, 1//16, 0, 0, 0, -1//16, 0, 0, 0, 0, 0],
	[19, 19, 19, 19, 4, 1, 1, 14, 1, 1] => QQFieldElem[0, 0, 0, 0, 0, 0, 0, 0, 0, 0, 0, 0, 0, 0, 0, 0],
	[19, 19, 19, 19, 1, 1, 1, 14, 2, 1] => QQFieldElem[0, 0, 0, 0, 0, 0, 0, 0, 0, 0, 0, 0, 0, 0, 0, 0],
	[19, 19, 19, 19, 14, 2, 2, 2, 1, 1] => QQFieldElem[0, 0, 0, 0, 0, 0, 0, 0, 0, 0, 0, 0, 0, 0, 0, 0],
	[19, 19, 19, 19, 19, 1, 2, 7, 1, 1] => QQFieldElem[0, 0, -1//2, 0, 0, 0, -1//2, 0, 0, 0, 1//2, 0, 1//6, 0, 0, 0],
	[19, 19, 19, 19, 9, 1, 1, 20, 1, 1] => QQFieldElem[-1//4, 0, 0, 0, 0, 0, 0, 0, 1//2, 0, 0, 0, -1//4, 0, 0, 0],
	[19, 19, 19, 19, 14, 1, 2, 19, 1, 2] => QQFieldElem[0, 0, -1//8, 0, 0, 0, -1//8, 0, 0, 0, 1//8, 0, 1//8, 0, 0, 0],
	[19, 19, 19, 19, 9, 1, 1, 6, 1, 1] => QQFieldElem[1//8, 0, 0, 0, 0, 0, 0, 0, 0, 0, 0, 0, 0, 0, 0, 0],
	[19, 19, 19, 19, 20, 1, 1, 19, 1, 2] => QQFieldElem[0, 0, 0, 0, 0, 0, 0, 0, 0, 0, 0, 0, 0, 0, 0, 0],
	[19, 19, 19, 19, 14, 1, 2, 4, 1, 1] => QQFieldElem[1//128, 0, 0, 0, 0, 0, 0, 0, 0, 0, 0, 0, 0, 0, 0, 0],
	[19, 19, 19, 19, 14, 2, 1, 14, 1, 1] => QQFieldElem[-1//2, 0, 0, 0, 0, 0, 0, 0, 0, 0, 0, 0, 0, 0, 0, 0],
	[19, 19, 19, 19, 14, 1, 1, 1, 1, 1] => QQFieldElem[0, 0, 0, 0, 0, 0, 0, 0, 0, 0, 0, 0, 0, 0, 0, 0],
	[19, 19, 19, 19, 20, 1, 1, 4, 1, 1] => QQFieldElem[1//384, 0, 0, 0, 0, 0, 0, 0, 0, 0, 0, 0, 0, 0, 0, 0],
	[19, 19, 19, 19, 19, 2, 1, 20, 1, 1] => QQFieldElem[0, 0, 0, 0, 0, 0, 0, 0, 0, 0, 0, 0, 0, 0, 0, 0],
	[19, 19, 19, 19, 6, 1, 1, 7, 1, 1] => QQFieldElem[1//6, 0, 0, 0, 0, 0, 0, 0, 0, 0, 0, 0, 0, 0, 0, 0],
	[19, 19, 19, 19, 9, 1, 1, 19, 2, 2] => QQFieldElem[0, 0, 0, 0, 0, 0, 0, 0, 0, 0, 0, 0, 0, 0, 0, 0],
	[19, 19, 19, 19, 19, 2, 1, 6, 1, 1] => QQFieldElem[0, 0, -1//2, 0, 0, 0, -1//2, 0, 0, 0, 1//2, 0, 1//6, 0, 0, 0],
	[19, 19, 19, 19, 14, 1, 1, 9, 1, 1] => QQFieldElem[0, 0, 0, 0, 0, 0, 0, 0, 0, 0, 0, 0, 1//2, 0, 0, 0],
	[19, 19, 19, 19, 7, 1, 1, 14, 2, 2] => QQFieldElem[-1//3, 0, -1//12, 0, 0, 0, 1//12, 0, 0, 0, 1//12, 0, 0, 0, 0, 0],
	[19, 19, 19, 19, 1, 1, 1, 5, 1, 1] => QQFieldElem[2, 0, 0, 0, 0, 0, 0, 0, 0, 0, 0, 0, 0, 0, 0, 0],
	[19, 19, 19, 19, 14, 1, 1, 14, 1, 2] => QQFieldElem[4//27, 0, 4//27, 0, 0, 0, 0, 0, 0, 0, -4//27, 0, 4//27, 0, 0, 0],
	[19, 19, 19, 19, 5, 1, 1, 7, 1, 1] => QQFieldElem[0, 0, 9//64, 0, 0, 0, -9//64, 0, 0, 0, -9//64, 0, 0, 0, 0, 0],
	[19, 19, 19, 19, 19, 1, 2, 14, 2, 1] => QQFieldElem[0, 0, 0, 0, 0, 0, 0, 0, 0, 0, 0, 0, 64, 0, 0, 0],
	[19, 19, 19, 19, 19, 2, 1, 19, 2, 2] => QQFieldElem[0, 0, 0, 0, 0, 0, 0, 0, 0, 0, 0, 0, 1//8, 0, 0, 0],
	[19, 19, 19, 19, 4, 1, 1, 19, 1, 1] => QQFieldElem[0, 0, 0, 0, 0, 0, 0, 0, 0, 0, 0, 0, 3//4, 0, 0, 0],
	[19, 19, 19, 19, 19, 2, 2, 1, 1, 1] => QQFieldElem[-1//1024, 0, 0, 0, 0, 0, 0, 0, 0, 0, 0, 0, 0, 0, 0, 0],
	[19, 19, 19, 19, 14, 2, 2, 14, 2, 2] => QQFieldElem[0, 0, 0, 0, 0, 0, 0, 0, 0, 0, 0, 0, 0, 0, 0, 0],
	[19, 19, 19, 19, 1, 1, 1, 19, 2, 1] => QQFieldElem[-128//3, 0, 0, 0, 0, 0, 0, 0, 0, 0, 0, 0, 0, 0, 0, 0],
	[19, 19, 19, 19, 4, 1, 1, 2, 1, 1] => QQFieldElem[-27//32768, 0, 0, 0, 0, 0, 0, 0, 0, 0, 0, 0, 0, 0, 0, 0],
	[19, 19, 19, 19, 21, 1, 1, 7, 1, 1] => QQFieldElem[1//12, 0, 0, 0, 0, 0, 0, 0, -1//6, 0, 0, 0, -1//12, 0, 0, 0],
	[19, 19, 19, 19, 19, 2, 2, 9, 1, 1] => QQFieldElem[0, 0, 0, 0, 0, 0, 0, 0, 0, 0, 0, 0, 1//6, 0, 0, 0],
	[19, 19, 19, 19, 2, 1, 1, 14, 1, 1] => QQFieldElem[4//27, 0, 0, 0, 0, 0, 0, 0, 0, 0, 0, 0, -4//27, 0, 0, 0],
	[19, 19, 19, 19, 1, 1, 1, 8, 1, 1] => QQFieldElem[0, 0, 64, 0, 0, 0, -64, 0, 0, 0, -64, 0, 0, 0, 0, 0],
	[19, 19, 19, 19, 19, 2, 2, 14, 1, 2] => QQFieldElem[0, 0, 1//12, 0, 0, 0, 1//12, 0, 0, 0, -1//12, 0, 0, 0, 0, 0],
	[19, 19, 19, 19, 7, 1, 1, 20, 1, 1] => QQFieldElem[-1//3, 0, 0, 0, 0, 0, 0, 0, 2//3, 0, 0, 0, -1//3, 0, 0, 0],
	[19, 19, 19, 19, 7, 1, 1, 6, 1, 1] => QQFieldElem[1//6, 0, 0, 0, 0, 0, 0, 0, 0, 0, 0, 0, 0, 0, 0, 0],
	[19, 19, 19, 19, 6, 1, 1, 14, 2, 1] => QQFieldElem[0, 0, 0, 0, -2//27, 0, 0, 0, 2//27, 0, 0, 0, 0, 0, 0, 0],
	[19, 19, 19, 19, 14, 2, 1, 19, 1, 1] => QQFieldElem[0, 0, 0, 0, 0, 0, 0, 0, 0, 0, 0, 0, 0, 0, 0, 0],
	[19, 19, 19, 19, 14, 2, 1, 2, 1, 1] => QQFieldElem[3//2048, 0, 0, 0, 0, 0, 0, 0, 0, 0, 0, 0, 0, 0, 0, 0],
	[19, 19, 19, 19, 19, 1, 1, 7, 1, 1] => QQFieldElem[0, 0, 0, 0, 0, 0, 0, 0, 0, 0, 0, 0, 1//6, 0, 0, 0],
	[19, 19, 19, 19, 14, 2, 2, 20, 1, 1] => QQFieldElem[-1//2, 0, 0, 0, 0, 0, 0, 0, 1, 0, 0, 0, 1//2, 0, 0, 0],
	[19, 19, 19, 19, 5, 1, 1, 14, 2, 1] => QQFieldElem[-2//27, 0, 0, 0, 0, 0, 0, 0, 0, 0, 0, 0, 2//27, 0, 0, 0],
	[19, 19, 19, 19, 7, 1, 1, 19, 2, 2] => QQFieldElem[0, 0, 1//6, 0, 0, 0, 1//6, 0, 0, 0, -1//6, 0, 1//6, 0, 0, 0],
	[19, 19, 19, 19, 19, 1, 2, 5, 1, 1] => QQFieldElem[-1//48, 0, 0, 0, 0, 0, 0, 0, 0, 0, 0, 0, 0, 0, 0, 0],
	[19, 19, 19, 19, 1, 1, 1, 21, 1, 1] => QQFieldElem[256, 0, 0, 0, 0, 0, 0, 0, 0, 0, 0, 0, 0, 0, 0, 0],
	[19, 19, 19, 19, 14, 2, 2, 6, 1, 1] => QQFieldElem[0, 0, 0, 0, 0, 0, 0, 0, 0, 0, 0, 0, 1//2, 0, 0, 0],
	[19, 19, 19, 19, 8, 1, 1, 7, 1, 1] => QQFieldElem[1//8, 0, 0, 0, 0, 0, 0, 0, 0, 0, 0, 0, 0, 0, 0, 0],
	[19, 19, 19, 19, 14, 1, 1, 19, 1, 2] => QQFieldElem[0, 0, 1//6, 0, 0, 0, 1//6, 0, 0, 0, -1//6, 0, 1//6, 0, 0, 0],
	[19, 19, 19, 19, 19, 1, 2, 19, 2, 1] => QQFieldElem[128//3, 0, 0, 0, 0, 0, 0, 0, 0, 0, 0, 0, 0, 0, 0, 0],
	[19, 19, 19, 19, 14, 1, 1, 4, 1, 1] => QQFieldElem[0, 0, 0, 0, 0, 0, 0, 0, 0, 0, 0, 0, 0, 0, 0, 0],
	[19, 19, 19, 19, 21, 1, 1, 14, 2, 1] => QQFieldElem[0, 0, 0, 0, 0, 0, 0, 0, 0, 0, 0, 0, -2//3, 0, 0, 0],
	[19, 19, 19, 19, 14, 2, 2, 19, 2, 2] => QQFieldElem[0, 0, 0, 0, 0, 0, 0, 0, 0, 0, 0, 0, -1//4, 0, 0, 0],
	[19, 19, 19, 19, 19, 1, 2, 8, 1, 1] => QQFieldElem[0, 0, -1//2, 0, 0, 0, -1//2, 0, 0, 0, 1//2, 0, 1//6, 0, 0, 0],
	[19, 19, 19, 19, 4, 1, 1, 14, 2, 2] => QQFieldElem[0, 0, 0, 0, 0, 0, 0, 0, 0, 0, 0, 0, 0, 0, 0, 0],
	[19, 19, 19, 19, 9, 1, 1, 1, 1, 1] => QQFieldElem[0, 0, -3//8192, 0, 0, 0, 3//8192, 0, 0, 0, 3//8192, 0, 0, 0, 0, 0],
	[19, 19, 19, 19, 6, 1, 1, 5, 1, 1] => QQFieldElem[0, 0, -1//384, 0, 0, 0, 1//384, 0, 0, 0, 1//384, 0, 0, 0, 0, 0],
	[19, 19, 19, 19, 2, 1, 1, 19, 1, 1] => QQFieldElem[0, 0, 0, 0, 0, 0, 0, 0, 0, 0, 0, 0, 1//6, 0, 0, 0],
	[19, 19, 19, 19, 19, 2, 2, 19, 1, 2] => QQFieldElem[0, 0, 0, 0, 0, 0, 0, 0, 0, 0, 0, 0, 1//6, 0, 0, 0],
	[19, 19, 19, 19, 2, 1, 1, 2, 1, 1] => QQFieldElem[1//8, 0, 0, 0, 0, 0, 0, 0, 0, 0, 0, 0, 0, 0, 0, 0],
	[19, 19, 19, 19, 9, 1, 1, 9, 1, 1] => QQFieldElem[-1//8, 0, 0, 0, 0, 0, 0, 0, 0, 0, 0, 0, 0, 0, 0, 0],
	[19, 19, 19, 19, 6, 1, 1, 19, 2, 1] => QQFieldElem[0, 0, 0, 0, 0, 0, 0, 0, 0, 0, 0, 0, 0, 0, 0, 0],
	[19, 19, 19, 19, 5, 1, 1, 5, 1, 1] => QQFieldElem[27//2048, 0, 0, 0, 0, 0, 0, 0, 0, 0, 0, 0, 0, 0, 0, 0],
	[19, 19, 19, 19, 19, 2, 2, 4, 1, 1] => QQFieldElem[5//192, 0, 0, 0, 0, 0, 0, 0, 0, 0, 0, 0, 0, 0, 0, 0],
	[19, 19, 19, 19, 19, 1, 1, 14, 2, 1] => QQFieldElem[0, 0, 0, 0, -2//27, 0, 0, 0, -2//27, 0, 0, 0, 0, 0, 0, 0],
	[19, 19, 19, 19, 9, 1, 1, 14, 1, 2] => QQFieldElem[1//2, 0, 0, 0, 0, 0, 0, 0, 0, 0, 0, 0, 0, 0, 0, 0],
	[19, 19, 19, 19, 19, 2, 1, 1, 1, 1] => QQFieldElem[1//512, 0, 0, 0, 0, 0, 0, 0, 0, 0, 0, 0, 0, 0, 0, 0],
	[19, 19, 19, 19, 19, 1, 2, 21, 1, 1] => QQFieldElem[0, 0, 0, 0, 0, 0, 0, 0, 0, 0, 0, 0, 0, 0, 0, 0],
	[19, 19, 19, 19, 6, 1, 1, 8, 1, 1] => QQFieldElem[-1//6, 0, 0, 0, 0, 0, 0, 0, 0, 0, 0, 0, 0, 0, 0, 0],
	[19, 19, 19, 19, 14, 2, 1, 14, 2, 2] => QQFieldElem[-2//9, 0, 0, 0, 0, 0, 0, 0, 0, 0, 0, 0, -2//9, 0, 0, 0],
	[19, 19, 19, 19, 8, 1, 1, 14, 2, 1] => QQFieldElem[1//4, 0, -1//16, 0, 0, 0, 1//16, 0, 0, 0, 1//16, 0, 0, 0, 0, 0],
	[19, 19, 19, 19, 5, 1, 1, 19, 2, 1] => QQFieldElem[0, 0, 0, 0, 0, 0, 0, 0, 0, 0, 0, 0, 0, 0, 0, 0],
	[19, 19, 19, 19, 21, 1, 1, 5, 1, 1] => QQFieldElem[1//384, 0, 0, 0, 0, 0, 0, 0, 0, 0, 0, 0, 0, 0, 0, 0],
	[19, 19, 19, 19, 19, 2, 1, 9, 1, 1] => QQFieldElem[0, 0, -1//2, 0, 0, 0, -1//2, 0, 0, 0, 1//2, 0, 1//6, 0, 0, 0],
	[19, 19, 19, 19, 4, 1, 1, 20, 1, 1] => QQFieldElem[9//16, 0, 0, 0, 0, 0, 0, 0, 0, 0, 0, 0, 0, 0, 0, 0],
	[19, 19, 19, 19, 14, 1, 2, 7, 1, 1] => QQFieldElem[-1//2, 0, 1//4, 0, 0, 0, -1//4, 0, 0, 0, -1//4, 0, 0, 0, 0, 0],
	[19, 19, 19, 19, 4, 1, 1, 6, 1, 1] => QQFieldElem[0, 0, 9//64, 0, 0, 0, -9//64, 0, 0, 0, -9//64, 0, 0, 0, 0, 0],
	[19, 19, 19, 19, 19, 2, 1, 14, 1, 2] => QQFieldElem[0, 0, 0, 0, 0, 0, 0, 0, 0, 0, 0, 0, -9//64, 0, 0, 0],
	[19, 19, 19, 19, 20, 1, 1, 7, 1, 1] => QQFieldElem[-1//12, 0, 0, 0, 0, 0, 0, 0, 1//6, 0, 0, 0, -1//12, 0, 0, 0],
	[19, 19, 19, 19, 5, 1, 1, 8, 1, 1] => QQFieldElem[0, 0, -9//64, 0, 0, 0, 9//64, 0, 0, 0, 9//64, 0, 0, 0, 0, 0],
	[19, 19, 19, 19, 1, 1, 1, 14, 1, 1] => QQFieldElem[0, 0, 0, 0, 0, 0, 0, 0, 0, 0, 0, 0, 0, 0, 0, 0],
	[19, 19, 19, 19, 21, 1, 1, 19, 2, 1] => QQFieldElem[0, 0, 0, 0, 0, 0, 0, 0, 0, 0, 0, 0, 0, 0, 0, 0],
	[19, 19, 19, 19, 6, 1, 1, 21, 1, 1] => QQFieldElem[1//3, 0, 0, 0, 0, 0, 0, 0, -2//3, 0, 0, 0, -1//3, 0, 0, 0],
	[19, 19, 19, 19, 4, 1, 1, 19, 2, 2] => QQFieldElem[0, 0, 0, 0, 0, 0, 0, 0, 0, 0, 0, 0, 1//4, 0, 0, 0],
	[19, 19, 19, 19, 21, 1, 1, 8, 1, 1] => QQFieldElem[1//12, 0, 0, 0, 0, 0, 0, 0, -1//6, 0, 0, 0, -1//12, 0, 0, 0],
	[19, 19, 19, 19, 14, 2, 1, 20, 1, 1] => QQFieldElem[-1//2, 0, 0, 0, -1, 0, 0, 0, 0, 0, 0, 0, 1//2, 0, 0, 0],
	[19, 19, 19, 19, 19, 1, 1, 5, 1, 1] => QQFieldElem[5//192, 0, 0, 0, 0, 0, 0, 0, 0, 0, 0, 0, 0, 0, 0, 0],
	[19, 19, 19, 19, 7, 1, 1, 1, 1, 1] => QQFieldElem[0, 0, -1//2048, 0, 0, 0, 1//2048, 0, 0, 0, 1//2048, 0, 0, 0, 0, 0],
	[19, 19, 19, 19, 14, 2, 1, 6, 1, 1] => QQFieldElem[1//2, 0, -1//4, 0, 0, 0, 1//4, 0, 0, 0, 1//4, 0, 0, 0, 0, 0],
	[19, 19, 19, 19, 2, 1, 1, 14, 2, 2] => QQFieldElem[-1//9, 0, 0, 0, 0, 0, 0, 0, 0, 0, 0, 0, 1//9, 0, 0, 0],
	[19, 19, 19, 19, 5, 1, 1, 21, 1, 1] => QQFieldElem[9//16, 0, 0, 0, 0, 0, 0, 0, 0, 0, 0, 0, 0, 0, 0, 0],
	[19, 19, 19, 19, 8, 1, 1, 5, 1, 1] => QQFieldElem[0, 0, -1//512, 0, 0, 0, 1//512, 0, 0, 0, 1//512, 0, 0, 0, 0, 0],
	[19, 19, 19, 19, 7, 1, 1, 9, 1, 1] => QQFieldElem[-1//6, 0, 0, 0, 0, 0, 0, 0, 0, 0, 0, 0, 0, 0, 0, 0],
	[19, 19, 19, 19, 19, 1, 1, 19, 2, 1] => QQFieldElem[0, 0, 0, 0, 0, 0, 0, 0, 0, 0, 0, 0, 0, 0, 0, 0],
	[19, 19, 19, 19, 9, 1, 1, 19, 1, 2] => QQFieldElem[0, 0, 0, 0, 0, 0, 0, 0, 0, 0, 0, 0, 0, 0, 0, 0],
	[19, 19, 19, 19, 14, 1, 2, 14, 2, 1] => QQFieldElem[-1//8, 0, 0, 0, 0, 0, 0, 0, 0, 0, 0, 0, -1//8, 0, 0, 0],
	[19, 19, 19, 19, 14, 2, 1, 19, 2, 2] => QQFieldElem[1//4, 0, 0, 0, 0, 0, 0, 0, 0, 0, 0, 0, 0, 0, 0, 0],
	[19, 19, 19, 19, 14, 2, 2, 1, 1, 1] => QQFieldElem[0, 0, 0, 0, 0, 0, 0, 0, 0, 0, 0, 0, 0, 0, 0, 0],
	[19, 19, 19, 19, 21, 1, 1, 21, 1, 1] => QQFieldElem[0, 0, 0, 0, 0, 0, 0, 0, 0, 0, 0, 0, 0, 0, 0, 0],
	[19, 19, 19, 19, 7, 1, 1, 14, 1, 2] => QQFieldElem[-1//3, 0, 1//12, 0, 0, 0, -1//12, 0, 0, 0, -1//12, 0, 0, 0, 0, 0],
	[19, 19, 19, 19, 8, 1, 1, 19, 2, 1] => QQFieldElem[0, 0, -1//8, 0, 0, 0, -1//8, 0, 0, 0, 1//8, 0, 1//8, 0, 0, 0],
	[19, 19, 19, 19, 9, 1, 1, 4, 1, 1] => QQFieldElem[0, 0, -1//512, 0, 0, 0, 1//512, 0, 0, 0, 1//512, 0, 0, 0, 0, 0],
	[19, 19, 19, 19, 19, 1, 1, 8, 1, 1] => QQFieldElem[0, 0, 0, 0, 0, 0, 0, 0, 0, 0, 0, 0, 1//6, 0, 0, 0],
	[19, 19, 19, 19, 20, 1, 1, 14, 2, 1] => QQFieldElem[0, 0, 0, 0, 0, 0, 0, 0, 0, 0, 0, 0, 0, 0, 0, 0],
	[19, 19, 19, 19, 14, 2, 2, 9, 1, 1] => QQFieldElem[0, 0, 0, 0, 0, 0, 0, 0, 0, 0, 0, 0, -1//2, 0, 0, 0],
	[19, 19, 19, 19, 8, 1, 1, 8, 1, 1] => QQFieldElem[-1//8, 0, 0, 0, 0, 0, 0, 0, 0, 0, 0, 0, 0, 0, 0, 0],
	[19, 19, 19, 19, 19, 1, 2, 14, 1, 1] => QQFieldElem[2//27, 0, 0, 0, 0, 0, 0, 0, 0, 0, 0, 0, 2//27, 0, 0, 0],
	[19, 19, 19, 19, 19, 2, 1, 19, 1, 2] => QQFieldElem[9//32, 0, 0, 0, 0, 0, 0, 0, 0, 0, 0, 0, 0, 0, 0, 0],
	[19, 19, 19, 19, 14, 2, 2, 14, 1, 2] => QQFieldElem[-1//9, 0, -1//9, 0, 0, 0, 0, 0, 0, 0, 1//9, 0, -1//9, 0, 0, 0],
	[19, 19, 19, 19, 1, 1, 1, 19, 1, 1] => QQFieldElem[128//3, 0, 0, 0, 0, 0, 0, 0, 0, 0, 0, 0, 0, 0, 0, 0],
	[19, 19, 19, 19, 2, 1, 1, 20, 1, 1] => QQFieldElem[-256, 0, 0, 0, 0, 0, 0, 0, 0, 0, 0, 0, 0, 0, 0, 0],
	[19, 19, 19, 19, 19, 2, 1, 4, 1, 1] => QQFieldElem[-1//48, 0, 0, 0, 0, 0, 0, 0, 0, 0, 0, 0, 0, 0, 0, 0],
	[19, 19, 19, 19, 2, 1, 1, 6, 1, 1] => QQFieldElem[0, 0, 64, 0, 0, 0, -64, 0, 0, 0, -64, 0, 0, 0, 0, 0],
	[19, 19, 19, 19, 1, 1, 1, 2, 1, 1] => QQFieldElem[1//8, 0, 0, 0, 0, 0, 0, 0, 0, 0, 0, 0, 0, 0, 0, 0],
	[19, 19, 19, 19, 19, 1, 1, 21, 1, 1] => QQFieldElem[0, 0, 0, 0, 0, 0, 0, 0, 0, 0, 0, 0, 0, 0, 0, 0],
	[19, 19, 19, 19, 8, 1, 1, 21, 1, 1] => QQFieldElem[1//4, 0, 0, 0, 0, 0, 0, 0, -1//2, 0, 0, 0, -1//4, 0, 0, 0],
	[19, 19, 19, 19, 14, 1, 1, 7, 1, 1] => QQFieldElem[0, 0, 0, 0, 0, 0, 0, 0, 0, 0, 0, 0, -1//2, 0, 0, 0],
	[19, 19, 19, 19, 6, 1, 1, 14, 1, 1] => QQFieldElem[2//27, 0, 0, 0, 2//27, 0, 0, 0, -2//27, 0, 0, 0, -2//27, 0, 0, 0],
	[19, 19, 19, 19, 14, 1, 2, 5, 1, 1] => QQFieldElem[-1//128, 0, 0, 0, 0, 0, 0, 0, 0, 0, 0, 0, 0, 0, 0, 0],
	[19, 19, 19, 19, 2, 1, 1, 19, 2, 2] => QQFieldElem[0, 0, 0, 0, 0, 0, 0, 0, 0, 0, 0, 0, 1//8, 0, 0, 0],
	[19, 19, 19, 19, 20, 1, 1, 5, 1, 1] => QQFieldElem[1//384, 0, 0, 0, 0, 0, 0, 0, 0, 0, 0, 0, 0, 0, 0, 0],
	[19, 19, 19, 19, 14, 1, 2, 19, 2, 1] => QQFieldElem[0, 0, 0, 0, 0, 0, 0, 0, 0, 0, 0, 0, 0, 0, 0, 0],
	[19, 19, 19, 19, 5, 1, 1, 14, 1, 1] => QQFieldElem[-14//27, 0, 0, 0, 0, 0, 0, 0, 0, 0, 0, 0, 14//27, 0, 0, 0],
	[19, 19, 19, 19, 7, 1, 1, 19, 1, 2] => QQFieldElem[0, 0, -1//6, 0, 0, 0, -1//6, 0, 0, 0, 1//6, 0, 1//6, 0, 0, 0],
	[19, 19, 19, 19, 4, 1, 1, 1, 1, 1] => QQFieldElem[-27//32768, 0, 0, 0, 0, 0, 0, 0, 0, 0, 0, 0, 0, 0, 0, 0],
	[19, 19, 19, 19, 20, 1, 1, 19, 2, 1] => QQFieldElem[0, 0, 0, 0, 0, 0, 0, 0, 0, 0, 0, 0, -3//4, 0, 0, 0],
	[19, 19, 19, 19, 7, 1, 1, 4, 1, 1] => QQFieldElem[0, 0, -1//384, 0, 0, 0, 1//384, 0, 0, 0, 1//384, 0, 0, 0, 0, 0],
	[19, 19, 19, 19, 14, 1, 2, 8, 1, 1] => QQFieldElem[1//2, 0, -1//4, 0, 0, 0, 1//4, 0, 0, 0, 1//4, 0, 0, 0, 0, 0],
	[19, 19, 19, 19, 19, 2, 2, 7, 1, 1] => QQFieldElem[0, 0, 0, 0, 0, 0, 0, 0, 0, 0, 0, 0, 1//6, 0, 0, 0],
	[19, 19, 19, 19, 19, 1, 2, 19, 1, 1] => QQFieldElem[0, 0, 0, 0, 0, 0, 0, 0, 0, 0, 0, 0, 0, 0, 0, 0])