Dict(
	[19, 20, 12, 13, 18, 1, 1, 7, 1, 1] => QQFieldElem[1//2, 0, 0, 0, 0, 0, 0, 0, -1//2, 0, 0, 0, 1//6, 0, 0, 0],
	[19, 20, 12, 13, 13, 1, 1, 5, 1, 1] => QQFieldElem[0, 0, 0, 0, -256//9, 0, 256//9, 0, 0, 0, 0, 0, 256//9, 0, 0, 0],
	[19, 20, 12, 13, 13, 1, 1, 19, 1, 1] => QQFieldElem[-512//9, 0, 0, 0, 0, 0, 0, 0, 0, 0, 512//9, 0, 0, 0, 0, 0],
	[19, 20, 12, 13, 10, 1, 1, 20, 1, 1] => QQFieldElem[3//2, 0, 0, 0, 0, 0, 0, 0, -3//4, 0, 0, 0, 0, 0, 0, 0],
	[19, 20, 12, 13, 11, 1, 1, 21, 1, 1] => QQFieldElem[512//9, 0, 0, 0, 0, 0, 0, 0, 0, 0, 512//9, 0, 0, 0, 0, 0],
	[19, 20, 12, 13, 10, 1, 1, 6, 1, 1] => QQFieldElem[-3//8, 0, 0, 0, 0, 0, 0, 0, 3//8, 0, 0, 0, 0, 0, 0, 0],
	[19, 20, 12, 13, 15, 1, 1, 21, 1, 1] => QQFieldElem[3//2, 0, 0, 0, 0, 0, 0, 0, -3//4, 0, 0, 0, 0, 0, 0, 0],
	[19, 20, 12, 13, 18, 1, 1, 20, 1, 1] => QQFieldElem[0, 0, 0, -1//3, 0, 0, 0, 0, 0, 0, 0, 1//3, 0, 1//3, 0, 0],
	[19, 20, 12, 13, 16, 1, 1, 5, 1, 1] => QQFieldElem[0, 0, 0, 0, 0, 0, 0, 0, 0, 0, 0, 0, 1//6, 0, 0, 0],
	[19, 20, 12, 13, 11, 1, 1, 21, 2, 1] => QQFieldElem[-512//9, 0, 0, 0, 0, 0, 0, 0, 0, 0, 512//9, 0, 0, 0, 0, 0],
	[19, 20, 12, 13, 18, 1, 1, 6, 1, 1] => QQFieldElem[1//2, 0, 0, 0, 0, 0, 0, 0, -1//2, 0, 0, 0, -1//6, 0, 0, 0],
	[19, 20, 12, 13, 16, 1, 1, 19, 1, 1] => QQFieldElem[0, 0, 0, 0, 0, 0, 0, -1//3, 0, 1//3, 0, 0, 0, 0, 0, 1//3],
	[19, 20, 12, 13, 15, 1, 1, 21, 2, 1] => QQFieldElem[-1//2, 0, 0, 0, 0, 0, 0, 0, 3//4, 0, 0, 0, 0, 0, 0, 0],
	[19, 20, 12, 13, 17, 1, 1, 21, 1, 1] => QQFieldElem[0, 0, 0, -1//3, 0, 1//3, 0, 0, 0, 0, 0, 0, 0, 0, 0, 0],
	[19, 20, 12, 13, 12, 1, 1, 5, 1, 1] => QQFieldElem[0, 0, 0, 0, -256//9, 0, -256//9, 0, 0, 0, 0, 0, 256//9, 0, 0, 0],
	[19, 20, 12, 13, 10, 1, 1, 4, 1, 1] => QQFieldElem[-3//8, 0, 0, 0, 0, 0, 0, 0, 3//8, 0, 0, 0, 0, 0, 0, 0],
	[19, 20, 12, 13, 12, 1, 1, 19, 1, 1] => QQFieldElem[512//9, 0, 0, 0, 0, 0, 0, 0, 0, 0, 512//9, 0, 0, 0, 0, 0],
	[19, 20, 12, 13, 17, 1, 1, 21, 2, 1] => QQFieldElem[0, 0, 0, 0, 0, -1//3, 0, 0, 0, 0, 0, 1//3, 0, 1//3, 0, 0],
	[19, 20, 12, 13, 18, 1, 1, 4, 1, 1] => QQFieldElem[-1//2, 0, 0, 0, 0, 0, 0, 0, 1//2, 0, 0, 0, -1//6, 0, 0, 0],
	[19, 20, 12, 13, 11, 1, 1, 7, 1, 1] => QQFieldElem[-1//8, 0, 0, 0, 0, 0, 0, 0, 5//8, 0, 0, 0, 0, 0, 0, 0],
	[19, 20, 12, 13, 15, 1, 1, 7, 1, 1] => QQFieldElem[0, 0, 0, 0, 0, 0, 0, 0, 0, 0, 0, 0, 1//6, 0, 0, 0],
	[19, 20, 12, 13, 13, 1, 1, 21, 1, 1] => QQFieldElem[0, 1//3, 0, 0, 0, 0, 0, -1//3, 0, 0, 0, 0, 0, 0, 0, 0],
	[19, 20, 12, 13, 13, 1, 1, 21, 2, 1] => QQFieldElem[0, 1//3, 0, 0, 0, 0, 0, -1//3, 0, 0, 0, 0, 0, 0, 0, 0],
	[19, 20, 12, 13, 17, 1, 1, 7, 1, 1] => QQFieldElem[-1//2, 0, 0, 0, 0, 0, 0, 0, 1//2, 0, 0, 0, 1//6, 0, 0, 0],
	[19, 20, 12, 13, 11, 1, 1, 20, 1, 1] => QQFieldElem[-1//2, 0, 0, 0, 0, 0, 0, 0, 3//4, 0, 0, 0, 0, 0, 0, 0],
	[19, 20, 12, 13, 15, 1, 1, 20, 1, 1] => QQFieldElem[0, 0, 0, 1//3, 0, -1//3, 0, 0, 0, 0, 0, 0, 0, 0, 0, 0],
	[19, 20, 12, 13, 11, 1, 1, 6, 1, 1] => QQFieldElem[-1//8, 0, 0, 0, 0, 0, 0, 0, 5//8, 0, 0, 0, 0, 0, 0, 0],
	[19, 20, 12, 13, 16, 1, 1, 21, 1, 1] => QQFieldElem[-512//9, 0, 0, 0, 0, 0, 0, 0, 0, 0, -512//9, 0, 0, 0, 0, 0],
	[19, 20, 12, 13, 15, 1, 1, 6, 1, 1] => QQFieldElem[0, 0, 0, 0, 0, 0, 0, 0, 0, 0, 0, 0, -1//6, 0, 0, 0],
	[19, 20, 12, 13, 10, 1, 1, 5, 1, 1] => QQFieldElem[-3//8, 0, 0, 0, 0, 0, 0, 0, 3//8, 0, 0, 0, 0, 0, 0, 0],
	[19, 20, 12, 13, 12, 1, 1, 21, 1, 1] => QQFieldElem[0, -1//3, 0, 0, 0, 0, 0, 0, 0, 1//3, 0, 0, 0, 0, 0, 1//3],
	[19, 20, 12, 13, 16, 1, 1, 21, 2, 1] => QQFieldElem[512//9, 0, 0, 0, 0, 0, 0, 0, 0, 0, -512//9, 0, 0, 0, 0, 0],
	[19, 20, 12, 13, 17, 1, 1, 20, 1, 1] => QQFieldElem[0, 0, 0, -1//3, 0, 0, 0, 0, 0, 0, 0, 1//3, 0, 1//3, 0, 0],
	[19, 20, 12, 13, 13, 1, 1, 7, 1, 1] => QQFieldElem[0, 0, 0, 0, 256//9, 0, -256//9, 0, 0, 0, 0, 0, -256//9, 0, 0, 0],
	[19, 20, 12, 13, 10, 1, 1, 19, 1, 1] => QQFieldElem[3//2, 0, 0, 0, 0, 0, 0, 0, -3//4, 0, 0, 0, 0, 0, 0, 0],
	[19, 20, 12, 13, 11, 1, 1, 4, 1, 1] => QQFieldElem[-1//8, 0, 0, 0, 0, 0, 0, 0, 5//8, 0, 0, 0, 0, 0, 0, 0],
	[19, 20, 12, 13, 18, 1, 1, 5, 1, 1] => QQFieldElem[-1//2, 0, 0, 0, 0, 0, 0, 0, 1//2, 0, 0, 0, 1//6, 0, 0, 0],
	[19, 20, 12, 13, 17, 1, 1, 6, 1, 1] => QQFieldElem[-1//2, 0, 0, 0, 0, 0, 0, 0, 1//2, 0, 0, 0, -1//6, 0, 0, 0],
	[19, 20, 12, 13, 12, 1, 1, 21, 2, 1] => QQFieldElem[0, 0, 0, 0, 0, 0, 0, 1//3, 0, -1//3, 0, 0, 0, 0, 0, -1//3],
	[19, 20, 12, 13, 15, 1, 1, 4, 1, 1] => QQFieldElem[0, 0, 0, 0, 0, 0, 0, 0, 0, 0, 0, 0, -1//6, 0, 0, 0],
	[19, 20, 12, 13, 18, 1, 1, 19, 1, 1] => QQFieldElem[0, -1//3, 0, 0, 0, 0, 0, 1//3, 0, 0, 0, 0, 0, 0, 0, 0],
	[19, 20, 12, 13, 17, 1, 1, 4, 1, 1] => QQFieldElem[1//2, 0, 0, 0, 0, 0, 0, 0, -1//2, 0, 0, 0, -1//6, 0, 0, 0],
	[19, 20, 12, 13, 16, 1, 1, 7, 1, 1] => QQFieldElem[0, 0, 0, 0, 0, 0, 0, 0, 0, 0, 0, 0, 1//6, 0, 0, 0],
	[19, 20, 12, 13, 13, 1, 1, 20, 1, 1] => QQFieldElem[512//9, 0, 0, 0, 0, 0, 0, 0, 0, 0, -512//9, 0, 0, 0, 0, 0],
	[19, 20, 12, 13, 13, 1, 1, 6, 1, 1] => QQFieldElem[0, 0, 0, 0, -256//9, 0, 256//9, 0, 0, 0, 0, 0, 256//9, 0, 0, 0],
	[19, 20, 12, 13, 12, 1, 1, 7, 1, 1] => QQFieldElem[0, 0, 0, 0, 256//9, 0, 256//9, 0, 0, 0, 0, 0, -256//9, 0, 0, 0],
	[19, 20, 12, 13, 16, 1, 1, 20, 1, 1] => QQFieldElem[0, 0, 0, 0, 0, 1//3, 0, 0, 0, 0, 0, -1//3, 0, -1//3, 0, 0],
	[19, 20, 12, 13, 13, 1, 1, 4, 1, 1] => QQFieldElem[0, 0, 0, 0, 256//9, 0, -256//9, 0, 0, 0, 0, 0, -256//9, 0, 0, 0],
	[19, 20, 12, 13, 16, 1, 1, 6, 1, 1] => QQFieldElem[0, 0, 0, 0, 0, 0, 0, 0, 0, 0, 0, 0, -1//6, 0, 0, 0],
	[19, 20, 12, 13, 10, 1, 1, 21, 1, 1] => QQFieldElem[3//2, 0, 0, 0, 0, 0, 0, 0, -3//4, 0, 0, 0, 0, 0, 0, 0],
	[19, 20, 12, 13, 12, 1, 1, 20, 1, 1] => QQFieldElem[-512//9, 0, 0, 0, 0, 0, 0, 0, 0, 0, -512//9, 0, 0, 0, 0, 0],
	[19, 20, 12, 13, 11, 1, 1, 5, 1, 1] => QQFieldElem[-1//8, 0, 0, 0, 0, 0, 0, 0, 5//8, 0, 0, 0, 0, 0, 0, 0],
	[19, 20, 12, 13, 18, 1, 1, 21, 1, 1] => QQFieldElem[0, 0, 0, 1//3, 0, 0, 0, 0, 0, 0, 0, -1//3, 0, -1//3, 0, 0],
	[19, 20, 12, 13, 12, 1, 1, 6, 1, 1] => QQFieldElem[0, 0, 0, 0, -256//9, 0, -256//9, 0, 0, 0, 0, 0, 256//9, 0, 0, 0],
	[19, 20, 12, 13, 11, 1, 1, 19, 1, 1] => QQFieldElem[-1//2, 0, 0, 0, 0, 0, 0, 0, 3//4, 0, 0, 0, 0, 0, 0, 0],
	[19, 20, 12, 13, 15, 1, 1, 5, 1, 1] => QQFieldElem[0, 0, 0, 0, 0, 0, 0, 0, 0, 0, 0, 0, 1//6, 0, 0, 0],
	[19, 20, 12, 13, 10, 1, 1, 21, 2, 1] => QQFieldElem[-1//2, 0, 0, 0, 0, 0, 0, 0, 3//4, 0, 0, 0, 0, 0, 0, 0],
	[19, 20, 12, 13, 15, 1, 1, 19, 1, 1] => QQFieldElem[0, 1//3, 0, 0, 0, 0, 0, 0, 0, -1//3, 0, 0, 0, 0, 0, -1//3],
	[19, 20, 12, 13, 16, 1, 1, 4, 1, 1] => QQFieldElem[0, 0, 0, 0, 0, 0, 0, 0, 0, 0, 0, 0, -1//6, 0, 0, 0],
	[19, 20, 12, 13, 18, 1, 1, 21, 2, 1] => QQFieldElem[0, 0, 0, 1//3, 0, 0, 0, 0, 0, 0, 0, -1//3, 0, -1//3, 0, 0],
	[19, 20, 12, 13, 17, 1, 1, 5, 1, 1] => QQFieldElem[1//2, 0, 0, 0, 0, 0, 0, 0, -1//2, 0, 0, 0, 1//6, 0, 0, 0],
	[19, 20, 12, 13, 12, 1, 1, 4, 1, 1] => QQFieldElem[0, 0, 0, 0, 256//9, 0, 256//9, 0, 0, 0, 0, 0, -256//9, 0, 0, 0],
	[19, 20, 12, 13, 17, 1, 1, 19, 1, 1] => QQFieldElem[0, -1//3, 0, 0, 0, 0, 0, 1//3, 0, 0, 0, 0, 0, 0, 0, 0],
	[19, 20, 12, 13, 10, 1, 1, 7, 1, 1] => QQFieldElem[-3//8, 0, 0, 0, 0, 0, 0, 0, 3//8, 0, 0, 0, 0, 0, 0, 0])