Dict(
	[20, 15, 14, 11, 11, 1, 1, 18, 1, 1] => QQFieldElem[0, 0, 0, 0, 0, 0, 0, 0, 0, 0, 0, 0, 0, 0, 0, 0],
	[20, 15, 14, 11, 12, 1, 1, 15, 1, 1] => QQFieldElem[0, 0, 0, 0, 0, 0, 0, 0, 0, 0, 0, 0, 0, 0, 0, 0],
	[20, 15, 14, 11, 17, 1, 1, 16, 1, 1] => QQFieldElem[0, 0, 0, 0, 0, 0, 0, 0, 0, 0, 0, 0, 0, 0, 0, 0],
	[20, 15, 14, 11, 11, 1, 1, 17, 1, 1] => QQFieldElem[0, 0, 0, 0, 0, 0, 0, 0, 0, 0, 0, 0, 0, 0, 0, 0],
	[20, 15, 14, 11, 12, 1, 1, 12, 1, 1] => QQFieldElem[0, 0, 0, 0, 0, 0, 0, 0, 0, 0, 0, 0, 0, 0, 0, 0],
	[20, 15, 14, 11, 15, 1, 1, 18, 1, 1] => QQFieldElem[-1//4, -1//4, 0, 0, 0, -1//4, -1//4, 0, 0, 1//4, 1//4, 0, -1//4, 0, 1//4, 0],
	[20, 15, 14, 11, 10, 1, 1, 15, 1, 1] => QQFieldElem[0, 0, 0, 0, 0, 0, 0, 0, 0, 0, -3//4, 0, 0, 0, 0, 0],
	[20, 15, 14, 11, 13, 1, 1, 11, 1, 1] => QQFieldElem[0, 0, 0, 0, 0, 0, 0, 0, 0, 0, 0, 0, 0, 0, 0, 0],
	[20, 15, 14, 11, 15, 1, 1, 17, 1, 1] => QQFieldElem[1//4, 1//4, 0, 0, 0, -1//4, -1//4, 0, 0, -1//4, -1//4, 0, -1//4, 0, 1//4, 0],
	[20, 15, 14, 11, 11, 1, 1, 11, 1, 1] => QQFieldElem[0, 0, 0, 0, -3, 0, 0, 0, 0, 0, 0, 0, 0, 0, 0, 0],
	[20, 15, 14, 11, 10, 1, 1, 12, 1, 1] => QQFieldElem[0, 0, 0, 0, 0, 0, 0, 0, 0, 0, -3//4, 0, 0, 0, 0, 0],
	[20, 15, 14, 11, 12, 1, 1, 16, 1, 1] => QQFieldElem[0, 0, 0, -1//4, 0, -1//4, 0, 0, 0, 0, 0, 1//4, -1//4, 0, 0, 0],
	[20, 15, 14, 11, 15, 1, 1, 11, 1, 1] => QQFieldElem[0, 0, 0, -1//4, 0, 1//4, 0, 0, 0, 0, 0, 1//4, 1//4, 0, 0, 0],
	[20, 15, 14, 11, 13, 1, 1, 15, 1, 1] => QQFieldElem[0, 0, 0, 0, 0, -1//4, 0, -1//4, 0, 0, 0, 0, 1//4, 0, 0, 0],
	[20, 15, 14, 11, 17, 1, 1, 18, 1, 1] => QQFieldElem[1//4, 1//4, 0, 0, 0, 1//4, -1//4, 0, 0, -1//4, 1//4, 0, -1//4, 0, 1//4, 0],
	[20, 15, 14, 11, 10, 1, 1, 16, 1, 1] => QQFieldElem[0, 0, 0, 0, 0, 0, 0, 0, 0, 0, -3//4, 0, 0, 0, 0, 0],
	[20, 15, 14, 11, 13, 1, 1, 12, 1, 1] => QQFieldElem[0, 0, 0, 0, 0, 1//4, 0, 1//4, 0, 0, 0, 0, -1//4, 0, 0, 0],
	[20, 15, 14, 11, 11, 1, 1, 15, 1, 1] => QQFieldElem[0, 0, 0, 0, 3, 0, 0, 0, 0, 0, 0, 0, 0, 0, 0, 0],
	[20, 15, 14, 11, 17, 1, 1, 17, 1, 1] => QQFieldElem[-1//4, 1//4, 0, 0, 0, -1//4, 1//4, 0, 0, -1//4, 1//4, 0, -1//4, 0, -1//4, 0],
	[20, 15, 14, 11, 11, 1, 1, 12, 1, 1] => QQFieldElem[0, 0, 0, 0, 3, 0, 0, 0, 0, 0, 0, 0, 0, 0, 0, 0],
	[20, 15, 14, 11, 15, 1, 1, 15, 1, 1] => QQFieldElem[0, 0, 0, 0, 0, 0, 0, 0, 0, 0, 0, 0, 0, 0, 0, 0],
	[20, 15, 14, 11, 12, 1, 1, 18, 1, 1] => QQFieldElem[-1//4, 1//4, 0, 0, 0, 1//4, 1//4, 0, 0, -1//4, -1//4, 0, -1//4, 0, -1//4, 0],
	[20, 15, 14, 11, 13, 1, 1, 16, 1, 1] => QQFieldElem[0, 0, 0, 0, 0, 0, 0, 0, 0, 0, 0, 0, 0, 0, 0, 0],
	[20, 15, 14, 11, 17, 1, 1, 11, 1, 1] => QQFieldElem[0, 0, 0, 0, 0, 0, 0, 0, 0, 0, 0, 0, 0, 0, 0, 0],
	[20, 15, 14, 11, 15, 1, 1, 12, 1, 1] => QQFieldElem[0, 0, 0, 0, 0, 0, 0, 0, 0, 0, 0, 0, 0, 0, 0, 0],
	[20, 15, 14, 11, 12, 1, 1, 17, 1, 1] => QQFieldElem[1//4, -1//4, 0, 0, 0, 1//4, 1//4, 0, 0, 1//4, 1//4, 0, -1//4, 0, -1//4, 0],
	[20, 15, 14, 11, 11, 1, 1, 16, 1, 1] => QQFieldElem[0, 0, 0, 0, -3, 0, 0, 0, 0, 0, 0, 0, 0, 0, 0, 0],
	[20, 15, 14, 11, 10, 1, 1, 18, 1, 1] => QQFieldElem[0, 0, 0, 0, 0, 0, 0, 0, 0, 0, 0, 0, 0, 0, 0, 0],
	[20, 15, 14, 11, 12, 1, 1, 11, 1, 1] => QQFieldElem[0, 0, 0, 1//4, 0, 1//4, 0, 0, 0, 0, 0, -1//4, 1//4, 0, 0, 0],
	[20, 15, 14, 11, 10, 1, 1, 17, 1, 1] => QQFieldElem[0, 0, 0, 0, 0, 0, 0, 0, 0, 0, 0, 0, 0, 0, 0, 0],
	[20, 15, 14, 11, 17, 1, 1, 15, 1, 1] => QQFieldElem[0, 0, 0, 0, 0, -1//4, 0, 1//4, 0, 0, 0, 0, 1//4, 0, 0, 0],
	[20, 15, 14, 11, 15, 1, 1, 16, 1, 1] => QQFieldElem[0, 0, 0, 1//4, 0, -1//4, 0, 0, 0, 0, 0, -1//4, -1//4, 0, 0, 0],
	[20, 15, 14, 11, 13, 1, 1, 18, 1, 1] => QQFieldElem[1//4, -1//4, 0, 0, 0, -1//4, 1//4, 0, 0, 1//4, -1//4, 0, -1//4, 0, -1//4, 0],
	[20, 15, 14, 11, 17, 1, 1, 12, 1, 1] => QQFieldElem[0, 0, 0, 0, 0, 1//4, 0, -1//4, 0, 0, 0, 0, -1//4, 0, 0, 0],
	[20, 15, 14, 11, 10, 1, 1, 11, 1, 1] => QQFieldElem[0, 0, 0, 0, 0, 0, 0, 0, 0, 0, -3//4, 0, 0, 0, 0, 0],
	[20, 15, 14, 11, 13, 1, 1, 17, 1, 1] => QQFieldElem[-1//4, -1//4, 0, 0, 0, 1//4, -1//4, 0, 0, 1//4, -1//4, 0, -1//4, 0, 1//4, 0])