Dict(
	[20, 20, 4, 20, 20, 2, 1, 20, 2, 1] => QQFieldElem[-2//3, 0, 0, 0, 0, 0, 0, 0, 0, 0, 0, 0, 0, 0, 0, 0],
	[20, 20, 4, 20, 21, 1, 1, 19, 1, 1] => QQFieldElem[2//3, 0, 0, 0, 0, 0, 0, 0, 0, 0, 0, 0, 0, 0, 0, 0],
	[20, 20, 4, 20, 19, 1, 1, 20, 1, 1] => QQFieldElem[-1//3, 0, 0, 0, 0, 0, 0, 0, -1//6, 0, 0, 0, 0, 0, 0, 0],
	[20, 20, 4, 20, 21, 1, 1, 21, 1, 1] => QQFieldElem[-8//21, 0, 0, 0, 0, 0, 0, 0, 5//21, 0, 0, 0, 0, 0, 0, 0],
	[20, 20, 4, 20, 19, 1, 1, 20, 2, 1] => QQFieldElem[1//3, 0, 0, 0, 0, 0, 0, 0, 0, 0, 0, 0, 0, 0, 0, 0],
	[20, 20, 4, 20, 20, 1, 1, 19, 1, 1] => QQFieldElem[-8//21, 0, 0, 0, 0, 0, 0, 0, -4//21, 0, 0, 0, 0, 0, 0, 0],
	[20, 20, 4, 20, 20, 1, 1, 21, 1, 1] => QQFieldElem[-4//7, 0, 0, 0, 0, 0, 0, 0, 4//21, 0, 0, 0, 0, 0, 0, 0],
	[20, 20, 4, 20, 21, 1, 1, 20, 1, 1] => QQFieldElem[1//3, 0, 0, 0, 0, 0, 0, 0, 0, 0, 0, 0, 0, 0, 0, 0],
	[20, 20, 4, 20, 20, 2, 1, 19, 1, 1] => QQFieldElem[-8//21, 0, 0, 0, 0, 0, 0, 0, -4//21, 0, 0, 0, 0, 0, 0, 0],
	[20, 20, 4, 20, 20, 2, 1, 21, 1, 1] => QQFieldElem[-4//7, 0, 0, 0, 0, 0, 0, 0, 4//21, 0, 0, 0, 0, 0, 0, 0],
	[20, 20, 4, 20, 21, 1, 1, 20, 2, 1] => QQFieldElem[-1//2, 0, 0, 0, 0, 0, 0, 0, 1//6, 0, 0, 0, 0, 0, 0, 0],
	[20, 20, 4, 20, 20, 1, 1, 20, 1, 1] => QQFieldElem[-2//3, 0, 0, 0, 0, 0, 0, 0, 0, 0, 0, 0, 0, 0, 0, 0],
	[20, 20, 4, 20, 20, 2, 1, 20, 1, 1] => QQFieldElem[-1//2, 0, 0, 0, 0, 0, 0, 0, 1//6, 0, 0, 0, 0, 0, 0, 0],
	[20, 20, 4, 20, 19, 1, 1, 19, 1, 1] => QQFieldElem[-1//7, 0, 0, 0, 0, 0, 0, 0, -5//21, 0, 0, 0, 0, 0, 0, 0],
	[20, 20, 4, 20, 19, 1, 1, 21, 1, 1] => QQFieldElem[2//3, 0, 0, 0, 0, 0, 0, 0, 0, 0, 0, 0, 0, 0, 0, 0],
	[20, 20, 4, 20, 20, 1, 1, 20, 2, 1] => QQFieldElem[-1//3, 0, 0, 0, 0, 0, 0, 0, -1//6, 0, 0, 0, 0, 0, 0, 0])