Dict(
	[20, 16, 14, 13, 12, 1, 1, 10, 1, 1] => QQFieldElem[0, -1//4, 0, -1//4, 0, 0, 0, 0, 0, 1//4, 0, 1//4, 1//4, 0, 0, 0],
	[20, 16, 14, 13, 16, 1, 1, 17, 1, 1] => QQFieldElem[1//4, -1//4, 0, 0, 0, 1//4, -1//4, 0, 0, 1//4, 1//4, 0, -1//4, 0, 1//4, 0],
	[20, 16, 14, 13, 11, 1, 1, 15, 1, 1] => QQFieldElem[0, 0, 0, 0, -9//4, 0, 0, 0, 0, 0, 0, 0, 0, 0, 0, 0],
	[20, 16, 14, 13, 12, 1, 1, 18, 1, 1] => QQFieldElem[-1//4, -1//4, 0, 0, 0, -1//4, -1//4, 0, 0, 1//4, -1//4, 0, -1//4, 0, 1//4, 0],
	[20, 16, 14, 13, 13, 1, 1, 16, 1, 1] => QQFieldElem[0, 0, 0, 0, 0, 0, 0, 0, 0, 0, 0, 0, 0, 0, 0, 0],
	[20, 16, 14, 13, 18, 1, 1, 16, 1, 1] => QQFieldElem[0, 0, 0, 0, 0, 0, 0, 0, 0, 0, 0, 0, 0, 0, 0, 0],
	[20, 16, 14, 13, 10, 1, 1, 10, 1, 1] => QQFieldElem[0, 0, 0, 0, 0, 0, 0, 0, 0, 0, 3//4, 0, 0, 0, 0, 0],
	[20, 16, 14, 13, 16, 1, 1, 13, 1, 1] => QQFieldElem[0, 0, 0, 0, 0, 0, 0, 0, 0, 0, 0, 0, 0, 0, 0, 0],
	[20, 16, 14, 13, 12, 1, 1, 17, 1, 1] => QQFieldElem[1//4, 1//4, 0, 0, 0, -1//4, 1//4, 0, 0, -1//4, -1//4, 0, -1//4, 0, -1//4, 0],
	[20, 16, 14, 13, 11, 1, 1, 16, 1, 1] => QQFieldElem[0, 0, 0, 0, 9//4, 0, 0, 0, 0, 0, 0, 0, 0, 0, 0, 0],
	[20, 16, 14, 13, 10, 1, 1, 18, 1, 1] => QQFieldElem[0, 0, 0, 0, 0, 0, 0, 0, 0, 0, 0, 0, 0, 0, 0, 0],
	[20, 16, 14, 13, 13, 1, 1, 10, 1, 1] => QQFieldElem[0, 0, 0, 0, 0, 0, 0, 0, 0, 0, 0, 0, 0, 0, 0, 0],
	[20, 16, 14, 13, 18, 1, 1, 10, 1, 1] => QQFieldElem[0, 0, 0, 0, 0, 0, 0, 0, 0, 0, 0, 0, 0, 0, 0, 0],
	[20, 16, 14, 13, 16, 1, 1, 15, 1, 1] => QQFieldElem[0, 0, 0, 0, 0, 0, 0, 0, 0, 0, 0, 0, 0, 0, 0, 0],
	[20, 16, 14, 13, 10, 1, 1, 17, 1, 1] => QQFieldElem[0, 0, 0, 0, 0, 0, 0, 0, 0, 0, 0, 0, 0, 0, 0, 0],
	[20, 16, 14, 13, 11, 1, 1, 10, 1, 1] => QQFieldElem[0, 0, 0, 0, 9//4, 0, 0, 0, 0, 0, 0, 0, 0, 0, 0, 0],
	[20, 16, 14, 13, 12, 1, 1, 13, 1, 1] => QQFieldElem[0, 0, 0, 0, 0, 0, 0, 0, 0, 0, 0, 0, 0, 0, 0, 0],
	[20, 16, 14, 13, 13, 1, 1, 18, 1, 1] => QQFieldElem[1//4, 1//4, 0, 0, 0, 1//4, -1//4, 0, 0, -1//4, -1//4, 0, -1//4, 0, 1//4, 0],
	[20, 16, 14, 13, 18, 1, 1, 18, 1, 1] => QQFieldElem[1//4, -1//4, 0, 0, 0, -1//4, 1//4, 0, 0, 1//4, 1//4, 0, -1//4, 0, -1//4, 0],
	[20, 16, 14, 13, 13, 1, 1, 17, 1, 1] => QQFieldElem[-1//4, 1//4, 0, 0, 0, -1//4, -1//4, 0, 0, -1//4, 1//4, 0, -1//4, 0, 1//4, 0],
	[20, 16, 14, 13, 11, 1, 1, 18, 1, 1] => QQFieldElem[0, 0, 0, 0, 0, 0, 0, 0, 0, 0, 0, 0, 0, 0, 0, 0],
	[20, 16, 14, 13, 18, 1, 1, 17, 1, 1] => QQFieldElem[-1//4, -1//4, 0, 0, 0, 1//4, 1//4, 0, 0, 1//4, -1//4, 0, -1//4, 0, -1//4, 0],
	[20, 16, 14, 13, 16, 1, 1, 16, 1, 1] => QQFieldElem[0, 1//4, 0, -1//4, 0, 0, 0, 0, 0, -1//4, 0, 1//4, -1//4, 0, 0, 0],
	[20, 16, 14, 13, 12, 1, 1, 15, 1, 1] => QQFieldElem[0, 0, 0, 0, 0, 0, 0, 0, 0, 0, 0, 0, 0, 0, 0, 0],
	[20, 16, 14, 13, 10, 1, 1, 13, 1, 1] => QQFieldElem[0, 0, 0, 0, 0, 0, 0, 0, 0, 0, 3//4, 0, 0, 0, 0, 0],
	[20, 16, 14, 13, 11, 1, 1, 17, 1, 1] => QQFieldElem[0, 0, 0, 0, 0, 0, 0, 0, 0, 0, 0, 0, 0, 0, 0, 0],
	[20, 16, 14, 13, 10, 1, 1, 15, 1, 1] => QQFieldElem[0, 0, 0, 0, 0, 0, 0, 0, 0, 0, 3//4, 0, 0, 0, 0, 0],
	[20, 16, 14, 13, 13, 1, 1, 13, 1, 1] => QQFieldElem[0, -1//4, 0, 0, 0, 0, 0, -1//4, 0, 1//4, 0, 0, -1//4, 0, 0, 0],
	[20, 16, 14, 13, 16, 1, 1, 10, 1, 1] => QQFieldElem[0, -1//4, 0, 1//4, 0, 0, 0, 0, 0, 1//4, 0, -1//4, 1//4, 0, 0, 0],
	[20, 16, 14, 13, 18, 1, 1, 13, 1, 1] => QQFieldElem[0, -1//4, 0, 0, 0, 0, 0, 1//4, 0, 1//4, 0, 0, -1//4, 0, 0, 0],
	[20, 16, 14, 13, 12, 1, 1, 16, 1, 1] => QQFieldElem[0, 1//4, 0, 1//4, 0, 0, 0, 0, 0, -1//4, 0, -1//4, -1//4, 0, 0, 0],
	[20, 16, 14, 13, 11, 1, 1, 13, 1, 1] => QQFieldElem[0, 0, 0, 0, -9//4, 0, 0, 0, 0, 0, 0, 0, 0, 0, 0, 0],
	[20, 16, 14, 13, 13, 1, 1, 15, 1, 1] => QQFieldElem[0, 1//4, 0, 0, 0, 0, 0, 1//4, 0, -1//4, 0, 0, 1//4, 0, 0, 0],
	[20, 16, 14, 13, 18, 1, 1, 15, 1, 1] => QQFieldElem[0, 1//4, 0, 0, 0, 0, 0, -1//4, 0, -1//4, 0, 0, 1//4, 0, 0, 0],
	[20, 16, 14, 13, 16, 1, 1, 18, 1, 1] => QQFieldElem[-1//4, 1//4, 0, 0, 0, 1//4, 1//4, 0, 0, -1//4, 1//4, 0, -1//4, 0, -1//4, 0],
	[20, 16, 14, 13, 10, 1, 1, 16, 1, 1] => QQFieldElem[0, 0, 0, 0, 0, 0, 0, 0, 0, 0, 3//4, 0, 0, 0, 0, 0])