Dict(
	[20, 14, 7, 20, 7, 1, 1, 20, 1, 1] => QQFieldElem[3//8, 0, 3//16, 0, 0, 0, 3//16, 0, -3//8, 0, -9//16, 0, -3//8, 0, -3//8, 0],
	[20, 14, 7, 20, 8, 1, 1, 19, 2, 1] => QQFieldElem[1//192, 0, 0, 0, 0, 0, 0, 0, 0, 0, 1//192, 0, 0, 0, 0, 0],
	[20, 14, 7, 20, 4, 1, 1, 20, 2, 1] => QQFieldElem[0, 0, -1//3, 0, -1//3, 0, -1//3, 0, -1//3, 0, -1//6, 0, -1//3, 0, -1//6, 0],
	[20, 14, 7, 20, 14, 1, 1, 19, 1, 1] => QQFieldElem[-3//512, 0, 3//512, 0, 0, 0, 0, 0, 3//512, 0, -3//512, 0, 0, 0, 0, 0],
	[20, 14, 7, 20, 8, 1, 1, 21, 2, 1] => QQFieldElem[-1//3, 0, -1//3, 0, 1//3, 0, 1//3, 0, 1//3, 0, -1//6, 0, -1//3, 0, 1//6, 0],
	[20, 14, 7, 20, 5, 1, 1, 20, 2, 1] => QQFieldElem[-1//6, 0, 0, 0, 0, 0, 0, 0, 0, 0, 1//6, 0, 0, 0, 1//6, 0],
	[20, 14, 7, 20, 14, 1, 1, 21, 1, 1] => QQFieldElem[0, 0, -9//16, 0, -3//16, 0, 3//8, 0, 3//16, 0, 9//16, 0, 0, 0, -3//4, 0],
	[20, 14, 7, 20, 8, 1, 1, 20, 1, 1] => QQFieldElem[-3//8, 0, 3//4, 0, -9//16, 0, 3//8, 0, -3//16, 0, -3//8, 0, 3//8, 0, -3//8, 0],
	[20, 14, 7, 20, 14, 2, 1, 19, 1, 1] => QQFieldElem[1//192, 0, -1//192, 0, 0, 0, 0, 0, 0, 0, 0, 0, 0, 0, 0, 0],
	[20, 14, 7, 20, 7, 1, 1, 20, 2, 1] => QQFieldElem[1//6, 0, 1//3, 0, 1//3, 0, 1//3, 0, 1//3, 0, 0, 0, -1//6, 0, 0, 0],
	[20, 14, 7, 20, 14, 2, 1, 21, 1, 1] => QQFieldElem[-1//6, 0, 2//3, 0, 0, 0, -2//3, 0, 0, 0, -1//6, 0, 1//3, 0, 1//6, 0],
	[20, 14, 7, 20, 14, 1, 1, 19, 2, 1] => QQFieldElem[3//512, 0, 3//512, 0, 0, 0, 0, 0, 0, 0, -3//512, 0, 0, 0, 0, 0],
	[20, 14, 7, 20, 14, 1, 1, 21, 2, 1] => QQFieldElem[3//8, 0, 3//16, 0, -3//8, 0, -3//16, 0, 0, 0, 3//16, 0, 3//8, 0, 3//8, 0],
	[20, 14, 7, 20, 8, 1, 1, 20, 2, 1] => QQFieldElem[2//3, 0, -1//3, 0, 1//3, 0, -1//3, 0, -1//3, 0, 1//2, 0, -1//3, 0, 1//2, 0],
	[20, 14, 7, 20, 14, 1, 1, 20, 1, 1] => QQFieldElem[3//4, 0, -9//16, 0, 9//16, 0, -3//4, 0, -3//16, 0, 9//16, 0, -3//4, 0, 3//4, 0],
	[20, 14, 7, 20, 14, 2, 1, 19, 2, 1] => QQFieldElem[1//192, 0, 1//192, 0, 0, 0, 0, 0, 0, 0, -1//192, 0, 0, 0, 0, 0],
	[20, 14, 7, 20, 14, 2, 1, 21, 2, 1] => QQFieldElem[1//2, 0, -1//3, 0, -1//3, 0, 1//3, 0, -1//3, 0, 1//3, 0, 1//2, 0, -1//3, 0],
	[20, 14, 7, 20, 14, 2, 1, 20, 1, 1] => QQFieldElem[-1//2, 0, 2//3, 0, -2//3, 0, 2//3, 0, 0, 0, -1//2, 0, 2//3, 0, -1//2, 0],
	[20, 14, 7, 20, 4, 1, 1, 19, 1, 1] => QQFieldElem[0, 0, -9//512, 0, -9//512, 0, 0, 0, 0, 0, 9//512, 0, 0, 0, 0, 0],
	[20, 14, 7, 20, 5, 1, 1, 19, 1, 1] => QQFieldElem[0, 0, -9//512, 0, 9//512, 0, 0, 0, 0, 0, 9//512, 0, -9//512, 0, 0, 0],
	[20, 14, 7, 20, 4, 1, 1, 21, 1, 1] => QQFieldElem[0, 0, 1//3, 0, 1//3, 0, -1//3, 0, -1//3, 0, -1//2, 0, 0, 0, 1//2, 0],
	[20, 14, 7, 20, 14, 1, 1, 20, 2, 1] => QQFieldElem[-3//8, 0, -3//16, 0, 0, 0, -3//16, 0, 3//8, 0, -3//16, 0, 3//8, 0, -3//8, 0],
	[20, 14, 7, 20, 5, 1, 1, 21, 1, 1] => QQFieldElem[-1//6, 0, -2//3, 0, 0, 0, 2//3, 0, 0, 0, 1//2, 0, -1//3, 0, -1//2, 0],
	[20, 14, 7, 20, 14, 2, 1, 20, 2, 1] => QQFieldElem[-1//6, 0, -1//3, 0, 1//3, 0, -1//3, 0, 1//3, 0, 0, 0, 1//6, 0, 0, 0],
	[20, 14, 7, 20, 7, 1, 1, 19, 1, 1] => QQFieldElem[0, 0, -9//512, 0, 0, 0, 0, 0, 0, 0, 9//512, 0, 9//512, 0, 0, 0],
	[20, 14, 7, 20, 4, 1, 1, 19, 2, 1] => QQFieldElem[1//64, 0, 0, 0, 0, 0, 0, 0, 0, 0, 0, 0, 0, 0, -1//64, 0],
	[20, 14, 7, 20, 7, 1, 1, 21, 1, 1] => QQFieldElem[1//6, 0, 1//3, 0, -1//3, 0, -1//3, 0, 1//3, 0, 0, 0, -1//6, 0, 0, 0],
	[20, 14, 7, 20, 5, 1, 1, 19, 2, 1] => QQFieldElem[1//64, 0, 0, 0, 0, 0, -1//64, 0, 0, 0, 0, 0, 0, 0, 1//64, 0],
	[20, 14, 7, 20, 4, 1, 1, 21, 2, 1] => QQFieldElem[-4//9, 0, 8//27, 0, 4//9, 0, 8//27, 0, 4//27, 0, -16//27, 0, -4//27, 0, 8//27, 0],
	[20, 14, 7, 20, 8, 1, 1, 19, 1, 1] => QQFieldElem[0, 0, 3//512, 0, 0, 0, 0, 0, -3//512, 0, -3//512, 0, 0, 0, 0, 0],
	[20, 14, 7, 20, 4, 1, 1, 20, 1, 1] => QQFieldElem[-3//8, 0, 0, 0, 3//16, 0, 3//8, 0, 9//16, 0, 3//8, 0, 3//8, 0, 3//8, 0],
	[20, 14, 7, 20, 5, 1, 1, 21, 2, 1] => QQFieldElem[4//27, 0, 8//27, 0, -4//27, 0, -4//9, 0, -4//27, 0, 8//27, 0, 4//27, 0, 0, 0],
	[20, 14, 7, 20, 8, 1, 1, 21, 1, 1] => QQFieldElem[-3//8, 0, 3//8, 0, 9//16, 0, 3//8, 0, -3//16, 0, -3//4, 0, -3//8, 0, 3//8, 0],
	[20, 14, 7, 20, 5, 1, 1, 20, 1, 1] => QQFieldElem[0, 0, -3//16, 0, -3//16, 0, 0, 0, -3//16, 0, 3//16, 0, 0, 0, 0, 0],
	[20, 14, 7, 20, 7, 1, 1, 19, 2, 1] => QQFieldElem[1//64, 0, 0, 0, 0, 0, 1//64, 0, 0, 0, 0, 0, 0, 0, 0, 0],
	[20, 14, 7, 20, 7, 1, 1, 21, 2, 1] => QQFieldElem[8//27, 0, -4//27, 0, -8//27, 0, 4//27, 0, 0, 0, -4//27, 0, 0, 0, -8//27, 0])