Dict(
	[20, 4, 21, 14, 21, 2, 1, 19, 1, 1] => QQFieldElem[512//189, 0, 0, 0, 0, 0, 0, 0, -512//63, 0, 0, 0, 0, 0, 0, 0],
	[20, 4, 21, 14, 19, 2, 1, 20, 1, 1] => QQFieldElem[0, 0, 0, 0, 0, 0, 0, 0, 0, 0, 0, 0, 0, 0, 0, 0],
	[20, 4, 21, 14, 21, 2, 1, 21, 1, 1] => QQFieldElem[-256//27, 0, 0, 0, 0, 0, 0, 0, 0, 0, 0, 0, 0, 0, 0, 0],
	[20, 4, 21, 14, 20, 1, 1, 20, 1, 2] => QQFieldElem[0, 0, 0, 0, 0, 0, 0, 0, 0, 0, 0, 0, 0, 0, 0, 0],
	[20, 4, 21, 14, 20, 2, 1, 20, 1, 2] => QQFieldElem[-2560//189, 0, 0, 0, 0, 0, 0, 0, -512//63, 0, 0, 0, 0, 0, 0, 0],
	[20, 4, 21, 14, 20, 1, 1, 19, 1, 1] => QQFieldElem[-4096//189, 0, 0, 0, 0, 0, 0, 0, 512//63, 0, 0, 0, 0, 0, 0, 0],
	[20, 4, 21, 14, 19, 1, 1, 19, 1, 2] => QQFieldElem[512//189, 0, 0, 0, 0, 0, 0, 0, -512//63, 0, 0, 0, 0, 0, 0, 0],
	[20, 4, 21, 14, 21, 1, 1, 20, 1, 1] => QQFieldElem[2048//189, 0, 0, 0, 0, 0, 0, 0, 512//189, 0, 0, 0, 0, 0, 0, 0],
	[20, 4, 21, 14, 20, 1, 1, 21, 1, 1] => QQFieldElem[128//27, 0, 0, 0, 0, 0, 0, 0, -128//9, 0, 0, 0, 0, 0, 0, 0],
	[20, 4, 21, 14, 19, 1, 1, 21, 1, 2] => QQFieldElem[-256//27, 0, 0, 0, 0, 0, 0, 0, 0, 0, 0, 0, 0, 0, 0, 0],
	[20, 4, 21, 14, 20, 2, 1, 19, 1, 1] => QQFieldElem[0, 0, 0, 0, 0, 0, 0, 0, 0, 0, 0, 0, 0, 0, 0, 0],
	[20, 4, 21, 14, 19, 2, 1, 19, 1, 2] => QQFieldElem[2560//189, 0, 0, 0, 0, 0, 0, 0, -512//189, 0, 0, 0, 0, 0, 0, 0],
	[20, 4, 21, 14, 21, 2, 1, 20, 1, 1] => QQFieldElem[-1024//189, 0, 0, 0, 0, 0, 0, 0, 512//63, 0, 0, 0, 0, 0, 0, 0],
	[20, 4, 21, 14, 20, 2, 1, 21, 1, 1] => QQFieldElem[-640//27, 0, 0, 0, 0, 0, 0, 0, 128//27, 0, 0, 0, 0, 0, 0, 0],
	[20, 4, 21, 14, 19, 2, 1, 21, 1, 2] => QQFieldElem[0, 0, 0, 0, 0, 0, 0, 0, 0, 0, 0, 0, 0, 0, 0, 0],
	[20, 4, 21, 14, 20, 1, 1, 20, 1, 1] => QQFieldElem[128//27, 0, 0, 0, 0, 0, 0, 0, 0, 0, 0, 0, 0, 0, 0, 0],
	[20, 4, 21, 14, 19, 1, 1, 20, 1, 2] => QQFieldElem[-1024//189, 0, 0, 0, 0, 0, 0, 0, 512//63, 0, 0, 0, 0, 0, 0, 0],
	[20, 4, 21, 14, 21, 1, 1, 19, 1, 2] => QQFieldElem[0, 0, 0, 0, 0, 0, 0, 0, 0, 0, 0, 0, 0, 0, 0, 0],
	[20, 4, 21, 14, 20, 2, 1, 20, 1, 1] => QQFieldElem[-128//27, 0, 0, 0, 0, 0, 0, 0, 256//27, 0, 0, 0, 0, 0, 0, 0],
	[20, 4, 21, 14, 21, 1, 1, 21, 1, 2] => QQFieldElem[-640//27, 0, 0, 0, 0, 0, 0, 0, 128//27, 0, 0, 0, 0, 0, 0, 0],
	[20, 4, 21, 14, 21, 2, 1, 19, 1, 2] => QQFieldElem[-4096//189, 0, 0, 0, 0, 0, 0, 0, 512//63, 0, 0, 0, 0, 0, 0, 0],
	[20, 4, 21, 14, 19, 2, 1, 20, 1, 2] => QQFieldElem[2048//189, 0, 0, 0, 0, 0, 0, 0, 512//189, 0, 0, 0, 0, 0, 0, 0],
	[20, 4, 21, 14, 19, 1, 1, 19, 1, 1] => QQFieldElem[128//27, 0, 0, 0, 0, 0, 0, 0, 0, 0, 0, 0, 0, 0, 0, 0],
	[20, 4, 21, 14, 21, 2, 1, 21, 1, 2] => QQFieldElem[128//27, 0, 0, 0, 0, 0, 0, 0, -128//9, 0, 0, 0, 0, 0, 0, 0],
	[20, 4, 21, 14, 19, 1, 1, 21, 1, 1] => QQFieldElem[-256//27, 0, 0, 0, 0, 0, 0, 0, 128//9, 0, 0, 0, 0, 0, 0, 0],
	[20, 4, 21, 14, 19, 2, 1, 19, 1, 1] => QQFieldElem[128//27, 0, 0, 0, 0, 0, 0, 0, -256//27, 0, 0, 0, 0, 0, 0, 0],
	[20, 4, 21, 14, 20, 1, 1, 19, 1, 2] => QQFieldElem[128//27, 0, 0, 0, 0, 0, 0, 0, -256//27, 0, 0, 0, 0, 0, 0, 0],
	[20, 4, 21, 14, 19, 2, 1, 21, 1, 1] => QQFieldElem[-512//27, 0, 0, 0, 0, 0, 0, 0, -128//27, 0, 0, 0, 0, 0, 0, 0],
	[20, 4, 21, 14, 21, 1, 1, 20, 1, 2] => QQFieldElem[-128//27, 0, 0, 0, 0, 0, 0, 0, 256//27, 0, 0, 0, 0, 0, 0, 0],
	[20, 4, 21, 14, 20, 1, 1, 21, 1, 2] => QQFieldElem[-512//27, 0, 0, 0, 0, 0, 0, 0, -128//27, 0, 0, 0, 0, 0, 0, 0],
	[20, 4, 21, 14, 20, 2, 1, 19, 1, 2] => QQFieldElem[128//27, 0, 0, 0, 0, 0, 0, 0, 0, 0, 0, 0, 0, 0, 0, 0],
	[20, 4, 21, 14, 20, 2, 1, 21, 1, 2] => QQFieldElem[-256//27, 0, 0, 0, 0, 0, 0, 0, 128//9, 0, 0, 0, 0, 0, 0, 0],
	[20, 4, 21, 14, 21, 1, 1, 19, 1, 1] => QQFieldElem[2560//189, 0, 0, 0, 0, 0, 0, 0, -512//189, 0, 0, 0, 0, 0, 0, 0],
	[20, 4, 21, 14, 19, 1, 1, 20, 1, 1] => QQFieldElem[-2560//189, 0, 0, 0, 0, 0, 0, 0, -512//63, 0, 0, 0, 0, 0, 0, 0],
	[20, 4, 21, 14, 21, 2, 1, 20, 1, 2] => QQFieldElem[128//27, 0, 0, 0, 0, 0, 0, 0, 0, 0, 0, 0, 0, 0, 0, 0],
	[20, 4, 21, 14, 21, 1, 1, 21, 1, 1] => QQFieldElem[0, 0, 0, 0, 0, 0, 0, 0, 0, 0, 0, 0, 0, 0, 0, 0])