Dict(
	[20, 19, 20, 5, 21, 1, 2, 19, 1, 1] => QQFieldElem[-2//3, 0, 0, 0, 0, 0, 0, 0, 0, 0, 0, 0, 0, 0, 0, 0],
	[20, 19, 20, 5, 19, 1, 1, 21, 2, 1] => QQFieldElem[4//21, 0, 0, 0, 0, 0, 0, 0, 2//21, 0, 0, 0, 0, 0, 0, 0],
	[20, 19, 20, 5, 19, 1, 1, 20, 1, 1] => QQFieldElem[1, 0, 0, 0, 0, 0, 0, 0, -1//3, 0, 0, 0, 0, 0, 0, 0],
	[20, 19, 20, 5, 21, 1, 1, 19, 1, 1] => QQFieldElem[-2//3, 0, 0, 0, 0, 0, 0, 0, 0, 0, 0, 0, 0, 0, 0, 0],
	[20, 19, 20, 5, 21, 1, 2, 21, 1, 1] => QQFieldElem[4//21, 0, 0, 0, 0, 0, 0, 0, 2//21, 0, 0, 0, 0, 0, 0, 0],
	[20, 19, 20, 5, 21, 1, 1, 21, 1, 1] => QQFieldElem[-1//3, 0, 0, 0, 0, 0, 0, 0, 0, 0, 0, 0, 0, 0, 0, 0],
	[20, 19, 20, 5, 20, 1, 1, 19, 1, 1] => QQFieldElem[4//7, 0, 0, 0, 0, 0, 0, 0, -4//21, 0, 0, 0, 0, 0, 0, 0],
	[20, 19, 20, 5, 21, 1, 2, 21, 2, 1] => QQFieldElem[9//14, 0, 0, 0, 0, 0, 0, 0, -2//21, 0, 0, 0, 0, 0, 0, 0],
	[20, 19, 20, 5, 21, 1, 2, 20, 1, 1] => QQFieldElem[2//3, 0, 0, 0, 0, 0, 0, 0, 1//3, 0, 0, 0, 0, 0, 0, 0],
	[20, 19, 20, 5, 21, 1, 1, 21, 2, 1] => QQFieldElem[-1//2, 0, 0, 0, 0, 0, 0, 0, 1//3, 0, 0, 0, 0, 0, 0, 0],
	[20, 19, 20, 5, 20, 1, 1, 21, 1, 1] => QQFieldElem[9//14, 0, 0, 0, 0, 0, 0, 0, -2//21, 0, 0, 0, 0, 0, 0, 0],
	[20, 19, 20, 5, 21, 1, 1, 20, 1, 1] => QQFieldElem[2//3, 0, 0, 0, 0, 0, 0, 0, 1//3, 0, 0, 0, 0, 0, 0, 0],
	[20, 19, 20, 5, 20, 1, 1, 21, 2, 1] => QQFieldElem[-1//2, 0, 0, 0, 0, 0, 0, 0, 1//3, 0, 0, 0, 0, 0, 0, 0],
	[20, 19, 20, 5, 20, 1, 1, 20, 1, 1] => QQFieldElem[1//3, 0, 0, 0, 0, 0, 0, 0, 0, 0, 0, 0, 0, 0, 0, 0],
	[20, 19, 20, 5, 19, 1, 1, 19, 1, 1] => QQFieldElem[8//21, 0, 0, 0, 0, 0, 0, 0, -5//21, 0, 0, 0, 0, 0, 0, 0],
	[20, 19, 20, 5, 19, 1, 1, 21, 1, 1] => QQFieldElem[-1//3, 0, 0, 0, 0, 0, 0, 0, 0, 0, 0, 0, 0, 0, 0, 0])