Dict(
	[20, 19, 19, 6, 19, 1, 2, 20, 1, 1] => QQFieldElem[0, 0, 0, 0, 0, 0, 0, 0, 0, 0, -1//6, 0, 1//6, 0, 1//6, 0],
	[20, 19, 19, 6, 19, 1, 1, 21, 2, 1] => QQFieldElem[0, 0, -1//3, 0, 0, 0, 0, 0, 0, 0, 1//3, 0, -1, 0, 1//3, 0],
	[20, 19, 19, 6, 19, 1, 1, 20, 1, 1] => QQFieldElem[-1//6, 0, 0, 0, 1//2, 0, 0, 0, -1//6, 0, 1//3, 0, -1//3, 0, -1//3, 0],
	[20, 19, 19, 6, 21, 1, 1, 19, 1, 1] => QQFieldElem[5//6, 0, 2//3, 0, -5//6, 0, -2//3, 0, 5//6, 0, -3//2, 0, 0, 0, 3//2, 0],
	[20, 19, 19, 6, 21, 1, 1, 21, 1, 1] => QQFieldElem[1//2, 0, -1//3, 0, 5//6, 0, -5//6, 0, -1//2, 0, 5//6, 0, -2//3, 0, 1//2, 0],
	[20, 19, 19, 6, 20, 1, 1, 19, 1, 1] => QQFieldElem[-1//6, 0, -1//3, 0, 1//6, 0, 1//3, 0, -1//6, 0, 1//2, 0, 0, 0, -1//2, 0],
	[20, 19, 19, 6, 21, 1, 1, 21, 2, 1] => QQFieldElem[-3//2, 0, 2//3, 0, -1//6, 0, 7//6, 0, 1//2, 0, -7//6, 0, 1//3, 0, -1//2, 0],
	[20, 19, 19, 6, 20, 1, 1, 21, 1, 1] => QQFieldElem[0, 0, 1//3, 0, 0, 0, 0, 0, 0, 0, 0, 0, 0, 0, 1//3, 0],
	[20, 19, 19, 6, 21, 1, 1, 20, 1, 1] => QQFieldElem[1//6, 0, 1, 0, -1//2, 0, -1, 0, 7//6, 0, -7//6, 0, -1//3, 0, 7//6, 0],
	[20, 19, 19, 6, 20, 1, 1, 21, 2, 1] => QQFieldElem[1//2, 0, 0, 0, 1//6, 0, -1//6, 0, -1//2, 0, 1//6, 0, -1//3, 0, 1//6, 0],
	[20, 19, 19, 6, 20, 1, 1, 20, 1, 1] => QQFieldElem[-5//6, 0, 0, 0, 1//2, 0, 0, 0, 1//6, 0, 5//6, 0, -1//3, 0, -5//6, 0],
	[20, 19, 19, 6, 19, 1, 2, 19, 1, 1] => QQFieldElem[0, 0, 0, 0, 0, 0, 0, 0, 0, 0, -1//6, 0, -1//6, 0, 1//6, 0],
	[20, 19, 19, 6, 19, 1, 1, 19, 1, 1] => QQFieldElem[1//6, 0, 1//3, 0, -1//6, 0, -1//3, 0, 1//6, 0, -1//3, 0, -1//3, 0, 1//3, 0],
	[20, 19, 19, 6, 19, 1, 2, 21, 1, 1] => QQFieldElem[0, 0, 0, 0, 1//3, 0, 2//3, 0, 1, 0, 2//3, 0, 1//3, 0, 0, 0],
	[20, 19, 19, 6, 19, 1, 1, 21, 1, 1] => QQFieldElem[0, 0, 1//3, 0, 2//3, 0, 1//3, 0, 0, 0, 0, 0, -1//3, 0, -1//3, 0],
	[20, 19, 19, 6, 19, 1, 2, 21, 2, 1] => QQFieldElem[0, 0, -1//3, 0, 0, 0, 0, 0, 0, 0, 1//3, 0, 1, 0, 1//3, 0])