Dict(
	[20, 14, 5, 21, 14, 2, 1, 21, 1, 1] => QQFieldElem[1//9, 0, 0, 0, 2//9, 0, 0, 0, -2//9, 0, 0, 0, -1//9, 0, 0, 0],
	[20, 14, 5, 21, 9, 1, 1, 19, 1, 1] => QQFieldElem[9//16, 0, -3//16, 0, 3//8, 0, -9//16, 0, -3//8, 0, 3//16, 0, 3//16, 0, 3//8, 0],
	[20, 14, 5, 21, 6, 1, 1, 19, 1, 1] => QQFieldElem[9//16, 0, 3//16, 0, 3//8, 0, 9//16, 0, -3//8, 0, -3//16, 0, 3//16, 0, -3//8, 0],
	[20, 14, 5, 21, 14, 1, 1, 19, 2, 1] => QQFieldElem[-3//4, 0, -3//4, 0, 0, 0, 3//4, 0, 0, 0, 3//4, 0, -3//4, 0, 0, 0],
	[20, 14, 5, 21, 6, 1, 1, 21, 1, 1] => QQFieldElem[-1//9, 0, 0, 0, -2//9, 0, 0, 0, 2//9, 0, 0, 0, 1//9, 0, 0, 0],
	[20, 14, 5, 21, 9, 1, 1, 21, 1, 1] => QQFieldElem[1//8, 0, 0, 0, 1//4, 0, 0, 0, 0, 0, 0, 0, -1//8, 0, 0, 0],
	[20, 14, 5, 21, 14, 1, 1, 21, 2, 1] => QQFieldElem[1//2, 0, 0, 0, 0, 0, 0, 0, 0, 0, 0, 0, 0, 0, 0, 0],
	[20, 14, 5, 21, 8, 1, 1, 20, 2, 1] => QQFieldElem[-1//3, 0, -1//3, 0, 0, 0, 1//3, 0, 0, 0, 1//3, 0, 1//3, 0, 0, 0],
	[20, 14, 5, 21, 14, 2, 1, 19, 2, 1] => QQFieldElem[-2//3, 0, -2//3, 0, 0, 0, 2//3, 0, 0, 0, 2//3, 0, -2//3, 0, 0, 0],
	[20, 14, 5, 21, 14, 1, 1, 20, 1, 1] => QQFieldElem[9//32, 0, 3//32, 0, 3//16, 0, -9//32, 0, -3//16, 0, -3//32, 0, 3//32, 0, 3//16, 0],
	[20, 14, 5, 21, 14, 2, 1, 21, 2, 1] => QQFieldElem[0, 0, 0, 0, 0, 0, 0, 0, 0, 0, 0, 0, 0, 0, 0, 0],
	[20, 14, 5, 21, 6, 1, 1, 19, 2, 1] => QQFieldElem[-1//6, 0, -1//2, 0, -1//3, 0, 1//6, 0, 0, 0, 1//6, 0, 1//2, 0, 1//3, 0],
	[20, 14, 5, 21, 14, 2, 1, 20, 1, 1] => QQFieldElem[-1//12, 0, -1//4, 0, 1//6, 0, 1//12, 0, 0, 0, 1//12, 0, -1//4, 0, 1//6, 0],
	[20, 14, 5, 21, 9, 1, 1, 19, 2, 1] => QQFieldElem[-1//6, 0, 1//2, 0, -1//3, 0, -1//6, 0, 0, 0, -1//6, 0, 1//2, 0, -1//3, 0],
	[20, 14, 5, 21, 6, 1, 1, 21, 2, 1] => QQFieldElem[8//81, 0, 0, 0, 0, 0, 0, 0, -16//81, 0, 0, 0, -8//81, 0, 0, 0],
	[20, 14, 5, 21, 9, 1, 1, 21, 2, 1] => QQFieldElem[-1//9, 0, 0, 0, -2//9, 0, 0, 0, 2//9, 0, 0, 0, 1//9, 0, 0, 0],
	[20, 14, 5, 21, 6, 1, 1, 20, 1, 1] => QQFieldElem[3//32, 0, -3//32, 0, -3//16, 0, 3//32, 0, 3//16, 0, 3//32, 0, 9//32, 0, 3//16, 0],
	[20, 14, 5, 21, 9, 1, 1, 20, 1, 1] => QQFieldElem[3//32, 0, 3//32, 0, -3//16, 0, -3//32, 0, 3//16, 0, -3//32, 0, 9//32, 0, -3//16, 0],
	[20, 14, 5, 21, 14, 1, 1, 20, 2, 1] => QQFieldElem[-3//8, 0, 3//8, 0, 0, 0, 3//8, 0, 0, 0, -3//8, 0, -3//8, 0, 0, 0],
	[20, 14, 5, 21, 14, 2, 1, 20, 2, 1] => QQFieldElem[-1//3, 0, 1//3, 0, 0, 0, -1//3, 0, 0, 0, -1//3, 0, 1//3, 0, 0, 0],
	[20, 14, 5, 21, 7, 1, 1, 19, 1, 1] => QQFieldElem[3//16, 0, 3//16, 0, -3//8, 0, 3//16, 0, 3//8, 0, -3//16, 0, 9//16, 0, 3//8, 0],
	[20, 14, 5, 21, 7, 1, 1, 21, 1, 1] => QQFieldElem[1//9, 0, 0, 0, 2//9, 0, 0, 0, -2//9, 0, 0, 0, -1//9, 0, 0, 0],
	[20, 14, 5, 21, 6, 1, 1, 20, 2, 1] => QQFieldElem[-1//12, 0, 1//12, 0, -1//6, 0, -1//4, 0, 0, 0, -1//4, 0, -1//12, 0, 1//6, 0],
	[20, 14, 5, 21, 9, 1, 1, 20, 2, 1] => QQFieldElem[-1//12, 0, -1//12, 0, -1//6, 0, 1//4, 0, 0, 0, 1//4, 0, -1//12, 0, -1//6, 0],
	[20, 14, 5, 21, 8, 1, 1, 19, 1, 1] => QQFieldElem[-3//4, 0, 3//4, 0, 0, 0, -3//4, 0, 0, 0, -3//4, 0, -3//4, 0, 0, 0],
	[20, 14, 5, 21, 8, 1, 1, 21, 1, 1] => QQFieldElem[0, 0, 0, 0, 0, 0, 0, 0, 0, 0, 0, 0, 0, 0, 0, 0],
	[20, 14, 5, 21, 7, 1, 1, 19, 2, 1] => QQFieldElem[-1//6, 0, -1//6, 0, 1//3, 0, 1//2, 0, 0, 0, 1//2, 0, 1//6, 0, -1//3, 0],
	[20, 14, 5, 21, 7, 1, 1, 21, 2, 1] => QQFieldElem[-8//81, 0, 0, 0, 0, 0, 0, 0, 16//81, 0, 0, 0, -8//81, 0, 0, 0],
	[20, 14, 5, 21, 7, 1, 1, 20, 1, 1] => QQFieldElem[9//32, 0, -3//32, 0, 3//16, 0, 9//32, 0, -3//16, 0, 3//32, 0, 3//32, 0, -3//16, 0],
	[20, 14, 5, 21, 8, 1, 1, 19, 2, 1] => QQFieldElem[-2//3, 0, 2//3, 0, 0, 0, -2//3, 0, 0, 0, -2//3, 0, -2//3, 0, 0, 0],
	[20, 14, 5, 21, 14, 1, 1, 19, 1, 1] => QQFieldElem[3//16, 0, -3//16, 0, -3//8, 0, -3//16, 0, 3//8, 0, 3//16, 0, 9//16, 0, -3//8, 0],
	[20, 14, 5, 21, 8, 1, 1, 21, 2, 1] => QQFieldElem[0, 0, 0, 0, 0, 0, 0, 0, 0, 0, 0, 0, -32//81, 0, 0, 0],
	[20, 14, 5, 21, 14, 1, 1, 21, 1, 1] => QQFieldElem[1//8, 0, 0, 0, -1//4, 0, 0, 0, 0, 0, 0, 0, 1//8, 0, 0, 0],
	[20, 14, 5, 21, 8, 1, 1, 20, 1, 1] => QQFieldElem[-3//8, 0, -3//8, 0, 0, 0, -3//8, 0, 0, 0, 3//8, 0, -3//8, 0, 0, 0],
	[20, 14, 5, 21, 14, 2, 1, 19, 1, 1] => QQFieldElem[-1//6, 0, 1//6, 0, 1//3, 0, -1//2, 0, 0, 0, -1//2, 0, 1//6, 0, 1//3, 0],
	[20, 14, 5, 21, 7, 1, 1, 20, 2, 1] => QQFieldElem[-1//12, 0, 1//4, 0, 1//6, 0, -1//12, 0, 0, 0, -1//12, 0, -1//4, 0, -1//6, 0])