Dict(
	[20, 14, 4, 20, 14, 2, 1, 21, 2, 1] => QQFieldElem[0, 0, 0, 0, -1//3, 0, 0, 0, 0, 0, 0, 0, 1//2, 0, 0, 0],
	[20, 14, 4, 20, 6, 1, 1, 19, 2, 1] => QQFieldElem[-1//3, 0, -2//9, 0, 2//9, 0, -2//9, 0, 2//9, 0, -1//9, 0, 1//9, 0, -1//9, 0],
	[20, 14, 4, 20, 9, 1, 1, 19, 2, 1] => QQFieldElem[-1//3, 0, 2//9, 0, 2//9, 0, 2//9, 0, 2//9, 0, 1//9, 0, 1//9, 0, 1//9, 0],
	[20, 14, 4, 20, 14, 2, 1, 20, 1, 1] => QQFieldElem[-2//3, 0, 0, 0, 0, 0, 0, 0, 2//3, 0, 2//3, 0, 2//3, 0, 2//3, 0],
	[20, 14, 4, 20, 6, 1, 1, 21, 2, 1] => QQFieldElem[4//27, 0, 0, 0, -4//27, 0, 0, 0, -4//9, 0, 0, 0, 4//9, 0, 0, 0],
	[20, 14, 4, 20, 9, 1, 1, 21, 2, 1] => QQFieldElem[-1//6, 0, 0, 0, 1//3, 0, 0, 0, -2//3, 0, 0, 0, 1//6, 0, 0, 0],
	[20, 14, 4, 20, 6, 1, 1, 20, 1, 1] => QQFieldElem[3//8, 0, 3//16, 0, 9//16, 0, -9//16, 0, 3//16, 0, -9//16, 0, -3//8, 0, 3//8, 0],
	[20, 14, 4, 20, 9, 1, 1, 20, 1, 1] => QQFieldElem[3//8, 0, -3//16, 0, 9//16, 0, 9//16, 0, 3//16, 0, 9//16, 0, -3//8, 0, -3//8, 0],
	[20, 14, 4, 20, 14, 1, 1, 20, 2, 1] => QQFieldElem[-3//8, 0, -3//4, 0, 3//16, 0, 3//16, 0, 9//16, 0, 9//8, 0, 3//8, 0, 3//8, 0],
	[20, 14, 4, 20, 14, 2, 1, 20, 2, 1] => QQFieldElem[2//3, 0, 1//3, 0, 1//3, 0, 1//3, 0, -1, 0, -1//2, 0, -1//2, 0, -1//2, 0],
	[20, 14, 4, 20, 7, 1, 1, 19, 1, 1] => QQFieldElem[0, 0, 0, 0, -1//2, 0, 1//2, 0, -1//2, 0, 1//2, 0, 0, 0, 0, 0],
	[20, 14, 4, 20, 7, 1, 1, 21, 1, 1] => QQFieldElem[1//3, 0, 0, 0, 0, 0, 0, 0, -2//3, 0, 0, 0, 2//3, 0, 0, 0],
	[20, 14, 4, 20, 6, 1, 1, 20, 2, 1] => QQFieldElem[-1//2, 0, 1//3, 0, -1//3, 0, 1//3, 0, 1//3, 0, 1//6, 0, -1//6, 0, 1//6, 0],
	[20, 14, 4, 20, 9, 1, 1, 20, 2, 1] => QQFieldElem[-1//2, 0, -1//3, 0, -1//3, 0, -1//3, 0, 1//3, 0, -1//6, 0, -1//6, 0, -1//6, 0],
	[20, 14, 4, 20, 8, 1, 1, 19, 1, 1] => QQFieldElem[-1//4, 0, -1//4, 0, 1//8, 0, -1//8, 0, 3//8, 0, -1//2, 0, 1//4, 0, -1//4, 0],
	[20, 14, 4, 20, 8, 1, 1, 21, 1, 1] => QQFieldElem[0, 0, 0, 0, 1//3, 0, 0, 0, 0, 0, 0, 0, -1//2, 0, 0, 0],
	[20, 14, 4, 20, 7, 1, 1, 19, 2, 1] => QQFieldElem[0, 0, 0, 0, 0, 0, 0, 0, -4//9, 0, 4//9, 0, -4//9, 0, 4//9, 0],
	[20, 14, 4, 20, 7, 1, 1, 21, 2, 1] => QQFieldElem[-16//27, 0, 0, 0, 16//27, 0, 0, 0, 16//27, 0, 0, 0, -16//27, 0, 0, 0],
	[20, 14, 4, 20, 7, 1, 1, 20, 1, 1] => QQFieldElem[0, 0, 3//4, 0, -3//4, 0, 3//4, 0, -3//4, 0, 0, 0, 0, 0, 0, 0],
	[20, 14, 4, 20, 8, 1, 1, 19, 2, 1] => QQFieldElem[-2//3, 0, 2//9, 0, -2//9, 0, 2//9, 0, 2//9, 0, -1//3, 0, 1//3, 0, -1//3, 0],
	[20, 14, 4, 20, 14, 1, 1, 19, 1, 1] => QQFieldElem[0, 0, 0, 0, -1//2, 0, -1//2, 0, -1//2, 0, -1//2, 0, 0, 0, 0, 0],
	[20, 14, 4, 20, 8, 1, 1, 21, 2, 1] => QQFieldElem[4//9, 0, 0, 0, -4//9, 0, 0, 0, -4//27, 0, 0, 0, 4//27, 0, 0, 0],
	[20, 14, 4, 20, 14, 1, 1, 21, 1, 1] => QQFieldElem[0, 0, 0, 0, 3//4, 0, 0, 0, -3//4, 0, 0, 0, 0, 0, 0, 0],
	[20, 14, 4, 20, 8, 1, 1, 20, 1, 1] => QQFieldElem[-3//8, 0, 3//4, 0, 3//16, 0, -3//16, 0, 9//16, 0, -9//8, 0, 3//8, 0, -3//8, 0],
	[20, 14, 4, 20, 14, 2, 1, 19, 1, 1] => QQFieldElem[0, 0, 0, 0, 0, 0, 0, 0, -4//9, 0, -4//9, 0, -4//9, 0, -4//9, 0],
	[20, 14, 4, 20, 7, 1, 1, 20, 2, 1] => QQFieldElem[-2//3, 0, 0, 0, 0, 0, 0, 0, 2//3, 0, -2//3, 0, 2//3, 0, -2//3, 0],
	[20, 14, 4, 20, 6, 1, 1, 19, 1, 1] => QQFieldElem[1//4, 0, -1//8, 0, 3//8, 0, -3//8, 0, 1//8, 0, 3//8, 0, -1//4, 0, 1//4, 0],
	[20, 14, 4, 20, 9, 1, 1, 19, 1, 1] => QQFieldElem[1//4, 0, 1//8, 0, 3//8, 0, 3//8, 0, 1//8, 0, -3//8, 0, -1//4, 0, -1//4, 0],
	[20, 14, 4, 20, 14, 2, 1, 21, 1, 1] => QQFieldElem[-1//3, 0, 0, 0, 0, 0, 0, 0, 2//3, 0, 0, 0, -2//3, 0, 0, 0],
	[20, 14, 4, 20, 14, 1, 1, 19, 2, 1] => QQFieldElem[-1//4, 0, 1//4, 0, 1//8, 0, 1//8, 0, 3//8, 0, 1//2, 0, 1//4, 0, 1//4, 0],
	[20, 14, 4, 20, 6, 1, 1, 21, 1, 1] => QQFieldElem[1//6, 0, 0, 0, -1//3, 0, 0, 0, 2//3, 0, 0, 0, -1//6, 0, 0, 0],
	[20, 14, 4, 20, 9, 1, 1, 21, 1, 1] => QQFieldElem[3//8, 0, 0, 0, -9//16, 0, 0, 0, 3//16, 0, 0, 0, 3//8, 0, 0, 0],
	[20, 14, 4, 20, 14, 1, 1, 21, 2, 1] => QQFieldElem[-3//8, 0, 0, 0, -3//16, 0, 0, 0, 9//16, 0, 0, 0, -3//8, 0, 0, 0],
	[20, 14, 4, 20, 8, 1, 1, 20, 2, 1] => QQFieldElem[2//3, 0, -1//3, 0, 1//3, 0, -1//3, 0, -1, 0, 1//2, 0, -1//2, 0, 1//2, 0],
	[20, 14, 4, 20, 14, 1, 1, 20, 1, 1] => QQFieldElem[0, 0, -3//4, 0, -3//4, 0, -3//4, 0, -3//4, 0, 0, 0, 0, 0, 0, 0],
	[20, 14, 4, 20, 14, 2, 1, 19, 2, 1] => QQFieldElem[-2//3, 0, -2//9, 0, -2//9, 0, -2//9, 0, 2//9, 0, 1//3, 0, 1//3, 0, 1//3, 0])