Dict(
	[20, 20, 13, 12, 11, 1, 1, 20, 1, 1] => QQFieldElem[0, 0, 0, 0, 0, 0, 0, 0, 32, 0, -32, 0, 0, 0, 0, 0],
	[20, 20, 13, 12, 15, 1, 1, 20, 1, 1] => QQFieldElem[0, 0, 0, 0, 0, 0, 0, 0, 0, 0, 0, 0, 0, 0, 0, 0],
	[20, 20, 13, 12, 16, 1, 1, 21, 1, 1] => QQFieldElem[0, 0, 0, 1//3, 0, 1//3, 0, 0, 0, 0, 0, 0, 0, -1//3, 0, 0],
	[20, 20, 13, 12, 16, 1, 1, 9, 1, 1] => QQFieldElem[1//2, 0, 0, 0, 0, 0, 0, 0, 0, 0, 0, 0, 1//6, 0, 0, 0],
	[20, 20, 13, 12, 11, 1, 1, 20, 2, 1] => QQFieldElem[0, 0, 0, 0, 0, 0, 0, 0, -32, 0, -32, 0, 0, 0, 0, 0],
	[20, 20, 13, 12, 10, 1, 1, 5, 1, 1] => QQFieldElem[-27//32, 0, 0, 0, 0, 0, 0, 0, 0, 0, 0, 0, 0, 0, 0, 0],
	[20, 20, 13, 12, 15, 1, 1, 20, 2, 1] => QQFieldElem[-9//16, 0, 0, 0, 0, 0, 0, 0, 0, 0, 0, 0, 0, 0, 0, 0],
	[20, 20, 13, 12, 12, 1, 1, 21, 1, 1] => QQFieldElem[0, 0, 0, 0, 0, 0, 0, 0, 32, 0, -32, 0, 0, 0, 0, 0],
	[20, 20, 13, 12, 12, 1, 1, 9, 1, 1] => QQFieldElem[0, 0, 0, 0, -16, 0, 16, 0, 0, 0, 0, 0, 16, 0, -16, 0],
	[20, 20, 13, 12, 10, 1, 1, 19, 1, 1] => QQFieldElem[0, 0, 0, 0, 0, 0, 0, 0, 0, 0, 0, 0, 0, 0, 0, 0],
	[20, 20, 13, 12, 17, 1, 1, 20, 1, 1] => QQFieldElem[0, 1//3, 0, 0, 0, 0, 0, 1//3, 0, -1//3, 0, 0, 0, 0, 0, 0],
	[20, 20, 13, 12, 11, 1, 1, 4, 1, 1] => QQFieldElem[0, 0, 0, 0, 0, 0, 0, 0, 0, 0, 0, 0, 0, 0, 0, 0],
	[20, 20, 13, 12, 18, 1, 1, 5, 1, 1] => QQFieldElem[0, 0, 0, 0, 0, 0, 0, 0, 0, 0, 0, 0, 1//6, 0, 0, 0],
	[20, 20, 13, 12, 15, 1, 1, 4, 1, 1] => QQFieldElem[0, 0, 0, 0, 0, 0, 0, 0, 0, 0, 0, 0, -1//6, 0, 0, 0],
	[20, 20, 13, 12, 18, 1, 1, 19, 1, 1] => QQFieldElem[0, 1//3, 0, 0, 0, 0, 0, 1//3, 0, 0, 0, 0, 0, 0, 0, -1//3],
	[20, 20, 13, 12, 17, 1, 1, 20, 2, 1] => QQFieldElem[0, 0, 0, 0, 0, 0, 0, 0, 0, 1//3, 0, 0, 0, 0, 0, -1//3],
	[20, 20, 13, 12, 10, 1, 1, 8, 1, 1] => QQFieldElem[-27//32, 0, 0, 0, 0, 0, 0, 0, 0, 0, 0, 0, 0, 0, 0, 0],
	[20, 20, 13, 12, 17, 1, 1, 4, 1, 1] => QQFieldElem[1//2, 0, 0, 0, 0, 0, 0, 0, 0, 0, 0, 0, -1//6, 0, 0, 0],
	[20, 20, 13, 12, 13, 1, 1, 20, 1, 1] => QQFieldElem[0, 0, 0, -1//3, 0, -1//3, 0, 0, 0, 0, 0, 0, 0, 1//3, 0, 0],
	[20, 20, 13, 12, 18, 1, 1, 8, 1, 1] => QQFieldElem[0, 0, 0, 0, 0, 0, 0, 0, 0, 0, 0, 0, -1//6, 0, 0, 0],
	[20, 20, 13, 12, 13, 1, 1, 20, 2, 1] => QQFieldElem[0, 0, 0, 0, 0, 0, 0, 0, 0, 0, 0, 1//3, 0, -1//3, 0, 0],
	[20, 20, 13, 12, 16, 1, 1, 20, 1, 1] => QQFieldElem[0, 0, 0, 0, 0, 0, 0, 0, -32, 0, 32, 0, 0, 0, 0, 0],
	[20, 20, 13, 12, 13, 1, 1, 4, 1, 1] => QQFieldElem[0, 0, 0, 0, -16, 0, -16, 0, 0, 0, 0, 0, 16, 0, 16, 0],
	[20, 20, 13, 12, 10, 1, 1, 21, 1, 1] => QQFieldElem[0, 0, 0, 0, 0, 0, 0, 0, 0, 0, 0, 0, 0, 0, 0, 0],
	[20, 20, 13, 12, 10, 1, 1, 9, 1, 1] => QQFieldElem[-27//32, 0, 0, 0, 0, 0, 0, 0, 0, 0, 0, 0, 0, 0, 0, 0],
	[20, 20, 13, 12, 16, 1, 1, 20, 2, 1] => QQFieldElem[0, 0, 0, 0, 0, 0, 0, 0, 32, 0, 32, 0, 0, 0, 0, 0],
	[20, 20, 13, 12, 11, 1, 1, 5, 1, 1] => QQFieldElem[0, 0, 0, 0, 0, 0, 0, 0, 0, 0, 0, 0, 0, 0, 0, 0],
	[20, 20, 13, 12, 12, 1, 1, 20, 1, 1] => QQFieldElem[0, 0, 0, 1//3, 0, 1//3, 0, 0, 0, 0, 0, -1//3, 0, 0, 0, 0],
	[20, 20, 13, 12, 18, 1, 1, 21, 1, 1] => QQFieldElem[0, 0, 0, 0, 0, 0, 0, 0, 0, 0, 0, -1//3, 0, 1//3, 0, 0],
	[20, 20, 13, 12, 15, 1, 1, 5, 1, 1] => QQFieldElem[0, 0, 0, 0, 0, 0, 0, 0, 0, 0, 0, 0, 1//6, 0, 0, 0],
	[20, 20, 13, 12, 11, 1, 1, 19, 1, 1] => QQFieldElem[-9//16, 0, 0, 0, 0, 0, 0, 0, 0, 0, 0, 0, 0, 0, 0, 0],
	[20, 20, 13, 12, 18, 1, 1, 9, 1, 1] => QQFieldElem[0, 0, 0, 0, 0, 0, 0, 0, 0, 0, 0, 0, 1//6, 0, 0, 0],
	[20, 20, 13, 12, 15, 1, 1, 19, 1, 1] => QQFieldElem[0, -1//3, 0, 0, 0, 0, 0, -1//3, 0, 1//3, 0, 0, 0, 0, 0, 0],
	[20, 20, 13, 12, 12, 1, 1, 20, 2, 1] => QQFieldElem[0, 0, 0, -1//3, 0, -1//3, 0, 0, 0, 0, 0, 0, 0, 1//3, 0, 0],
	[20, 20, 13, 12, 16, 1, 1, 4, 1, 1] => QQFieldElem[-1//2, 0, 0, 0, 0, 0, 0, 0, 0, 0, 0, 0, -1//6, 0, 0, 0],
	[20, 20, 13, 12, 17, 1, 1, 5, 1, 1] => QQFieldElem[1//2, 0, 0, 0, 0, 0, 0, 0, 0, 0, 0, 0, 1//6, 0, 0, 0],
	[20, 20, 13, 12, 12, 1, 1, 4, 1, 1] => QQFieldElem[0, 0, 0, 0, -16, 0, 16, 0, 0, 0, 0, 0, 16, 0, -16, 0],
	[20, 20, 13, 12, 17, 1, 1, 19, 1, 1] => QQFieldElem[0, 0, 0, 0, 0, 0, 0, 0, 0, -1//3, 0, 0, 0, 0, 0, 1//3],
	[20, 20, 13, 12, 11, 1, 1, 8, 1, 1] => QQFieldElem[0, 0, 0, 0, 0, 0, 0, 0, 0, 0, 0, 0, 0, 0, 0, 0],
	[20, 20, 13, 12, 15, 1, 1, 8, 1, 1] => QQFieldElem[0, 0, 0, 0, 0, 0, 0, 0, 0, 0, 0, 0, -1//6, 0, 0, 0],
	[20, 20, 13, 12, 13, 1, 1, 5, 1, 1] => QQFieldElem[0, 0, 0, 0, 16, 0, 16, 0, 0, 0, 0, 0, -16, 0, -16, 0],
	[20, 20, 13, 12, 17, 1, 1, 8, 1, 1] => QQFieldElem[-1//2, 0, 0, 0, 0, 0, 0, 0, 0, 0, 0, 0, -1//6, 0, 0, 0],
	[20, 20, 13, 12, 13, 1, 1, 19, 1, 1] => QQFieldElem[0, 0, 0, 0, 0, 0, 0, 0, 32, 0, 32, 0, 0, 0, 0, 0],
	[20, 20, 13, 12, 10, 1, 1, 20, 1, 1] => QQFieldElem[0, 0, 0, 0, 0, 0, 0, 0, 0, 0, 0, 0, 0, 0, 0, 0],
	[20, 20, 13, 12, 11, 1, 1, 21, 1, 1] => QQFieldElem[-9//16, 0, 0, 0, 0, 0, 0, 0, 0, 0, 0, 0, 0, 0, 0, 0],
	[20, 20, 13, 12, 11, 1, 1, 9, 1, 1] => QQFieldElem[0, 0, 0, 0, 0, 0, 0, 0, 0, 0, 0, 0, 0, 0, 0, 0],
	[20, 20, 13, 12, 15, 1, 1, 21, 1, 1] => QQFieldElem[0, 0, 0, -1//3, 0, -1//3, 0, 0, 0, 0, 0, 1//3, 0, 0, 0, 0],
	[20, 20, 13, 12, 18, 1, 1, 20, 1, 1] => QQFieldElem[0, 0, 0, 0, 0, 0, 0, 0, 0, 1//3, 0, 0, 0, 0, 0, -1//3],
	[20, 20, 13, 12, 15, 1, 1, 9, 1, 1] => QQFieldElem[0, 0, 0, 0, 0, 0, 0, 0, 0, 0, 0, 0, 1//6, 0, 0, 0],
	[20, 20, 13, 12, 16, 1, 1, 5, 1, 1] => QQFieldElem[-1//2, 0, 0, 0, 0, 0, 0, 0, 0, 0, 0, 0, 1//6, 0, 0, 0],
	[20, 20, 13, 12, 10, 1, 1, 20, 2, 1] => QQFieldElem[-9//16, 0, 0, 0, 0, 0, 0, 0, 0, 0, 0, 0, 0, 0, 0, 0],
	[20, 20, 13, 12, 13, 1, 1, 8, 1, 1] => QQFieldElem[0, 0, 0, 0, 16, 0, 16, 0, 0, 0, 0, 0, -16, 0, -16, 0],
	[20, 20, 13, 12, 16, 1, 1, 19, 1, 1] => QQFieldElem[0, 0, 0, 0, 0, 0, 0, 0, 0, -1//3, 0, 0, 0, 0, 0, 1//3],
	[20, 20, 13, 12, 18, 1, 1, 20, 2, 1] => QQFieldElem[0, -1//3, 0, 0, 0, 0, 0, -1//3, 0, 0, 0, 0, 0, 0, 0, 1//3],
	[20, 20, 13, 12, 17, 1, 1, 21, 1, 1] => QQFieldElem[0, 0, 0, 1//3, 0, 1//3, 0, 0, 0, 0, 0, 0, 0, -1//3, 0, 0],
	[20, 20, 13, 12, 12, 1, 1, 5, 1, 1] => QQFieldElem[0, 0, 0, 0, 16, 0, -16, 0, 0, 0, 0, 0, -16, 0, 16, 0],
	[20, 20, 13, 12, 10, 1, 1, 4, 1, 1] => QQFieldElem[-27//32, 0, 0, 0, 0, 0, 0, 0, 0, 0, 0, 0, 0, 0, 0, 0],
	[20, 20, 13, 12, 17, 1, 1, 9, 1, 1] => QQFieldElem[-1//2, 0, 0, 0, 0, 0, 0, 0, 0, 0, 0, 0, 1//6, 0, 0, 0],
	[20, 20, 13, 12, 12, 1, 1, 19, 1, 1] => QQFieldElem[0, 0, 0, 0, 0, 0, 0, 0, -32, 0, 32, 0, 0, 0, 0, 0],
	[20, 20, 13, 12, 18, 1, 1, 4, 1, 1] => QQFieldElem[0, 0, 0, 0, 0, 0, 0, 0, 0, 0, 0, 0, -1//6, 0, 0, 0],
	[20, 20, 13, 12, 16, 1, 1, 8, 1, 1] => QQFieldElem[1//2, 0, 0, 0, 0, 0, 0, 0, 0, 0, 0, 0, -1//6, 0, 0, 0],
	[20, 20, 13, 12, 13, 1, 1, 21, 1, 1] => QQFieldElem[0, 0, 0, 0, 0, 0, 0, 0, -32, 0, -32, 0, 0, 0, 0, 0],
	[20, 20, 13, 12, 12, 1, 1, 8, 1, 1] => QQFieldElem[0, 0, 0, 0, 16, 0, -16, 0, 0, 0, 0, 0, -16, 0, 16, 0],
	[20, 20, 13, 12, 13, 1, 1, 9, 1, 1] => QQFieldElem[0, 0, 0, 0, -16, 0, -16, 0, 0, 0, 0, 0, 16, 0, 16, 0])