Dict(
	[20, 21, 14, 4, 19, 1, 2, 14, 1, 1] => QQFieldElem[-16//27, 0, 8//9, 0, -8//9, 0, 16//27, 0, -8//27, 0, -8//27, 0, 16//27, 0, -16//27, 0],
	[20, 21, 14, 4, 20, 1, 2, 9, 1, 1] => QQFieldElem[1//4, 0, -1//4, 0, 0, 0, -1//4, 0, 0, 0, 1//4, 0, 1//4, 0, 0, 0],
	[20, 21, 14, 4, 20, 1, 1, 9, 1, 1] => QQFieldElem[1//4, 0, 1//4, 0, 0, 0, 1//4, 0, 0, 0, -1//4, 0, 1//4, 0, 0, 0],
	[20, 21, 14, 4, 21, 1, 2, 6, 1, 1] => QQFieldElem[-8//3, 0, 0, 0, 8//3, 0, 0, 0, 0, 0, 0, 0, -4//3, 0, 0, 0],
	[20, 21, 14, 4, 21, 1, 2, 8, 1, 1] => QQFieldElem[-2//3, 0, 0, 0, 0, 0, 0, 0, 0, 0, 0, 0, 0, 0, 0, 0],
	[20, 21, 14, 4, 21, 1, 1, 6, 1, 1] => QQFieldElem[0, 0, 0, 0, 0, 0, 0, 0, 0, 0, 0, 0, 4//3, 0, 0, 0],
	[20, 21, 14, 4, 21, 1, 1, 8, 1, 1] => QQFieldElem[0, 0, 0, 0, 0, 0, 0, 0, 0, 0, 0, 0, -2//3, 0, 0, 0],
	[20, 21, 14, 4, 19, 1, 1, 14, 1, 1] => QQFieldElem[-16//27, 0, -8//9, 0, -8//9, 0, -16//27, 0, -8//27, 0, 8//27, 0, 16//27, 0, 16//27, 0],
	[20, 21, 14, 4, 19, 1, 2, 7, 1, 1] => QQFieldElem[-2//3, 0, -2//3, 0, 2//3, 0, 2//3, 0, 2//3, 0, -1//3, 0, -1, 0, 1//3, 0],
	[20, 21, 14, 4, 19, 1, 1, 7, 1, 1] => QQFieldElem[-2//3, 0, 2//3, 0, 2//3, 0, -2//3, 0, 2//3, 0, 1//3, 0, -1, 0, -1//3, 0],
	[20, 21, 14, 4, 19, 1, 2, 14, 2, 1] => QQFieldElem[-8//9, 0, 4//9, 0, 4//9, 0, 0, 0, 4//3, 0, -4//3, 0, 8//9, 0, -8//9, 0],
	[20, 21, 14, 4, 19, 1, 1, 14, 2, 1] => QQFieldElem[-8//9, 0, -4//9, 0, 4//9, 0, 0, 0, 4//3, 0, 4//3, 0, 8//9, 0, 8//9, 0],
	[20, 21, 14, 4, 20, 1, 2, 6, 1, 1] => QQFieldElem[4//9, 0, 4//3, 0, -4//9, 0, -8//9, 0, -4//3, 0, -4//9, 0, 4//3, 0, 8//9, 0],
	[20, 21, 14, 4, 20, 1, 2, 8, 1, 1] => QQFieldElem[-2//9, 0, 2//9, 0, 0, 0, 2//9, 0, 0, 0, -2//9, 0, -2//9, 0, 0, 0],
	[20, 21, 14, 4, 20, 1, 1, 6, 1, 1] => QQFieldElem[4//9, 0, -4//3, 0, -4//9, 0, 8//9, 0, -4//3, 0, 4//9, 0, 4//3, 0, -8//9, 0],
	[20, 21, 14, 4, 20, 1, 1, 8, 1, 1] => QQFieldElem[-2//9, 0, -2//9, 0, 0, 0, -2//9, 0, 0, 0, 2//9, 0, -2//9, 0, 0, 0],
	[20, 21, 14, 4, 21, 1, 1, 14, 1, 1] => QQFieldElem[-1, 0, -3//2, 0, -1, 0, -1//2, 0, 1, 0, 1, 0, 3//2, 0, 3//2, 0],
	[20, 21, 14, 4, 21, 1, 2, 14, 1, 1] => QQFieldElem[-1, 0, 3//2, 0, -1, 0, 1//2, 0, 1, 0, -1, 0, 3//2, 0, -3//2, 0],
	[20, 21, 14, 4, 19, 1, 2, 9, 1, 1] => QQFieldElem[1//6, 0, -1//6, 0, 0, 0, -1//6, 0, 0, 0, 1//6, 0, -1//6, 0, 0, 0],
	[20, 21, 14, 4, 21, 1, 2, 7, 1, 1] => QQFieldElem[-3, 0, 0, 0, 3//2, 0, 0, 0, 3//2, 0, 0, 0, -3, 0, 0, 0],
	[20, 21, 14, 4, 21, 1, 1, 7, 1, 1] => QQFieldElem[0, 0, 0, 0, 3//2, 0, 0, 0, -3//2, 0, 0, 0, 0, 0, 0, 0],
	[20, 21, 14, 4, 19, 1, 1, 9, 1, 1] => QQFieldElem[1//6, 0, 1//6, 0, 0, 0, 1//6, 0, 0, 0, -1//6, 0, -1//6, 0, 0, 0],
	[20, 21, 14, 4, 21, 1, 2, 14, 2, 1] => QQFieldElem[-3//2, 0, 0, 0, -3//2, 0, 0, 0, -3//2, 0, 0, 0, -3//2, 0, 0, 0],
	[20, 21, 14, 4, 21, 1, 1, 14, 2, 1] => QQFieldElem[-3//2, 0, 0, 0, -3//2, 0, 0, 0, 3//2, 0, 0, 0, 3//2, 0, 0, 0],
	[20, 21, 14, 4, 20, 1, 2, 14, 1, 1] => QQFieldElem[-8//3, 0, 0, 0, -8//3, 0, 0, 0, 0, 0, 0, 0, 4//3, 0, 0, 0],
	[20, 21, 14, 4, 20, 1, 1, 14, 1, 1] => QQFieldElem[0, 0, 0, 0, 0, 0, 0, 0, 0, 0, 0, 0, 4//3, 0, 0, 0],
	[20, 21, 14, 4, 20, 1, 2, 7, 1, 1] => QQFieldElem[0, 0, 1, 0, 1, 0, -1, 0, -1, 0, -3//2, 0, 1//2, 0, 3//2, 0],
	[20, 21, 14, 4, 20, 1, 1, 7, 1, 1] => QQFieldElem[0, 0, -1, 0, 1, 0, 1, 0, -1, 0, 3//2, 0, 1//2, 0, -3//2, 0],
	[20, 21, 14, 4, 19, 1, 2, 6, 1, 1] => QQFieldElem[-8//9, 0, 8//27, 0, 8//9, 0, 0, 0, 8//27, 0, -8//9, 0, -8//27, 0, 16//27, 0],
	[20, 21, 14, 4, 21, 1, 2, 9, 1, 1] => QQFieldElem[0, 0, 0, 0, 0, 0, 0, 0, 0, 0, 0, 0, 0, 0, 0, 0],
	[20, 21, 14, 4, 19, 1, 1, 6, 1, 1] => QQFieldElem[-8//9, 0, -8//27, 0, 8//9, 0, 0, 0, 8//27, 0, 8//9, 0, -8//27, 0, -16//27, 0],
	[20, 21, 14, 4, 21, 1, 1, 9, 1, 1] => QQFieldElem[-3//4, 0, 0, 0, 0, 0, 0, 0, 0, 0, 0, 0, 3//4, 0, 0, 0],
	[20, 21, 14, 4, 19, 1, 1, 8, 1, 1] => QQFieldElem[4//27, 0, -4//27, 0, 0, 0, 4//27, 0, 0, 0, 4//27, 0, 4//27, 0, 0, 0],
	[20, 21, 14, 4, 20, 1, 1, 14, 2, 1] => QQFieldElem[0, 0, -1//3, 0, -2//3, 0, -1, 0, -2//3, 0, -2//3, 0, -1//3, 0, 1//3, 0],
	[20, 21, 14, 4, 20, 1, 2, 14, 2, 1] => QQFieldElem[0, 0, 1//3, 0, -2//3, 0, 1, 0, -2//3, 0, 2//3, 0, -1//3, 0, -1//3, 0],
	[20, 21, 14, 4, 19, 1, 2, 8, 1, 1] => QQFieldElem[4//27, 0, 4//27, 0, 0, 0, -4//27, 0, 0, 0, -4//27, 0, 4//27, 0, 0, 0])