Dict(
	[20, 21, 11, 13, 16, 1, 1, 20, 1, 1] => QQFieldElem[0, 1//3, 0, 0, 0, 0, 0, -1//3, 0, 0, 0, 0, 0, 0, 0, 0],
	[20, 21, 11, 13, 13, 1, 1, 4, 1, 1] => QQFieldElem[0, 0, 0, 0, -32//3, 0, 32//3, 0, 0, 0, 0, 0, 0, 0, -32//3, 0],
	[20, 21, 11, 13, 10, 1, 1, 21, 1, 1] => QQFieldElem[0, 0, 0, 0, 0, 0, 0, 0, -9//32, 0, 0, 0, 0, 0, 0, 0],
	[20, 21, 11, 13, 10, 1, 1, 9, 1, 1] => QQFieldElem[9//64, 0, 0, 0, 0, 0, 0, 0, 9//64, 0, 0, 0, 0, 0, 0, 0],
	[20, 21, 11, 13, 12, 1, 1, 20, 1, 1] => QQFieldElem[0, 0, -64//3, 0, 0, 0, 0, 0, -64//3, 0, 0, 0, 0, 0, 0, 0],
	[20, 21, 11, 13, 11, 1, 1, 5, 1, 1] => QQFieldElem[27//64, 0, 0, 0, 0, 0, 0, 0, -9//64, 0, 0, 0, 0, 0, 0, 0],
	[20, 21, 11, 13, 18, 1, 1, 21, 1, 1] => QQFieldElem[0, 0, 0, 0, 0, -1//3, 0, 0, 0, 0, 0, 1//3, 0, 1//3, 0, 0],
	[20, 21, 11, 13, 15, 1, 1, 5, 1, 1] => QQFieldElem[-1//2, 0, 0, 0, 0, 0, 0, 0, 1//2, 0, 0, 0, -1//6, 0, 0, 0],
	[20, 21, 11, 13, 11, 1, 1, 19, 1, 1] => QQFieldElem[0, 0, -64//3, 0, 0, 0, 0, 0, -64//3, 0, 0, 0, 0, 0, 0, 0],
	[20, 21, 11, 13, 18, 1, 1, 9, 1, 1] => QQFieldElem[0, 0, 0, 0, 0, 0, 0, 0, 0, 0, 0, 0, -1//6, 0, 0, 0],
	[20, 21, 11, 13, 15, 1, 1, 19, 1, 1] => QQFieldElem[0, 0, 0, 0, 0, 0, 0, 0, -9//32, 0, 0, 0, 0, 0, 0, 0],
	[20, 21, 11, 13, 16, 1, 1, 4, 1, 1] => QQFieldElem[1//2, 0, 0, 0, 0, 0, 0, 0, -1//2, 0, 0, 0, 1//6, 0, 0, 0],
	[20, 21, 11, 13, 11, 1, 1, 19, 2, 1] => QQFieldElem[0, 0, -64//3, 0, 0, 0, 0, 0, 64//3, 0, 0, 0, 0, 0, 0, 0],
	[20, 21, 11, 13, 17, 1, 1, 5, 1, 1] => QQFieldElem[0, 0, 0, 0, 0, 0, 0, 0, 0, 0, 0, 0, -1//6, 0, 0, 0],
	[20, 21, 11, 13, 15, 1, 1, 19, 2, 1] => QQFieldElem[9//8, 0, 0, 0, 0, 0, 0, 0, 9//32, 0, 0, 0, 0, 0, 0, 0],
	[20, 21, 11, 13, 12, 1, 1, 4, 1, 1] => QQFieldElem[0, 0, 0, 0, -32//3, 0, -32//3, 0, 0, 0, 0, 0, 0, 0, 32//3, 0],
	[20, 21, 11, 13, 17, 1, 1, 19, 1, 1] => QQFieldElem[0, 0, 0, -1//3, 0, 0, 0, 0, 0, 0, 0, 1//3, 0, 1//3, 0, 0],
	[20, 21, 11, 13, 11, 1, 1, 8, 1, 1] => QQFieldElem[27//64, 0, 0, 0, 0, 0, 0, 0, -9//64, 0, 0, 0, 0, 0, 0, 0],
	[20, 21, 11, 13, 15, 1, 1, 8, 1, 1] => QQFieldElem[1//2, 0, 0, 0, 0, 0, 0, 0, -1//2, 0, 0, 0, 1//6, 0, 0, 0],
	[20, 21, 11, 13, 17, 1, 1, 19, 2, 1] => QQFieldElem[0, 0, 0, -1//3, 0, 0, 0, 0, 0, 0, 0, 1//3, 0, 1//3, 0, 0],
	[20, 21, 11, 13, 13, 1, 1, 5, 1, 1] => QQFieldElem[0, 0, 0, 0, 32//3, 0, -32//3, 0, 0, 0, 0, 0, 0, 0, 32//3, 0],
	[20, 21, 11, 13, 17, 1, 1, 8, 1, 1] => QQFieldElem[0, 0, 0, 0, 0, 0, 0, 0, 0, 0, 0, 0, 1//6, 0, 0, 0],
	[20, 21, 11, 13, 13, 1, 1, 19, 1, 1] => QQFieldElem[0, 1//3, 0, 0, 0, 0, 0, 0, 0, -1//3, 0, 0, 0, 0, 0, -1//3],
	[20, 21, 11, 13, 10, 1, 1, 20, 1, 1] => QQFieldElem[0, 0, 0, 0, 0, 0, 0, 0, -9//32, 0, 0, 0, 0, 0, 0, 0],
	[20, 21, 11, 13, 11, 1, 1, 21, 1, 1] => QQFieldElem[9//8, 0, 0, 0, 0, 0, 0, 0, 9//32, 0, 0, 0, 0, 0, 0, 0],
	[20, 21, 11, 13, 13, 1, 1, 19, 2, 1] => QQFieldElem[0, 0, 0, 0, 0, 0, 0, -1//3, 0, 1//3, 0, 0, 0, 0, 0, 1//3],
	[20, 21, 11, 13, 11, 1, 1, 9, 1, 1] => QQFieldElem[27//64, 0, 0, 0, 0, 0, 0, 0, -9//64, 0, 0, 0, 0, 0, 0, 0],
	[20, 21, 11, 13, 15, 1, 1, 21, 1, 1] => QQFieldElem[0, 0, 0, 1//3, 0, 0, 0, 0, 0, 0, 0, -1//3, 0, -1//3, 0, 0],
	[20, 21, 11, 13, 15, 1, 1, 9, 1, 1] => QQFieldElem[1//2, 0, 0, 0, 0, 0, 0, 0, -1//2, 0, 0, 0, -1//6, 0, 0, 0],
	[20, 21, 11, 13, 16, 1, 1, 5, 1, 1] => QQFieldElem[1//2, 0, 0, 0, 0, 0, 0, 0, -1//2, 0, 0, 0, -1//6, 0, 0, 0],
	[20, 21, 11, 13, 18, 1, 1, 20, 1, 1] => QQFieldElem[0, 0, 0, 0, 0, 0, 0, 1//3, 0, -1//3, 0, 0, 0, 0, 0, -1//3],
	[20, 21, 11, 13, 13, 1, 1, 8, 1, 1] => QQFieldElem[0, 0, 0, 0, 32//3, 0, -32//3, 0, 0, 0, 0, 0, 0, 0, 32//3, 0],
	[20, 21, 11, 13, 16, 1, 1, 19, 1, 1] => QQFieldElem[0, 0, 64//3, 0, 0, 0, 0, 0, 64//3, 0, 0, 0, 0, 0, 0, 0],
	[20, 21, 11, 13, 17, 1, 1, 21, 1, 1] => QQFieldElem[0, 0, 0, -1//3, 0, 1//3, 0, 0, 0, 0, 0, 0, 0, 0, 0, 0],
	[20, 21, 11, 13, 12, 1, 1, 5, 1, 1] => QQFieldElem[0, 0, 0, 0, 32//3, 0, 32//3, 0, 0, 0, 0, 0, 0, 0, -32//3, 0],
	[20, 21, 11, 13, 10, 1, 1, 4, 1, 1] => QQFieldElem[9//64, 0, 0, 0, 0, 0, 0, 0, 9//64, 0, 0, 0, 0, 0, 0, 0],
	[20, 21, 11, 13, 17, 1, 1, 9, 1, 1] => QQFieldElem[0, 0, 0, 0, 0, 0, 0, 0, 0, 0, 0, 0, -1//6, 0, 0, 0],
	[20, 21, 11, 13, 12, 1, 1, 19, 1, 1] => QQFieldElem[0, -1//3, 0, 0, 0, 0, 0, 1//3, 0, 0, 0, 0, 0, 0, 0, 0],
	[20, 21, 11, 13, 16, 1, 1, 19, 2, 1] => QQFieldElem[0, 0, 64//3, 0, 0, 0, 0, 0, -64//3, 0, 0, 0, 0, 0, 0, 0],
	[20, 21, 11, 13, 18, 1, 1, 4, 1, 1] => QQFieldElem[0, 0, 0, 0, 0, 0, 0, 0, 0, 0, 0, 0, 1//6, 0, 0, 0],
	[20, 21, 11, 13, 12, 1, 1, 19, 2, 1] => QQFieldElem[0, -1//3, 0, 0, 0, 0, 0, 1//3, 0, 0, 0, 0, 0, 0, 0, 0],
	[20, 21, 11, 13, 16, 1, 1, 8, 1, 1] => QQFieldElem[-1//2, 0, 0, 0, 0, 0, 0, 0, 1//2, 0, 0, 0, 1//6, 0, 0, 0],
	[20, 21, 11, 13, 13, 1, 1, 21, 1, 1] => QQFieldElem[0, 0, 64//3, 0, 0, 0, 0, 0, -64//3, 0, 0, 0, 0, 0, 0, 0],
	[20, 21, 11, 13, 12, 1, 1, 8, 1, 1] => QQFieldElem[0, 0, 0, 0, 32//3, 0, 32//3, 0, 0, 0, 0, 0, 0, 0, -32//3, 0],
	[20, 21, 11, 13, 13, 1, 1, 9, 1, 1] => QQFieldElem[0, 0, 0, 0, -32//3, 0, 32//3, 0, 0, 0, 0, 0, 0, 0, -32//3, 0],
	[20, 21, 11, 13, 11, 1, 1, 20, 1, 1] => QQFieldElem[9//8, 0, 0, 0, 0, 0, 0, 0, 9//32, 0, 0, 0, 0, 0, 0, 0],
	[20, 21, 11, 13, 15, 1, 1, 20, 1, 1] => QQFieldElem[0, 1//3, 0, 0, 0, 0, 0, -1//3, 0, 0, 0, 0, 0, 0, 0, 0],
	[20, 21, 11, 13, 16, 1, 1, 21, 1, 1] => QQFieldElem[0, 0, 0, 1//3, 0, 0, 0, 0, 0, 0, 0, -1//3, 0, -1//3, 0, 0],
	[20, 21, 11, 13, 16, 1, 1, 9, 1, 1] => QQFieldElem[-1//2, 0, 0, 0, 0, 0, 0, 0, 1//2, 0, 0, 0, -1//6, 0, 0, 0],
	[20, 21, 11, 13, 10, 1, 1, 5, 1, 1] => QQFieldElem[9//64, 0, 0, 0, 0, 0, 0, 0, 9//64, 0, 0, 0, 0, 0, 0, 0],
	[20, 21, 11, 13, 12, 1, 1, 21, 1, 1] => QQFieldElem[0, 0, 64//3, 0, 0, 0, 0, 0, 64//3, 0, 0, 0, 0, 0, 0, 0],
	[20, 21, 11, 13, 12, 1, 1, 9, 1, 1] => QQFieldElem[0, 0, 0, 0, -32//3, 0, -32//3, 0, 0, 0, 0, 0, 0, 0, 32//3, 0],
	[20, 21, 11, 13, 10, 1, 1, 19, 1, 1] => QQFieldElem[0, 0, 0, 0, 0, 0, 0, 0, -9//32, 0, 0, 0, 0, 0, 0, 0],
	[20, 21, 11, 13, 17, 1, 1, 20, 1, 1] => QQFieldElem[0, -1//3, 0, 0, 0, 0, 0, 0, 0, 1//3, 0, 0, 0, 0, 0, 1//3],
	[20, 21, 11, 13, 11, 1, 1, 4, 1, 1] => QQFieldElem[27//64, 0, 0, 0, 0, 0, 0, 0, -9//64, 0, 0, 0, 0, 0, 0, 0],
	[20, 21, 11, 13, 18, 1, 1, 5, 1, 1] => QQFieldElem[0, 0, 0, 0, 0, 0, 0, 0, 0, 0, 0, 0, -1//6, 0, 0, 0],
	[20, 21, 11, 13, 15, 1, 1, 4, 1, 1] => QQFieldElem[-1//2, 0, 0, 0, 0, 0, 0, 0, 1//2, 0, 0, 0, 1//6, 0, 0, 0],
	[20, 21, 11, 13, 18, 1, 1, 19, 1, 1] => QQFieldElem[0, 0, 0, 1//3, 0, -1//3, 0, 0, 0, 0, 0, 0, 0, 0, 0, 0],
	[20, 21, 11, 13, 10, 1, 1, 19, 2, 1] => QQFieldElem[9//8, 0, 0, 0, 0, 0, 0, 0, 9//32, 0, 0, 0, 0, 0, 0, 0],
	[20, 21, 11, 13, 18, 1, 1, 19, 2, 1] => QQFieldElem[0, 0, 0, 0, 0, 1//3, 0, 0, 0, 0, 0, -1//3, 0, -1//3, 0, 0],
	[20, 21, 11, 13, 10, 1, 1, 8, 1, 1] => QQFieldElem[9//64, 0, 0, 0, 0, 0, 0, 0, 9//64, 0, 0, 0, 0, 0, 0, 0],
	[20, 21, 11, 13, 17, 1, 1, 4, 1, 1] => QQFieldElem[0, 0, 0, 0, 0, 0, 0, 0, 0, 0, 0, 0, 1//6, 0, 0, 0],
	[20, 21, 11, 13, 13, 1, 1, 20, 1, 1] => QQFieldElem[0, 0, -64//3, 0, 0, 0, 0, 0, 64//3, 0, 0, 0, 0, 0, 0, 0],
	[20, 21, 11, 13, 18, 1, 1, 8, 1, 1] => QQFieldElem[0, 0, 0, 0, 0, 0, 0, 0, 0, 0, 0, 0, 1//6, 0, 0, 0])