Dict(
	[20, 14, 3, 19, 14, 1, 2, 21, 2, 1] => QQFieldElem[-9//16, 0, 0, 0, -9//16, 0, 0, 0, -9//16, 0, 0, 0, -9//16, 0, 0, 0],
	[20, 14, 3, 19, 14, 1, 2, 20, 1, 1] => QQFieldElem[-4//9, 0, 0, 0, -2//9, 0, 0, 0, 2//9, 0, 0, 0, 4//9, 0, 0, 0],
	[20, 14, 3, 19, 14, 1, 1, 21, 2, 1] => QQFieldElem[9//16, 0, 0, 0, 9//16, 0, 0, 0, 9//16, 0, 0, 0, 9//16, 0, 0, 0],
	[20, 14, 3, 19, 14, 1, 1, 20, 1, 1] => QQFieldElem[4//9, 0, 0, 0, 2//9, 0, 0, 0, -2//9, 0, 0, 0, -4//9, 0, 0, 0],
	[20, 14, 3, 19, 14, 2, 2, 21, 2, 1] => QQFieldElem[-1, 0, 0, 0, -1, 0, 0, 0, 0, 0, 0, 0, 1//2, 0, 0, 0],
	[20, 14, 3, 19, 14, 2, 2, 20, 1, 1] => QQFieldElem[16//81, 0, 0, 0, 0, 0, 0, 0, -32//81, 0, 0, 0, 0, 0, 0, 0],
	[20, 14, 3, 19, 14, 2, 1, 21, 2, 1] => QQFieldElem[1//2, 0, 0, 0, 1, 0, 0, 0, 0, 0, 0, 0, -1//2, 0, 0, 0],
	[20, 14, 3, 19, 14, 2, 1, 20, 1, 1] => QQFieldElem[-16//81, 0, 0, 0, 0, 0, 0, 0, 32//81, 0, 0, 0, 16//27, 0, 0, 0],
	[20, 14, 3, 19, 14, 1, 2, 20, 2, 1] => QQFieldElem[0, 0, 0, 0, -1//2, 0, 0, 0, 0, 0, 0, 0, 1//4, 0, 0, 0],
	[20, 14, 3, 19, 14, 1, 1, 20, 2, 1] => QQFieldElem[3//4, 0, 0, 0, 1//2, 0, 0, 0, 0, 0, 0, 0, -1//4, 0, 0, 0],
	[20, 14, 3, 19, 14, 2, 2, 20, 2, 1] => QQFieldElem[4//9, 0, 0, 0, 2//9, 0, 0, 0, -2//9, 0, 0, 0, -4//9, 0, 0, 0],
	[20, 14, 3, 19, 14, 2, 1, 20, 2, 1] => QQFieldElem[-4//9, 0, 0, 0, -2//9, 0, 0, 0, 2//9, 0, 0, 0, 4//9, 0, 0, 0],
	[20, 14, 3, 19, 14, 1, 2, 21, 1, 1] => QQFieldElem[-1, 0, 0, 0, -1, 0, 0, 0, 0, 0, 0, 0, 1//2, 0, 0, 0],
	[20, 14, 3, 19, 14, 1, 1, 21, 1, 1] => QQFieldElem[1//2, 0, 0, 0, 1, 0, 0, 0, 0, 0, 0, 0, -1//2, 0, 0, 0],
	[20, 14, 3, 19, 14, 2, 2, 21, 1, 1] => QQFieldElem[-8//9, 0, 0, 0, -4//9, 0, 0, 0, 4//9, 0, 0, 0, 8//9, 0, 0, 0],
	[20, 14, 3, 19, 14, 2, 1, 21, 1, 1] => QQFieldElem[8//9, 0, 0, 0, 4//9, 0, 0, 0, -4//9, 0, 0, 0, -8//9, 0, 0, 0])