Dict(
	[20, 21, 20, 14, 19, 2, 2, 21, 1, 1] => QQFieldElem[1//6, 0, 0, 0, 1//2, 0, 0, 0, -1//3, 0, 0, 0, -1//3, 0, 0, 0],
	[20, 21, 20, 14, 20, 1, 1, 21, 1, 2] => QQFieldElem[-1//6, 0, 0, 0, 1//2, 0, 0, 0, 1//3, 0, 0, 0, 1//3, 0, 0, 0],
	[20, 21, 20, 14, 21, 2, 1, 19, 1, 1] => QQFieldElem[0, 0, 0, 0, -1//12, 0, 0, 0, -1//12, 0, 0, 0, -1//12, 0, 0, 0],
	[20, 21, 20, 14, 20, 1, 1, 19, 1, 1] => QQFieldElem[0, 0, 0, 0, 1//12, 0, 0, 0, 1//12, 0, 0, 0, 1//12, 0, 0, 0],
	[20, 21, 20, 14, 21, 1, 1, 20, 1, 1] => QQFieldElem[-1//6, 0, 0, 0, 0, 0, 0, 0, 1//3, 0, 0, 0, 1//3, 0, 0, 0],
	[20, 21, 20, 14, 21, 2, 1, 19, 2, 1] => QQFieldElem[0, 0, 0, 0, -1//12, 0, 0, 0, -1//12, 0, 0, 0, -1//12, 0, 0, 0],
	[20, 21, 20, 14, 19, 1, 2, 21, 1, 2] => QQFieldElem[1//6, 0, 0, 0, -1//6, 0, 0, 0, -1//6, 0, 0, 0, 1//3, 0, 0, 0],
	[20, 21, 20, 14, 19, 2, 1, 21, 1, 2] => QQFieldElem[-1//3, 0, 0, 0, 1//6, 0, 0, 0, 1//6, 0, 0, 0, -1//6, 0, 0, 0],
	[20, 21, 20, 14, 20, 1, 1, 19, 2, 1] => QQFieldElem[0, 0, 0, 0, 1//12, 0, 0, 0, 1//12, 0, 0, 0, 1//12, 0, 0, 0],
	[20, 21, 20, 14, 21, 1, 1, 19, 1, 2] => QQFieldElem[-1//12, 0, 0, 0, 1//6, 0, 0, 0, -1//12, 0, 0, 0, -1//12, 0, 0, 0],
	[20, 21, 20, 14, 19, 1, 2, 19, 1, 1] => QQFieldElem[0, 0, 0, 0, 1//12, 0, 0, 0, 1//12, 0, 0, 0, 1//12, 0, 0, 0],
	[20, 21, 20, 14, 20, 2, 1, 20, 1, 1] => QQFieldElem[-1//6, 0, 0, 0, 2//3, 0, 0, 0, 1//6, 0, 0, 0, 1//6, 0, 0, 0],
	[20, 21, 20, 14, 19, 2, 1, 19, 1, 1] => QQFieldElem[-1//6, 0, 0, 0, 1//12, 0, 0, 0, 1//12, 0, 0, 0, -5//12, 0, 0, 0],
	[20, 21, 20, 14, 21, 1, 1, 19, 2, 2] => QQFieldElem[-1//12, 0, 0, 0, -1//12, 0, 0, 0, 1//6, 0, 0, 0, 1//6, 0, 0, 0],
	[20, 21, 20, 14, 19, 1, 2, 19, 2, 1] => QQFieldElem[-1//12, 0, 0, 0, -1//12, 0, 0, 0, 0, 0, 0, 0, 1//6, 0, 0, 0],
	[20, 21, 20, 14, 20, 2, 1, 19, 1, 2] => QQFieldElem[1//12, 0, 0, 0, 0, 0, 0, 0, 1//12, 0, 0, 0, -1//12, 0, 0, 0],
	[20, 21, 20, 14, 19, 2, 1, 19, 2, 1] => QQFieldElem[1//12, 0, 0, 0, -1//6, 0, 0, 0, 1//12, 0, 0, 0, 1//12, 0, 0, 0],
	[20, 21, 20, 14, 21, 2, 1, 20, 1, 2] => QQFieldElem[0, 0, 0, 0, -1//6, 0, 0, 0, -1//6, 0, 0, 0, -1//6, 0, 0, 0],
	[20, 21, 20, 14, 19, 1, 1, 20, 1, 1] => QQFieldElem[1//6, 0, 0, 0, 1//3, 0, 0, 0, -1//6, 0, 0, 0, 5//6, 0, 0, 0],
	[20, 21, 20, 14, 19, 2, 2, 20, 1, 1] => QQFieldElem[1//6, 0, 0, 0, -2//3, 0, 0, 0, 1//6, 0, 0, 0, 1//2, 0, 0, 0],
	[20, 21, 20, 14, 20, 1, 1, 20, 1, 2] => QQFieldElem[-1//6, 0, 0, 0, -1//3, 0, 0, 0, -1//6, 0, 0, 0, 1//2, 0, 0, 0],
	[20, 21, 20, 14, 20, 2, 1, 19, 2, 2] => QQFieldElem[1//12, 0, 0, 0, -1//12, 0, 0, 0, -1//6, 0, 0, 0, -1//6, 0, 0, 0],
	[20, 21, 20, 14, 21, 2, 1, 21, 1, 1] => QQFieldElem[0, 0, 0, 0, -1//6, 0, 0, 0, -1//6, 0, 0, 0, -1//6, 0, 0, 0],
	[20, 21, 20, 14, 19, 1, 1, 19, 1, 2] => QQFieldElem[1//6, 0, 0, 0, -1//12, 0, 0, 0, -1//12, 0, 0, 0, -1//4, 0, 0, 0],
	[20, 21, 20, 14, 20, 1, 1, 21, 1, 1] => QQFieldElem[-1//6, 0, 0, 0, -1//2, 0, 0, 0, 1//3, 0, 0, 0, 1//3, 0, 0, 0],
	[20, 21, 20, 14, 19, 2, 2, 19, 1, 2] => QQFieldElem[0, 0, 0, 0, -1//12, 0, 0, 0, -1//12, 0, 0, 0, -1//12, 0, 0, 0],
	[20, 21, 20, 14, 19, 1, 1, 19, 2, 2] => QQFieldElem[-1//12, 0, 0, 0, 0, 0, 0, 0, -1//12, 0, 0, 0, 1//12, 0, 0, 0],
	[20, 21, 20, 14, 19, 2, 2, 19, 2, 2] => QQFieldElem[1//12, 0, 0, 0, -1//12, 0, 0, 0, 0, 0, 0, 0, 1//6, 0, 0, 0],
	[20, 21, 20, 14, 19, 1, 2, 20, 1, 2] => QQFieldElem[0, 0, 0, 0, 1//6, 0, 0, 0, 1//6, 0, 0, 0, 1//6, 0, 0, 0],
	[20, 21, 20, 14, 21, 1, 1, 21, 1, 2] => QQFieldElem[-1//6, 0, 0, 0, 1//6, 0, 0, 0, -1//6, 0, 0, 0, 0, 0, 0, 0],
	[20, 21, 20, 14, 19, 2, 1, 20, 1, 2] => QQFieldElem[1//6, 0, 0, 0, 0, 0, 0, 0, -1//3, 0, 0, 0, -1//3, 0, 0, 0],
	[20, 21, 20, 14, 19, 1, 2, 21, 1, 1] => QQFieldElem[-1//6, 0, 0, 0, 1//2, 0, 0, 0, 0, 0, 0, 0, -1, 0, 0, 0],
	[20, 21, 20, 14, 19, 2, 1, 21, 1, 1] => QQFieldElem[1//6, 0, 0, 0, -1//2, 0, 0, 0, -1//3, 0, 0, 0, -1//3, 0, 0, 0],
	[20, 21, 20, 14, 21, 1, 1, 19, 1, 1] => QQFieldElem[1//6, 0, 0, 0, -1//12, 0, 0, 0, -1//12, 0, 0, 0, -7//12, 0, 0, 0],
	[20, 21, 20, 14, 20, 2, 1, 21, 1, 2] => QQFieldElem[1//6, 0, 0, 0, 1//2, 0, 0, 0, 0, 0, 0, 0, -1, 0, 0, 0],
	[20, 21, 20, 14, 21, 1, 1, 19, 2, 1] => QQFieldElem[1//6, 0, 0, 0, -1//12, 0, 0, 0, -1//12, 0, 0, 0, 5//12, 0, 0, 0],
	[20, 21, 20, 14, 19, 1, 1, 21, 1, 2] => QQFieldElem[0, 0, 0, 0, 1//6, 0, 0, 0, 1//6, 0, 0, 0, 1//6, 0, 0, 0],
	[20, 21, 20, 14, 20, 2, 1, 19, 1, 1] => QQFieldElem[-1//6, 0, 0, 0, 1//12, 0, 0, 0, 1//12, 0, 0, 0, -3//4, 0, 0, 0],
	[20, 21, 20, 14, 19, 2, 2, 21, 1, 2] => QQFieldElem[1//6, 0, 0, 0, -1//6, 0, 0, 0, 1//6, 0, 0, 0, 0, 0, 0, 0],
	[20, 21, 20, 14, 21, 2, 1, 20, 1, 1] => QQFieldElem[1//6, 0, 0, 0, 0, 0, 0, 0, 0, 0, 0, 0, 0, 0, 0, 0],
	[20, 21, 20, 14, 20, 1, 1, 20, 1, 1] => QQFieldElem[-1//6, 0, 0, 0, 2//3, 0, 0, 0, -1//6, 0, 0, 0, -1//2, 0, 0, 0],
	[20, 21, 20, 14, 20, 2, 1, 19, 2, 1] => QQFieldElem[-1//6, 0, 0, 0, 1//12, 0, 0, 0, 1//12, 0, 0, 0, 1//4, 0, 0, 0],
	[20, 21, 20, 14, 21, 2, 1, 19, 1, 2] => QQFieldElem[-1//12, 0, 0, 0, 0, 0, 0, 0, 1//12, 0, 0, 0, -1//4, 0, 0, 0],
	[20, 21, 20, 14, 19, 1, 1, 19, 1, 1] => QQFieldElem[0, 0, 0, 0, 1//12, 0, 0, 0, 1//12, 0, 0, 0, 1//12, 0, 0, 0],
	[20, 21, 20, 14, 19, 2, 2, 19, 1, 1] => QQFieldElem[-1//6, 0, 0, 0, 1//12, 0, 0, 0, 1//12, 0, 0, 0, 7//12, 0, 0, 0],
	[20, 21, 20, 14, 20, 1, 1, 19, 1, 2] => QQFieldElem[1//12, 0, 0, 0, -1//6, 0, 0, 0, -1//12, 0, 0, 0, 1//12, 0, 0, 0],
	[20, 21, 20, 14, 19, 1, 1, 19, 2, 1] => QQFieldElem[1//12, 0, 0, 0, 0, 0, 0, 0, -1//12, 0, 0, 0, 1//4, 0, 0, 0],
	[20, 21, 20, 14, 21, 1, 1, 20, 1, 2] => QQFieldElem[1//3, 0, 0, 0, -1//6, 0, 0, 0, -1//6, 0, 0, 0, 1//6, 0, 0, 0],
	[20, 21, 20, 14, 21, 2, 1, 19, 2, 2] => QQFieldElem[1//12, 0, 0, 0, 1//12, 0, 0, 0, 0, 0, 0, 0, -1//6, 0, 0, 0],
	[20, 21, 20, 14, 19, 1, 2, 20, 1, 1] => QQFieldElem[1//6, 0, 0, 0, -2//3, 0, 0, 0, -1//6, 0, 0, 0, -1//6, 0, 0, 0],
	[20, 21, 20, 14, 19, 2, 2, 19, 2, 1] => QQFieldElem[1//12, 0, 0, 0, 1//12, 0, 0, 0, -1//6, 0, 0, 0, -1//6, 0, 0, 0],
	[20, 21, 20, 14, 20, 1, 1, 19, 2, 2] => QQFieldElem[-1//12, 0, 0, 0, 1//12, 0, 0, 0, 0, 0, 0, 0, -1//6, 0, 0, 0],
	[20, 21, 20, 14, 21, 1, 1, 21, 1, 1] => QQFieldElem[1//3, 0, 0, 0, -1//6, 0, 0, 0, -1//6, 0, 0, 0, 1//6, 0, 0, 0],
	[20, 21, 20, 14, 19, 2, 1, 20, 1, 1] => QQFieldElem[1//6, 0, 0, 0, 1//3, 0, 0, 0, 1//6, 0, 0, 0, -1//2, 0, 0, 0],
	[20, 21, 20, 14, 20, 2, 1, 20, 1, 2] => QQFieldElem[-1//6, 0, 0, 0, -1//3, 0, 0, 0, 1//6, 0, 0, 0, -5//6, 0, 0, 0],
	[20, 21, 20, 14, 19, 1, 2, 19, 1, 2] => QQFieldElem[1//6, 0, 0, 0, -1//12, 0, 0, 0, -1//12, 0, 0, 0, 3//4, 0, 0, 0],
	[20, 21, 20, 14, 19, 2, 1, 19, 1, 2] => QQFieldElem[0, 0, 0, 0, -1//12, 0, 0, 0, -1//12, 0, 0, 0, -1//12, 0, 0, 0],
	[20, 21, 20, 14, 20, 2, 1, 21, 1, 1] => QQFieldElem[1//6, 0, 0, 0, -1//2, 0, 0, 0, 0, 0, 0, 0, 1, 0, 0, 0],
	[20, 21, 20, 14, 19, 1, 2, 19, 2, 2] => QQFieldElem[-1//12, 0, 0, 0, 1//12, 0, 0, 0, 1//6, 0, 0, 0, 1//6, 0, 0, 0],
	[20, 21, 20, 14, 19, 1, 1, 20, 1, 2] => QQFieldElem[-1//6, 0, 0, 0, 0, 0, 0, 0, 0, 0, 0, 0, 0, 0, 0, 0],
	[20, 21, 20, 14, 19, 2, 1, 19, 2, 2] => QQFieldElem[-1//12, 0, 0, 0, 1//6, 0, 0, 0, 1//12, 0, 0, 0, -1//12, 0, 0, 0],
	[20, 21, 20, 14, 19, 2, 2, 20, 1, 2] => QQFieldElem[-1//3, 0, 0, 0, 1//6, 0, 0, 0, 1//6, 0, 0, 0, -1//6, 0, 0, 0],
	[20, 21, 20, 14, 19, 1, 1, 21, 1, 1] => QQFieldElem[-1//6, 0, 0, 0, -1//2, 0, 0, 0, 0, 0, 0, 0, 1, 0, 0, 0],
	[20, 21, 20, 14, 21, 2, 1, 21, 1, 2] => QQFieldElem[-1//6, 0, 0, 0, 1//6, 0, 0, 0, 1//6, 0, 0, 0, -1//3, 0, 0, 0])