Dict(
	[20, 21, 14, 9, 19, 1, 2, 5, 1, 1] => QQFieldElem[-117//32, 0, 27//32, 0, 9//2, 0, 45//32, 0, 9//16, 0, -135//32, 0, -45//16, 0, 45//16, 0],
	[20, 21, 14, 9, 19, 1, 2, 14, 2, 1] => QQFieldElem[8//9, 0, 4//9, 0, 4//9, 0, 4//9, 0, -4//9, 0, 4//9, 0, -8//9, 0, 0, 0],
	[20, 21, 14, 9, 19, 1, 1, 5, 1, 1] => QQFieldElem[9//32, 0, 9//32, 0, 0, 0, -9//32, 0, -9//16, 0, -9//32, 0, 9//16, 0, 9//16, 0],
	[20, 21, 14, 9, 19, 1, 1, 14, 2, 1] => QQFieldElem[-16//27, 0, -32//27, 0, -16//9, 0, -32//27, 0, -16//27, 0, 0, 0, 16//27, 0, 32//27, 0],
	[20, 21, 14, 9, 20, 1, 2, 6, 1, 1] => QQFieldElem[-4//3, 0, 4//3, 0, -16//9, 0, 16//9, 0, 0, 0, 0, 0, 8//9, 0, -4//3, 0],
	[20, 21, 14, 9, 21, 1, 2, 14, 1, 1] => QQFieldElem[1//2, 0, -1//2, 0, 1, 0, 1//2, 0, 0, 0, 1, 0, -1//2, 0, 1//2, 0],
	[20, 21, 14, 9, 20, 1, 1, 6, 1, 1] => QQFieldElem[0, 0, 0, 0, 0, 0, 16//27, 0, 0, 0, -16//27, 0, 16//27, 0, -16//27, 0],
	[20, 21, 14, 9, 21, 1, 1, 14, 1, 1] => QQFieldElem[0, 0, -4//3, 0, -4//3, 0, -4//3, 0, -4//3, 0, -2//3, 0, 0, 0, 2//3, 0],
	[20, 21, 14, 9, 21, 1, 2, 4, 1, 1] => QQFieldElem[-4//3, 0, 8//3, 0, 8//3, 0, -8//9, 0, -16//9, 0, -8//3, 0, 4//9, 0, 8//3, 0],
	[20, 21, 14, 9, 19, 1, 2, 9, 1, 1] => QQFieldElem[117//64, 0, -81//64, 0, 9//8, 0, -81//64, 0, -9//32, 0, 27//64, 0, -45//64, 0, 45//32, 0],
	[20, 21, 14, 9, 21, 1, 1, 4, 1, 1] => QQFieldElem[20//9, 0, 0, 0, -8//3, 0, -8//9, 0, 0, 0, 16//9, 0, 4//3, 0, -8//9, 0],
	[20, 21, 14, 9, 19, 1, 1, 9, 1, 1] => QQFieldElem[-9//64, 0, 9//64, 0, 0, 0, 9//64, 0, 9//32, 0, -27//64, 0, 9//64, 0, -9//32, 0],
	[20, 21, 14, 9, 21, 1, 2, 5, 1, 1] => QQFieldElem[-4, 0, 1//2, 0, 4, 0, 3//2, 0, 1, 0, -7//2, 0, -3, 0, 2, 0],
	[20, 21, 14, 9, 21, 1, 2, 14, 2, 1] => QQFieldElem[-1, 0, -3//2, 0, -3//2, 0, -1, 0, -1//2, 0, 1//2, 0, 1//2, 0, 1, 0],
	[20, 21, 14, 9, 21, 1, 1, 5, 1, 1] => QQFieldElem[2, 0, 1//2, 0, -2, 0, -3//2, 0, -1, 0, 1//2, 0, 2, 0, 0, 0],
	[20, 21, 14, 9, 21, 1, 1, 14, 2, 1] => QQFieldElem[1//2, 0, 0, 0, 1//2, 0, -1//2, 0, 1//2, 0, 0, 0, 0, 0, 1, 0],
	[20, 21, 14, 9, 20, 1, 2, 14, 1, 1] => QQFieldElem[-4//3, 0, -4//9, 0, -8//9, 0, -8//9, 0, 8//9, 0, 8//9, 0, 8//9, 0, 4//3, 0],
	[20, 21, 14, 9, 20, 1, 1, 14, 1, 1] => QQFieldElem[8//9, 0, 0, 0, 8//9, 0, 4//9, 0, 0, 0, 4//9, 0, -4//9, 0, 4//9, 0],
	[20, 21, 14, 9, 20, 1, 2, 4, 1, 1] => QQFieldElem[-20//9, 0, -40//9, 0, 0, 0, 40//9, 0, 40//9, 0, 8//9, 0, -4, 0, -8//3, 0],
	[20, 21, 14, 9, 20, 1, 1, 4, 1, 1] => QQFieldElem[16//27, 0, 32//27, 0, 0, 0, -32//27, 0, -32//27, 0, -32//27, 0, 16//27, 0, 32//27, 0],
	[20, 21, 14, 9, 19, 1, 2, 6, 1, 1] => QQFieldElem[-11//8, 0, 7//8, 0, -3//4, 0, 7//8, 0, 3//4, 0, -7//8, 0, 9//8, 0, -7//4, 0],
	[20, 21, 14, 9, 21, 1, 2, 9, 1, 1] => QQFieldElem[-1, 0, 1, 0, -1, 0, 1, 0, 1, 0, -3//2, 0, 1, 0, -3//2, 0],
	[20, 21, 14, 9, 19, 1, 1, 6, 1, 1] => QQFieldElem[-1//8, 0, 1//8, 0, -1//4, 0, 1//8, 0, 1//4, 0, -1//8, 0, 3//8, 0, -1//4, 0],
	[20, 21, 14, 9, 21, 1, 1, 9, 1, 1] => QQFieldElem[1//2, 0, -1//2, 0, 0, 0, 1//2, 0, -1, 0, 1, 0, -1//2, 0, 1//2, 0],
	[20, 21, 14, 9, 20, 1, 2, 14, 2, 1] => QQFieldElem[117//64, 0, 81//64, 0, 9//8, 0, 99//64, 0, -9//32, 0, -27//64, 0, -45//64, 0, -27//32, 0],
	[20, 21, 14, 9, 20, 1, 1, 14, 2, 1] => QQFieldElem[-9//64, 0, 27//64, 0, 0, 0, 9//64, 0, 9//32, 0, -9//64, 0, 9//64, 0, -9//32, 0],
	[20, 21, 14, 9, 20, 1, 1, 5, 1, 1] => QQFieldElem[0, 0, 2//3, 0, 0, 0, -2//3, 0, -4//3, 0, -2//3, 0, 4//3, 0, 4//3, 0],
	[20, 21, 14, 9, 20, 1, 2, 5, 1, 1] => QQFieldElem[2, 0, -9//2, 0, -4, 0, 5//2, 0, 3, 0, 9//2, 0, -1, 0, -5, 0],
	[20, 21, 14, 9, 19, 1, 2, 14, 1, 1] => QQFieldElem[9//8, 0, 7//8, 0, 3//4, 0, 7//8, 0, -5//4, 0, -7//8, 0, -9//8, 0, -7//4, 0],
	[20, 21, 14, 9, 20, 1, 2, 9, 1, 1] => QQFieldElem[1//2, 0, -1, 0, 3//2, 0, -3//2, 0, 3//2, 0, -1, 0, 0, 0, 0, 0],
	[20, 21, 14, 9, 20, 1, 1, 9, 1, 1] => QQFieldElem[0, 0, 2//3, 0, -2//3, 0, 0, 0, 2//3, 0, -2//3, 0, 2//3, 0, 0, 0],
	[20, 21, 14, 9, 21, 1, 2, 6, 1, 1] => QQFieldElem[0, 0, 4//9, 0, -4//9, 0, 4//9, 0, -4//9, 0, 4//9, 0, 0, 0, 0, 0],
	[20, 21, 14, 9, 19, 1, 1, 14, 1, 1] => QQFieldElem[-1//8, 0, 1//8, 0, 1//4, 0, 1//8, 0, 1//4, 0, -1//8, 0, 1//8, 0, -1//4, 0],
	[20, 21, 14, 9, 21, 1, 1, 6, 1, 1] => QQFieldElem[-4//9, 0, 0, 0, 4//9, 0, -8//9, 0, 4//3, 0, -8//9, 0, 4//9, 0, -8//9, 0],
	[20, 21, 14, 9, 19, 1, 2, 4, 1, 1] => QQFieldElem[-5//4, 0, 7//2, 0, 3, 0, -7//4, 0, -5//2, 0, -7//2, 0, 3//4, 0, 7//2, 0],
	[20, 21, 14, 9, 19, 1, 1, 4, 1, 1] => QQFieldElem[1//4, 0, 1//2, 0, 0, 0, -1//4, 0, -1//2, 0, -1//2, 0, 1//4, 0, 1//2, 0])