Dict(
	[20, 3, 21, 14, 20, 2, 1, 21, 1, 1] => QQFieldElem[0, 0, 0, 0, 0, 0, 0, 0, 0, 0, 0, 0, 0, 0, 0, 0],
	[20, 3, 21, 14, 19, 2, 1, 21, 1, 2] => QQFieldElem[128//9, 0, 0, 0, 0, 0, 0, 0, -256//9, 0, 0, 0, 0, 0, 0, 0],
	[20, 3, 21, 14, 19, 1, 1, 19, 1, 1] => QQFieldElem[-128//9, 0, 0, 0, 0, 0, 0, 0, 0, 0, 0, 0, 0, 0, 0, 0],
	[20, 3, 21, 14, 19, 1, 1, 21, 1, 1] => QQFieldElem[0, 0, 0, 0, 0, 0, 0, 0, 0, 0, 0, 0, 0, 0, 0, 0],
	[20, 3, 21, 14, 19, 2, 1, 19, 1, 1] => QQFieldElem[-128//9, 0, 0, 0, 0, 0, 0, 0, 256//9, 0, 0, 0, 0, 0, 0, 0],
	[20, 3, 21, 14, 20, 1, 1, 19, 1, 2] => QQFieldElem[0, 0, 0, 0, 0, 0, 0, 0, 0, 0, 0, 0, 0, 0, 0, 0],
	[20, 3, 21, 14, 19, 2, 1, 21, 1, 1] => QQFieldElem[0, 0, 0, 0, 0, 0, 0, 0, 0, 0, 0, 0, 0, 0, 0, 0],
	[20, 3, 21, 14, 20, 1, 1, 21, 1, 2] => QQFieldElem[128//9, 0, 0, 0, 0, 0, 0, 0, -256//9, 0, 0, 0, 0, 0, 0, 0],
	[20, 3, 21, 14, 20, 2, 1, 19, 1, 2] => QQFieldElem[0, 0, 0, 0, 0, 0, 0, 0, 0, 0, 0, 0, 0, 0, 0, 0],
	[20, 3, 21, 14, 20, 2, 1, 21, 1, 2] => QQFieldElem[-128//9, 0, 0, 0, 0, 0, 0, 0, 0, 0, 0, 0, 0, 0, 0, 0],
	[20, 3, 21, 14, 20, 1, 1, 19, 1, 1] => QQFieldElem[-128//9, 0, 0, 0, 0, 0, 0, 0, 256//9, 0, 0, 0, 0, 0, 0, 0],
	[20, 3, 21, 14, 19, 1, 1, 19, 1, 2] => QQFieldElem[0, 0, 0, 0, 0, 0, 0, 0, 0, 0, 0, 0, 0, 0, 0, 0],
	[20, 3, 21, 14, 20, 1, 1, 21, 1, 1] => QQFieldElem[0, 0, 0, 0, 0, 0, 0, 0, 0, 0, 0, 0, 0, 0, 0, 0],
	[20, 3, 21, 14, 19, 1, 1, 21, 1, 2] => QQFieldElem[-128//9, 0, 0, 0, 0, 0, 0, 0, 0, 0, 0, 0, 0, 0, 0, 0],
	[20, 3, 21, 14, 20, 2, 1, 19, 1, 1] => QQFieldElem[-128//9, 0, 0, 0, 0, 0, 0, 0, 0, 0, 0, 0, 0, 0, 0, 0],
	[20, 3, 21, 14, 19, 2, 1, 19, 1, 2] => QQFieldElem[0, 0, 0, 0, 0, 0, 0, 0, 0, 0, 0, 0, 0, 0, 0, 0])