Dict(
	[20, 20, 9, 14, 21, 2, 1, 14, 2, 1] => QQFieldElem[0, 0, 1//4, 0, -1//4, 0, 0, 0, 1//4, 0, 0, 0, 0, 0, -1//4, 0],
	[20, 20, 9, 14, 20, 1, 1, 4, 1, 1] => QQFieldElem[0, 0, -1//3, 0, 2//3, 0, 1//3, 0, -2//3, 0, 2//3, 0, 0, 0, -1, 0],
	[20, 20, 9, 14, 20, 2, 1, 14, 1, 1] => QQFieldElem[-1//4, 0, 0, 0, -1//4, 0, 3//4, 0, 1//4, 0, 1//4, 0, -1//4, 0, -1//4, 0],
	[20, 20, 9, 14, 20, 1, 1, 7, 1, 1] => QQFieldElem[-1, 0, -4//3, 0, -4//3, 0, -4//3, 0, -2//3, 0, -1//3, 0, 0, 0, 1//3, 0],
	[20, 20, 9, 14, 19, 1, 1, 8, 1, 1] => QQFieldElem[0, 0, 0, 0, 0, 0, 0, 0, 9//16, 0, 9//16, 0, 9//16, 0, 9//16, 0],
	[20, 20, 9, 14, 20, 1, 1, 5, 1, 1] => QQFieldElem[-4//3, 0, 1//3, 0, 2//3, 0, -1, 0, 2//3, 0, 2//3, 0, -2//3, 0, 1//3, 0],
	[20, 20, 9, 14, 20, 2, 1, 4, 1, 1] => QQFieldElem[1, 0, -3//4, 0, -1//2, 0, 3//4, 0, -1//2, 0, -1//2, 0, 1, 0, -1//4, 0],
	[20, 20, 9, 14, 20, 2, 1, 7, 1, 1] => QQFieldElem[1//4, 0, 0, 0, 0, 0, 0, 0, -1//2, 0, 1//4, 0, 0, 0, -1//4, 0],
	[20, 20, 9, 14, 20, 1, 1, 14, 2, 1] => QQFieldElem[9//32, 0, -9//32, 0, 0, 0, 9//32, 0, 0, 0, 9//32, 0, -9//32, 0, 0, 0],
	[20, 20, 9, 14, 19, 2, 1, 8, 1, 1] => QQFieldElem[9//16, 0, 0, 0, 0, 0, 0, 0, -9//16, 0, -9//16, 0, -9//16, 0, -9//16, 0],
	[20, 20, 9, 14, 20, 2, 1, 5, 1, 1] => QQFieldElem[0, 0, 3//4, 0, -1//2, 0, -1//4, 0, 1//2, 0, -1//2, 0, -1//2, 0, 3//4, 0],
	[20, 20, 9, 14, 20, 2, 1, 14, 2, 1] => QQFieldElem[9//32, 0, 9//32, 0, 0, 0, -9//32, 0, 0, 0, -9//32, 0, 9//32, 0, 0, 0],
	[20, 20, 9, 14, 19, 1, 1, 14, 1, 1] => QQFieldElem[-9//32, 0, 9//32, 0, 0, 0, -9//32, 0, 0, 0, -9//32, 0, 9//32, 0, 0, 0],
	[20, 20, 9, 14, 21, 1, 1, 8, 1, 1] => QQFieldElem[-1//4, 0, 0, 0, 0, 0, 0, 0, 0, 0, -1//4, 0, 0, 0, 1//4, 0],
	[20, 20, 9, 14, 19, 1, 1, 4, 1, 1] => QQFieldElem[-9//16, 0, 9//16, 0, 0, 0, -9//16, 0, 9//16, 0, 0, 0, -9//16, 0, 9//16, 0],
	[20, 20, 9, 14, 19, 2, 1, 14, 1, 1] => QQFieldElem[9//32, 0, 9//32, 0, 0, 0, -9//32, 0, 0, 0, -9//32, 0, 9//32, 0, 0, 0],
	[20, 20, 9, 14, 19, 1, 1, 7, 1, 1] => QQFieldElem[0, 0, 0, 0, 0, 0, 0, 0, -9//16, 0, -9//16, 0, -9//16, 0, -9//16, 0],
	[20, 20, 9, 14, 21, 2, 1, 8, 1, 1] => QQFieldElem[-3//4, 0, -1, 0, -1, 0, -1, 0, -1//2, 0, 1//4, 0, 0, 0, 1//4, 0],
	[20, 20, 9, 14, 19, 2, 1, 4, 1, 1] => QQFieldElem[0, 0, 9//16, 0, 0, 0, -9//16, 0, 9//16, 0, 0, 0, -9//16, 0, 9//16, 0],
	[20, 20, 9, 14, 19, 1, 1, 5, 1, 1] => QQFieldElem[9//16, 0, -9//16, 0, 0, 0, 9//16, 0, -9//16, 0, 0, 0, 9//16, 0, -9//16, 0],
	[20, 20, 9, 14, 19, 1, 1, 14, 2, 1] => QQFieldElem[0, 0, -1//3, 0, -1//3, 0, 0, 0, 1//3, 0, 2//3, 0, 0, 0, -1//3, 0],
	[20, 20, 9, 14, 19, 2, 1, 7, 1, 1] => QQFieldElem[9//16, 0, 0, 0, 0, 0, 0, 0, -9//16, 0, -9//16, 0, -9//16, 0, -9//16, 0],
	[20, 20, 9, 14, 19, 2, 1, 5, 1, 1] => QQFieldElem[0, 0, 9//16, 0, 0, 0, -9//16, 0, 9//16, 0, 0, 0, -9//16, 0, 9//16, 0],
	[20, 20, 9, 14, 19, 2, 1, 14, 2, 1] => QQFieldElem[-1//2, 0, 3//4, 0, -1//4, 0, 0, 0, 1//4, 0, -1//2, 0, 1//2, 0, -1//4, 0],
	[20, 20, 9, 14, 20, 1, 1, 8, 1, 1] => QQFieldElem[-1, 0, -4//3, 0, -4//3, 0, -4//3, 0, 0, 0, 1, 0, 4//3, 0, 1, 0],
	[20, 20, 9, 14, 21, 1, 1, 14, 1, 1] => QQFieldElem[1//3, 0, 0, 0, -1//3, 0, 1//3, 0, 1//3, 0, 1//3, 0, 1//3, 0, -1//3, 0],
	[20, 20, 9, 14, 21, 1, 1, 4, 1, 1] => QQFieldElem[-1//2, 0, 1//4, 0, 1//2, 0, -3//4, 0, 1//2, 0, 1//2, 0, -1//2, 0, 1//4, 0],
	[20, 20, 9, 14, 20, 2, 1, 8, 1, 1] => QQFieldElem[1//4, 0, 0, 0, 0, 0, 0, 0, 0, 0, 1//4, 0, 0, 0, 1//4, 0],
	[20, 20, 9, 14, 21, 1, 1, 7, 1, 1] => QQFieldElem[-5//4, 0, -1, 0, -1, 0, -1, 0, 1//2, 0, 3//4, 0, 1, 0, 3//4, 0],
	[20, 20, 9, 14, 21, 2, 1, 14, 1, 1] => QQFieldElem[-1//4, 0, 0, 0, -1//4, 0, 1//4, 0, 1//4, 0, 1//4, 0, -1//4, 0, -1//4, 0],
	[20, 20, 9, 14, 21, 2, 1, 4, 1, 1] => QQFieldElem[0, 0, 3//4, 0, -1//2, 0, -3//4, 0, 1//2, 0, -1//2, 0, -1//2, 0, 5//4, 0],
	[20, 20, 9, 14, 21, 1, 1, 5, 1, 1] => QQFieldElem[-1//2, 0, 3//4, 0, 1//2, 0, -3//4, 0, 1//2, 0, 1//2, 0, -1, 0, 1//4, 0],
	[20, 20, 9, 14, 21, 2, 1, 7, 1, 1] => QQFieldElem[1//4, 0, 0, 0, 0, 0, 0, 0, 0, 0, 1//4, 0, 0, 0, -1//4, 0],
	[20, 20, 9, 14, 21, 1, 1, 14, 2, 1] => QQFieldElem[0, 0, -3//4, 0, 1//4, 0, 0, 0, 1//4, 0, 1//2, 0, -1//2, 0, 1//4, 0],
	[20, 20, 9, 14, 20, 1, 1, 14, 1, 1] => QQFieldElem[1//4, 0, 0, 0, -1//4, 0, 1//4, 0, -1//4, 0, 1//4, 0, 1//4, 0, -1//4, 0],
	[20, 20, 9, 14, 21, 2, 1, 5, 1, 1] => QQFieldElem[0, 0, -3//4, 0, 1//2, 0, 1//4, 0, -1//2, 0, 1//2, 0, 0, 0, -3//4, 0])