Dict(
	[21, 5, 21, 14, 19, 1, 1, 20, 1, 2] => QQFieldElem[-512//27, 0, 0, 0, 0, 0, 0, 0, 512//27, 0, 0, 0, 0, 0, 0, 0],
	[21, 5, 21, 14, 21, 1, 1, 21, 1, 2] => QQFieldElem[0, 0, 0, 0, 0, 0, 0, 0, 0, 0, 0, 0, 0, 0, 0, 0],
	[21, 5, 21, 14, 20, 2, 1, 20, 1, 1] => QQFieldElem[-1024//27, 0, 0, 0, 0, 0, 0, 0, 512//27, 0, 0, 0, 0, 0, 0, 0],
	[21, 5, 21, 14, 21, 2, 1, 19, 1, 2] => QQFieldElem[-512//27, 0, 0, 0, 0, 0, 0, 0, 512//27, 0, 0, 0, 0, 0, 0, 0],
	[21, 5, 21, 14, 19, 2, 1, 20, 1, 2] => QQFieldElem[0, 0, 0, 0, 0, 0, 0, 0, 0, 0, 0, 0, 0, 0, 0, 0],
	[21, 5, 21, 14, 19, 1, 1, 19, 1, 1] => QQFieldElem[0, 0, 0, 0, 0, 0, 0, 0, -512//27, 0, 0, 0, 0, 0, 0, 0],
	[21, 5, 21, 14, 21, 2, 1, 21, 1, 2] => QQFieldElem[-256//27, 0, 0, 0, 0, 0, 0, 0, 0, 0, 0, 0, 0, 0, 0, 0],
	[21, 5, 21, 14, 19, 1, 1, 21, 1, 1] => QQFieldElem[-128//27, 0, 0, 0, 0, 0, 0, 0, 128//27, 0, 0, 0, 0, 0, 0, 0],
	[21, 5, 21, 14, 19, 2, 1, 19, 1, 1] => QQFieldElem[0, 0, 0, 0, 0, 0, 0, 0, 0, 0, 0, 0, 0, 0, 0, 0],
	[21, 5, 21, 14, 20, 1, 1, 19, 1, 2] => QQFieldElem[0, 0, 0, 0, 0, 0, 0, 0, 0, 0, 0, 0, 0, 0, 0, 0],
	[21, 5, 21, 14, 19, 2, 1, 21, 1, 1] => QQFieldElem[128//27, 0, 0, 0, 0, 0, 0, 0, 128//27, 0, 0, 0, 0, 0, 0, 0],
	[21, 5, 21, 14, 21, 1, 1, 20, 1, 2] => QQFieldElem[-1024//27, 0, 0, 0, 0, 0, 0, 0, 512//27, 0, 0, 0, 0, 0, 0, 0],
	[21, 5, 21, 14, 20, 1, 1, 21, 1, 2] => QQFieldElem[128//27, 0, 0, 0, 0, 0, 0, 0, 128//27, 0, 0, 0, 0, 0, 0, 0],
	[21, 5, 21, 14, 20, 2, 1, 19, 1, 2] => QQFieldElem[0, 0, 0, 0, 0, 0, 0, 0, -512//27, 0, 0, 0, 0, 0, 0, 0],
	[21, 5, 21, 14, 21, 2, 1, 20, 1, 2] => QQFieldElem[0, 0, 0, 0, 0, 0, 0, 0, -512//27, 0, 0, 0, 0, 0, 0, 0],
	[21, 5, 21, 14, 21, 1, 1, 19, 1, 1] => QQFieldElem[128//27, 0, 0, 0, 0, 0, 0, 0, -256//27, 0, 0, 0, 0, 0, 0, 0],
	[21, 5, 21, 14, 20, 2, 1, 21, 1, 2] => QQFieldElem[-128//27, 0, 0, 0, 0, 0, 0, 0, 128//27, 0, 0, 0, 0, 0, 0, 0],
	[21, 5, 21, 14, 19, 1, 1, 20, 1, 1] => QQFieldElem[128//27, 0, 0, 0, 0, 0, 0, 0, 0, 0, 0, 0, 0, 0, 0, 0],
	[21, 5, 21, 14, 21, 1, 1, 21, 1, 1] => QQFieldElem[256//27, 0, 0, 0, 0, 0, 0, 0, -128//27, 0, 0, 0, 0, 0, 0, 0],
	[21, 5, 21, 14, 19, 2, 1, 20, 1, 1] => QQFieldElem[-128//27, 0, 0, 0, 0, 0, 0, 0, 256//27, 0, 0, 0, 0, 0, 0, 0],
	[21, 5, 21, 14, 21, 2, 1, 19, 1, 1] => QQFieldElem[128//27, 0, 0, 0, 0, 0, 0, 0, 0, 0, 0, 0, 0, 0, 0, 0],
	[21, 5, 21, 14, 20, 1, 1, 20, 1, 2] => QQFieldElem[-128//27, 0, 0, 0, 0, 0, 0, 0, 256//27, 0, 0, 0, 0, 0, 0, 0],
	[21, 5, 21, 14, 21, 2, 1, 21, 1, 1] => QQFieldElem[0, 0, 0, 0, 0, 0, 0, 0, -128//27, 0, 0, 0, 0, 0, 0, 0],
	[21, 5, 21, 14, 20, 2, 1, 20, 1, 2] => QQFieldElem[128//27, 0, 0, 0, 0, 0, 0, 0, 0, 0, 0, 0, 0, 0, 0, 0],
	[21, 5, 21, 14, 20, 1, 1, 19, 1, 1] => QQFieldElem[-512//27, 0, 0, 0, 0, 0, 0, 0, 512//27, 0, 0, 0, 0, 0, 0, 0],
	[21, 5, 21, 14, 19, 1, 1, 19, 1, 2] => QQFieldElem[128//27, 0, 0, 0, 0, 0, 0, 0, 0, 0, 0, 0, 0, 0, 0, 0],
	[21, 5, 21, 14, 21, 1, 1, 20, 1, 1] => QQFieldElem[0, 0, 0, 0, 0, 0, 0, 0, 0, 0, 0, 0, 0, 0, 0, 0],
	[21, 5, 21, 14, 20, 1, 1, 21, 1, 1] => QQFieldElem[-256//27, 0, 0, 0, 0, 0, 0, 0, 0, 0, 0, 0, 0, 0, 0, 0],
	[21, 5, 21, 14, 19, 1, 1, 21, 1, 2] => QQFieldElem[0, 0, 0, 0, 0, 0, 0, 0, -128//27, 0, 0, 0, 0, 0, 0, 0],
	[21, 5, 21, 14, 20, 2, 1, 19, 1, 1] => QQFieldElem[-512//27, 0, 0, 0, 0, 0, 0, 0, -512//27, 0, 0, 0, 0, 0, 0, 0],
	[21, 5, 21, 14, 19, 2, 1, 19, 1, 2] => QQFieldElem[128//27, 0, 0, 0, 0, 0, 0, 0, -256//27, 0, 0, 0, 0, 0, 0, 0],
	[21, 5, 21, 14, 21, 2, 1, 20, 1, 1] => QQFieldElem[-512//27, 0, 0, 0, 0, 0, 0, 0, 512//27, 0, 0, 0, 0, 0, 0, 0],
	[21, 5, 21, 14, 20, 2, 1, 21, 1, 1] => QQFieldElem[0, 0, 0, 0, 0, 0, 0, 0, 0, 0, 0, 0, 0, 0, 0, 0],
	[21, 5, 21, 14, 19, 2, 1, 21, 1, 2] => QQFieldElem[256//27, 0, 0, 0, 0, 0, 0, 0, -128//27, 0, 0, 0, 0, 0, 0, 0],
	[21, 5, 21, 14, 20, 1, 1, 20, 1, 1] => QQFieldElem[0, 0, 0, 0, 0, 0, 0, 0, -512//27, 0, 0, 0, 0, 0, 0, 0],
	[21, 5, 21, 14, 21, 1, 1, 19, 1, 2] => QQFieldElem[-512//27, 0, 0, 0, 0, 0, 0, 0, -512//27, 0, 0, 0, 0, 0, 0, 0])