Dict(
	[21, 12, 12, 20, 19, 1, 1, 13, 1, 1] => QQFieldElem[9//8192, 0, 0, 0, 9//8192, 0, -9//8192, 0, -9//8192, 0, -9//8192, 0, 0, 0, 9//8192, 0],
	[21, 12, 12, 20, 4, 1, 1, 15, 1, 1] => QQFieldElem[0, 0, 0, 0, 0, 0, 0, 0, 1//4, 0, 0, 0, 1//4, 0, 0, 0],
	[21, 12, 12, 20, 4, 1, 1, 12, 1, 1] => QQFieldElem[0, 0, 3//1024, 0, 3//1024, 0, 0, 0, 3//1024, 0, 0, 0, -3//1024, 0, 3//1024, 0],
	[21, 12, 12, 20, 8, 1, 1, 13, 1, 1] => QQFieldElem[0, 0, 3//1024, 0, -3//1024, 0, 0, 0, -3//1024, 0, 0, 0, 3//1024, 0, 3//1024, 0],
	[21, 12, 12, 20, 21, 1, 1, 11, 1, 1] => QQFieldElem[-3//512, 0, 0, 0, 0, 0, 0, 0, 3//512, 0, 0, 0, 0, 0, 0, 0],
	[21, 12, 12, 20, 4, 1, 1, 16, 1, 1] => QQFieldElem[0, 0, 0, 0, 0, 0, 0, 0, -1//4, 0, 0, 0, 1//4, 0, 0, 0],
	[21, 12, 12, 20, 5, 1, 1, 10, 1, 1] => QQFieldElem[3//896, 0, 0, 0, 0, 0, 0, 0, 3//1792, 0, 0, 0, 0, 0, 0, 0],
	[21, 12, 12, 20, 5, 1, 1, 18, 1, 1] => QQFieldElem[0, 0, 0, 0, 0, 0, 0, 0, 0, 0, 0, 0, -3//8, 0, 0, 0],
	[21, 12, 12, 20, 20, 1, 1, 15, 1, 1] => QQFieldElem[0, 3//32, 0, 0, 0, 0, 0, -3//32, 0, -3//32, 0, 0, 0, 0, 0, 3//32],
	[21, 12, 12, 20, 5, 1, 1, 17, 1, 1] => QQFieldElem[0, 0, 0, 0, 0, 0, 0, 0, 0, 0, 0, 0, -3//8, 0, 0, 0],
	[21, 12, 12, 20, 9, 1, 1, 15, 1, 1] => QQFieldElem[0, 0, 0, 0, 0, 0, 0, 0, -3//16, 0, 0, 0, -3//16, 0, 0, 0],
	[21, 12, 12, 20, 20, 1, 1, 12, 1, 1] => QQFieldElem[-9//8192, 0, 0, 0, -9//8192, 0, -9//8192, 0, 9//8192, 0, -9//8192, 0, 0, 0, 9//8192, 0],
	[21, 12, 12, 20, 9, 1, 1, 12, 1, 1] => QQFieldElem[0, 0, 9//4096, 0, 9//4096, 0, 0, 0, 9//4096, 0, 0, 0, -9//4096, 0, 9//4096, 0],
	[21, 12, 12, 20, 21, 1, 1, 10, 1, 1] => QQFieldElem[15//3584, 0, 0, 0, 0, 0, 0, 0, -3//3584, 0, 0, 0, 0, 0, 0, 0],
	[21, 12, 12, 20, 4, 1, 1, 13, 1, 1] => QQFieldElem[0, 0, -3//1024, 0, 3//1024, 0, 0, 0, 3//1024, 0, 0, 0, -3//1024, 0, -3//1024, 0],
	[21, 12, 12, 20, 19, 1, 1, 11, 1, 1] => QQFieldElem[-3//512, 0, 0, 0, 0, 0, 0, 0, 3//512, 0, 0, 0, 0, 0, 0, 0],
	[21, 12, 12, 20, 20, 1, 1, 16, 1, 1] => QQFieldElem[0, 3//32, 0, 0, 0, 0, 0, -3//32, 0, -3//32, 0, 0, 0, 0, 0, 3//32],
	[21, 12, 12, 20, 9, 1, 1, 16, 1, 1] => QQFieldElem[0, 0, 0, 0, 0, 0, 0, 0, 3//16, 0, 0, 0, -3//16, 0, 0, 0],
	[21, 12, 12, 20, 21, 1, 1, 18, 1, 1] => QQFieldElem[0, 0, 0, 3//16, 0, 0, 0, 0, 0, 0, 0, 0, 0, 3//16, 0, 0],
	[21, 12, 12, 20, 21, 1, 1, 17, 1, 1] => QQFieldElem[0, 0, 0, -3//16, 0, 3//16, 0, 0, 0, 0, 0, 3//16, 0, -3//16, 0, 0],
	[21, 12, 12, 20, 8, 1, 1, 11, 1, 1] => QQFieldElem[1//32, 0, 0, 0, 0, 0, 0, 0, -1//64, 0, 0, 0, 0, 0, 0, 0],
	[21, 12, 12, 20, 19, 2, 1, 15, 1, 1] => QQFieldElem[0, 0, 0, 0, 0, 3//32, 0, 0, 0, 0, 0, 3//32, 0, 0, 0, 0],
	[21, 12, 12, 20, 19, 2, 1, 12, 1, 1] => QQFieldElem[9//8192, 0, 0, 0, 9//8192, 0, 9//8192, 0, -9//8192, 0, 9//8192, 0, 0, 0, -9//8192, 0],
	[21, 12, 12, 20, 19, 2, 1, 16, 1, 1] => QQFieldElem[0, 0, 0, 0, 0, 3//32, 0, 0, 0, 0, 0, 3//32, 0, 0, 0, 0],
	[21, 12, 12, 20, 19, 1, 1, 10, 1, 1] => QQFieldElem[15//3584, 0, 0, 0, 0, 0, 0, 0, -3//3584, 0, 0, 0, 0, 0, 0, 0],
	[21, 12, 12, 20, 20, 1, 1, 13, 1, 1] => QQFieldElem[9//8192, 0, 0, 0, 9//8192, 0, -9//8192, 0, -9//8192, 0, -9//8192, 0, 0, 0, 9//8192, 0],
	[21, 12, 12, 20, 9, 1, 1, 13, 1, 1] => QQFieldElem[0, 0, -9//4096, 0, 9//4096, 0, 0, 0, 9//4096, 0, 0, 0, -9//4096, 0, -9//4096, 0],
	[21, 12, 12, 20, 19, 1, 1, 18, 1, 1] => QQFieldElem[0, 3//16, 0, 0, 0, 0, 0, 0, 0, 0, 0, 0, 0, 0, 0, 3//16],
	[21, 12, 12, 20, 8, 1, 1, 10, 1, 1] => QQFieldElem[1//224, 0, 0, 0, 0, 0, 0, 0, 1//448, 0, 0, 0, 0, 0, 0, 0],
	[21, 12, 12, 20, 19, 1, 1, 17, 1, 1] => QQFieldElem[0, 0, 0, 0, 0, 0, 0, -3//16, 0, -3//16, 0, 0, 0, 0, 0, 0],
	[21, 12, 12, 20, 4, 1, 1, 11, 1, 1] => QQFieldElem[1//32, 0, 0, 0, 0, 0, 0, 0, -1//64, 0, 0, 0, 0, 0, 0, 0],
	[21, 12, 12, 20, 8, 1, 1, 18, 1, 1] => QQFieldElem[0, 0, 0, 0, 0, 0, 0, 0, 0, 0, 0, 0, 1//2, 0, 0, 0],
	[21, 12, 12, 20, 8, 1, 1, 17, 1, 1] => QQFieldElem[0, 0, 0, 0, 0, 0, 0, 0, 0, 0, 0, 0, 1//2, 0, 0, 0],
	[21, 12, 12, 20, 19, 2, 1, 13, 1, 1] => QQFieldElem[-9//8192, 0, 0, 0, -9//8192, 0, 9//8192, 0, 9//8192, 0, 9//8192, 0, 0, 0, -9//8192, 0],
	[21, 12, 12, 20, 5, 1, 1, 15, 1, 1] => QQFieldElem[0, 0, 0, 0, 0, 0, 0, 0, 3//16, 0, 0, 0, -3//16, 0, 0, 0],
	[21, 12, 12, 20, 5, 1, 1, 12, 1, 1] => QQFieldElem[0, 0, -9//4096, 0, -9//4096, 0, 0, 0, -9//4096, 0, 0, 0, 9//4096, 0, -9//4096, 0],
	[21, 12, 12, 20, 5, 1, 1, 16, 1, 1] => QQFieldElem[0, 0, 0, 0, 0, 0, 0, 0, -3//16, 0, 0, 0, -3//16, 0, 0, 0],
	[21, 12, 12, 20, 21, 1, 1, 15, 1, 1] => QQFieldElem[0, 0, 0, 0, 0, -3//32, 0, 0, 0, 0, 0, -3//32, 0, 0, 0, 0],
	[21, 12, 12, 20, 4, 1, 1, 10, 1, 1] => QQFieldElem[1//224, 0, 0, 0, 0, 0, 0, 0, 1//448, 0, 0, 0, 0, 0, 0, 0],
	[21, 12, 12, 20, 20, 1, 1, 11, 1, 1] => QQFieldElem[-3//512, 0, 0, 0, 0, 0, 0, 0, 3//512, 0, 0, 0, 0, 0, 0, 0],
	[21, 12, 12, 20, 9, 1, 1, 11, 1, 1] => QQFieldElem[3//128, 0, 0, 0, 0, 0, 0, 0, -3//256, 0, 0, 0, 0, 0, 0, 0],
	[21, 12, 12, 20, 21, 1, 1, 12, 1, 1] => QQFieldElem[9//8192, 0, 0, 0, 9//8192, 0, 9//8192, 0, -9//8192, 0, 9//8192, 0, 0, 0, -9//8192, 0],
	[21, 12, 12, 20, 4, 1, 1, 18, 1, 1] => QQFieldElem[0, 0, 0, 0, 0, 0, 0, 0, 0, 0, 0, 0, 1//2, 0, 0, 0],
	[21, 12, 12, 20, 21, 1, 1, 16, 1, 1] => QQFieldElem[0, 0, 0, 0, 0, -3//32, 0, 0, 0, 0, 0, -3//32, 0, 0, 0, 0],
	[21, 12, 12, 20, 4, 1, 1, 17, 1, 1] => QQFieldElem[0, 0, 0, 0, 0, 0, 0, 0, 0, 0, 0, 0, 1//2, 0, 0, 0],
	[21, 12, 12, 20, 5, 1, 1, 13, 1, 1] => QQFieldElem[0, 0, 9//4096, 0, -9//4096, 0, 0, 0, -9//4096, 0, 0, 0, 9//4096, 0, 9//4096, 0],
	[21, 12, 12, 20, 19, 2, 1, 11, 1, 1] => QQFieldElem[-3//512, 0, 0, 0, 0, 0, 0, 0, 3//512, 0, 0, 0, 0, 0, 0, 0],
	[21, 12, 12, 20, 20, 1, 1, 10, 1, 1] => QQFieldElem[15//3584, 0, 0, 0, 0, 0, 0, 0, -3//3584, 0, 0, 0, 0, 0, 0, 0],
	[21, 12, 12, 20, 19, 1, 1, 15, 1, 1] => QQFieldElem[0, -3//32, 0, 0, 0, 0, 0, 3//32, 0, 3//32, 0, 0, 0, 0, 0, -3//32],
	[21, 12, 12, 20, 9, 1, 1, 10, 1, 1] => QQFieldElem[3//896, 0, 0, 0, 0, 0, 0, 0, 3//1792, 0, 0, 0, 0, 0, 0, 0],
	[21, 12, 12, 20, 19, 1, 1, 12, 1, 1] => QQFieldElem[-9//8192, 0, 0, 0, -9//8192, 0, -9//8192, 0, 9//8192, 0, -9//8192, 0, 0, 0, 9//8192, 0],
	[21, 12, 12, 20, 20, 1, 1, 18, 1, 1] => QQFieldElem[0, -3//16, 0, 0, 0, 0, 0, 0, 0, 0, 0, 0, 0, 0, 0, -3//16],
	[21, 12, 12, 20, 21, 1, 1, 13, 1, 1] => QQFieldElem[-9//8192, 0, 0, 0, -9//8192, 0, 9//8192, 0, 9//8192, 0, 9//8192, 0, 0, 0, -9//8192, 0],
	[21, 12, 12, 20, 8, 1, 1, 15, 1, 1] => QQFieldElem[0, 0, 0, 0, 0, 0, 0, 0, -1//4, 0, 0, 0, 1//4, 0, 0, 0],
	[21, 12, 12, 20, 9, 1, 1, 18, 1, 1] => QQFieldElem[0, 0, 0, 0, 0, 0, 0, 0, 0, 0, 0, 0, -3//8, 0, 0, 0],
	[21, 12, 12, 20, 20, 1, 1, 17, 1, 1] => QQFieldElem[0, 0, 0, 0, 0, 0, 0, 3//16, 0, 3//16, 0, 0, 0, 0, 0, 0],
	[21, 12, 12, 20, 19, 1, 1, 16, 1, 1] => QQFieldElem[0, -3//32, 0, 0, 0, 0, 0, 3//32, 0, 3//32, 0, 0, 0, 0, 0, -3//32],
	[21, 12, 12, 20, 9, 1, 1, 17, 1, 1] => QQFieldElem[0, 0, 0, 0, 0, 0, 0, 0, 0, 0, 0, 0, -3//8, 0, 0, 0],
	[21, 12, 12, 20, 8, 1, 1, 12, 1, 1] => QQFieldElem[0, 0, -3//1024, 0, -3//1024, 0, 0, 0, -3//1024, 0, 0, 0, 3//1024, 0, -3//1024, 0],
	[21, 12, 12, 20, 8, 1, 1, 16, 1, 1] => QQFieldElem[0, 0, 0, 0, 0, 0, 0, 0, 1//4, 0, 0, 0, 1//4, 0, 0, 0],
	[21, 12, 12, 20, 19, 2, 1, 10, 1, 1] => QQFieldElem[15//3584, 0, 0, 0, 0, 0, 0, 0, -3//3584, 0, 0, 0, 0, 0, 0, 0],
	[21, 12, 12, 20, 19, 2, 1, 18, 1, 1] => QQFieldElem[0, 0, 0, -3//16, 0, 0, 0, 0, 0, 0, 0, 0, 0, -3//16, 0, 0],
	[21, 12, 12, 20, 5, 1, 1, 11, 1, 1] => QQFieldElem[3//128, 0, 0, 0, 0, 0, 0, 0, -3//256, 0, 0, 0, 0, 0, 0, 0],
	[21, 12, 12, 20, 19, 2, 1, 17, 1, 1] => QQFieldElem[0, 0, 0, 3//16, 0, -3//16, 0, 0, 0, 0, 0, -3//16, 0, 3//16, 0, 0])