Dict(
	[21, 8, 19, 14, 19, 1, 1, 21, 1, 1] => QQFieldElem[-1//6, 0, 0, 0, 0, 0, 0, 0, 0, 0, 1//3, 0, 0, 0, 1//3, 0],
	[21, 8, 19, 14, 21, 2, 1, 21, 1, 2] => QQFieldElem[1//3, 0, -1//2, 0, 2//3, 0, -1//2, 0, 0, 0, 1//6, 0, -1//3, 0, 1//6, 0],
	[21, 8, 19, 14, 19, 2, 1, 19, 1, 1] => QQFieldElem[1//3, 0, 1//6, 0, 1//3, 0, 1//3, 0, -1//6, 0, 0, 0, -1//6, 0, -1//2, 0],
	[21, 8, 19, 14, 20, 1, 1, 19, 1, 2] => QQFieldElem[-1//6, 0, -1//6, 0, 1//6, 0, 1//6, 0, 1//3, 0, 1//2, 0, 1//6, 0, 0, 0],
	[21, 8, 19, 14, 19, 2, 1, 21, 1, 1] => QQFieldElem[1//6, 0, 0, 0, 0, 0, 0, 0, -1//3, 0, 1//3, 0, 0, 0, -1//3, 0],
	[21, 8, 19, 14, 21, 1, 1, 20, 1, 2] => QQFieldElem[1//6, 0, 1//6, 0, 0, 0, 0, 0, 1//6, 0, -1//6, 0, 0, 0, -1//6, 0],
	[21, 8, 19, 14, 20, 1, 1, 21, 1, 2] => QQFieldElem[1//6, 0, 0, 0, 0, 0, 0, 0, -1//3, 0, -1//3, 0, 0, 0, 1//3, 0],
	[21, 8, 19, 14, 20, 2, 1, 19, 1, 2] => QQFieldElem[0, 0, -1//6, 0, -1//3, 0, 0, 0, 1//6, 0, 0, 0, 1//6, 0, 1//6, 0],
	[21, 8, 19, 14, 20, 2, 1, 21, 1, 2] => QQFieldElem[-1//6, 0, 0, 0, 0, 0, 0, 0, 0, 0, -1//3, 0, 0, 0, -1//3, 0],
	[21, 8, 19, 14, 19, 1, 1, 20, 1, 1] => QQFieldElem[1//3, 0, 2//3, 0, -1//6, 0, -2//3, 0, -1//2, 0, 0, 0, 5//6, 0, 2//3, 0],
	[21, 8, 19, 14, 21, 2, 1, 20, 1, 2] => QQFieldElem[1//6, 0, 1//6, 0, 0, 0, 0, 0, -1//6, 0, -1//6, 0, 0, 0, 1//6, 0],
	[21, 8, 19, 14, 21, 1, 1, 19, 1, 1] => QQFieldElem[-1//3, 0, -1//6, 0, 0, 0, 0, 0, 1//6, 0, 0, 0, 0, 0, -1//6, 0],
	[21, 8, 19, 14, 21, 1, 1, 21, 1, 1] => QQFieldElem[1//2, 0, -1//2, 0, 1//3, 0, -1//6, 0, -1//2, 0, 2//3, 0, -2//3, 0, 2//3, 0],
	[21, 8, 19, 14, 21, 2, 1, 19, 1, 1] => QQFieldElem[0, 0, -1//6, 0, 0, 0, 0, 0, 1//6, 0, 0, 0, 0, 0, 1//6, 0],
	[21, 8, 19, 14, 19, 2, 1, 20, 1, 1] => QQFieldElem[0, 0, 1//3, 0, 1//6, 0, -1//3, 0, -1//2, 0, -1//3, 0, 1//6, 0, 1//3, 0],
	[21, 8, 19, 14, 21, 2, 1, 21, 1, 1] => QQFieldElem[5//6, 0, -1//2, 0, 1//3, 0, -1//2, 0, -1//2, 0, 2//3, 0, -2//3, 0, 2//3, 0],
	[21, 8, 19, 14, 20, 1, 1, 20, 1, 2] => QQFieldElem[0, 0, -1//3, 0, -1//6, 0, 1//3, 0, 1//2, 0, 1//3, 0, -1//6, 0, -1//3, 0],
	[21, 8, 19, 14, 20, 2, 1, 20, 1, 2] => QQFieldElem[-1//3, 0, 2//3, 0, 5//6, 0, 0, 0, -1//6, 0, -2//3, 0, -1//6, 0, 2//3, 0],
	[21, 8, 19, 14, 20, 1, 1, 19, 1, 1] => QQFieldElem[-1//3, 0, 0, 0, 1//3, 0, 1//3, 0, 1//3, 0, 1//3, 0, 1//3, 0, -1//3, 0],
	[21, 8, 19, 14, 19, 1, 1, 19, 1, 2] => QQFieldElem[0, 0, 1//6, 0, 0, 0, 0, 0, 1//6, 0, 0, 0, 0, 0, -1//6, 0],
	[21, 8, 19, 14, 20, 1, 1, 21, 1, 1] => QQFieldElem[-1//3, 0, 1//6, 0, -1//3, 0, 1//6, 0, 1//3, 0, -1//2, 0, 2//3, 0, -1//2, 0],
	[21, 8, 19, 14, 21, 1, 1, 20, 1, 1] => QQFieldElem[4//3, 0, 1//6, 0, -4//3, 0, -5//6, 0, -2//3, 0, 4//3, 0, 7//6, 0, -1//2, 0],
	[21, 8, 19, 14, 19, 1, 1, 21, 1, 2] => QQFieldElem[1//2, 0, -1//6, 0, 1//3, 0, -1//6, 0, -5//6, 0, 2//3, 0, -2//3, 0, 2//3, 0],
	[21, 8, 19, 14, 20, 2, 1, 19, 1, 1] => QQFieldElem[1//2, 0, 1//6, 0, -1//3, 0, 1//6, 0, 0, 0, -1//2, 0, 1//6, 0, 1//3, 0],
	[21, 8, 19, 14, 19, 2, 1, 19, 1, 2] => QQFieldElem[-1//3, 0, 1//6, 0, 0, 0, 0, 0, 1//6, 0, 0, 0, 0, 0, 1//6, 0],
	[21, 8, 19, 14, 21, 2, 1, 20, 1, 1] => QQFieldElem[2//3, 0, 1//6, 0, -1//3, 0, -1//2, 0, -2//3, 0, 1//3, 0, 1//6, 0, 1//6, 0],
	[21, 8, 19, 14, 20, 2, 1, 21, 1, 1] => QQFieldElem[1//3, 0, -1//2, 0, 1//3, 0, -1//6, 0, -2//3, 0, 5//6, 0, -2//3, 0, 1//2, 0],
	[21, 8, 19, 14, 19, 2, 1, 21, 1, 2] => QQFieldElem[-1//2, 0, 1//2, 0, -1//3, 0, 1//6, 0, 1//2, 0, -2//3, 0, 2//3, 0, -2//3, 0],
	[21, 8, 19, 14, 20, 1, 1, 20, 1, 1] => QQFieldElem[1//6, 0, -1//6, 0, 0, 0, 0, 0, -1//6, 0, 1//6, 0, 0, 0, -1//6, 0],
	[21, 8, 19, 14, 21, 1, 1, 19, 1, 2] => QQFieldElem[-1//2, 0, -1//6, 0, 1//3, 0, -1//6, 0, 0, 0, 1//2, 0, -1//6, 0, -1//3, 0],
	[21, 8, 19, 14, 19, 1, 1, 20, 1, 2] => QQFieldElem[0, 0, -1//2, 0, -1//3, 0, 1//6, 0, 2//3, 0, 1//3, 0, 1//6, 0, -1//2, 0],
	[21, 8, 19, 14, 20, 2, 1, 20, 1, 1] => QQFieldElem[1//6, 0, -1//6, 0, 0, 0, 0, 0, 1//6, 0, 1//6, 0, 0, 0, 1//6, 0],
	[21, 8, 19, 14, 21, 1, 1, 21, 1, 2] => QQFieldElem[1//3, 0, -1//2, 0, 2//3, 0, -5//6, 0, 1//3, 0, 1//6, 0, -1//3, 0, 1//2, 0],
	[21, 8, 19, 14, 19, 2, 1, 20, 1, 2] => QQFieldElem[-2//3, 0, 5//6, 0, 4//3, 0, -1//6, 0, -2//3, 0, -4//3, 0, -1//6, 0, 3//2, 0],
	[21, 8, 19, 14, 19, 1, 1, 19, 1, 1] => QQFieldElem[-1//6, 0, -1//6, 0, 1//6, 0, 1//6, 0, 0, 0, 1//6, 0, 1//6, 0, 0, 0],
	[21, 8, 19, 14, 21, 2, 1, 19, 1, 2] => QQFieldElem[0, 0, 1//3, 0, 1//3, 0, 0, 0, -1//3, 0, 0, 0, -2//3, 0, -1//3, 0])