Dict(
	[21, 10, 10, 19, 5, 1, 1, 11, 1, 1] => QQFieldElem[3//256, 0, 0, 0, 0, 0, 0, 0, 3//256, 0, 0, 0, 0, 0, 0, 0],
	[21, 10, 10, 19, 7, 1, 1, 11, 1, 1] => QQFieldElem[3//256, 0, 0, 0, 0, 0, 0, 0, 3//256, 0, 0, 0, 0, 0, 0, 0],
	[21, 10, 10, 19, 19, 1, 1, 13, 1, 1] => QQFieldElem[0, 0, 3//512, 0, 3//512, 0, 3//512, 0, 3//512, 0, 0, 0, 0, 0, 0, 0],
	[21, 10, 10, 19, 4, 1, 1, 15, 1, 1] => QQFieldElem[0, 0, 0, 0, 0, 0, 0, 0, 0, 0, 0, 0, 1//2, 0, 0, 0],
	[21, 10, 10, 19, 4, 1, 1, 12, 1, 1] => QQFieldElem[1//64, 0, -1//64, 0, 1//64, 0, -1//64, 0, 0, 0, 0, 0, 0, 0, 1//64, 0],
	[21, 10, 10, 19, 6, 1, 1, 10, 1, 1] => QQFieldElem[3//448, 0, 0, 0, 0, 0, 0, 0, -1//448, 0, 0, 0, 0, 0, 0, 0],
	[21, 10, 10, 19, 21, 1, 1, 11, 1, 1] => QQFieldElem[0, 0, 0, 0, 0, 0, 0, 0, -3//512, 0, 0, 0, 0, 0, 0, 0],
	[21, 10, 10, 19, 4, 1, 1, 16, 1, 1] => QQFieldElem[1//4, 0, 0, 0, 0, 0, 0, 0, -1//4, 0, 0, 0, 1//4, 0, 0, 0],
	[21, 10, 10, 19, 6, 1, 1, 18, 1, 1] => QQFieldElem[0, 0, 0, 0, 0, 0, 0, 0, 0, 0, 0, 0, 1//2, 0, 0, 0],
	[21, 10, 10, 19, 6, 1, 1, 17, 1, 1] => QQFieldElem[1//4, 0, 0, 0, 0, 0, 0, 0, -1//4, 0, 0, 0, 1//4, 0, 0, 0],
	[21, 10, 10, 19, 5, 1, 1, 10, 1, 1] => QQFieldElem[9//1792, 0, 0, 0, 0, 0, 0, 0, -3//1792, 0, 0, 0, 0, 0, 0, 0],
	[21, 10, 10, 19, 20, 2, 1, 11, 1, 1] => QQFieldElem[0, 0, 0, 0, 0, 0, 0, 0, -3//512, 0, 0, 0, 0, 0, 0, 0],
	[21, 10, 10, 19, 7, 1, 1, 10, 1, 1] => QQFieldElem[9//1792, 0, 0, 0, 0, 0, 0, 0, -3//1792, 0, 0, 0, 0, 0, 0, 0],
	[21, 10, 10, 19, 5, 1, 1, 18, 1, 1] => QQFieldElem[0, 0, 0, 0, 0, 0, 0, 0, 0, 0, 0, 0, -3//8, 0, 0, 0],
	[21, 10, 10, 19, 20, 1, 1, 15, 1, 1] => QQFieldElem[0, 0, 0, 0, 0, 3//16, 0, 0, 0, 0, 0, -3//16, 0, -3//16, 0, 0],
	[21, 10, 10, 19, 5, 1, 1, 17, 1, 1] => QQFieldElem[-3//16, 0, 0, 0, 0, 0, 0, 0, 3//16, 0, 0, 0, -3//16, 0, 0, 0],
	[21, 10, 10, 19, 7, 1, 1, 18, 1, 1] => QQFieldElem[0, 0, 0, 0, 0, 0, 0, 0, 0, 0, 0, 0, -3//8, 0, 0, 0],
	[21, 10, 10, 19, 20, 1, 1, 12, 1, 1] => QQFieldElem[0, 0, -3//512, 0, 3//512, 0, -3//512, 0, 3//512, 0, 0, 0, 0, 0, 0, 0],
	[21, 10, 10, 19, 7, 1, 1, 17, 1, 1] => QQFieldElem[3//16, 0, 0, 0, 0, 0, 0, 0, -3//16, 0, 0, 0, -3//16, 0, 0, 0],
	[21, 10, 10, 19, 21, 1, 1, 10, 1, 1] => QQFieldElem[3//896, 0, 0, 0, 0, 0, 0, 0, 3//3584, 0, 0, 0, 0, 0, 0, 0],
	[21, 10, 10, 19, 4, 1, 1, 13, 1, 1] => QQFieldElem[1//64, 0, 1//64, 0, 1//64, 0, 1//64, 0, 0, 0, 0, 0, 0, 0, -1//64, 0],
	[21, 10, 10, 19, 19, 1, 1, 11, 1, 1] => QQFieldElem[0, 0, 0, 0, 0, 0, 0, 0, -3//512, 0, 0, 0, 0, 0, 0, 0],
	[21, 10, 10, 19, 20, 1, 1, 16, 1, 1] => QQFieldElem[0, 0, 0, -3//32, 0, 0, 0, 0, 0, 0, 0, 3//32, 0, 3//32, 0, 0],
	[21, 10, 10, 19, 21, 1, 1, 18, 1, 1] => QQFieldElem[0, 0, 0, -3//16, 0, 3//16, 0, 0, 0, 0, 0, 0, 0, 0, 0, 0],
	[21, 10, 10, 19, 21, 1, 1, 17, 1, 1] => QQFieldElem[0, 0, 0, 3//32, 0, 0, 0, 0, 0, 0, 0, -3//32, 0, -3//32, 0, 0],
	[21, 10, 10, 19, 20, 2, 1, 10, 1, 1] => QQFieldElem[3//896, 0, 0, 0, 0, 0, 0, 0, 3//3584, 0, 0, 0, 0, 0, 0, 0],
	[21, 10, 10, 19, 20, 2, 1, 18, 1, 1] => QQFieldElem[0, -3//16, 0, 0, 0, 0, 0, 0, 0, 3//16, 0, 0, 0, 0, 0, 3//16],
	[21, 10, 10, 19, 20, 2, 1, 17, 1, 1] => QQFieldElem[0, 3//32, 0, 0, 0, 0, 0, -3//32, 0, 0, 0, 0, 0, 0, 0, 0],
	[21, 10, 10, 19, 19, 1, 1, 10, 1, 1] => QQFieldElem[3//896, 0, 0, 0, 0, 0, 0, 0, 3//3584, 0, 0, 0, 0, 0, 0, 0],
	[21, 10, 10, 19, 20, 1, 1, 13, 1, 1] => QQFieldElem[0, 0, -3//512, 0, -3//512, 0, -3//512, 0, -3//512, 0, 0, 0, 0, 0, 0, 0],
	[21, 10, 10, 19, 19, 1, 1, 18, 1, 1] => QQFieldElem[0, 3//16, 0, 0, 0, 0, 0, 0, 0, -3//16, 0, 0, 0, 0, 0, -3//16],
	[21, 10, 10, 19, 6, 1, 1, 15, 1, 1] => QQFieldElem[0, 0, 0, 0, 0, 0, 0, 0, 0, 0, 0, 0, 1//2, 0, 0, 0],
	[21, 10, 10, 19, 19, 1, 1, 17, 1, 1] => QQFieldElem[0, -3//32, 0, 0, 0, 0, 0, 3//32, 0, 0, 0, 0, 0, 0, 0, 0],
	[21, 10, 10, 19, 4, 1, 1, 11, 1, 1] => QQFieldElem[1//64, 0, 0, 0, 0, 0, 0, 0, 1//64, 0, 0, 0, 0, 0, 0, 0],
	[21, 10, 10, 19, 6, 1, 1, 12, 1, 1] => QQFieldElem[-1//64, 0, 1//64, 0, -1//64, 0, 1//64, 0, 0, 0, 0, 0, 0, 0, -1//64, 0],
	[21, 10, 10, 19, 6, 1, 1, 16, 1, 1] => QQFieldElem[-1//4, 0, 0, 0, 0, 0, 0, 0, 1//4, 0, 0, 0, 1//4, 0, 0, 0],
	[21, 10, 10, 19, 5, 1, 1, 15, 1, 1] => QQFieldElem[0, 0, 0, 0, 0, 0, 0, 0, 0, 0, 0, 0, -3//8, 0, 0, 0],
	[21, 10, 10, 19, 5, 1, 1, 12, 1, 1] => QQFieldElem[-3//256, 0, 3//256, 0, -3//256, 0, 3//256, 0, 0, 0, 0, 0, 0, 0, -3//256, 0],
	[21, 10, 10, 19, 7, 1, 1, 15, 1, 1] => QQFieldElem[0, 0, 0, 0, 0, 0, 0, 0, 0, 0, 0, 0, -3//8, 0, 0, 0],
	[21, 10, 10, 19, 7, 1, 1, 12, 1, 1] => QQFieldElem[3//256, 0, -3//256, 0, 3//256, 0, -3//256, 0, 0, 0, 0, 0, 0, 0, 3//256, 0],
	[21, 10, 10, 19, 5, 1, 1, 16, 1, 1] => QQFieldElem[3//16, 0, 0, 0, 0, 0, 0, 0, -3//16, 0, 0, 0, -3//16, 0, 0, 0],
	[21, 10, 10, 19, 7, 1, 1, 16, 1, 1] => QQFieldElem[-3//16, 0, 0, 0, 0, 0, 0, 0, 3//16, 0, 0, 0, -3//16, 0, 0, 0],
	[21, 10, 10, 19, 4, 1, 1, 10, 1, 1] => QQFieldElem[3//448, 0, 0, 0, 0, 0, 0, 0, -1//448, 0, 0, 0, 0, 0, 0, 0],
	[21, 10, 10, 19, 20, 1, 1, 11, 1, 1] => QQFieldElem[0, 0, 0, 0, 0, 0, 0, 0, -3//512, 0, 0, 0, 0, 0, 0, 0],
	[21, 10, 10, 19, 21, 1, 1, 15, 1, 1] => QQFieldElem[0, 0, 0, 0, 0, -3//16, 0, 0, 0, 0, 0, 3//16, 0, 3//16, 0, 0],
	[21, 10, 10, 19, 21, 1, 1, 12, 1, 1] => QQFieldElem[0, 0, -3//512, 0, 3//512, 0, -3//512, 0, 3//512, 0, 0, 0, 0, 0, 0, 0],
	[21, 10, 10, 19, 6, 1, 1, 13, 1, 1] => QQFieldElem[-1//64, 0, -1//64, 0, -1//64, 0, -1//64, 0, 0, 0, 0, 0, 0, 0, 1//64, 0],
	[21, 10, 10, 19, 4, 1, 1, 18, 1, 1] => QQFieldElem[0, 0, 0, 0, 0, 0, 0, 0, 0, 0, 0, 0, 1//2, 0, 0, 0],
	[21, 10, 10, 19, 4, 1, 1, 17, 1, 1] => QQFieldElem[-1//4, 0, 0, 0, 0, 0, 0, 0, 1//4, 0, 0, 0, 1//4, 0, 0, 0],
	[21, 10, 10, 19, 21, 1, 1, 16, 1, 1] => QQFieldElem[0, 0, 0, 3//32, 0, 0, 0, 0, 0, 0, 0, -3//32, 0, -3//32, 0, 0],
	[21, 10, 10, 19, 20, 2, 1, 15, 1, 1] => QQFieldElem[0, 0, 0, 0, 0, 0, 0, 3//16, 0, -3//16, 0, 0, 0, 0, 0, -3//16],
	[21, 10, 10, 19, 20, 2, 1, 12, 1, 1] => QQFieldElem[0, 0, 3//512, 0, -3//512, 0, 3//512, 0, -3//512, 0, 0, 0, 0, 0, 0, 0],
	[21, 10, 10, 19, 5, 1, 1, 13, 1, 1] => QQFieldElem[-3//256, 0, -3//256, 0, -3//256, 0, -3//256, 0, 0, 0, 0, 0, 0, 0, 3//256, 0],
	[21, 10, 10, 19, 20, 2, 1, 16, 1, 1] => QQFieldElem[0, 3//32, 0, 0, 0, 0, 0, -3//32, 0, 0, 0, 0, 0, 0, 0, 0],
	[21, 10, 10, 19, 7, 1, 1, 13, 1, 1] => QQFieldElem[3//256, 0, 3//256, 0, 3//256, 0, 3//256, 0, 0, 0, 0, 0, 0, 0, -3//256, 0],
	[21, 10, 10, 19, 20, 1, 1, 10, 1, 1] => QQFieldElem[3//896, 0, 0, 0, 0, 0, 0, 0, 3//3584, 0, 0, 0, 0, 0, 0, 0],
	[21, 10, 10, 19, 19, 1, 1, 15, 1, 1] => QQFieldElem[0, 0, 0, 0, 0, 0, 0, -3//16, 0, 3//16, 0, 0, 0, 0, 0, 3//16],
	[21, 10, 10, 19, 19, 1, 1, 12, 1, 1] => QQFieldElem[0, 0, 3//512, 0, -3//512, 0, 3//512, 0, -3//512, 0, 0, 0, 0, 0, 0, 0],
	[21, 10, 10, 19, 20, 1, 1, 18, 1, 1] => QQFieldElem[0, 0, 0, 3//16, 0, -3//16, 0, 0, 0, 0, 0, 0, 0, 0, 0, 0],
	[21, 10, 10, 19, 21, 1, 1, 13, 1, 1] => QQFieldElem[0, 0, -3//512, 0, -3//512, 0, -3//512, 0, -3//512, 0, 0, 0, 0, 0, 0, 0],
	[21, 10, 10, 19, 20, 1, 1, 17, 1, 1] => QQFieldElem[0, 0, 0, -3//32, 0, 0, 0, 0, 0, 0, 0, 3//32, 0, 3//32, 0, 0],
	[21, 10, 10, 19, 19, 1, 1, 16, 1, 1] => QQFieldElem[0, -3//32, 0, 0, 0, 0, 0, 3//32, 0, 0, 0, 0, 0, 0, 0, 0],
	[21, 10, 10, 19, 6, 1, 1, 11, 1, 1] => QQFieldElem[1//64, 0, 0, 0, 0, 0, 0, 0, 1//64, 0, 0, 0, 0, 0, 0, 0],
	[21, 10, 10, 19, 20, 2, 1, 13, 1, 1] => QQFieldElem[0, 0, 3//512, 0, 3//512, 0, 3//512, 0, 3//512, 0, 0, 0, 0, 0, 0, 0])