Dict(
	[21, 14, 10, 10, 13, 1, 1, 21, 2, 1] => QQFieldElem[0, 0, -1//3, 0, 0, 0, 0, -1//3, 0, 0, 1//3, 0, -1//3, -1//3, 0, 0],
	[21, 14, 10, 10, 18, 1, 1, 21, 2, 1] => QQFieldElem[0, 1//3, -1//3, -1//3, 0, 0, 0, 0, 0, -1//3, 0, 0, -1//3, 0, 0, 0],
	[21, 14, 10, 10, 13, 1, 1, 20, 1, 1] => QQFieldElem[0, -3//8, 0, 0, 0, 0, -3//8, 3//8, 0, 0, 0, 0, -3//8, 0, 0, 0],
	[21, 14, 10, 10, 18, 1, 1, 20, 1, 1] => QQFieldElem[0, 0, 0, 0, -3//8, 3//8, 3//8, 0, 0, 0, 0, -3//8, 3//8, -3//8, 0, 0],
	[21, 14, 10, 10, 10, 1, 1, 20, 2, 1] => QQFieldElem[0, 0, 0, 0, 0, 1//3, 0, -1//3, 0, 0, -1//3, 0, -1//3, -1//3, 0, 1//3],
	[21, 14, 10, 10, 15, 1, 1, 19, 2, 1] => QQFieldElem[-1//144, 0, 0, 0, 0, 0, 0, 0, 1//144, 0, 0, 0, 0, 0, 0, 0],
	[21, 14, 10, 10, 16, 1, 1, 19, 1, 1] => QQFieldElem[0, 0, 0, 0, -9//1024, 0, 0, 0, 0, 0, 0, 0, 0, 0, 0, 0],
	[21, 14, 10, 10, 17, 1, 1, 19, 1, 1] => QQFieldElem[0, 0, 0, 0, -9//1024, 0, 0, 0, 0, 0, 0, 0, 0, 0, 0, 0],
	[21, 14, 10, 10, 15, 1, 1, 21, 2, 1] => QQFieldElem[0, 0, 1//3, 0, 0, 1//3, 0, 0, 0, 0, 0, 0, -1//3, 0, 0, 1//3],
	[21, 14, 10, 10, 15, 1, 1, 20, 1, 1] => QQFieldElem[0, 0, 0, 0, -3//8, 0, -3//8, -3//8, 0, 3//8, 0, 0, 3//8, 0, 0, 3//8],
	[21, 14, 10, 10, 13, 1, 1, 20, 2, 1] => QQFieldElem[0, 0, -1//3, 0, 0, 0, 0, 1//3, 0, 0, 1//3, 0, -1//3, 1//3, 0, 0],
	[21, 14, 10, 10, 18, 1, 1, 20, 2, 1] => QQFieldElem[0, -1//3, -1//3, 1//3, 0, 0, 0, 0, 0, 1//3, 0, 0, -1//3, 0, 0, 0],
	[21, 14, 10, 10, 17, 1, 1, 21, 1, 1] => QQFieldElem[0, 0, 0, 3//8, 0, 0, 3//8, 0, 0, 0, 0, -3//8, -3//8, -3//8, 0, 0],
	[21, 14, 10, 10, 16, 1, 1, 21, 1, 1] => QQFieldElem[0, 0, 0, -3//8, 3//8, 3//8, 3//8, 0, 0, 0, 0, 0, 0, 0, 0, 0],
	[21, 14, 10, 10, 16, 1, 1, 19, 2, 1] => QQFieldElem[0, 0, 0, 0, 0, 0, 0, 0, 0, 0, 0, 0, 1//128, 0, 0, 0],
	[21, 14, 10, 10, 17, 1, 1, 19, 2, 1] => QQFieldElem[0, 0, 0, 0, -1//128, 0, 0, 0, 0, 0, 0, 0, 0, 0, 0, 0],
	[21, 14, 10, 10, 15, 1, 1, 20, 2, 1] => QQFieldElem[0, 0, 1//3, 0, 0, -1//3, 0, 0, 0, 0, 0, 0, -1//3, 0, 0, -1//3],
	[21, 14, 10, 10, 16, 1, 1, 21, 2, 1] => QQFieldElem[0, 0, 0, 0, 0, 0, 0, 0, 0, 1//3, 1//3, 1//3, -1//3, 0, 0, 0],
	[21, 14, 10, 10, 16, 1, 1, 20, 1, 1] => QQFieldElem[0, 0, 0, 3//8, 3//8, -3//8, 3//8, 0, 0, 0, 0, 0, 0, 0, 0, 0],
	[21, 14, 10, 10, 17, 1, 1, 21, 2, 1] => QQFieldElem[0, -1//3, 1//3, 1//3, 0, 0, 0, 0, 0, 0, -1//3, -1//3, -1//3, 0, 0, 0],
	[21, 14, 10, 10, 17, 1, 1, 20, 1, 1] => QQFieldElem[0, 0, 0, -3//8, 0, 0, 3//8, 0, 0, 0, 0, 3//8, -3//8, 3//8, 0, 0],
	[21, 14, 10, 10, 10, 1, 1, 19, 1, 1] => QQFieldElem[0, 0, 0, 0, 0, 0, 0, 0, 0, 0, 0, 0, 1//128, 0, 0, 0],
	[21, 14, 10, 10, 10, 1, 1, 21, 1, 1] => QQFieldElem[0, -3//8, 0, 0, 3//8, 0, -3//8, 0, 0, 3//8, 0, 0, 0, 0, 0, 3//8],
	[21, 14, 10, 10, 16, 1, 1, 20, 2, 1] => QQFieldElem[0, 0, 0, 0, 0, 0, 0, 0, 0, -1//3, 1//3, -1//3, -1//3, 0, 0, 0],
	[21, 14, 10, 10, 13, 1, 1, 19, 1, 1] => QQFieldElem[0, 0, 0, 0, -1//128, 0, 0, 0, 0, 0, 0, 0, 0, 0, 0, 0],
	[21, 14, 10, 10, 17, 1, 1, 20, 2, 1] => QQFieldElem[0, 1//3, 1//3, -1//3, 0, 0, 0, 0, 0, 0, -1//3, 1//3, -1//3, 0, 0, 0],
	[21, 14, 10, 10, 10, 1, 1, 19, 2, 1] => QQFieldElem[-1//144, 0, 0, 0, 0, 0, 0, 0, 1//144, 0, 0, 0, 0, 0, 0, 0],
	[21, 14, 10, 10, 18, 1, 1, 19, 1, 1] => QQFieldElem[0, 0, 0, 0, -9//1024, 0, 0, 0, 0, 0, 0, 0, 0, 0, 0, 0],
	[21, 14, 10, 10, 13, 1, 1, 21, 1, 1] => QQFieldElem[0, 3//8, 0, 0, 0, 0, -3//8, -3//8, 0, 0, 0, 0, -3//8, 0, 0, 0],
	[21, 14, 10, 10, 18, 1, 1, 21, 1, 1] => QQFieldElem[0, 0, 0, 0, -3//8, -3//8, 3//8, 0, 0, 0, 0, 3//8, 3//8, 3//8, 0, 0],
	[21, 14, 10, 10, 10, 1, 1, 21, 2, 1] => QQFieldElem[0, 0, 0, 0, 0, -1//3, 0, 1//3, 0, 0, -1//3, 0, -1//3, 1//3, 0, -1//3],
	[21, 14, 10, 10, 10, 1, 1, 20, 1, 1] => QQFieldElem[0, 3//8, 0, 0, 3//8, 0, -3//8, 0, 0, -3//8, 0, 0, 0, 0, 0, -3//8],
	[21, 14, 10, 10, 15, 1, 1, 19, 1, 1] => QQFieldElem[0, 0, 0, 0, 1//128, 0, 0, 0, 0, 0, 0, 0, -1//128, 0, 0, 0],
	[21, 14, 10, 10, 13, 1, 1, 19, 2, 1] => QQFieldElem[-1//144, 0, 0, 0, 0, 0, 0, 0, 1//144, 0, 0, 0, 0, 0, 0, 0],
	[21, 14, 10, 10, 18, 1, 1, 19, 2, 1] => QQFieldElem[0, 0, 0, 0, 1//128, 0, 0, 0, 0, 0, 0, 0, -1//128, 0, 0, 0],
	[21, 14, 10, 10, 15, 1, 1, 21, 1, 1] => QQFieldElem[0, 0, 0, 0, -3//8, 0, -3//8, 3//8, 0, -3//8, 0, 0, 3//8, 0, 0, -3//8])