Dict(
	[21, 5, 14, 21, 14, 1, 1, 19, 1, 1] => QQFieldElem[32//3, 0, -64//3, 0, -32//3, 0, 32, 0, -32, 0, 0, 0, 32, 0, -64//3, 0],
	[21, 5, 14, 21, 14, 2, 1, 20, 1, 2] => QQFieldElem[0, 0, -512//27, 0, 0, 0, 512//27, 0, -512//27, 0, 0, 0, 512//27, 0, -512//27, 0],
	[21, 5, 14, 21, 14, 1, 1, 21, 1, 1] => QQFieldElem[32//3, 0, 0, 0, 32//3, 0, 0, 0, 0, 0, 0, 0, -16//3, 0, 0, 0],
	[21, 5, 14, 21, 8, 1, 1, 20, 1, 1] => QQFieldElem[-64//3, 0, 0, 0, 64//3, 0, 64//3, 0, 64//3, 0, -64//3, 0, -64//3, 0, 0, 0],
	[21, 5, 14, 21, 14, 2, 1, 19, 1, 1] => QQFieldElem[512//27, 0, -256//27, 0, -512//27, 0, 256//9, 0, -512//27, 0, -512//27, 0, 256//9, 0, -256//27, 0],
	[21, 5, 14, 21, 6, 1, 1, 20, 1, 2] => QQFieldElem[-128//9, 0, -128//27, 0, 256//27, 0, 128//9, 0, 256//27, 0, -256//27, 0, -128//9, 0, -128//27, 0],
	[21, 5, 14, 21, 9, 1, 1, 20, 1, 2] => QQFieldElem[-128//9, 0, 128//27, 0, 256//27, 0, -128//9, 0, 256//27, 0, 256//27, 0, -128//9, 0, 128//27, 0],
	[21, 5, 14, 21, 14, 2, 1, 21, 1, 1] => QQFieldElem[256//27, 0, 0, 0, 128//27, 0, 0, 0, -128//27, 0, 0, 0, -256//27, 0, 0, 0],
	[21, 5, 14, 21, 6, 1, 1, 19, 1, 1] => QQFieldElem[32, 0, -32//3, 0, -32, 0, -32//3, 0, -32//3, 0, 32, 0, 32//3, 0, -64//3, 0],
	[21, 5, 14, 21, 9, 1, 1, 19, 1, 1] => QQFieldElem[32, 0, 32//3, 0, -32, 0, 32//3, 0, -32//3, 0, -32, 0, 32//3, 0, 64//3, 0],
	[21, 5, 14, 21, 7, 1, 1, 19, 1, 2] => QQFieldElem[512//27, 0, 256//27, 0, -512//27, 0, -256//9, 0, -512//27, 0, 512//27, 0, 256//9, 0, 256//27, 0],
	[21, 5, 14, 21, 6, 1, 1, 21, 1, 1] => QQFieldElem[-256//27, 0, 0, 0, -128//27, 0, 0, 0, 128//27, 0, 0, 0, 256//27, 0, 0, 0],
	[21, 5, 14, 21, 9, 1, 1, 21, 1, 1] => QQFieldElem[-16//3, 0, 0, 0, -32//3, 0, 0, 0, 0, 0, 0, 0, 16//3, 0, 0, 0],
	[21, 5, 14, 21, 7, 1, 1, 21, 1, 2] => QQFieldElem[1024//243, 0, 0, 0, 0, 0, 0, 0, -2048//243, 0, 0, 0, -2048//243, 0, 0, 0],
	[21, 5, 14, 21, 14, 1, 1, 20, 1, 1] => QQFieldElem[16, 0, 0, 0, -16, 0, 16//3, 0, -16//3, 0, -32//3, 0, 16//3, 0, 32//3, 0],
	[21, 5, 14, 21, 8, 1, 1, 19, 1, 2] => QQFieldElem[-1024//27, 0, -1024//27, 0, 0, 0, 1024//27, 0, 1024//27, 0, 0, 0, -1024//27, 0, -1024//27, 0],
	[21, 5, 14, 21, 8, 1, 1, 21, 1, 2] => QQFieldElem[0, 0, 0, 0, 0, 0, 0, 0, 0, 0, 0, 0, -2048//243, 0, 0, 0],
	[21, 5, 14, 21, 14, 2, 1, 20, 1, 1] => QQFieldElem[0, 0, 128//9, 0, -256//27, 0, -128//27, 0, 256//27, 0, -256//27, 0, -128//27, 0, 128//9, 0],
	[21, 5, 14, 21, 6, 1, 1, 20, 1, 1] => QQFieldElem[16//3, 0, 16, 0, -16//3, 0, -16, 0, -16, 0, -16//3, 0, 16, 0, 32//3, 0],
	[21, 5, 14, 21, 9, 1, 1, 20, 1, 1] => QQFieldElem[16//3, 0, -16, 0, -16//3, 0, 16, 0, -16, 0, 16//3, 0, 16, 0, -32//3, 0],
	[21, 5, 14, 21, 7, 1, 1, 20, 1, 2] => QQFieldElem[0, 0, -128//9, 0, -256//27, 0, 128//27, 0, 256//27, 0, 256//27, 0, -128//27, 0, -128//9, 0],
	[21, 5, 14, 21, 14, 1, 1, 19, 1, 2] => QQFieldElem[-128//3, 0, 128//3, 0, 128//3, 0, -128//3, 0, 128//3, 0, 0, 0, -128//3, 0, 0, 0],
	[21, 5, 14, 21, 7, 1, 1, 19, 1, 1] => QQFieldElem[32//3, 0, 64//3, 0, -32//3, 0, -32, 0, -32, 0, 0, 0, 32, 0, 64//3, 0],
	[21, 5, 14, 21, 14, 1, 1, 21, 1, 2] => QQFieldElem[32//3, 0, 0, 0, 0, 0, 0, 0, 0, 0, 0, 0, 0, 0, 0, 0],
	[21, 5, 14, 21, 8, 1, 1, 20, 1, 2] => QQFieldElem[0, 0, 512//27, 0, 0, 0, -512//27, 0, -512//27, 0, 0, 0, 512//27, 0, 512//27, 0],
	[21, 5, 14, 21, 7, 1, 1, 21, 1, 1] => QQFieldElem[256//27, 0, 0, 0, 128//27, 0, 0, 0, -128//27, 0, 0, 0, -256//27, 0, 0, 0],
	[21, 5, 14, 21, 14, 2, 1, 19, 1, 2] => QQFieldElem[-1024//27, 0, 1024//27, 0, 0, 0, -1024//27, 0, 1024//27, 0, 0, 0, -1024//27, 0, 1024//27, 0],
	[21, 5, 14, 21, 14, 2, 1, 21, 1, 2] => QQFieldElem[0, 0, 0, 0, 0, 0, 0, 0, 0, 0, 0, 0, 0, 0, 0, 0],
	[21, 5, 14, 21, 8, 1, 1, 19, 1, 1] => QQFieldElem[-128//3, 0, -128//3, 0, 128//3, 0, 128//3, 0, 128//3, 0, 0, 0, -128//3, 0, 0, 0],
	[21, 5, 14, 21, 6, 1, 1, 19, 1, 2] => QQFieldElem[-256//27, 0, 256//9, 0, 512//27, 0, -256//27, 0, -512//27, 0, -512//27, 0, 256//27, 0, 256//9, 0],
	[21, 5, 14, 21, 9, 1, 1, 19, 1, 2] => QQFieldElem[-256//27, 0, -256//9, 0, 512//27, 0, 256//27, 0, -512//27, 0, 512//27, 0, 256//27, 0, -256//9, 0],
	[21, 5, 14, 21, 8, 1, 1, 21, 1, 1] => QQFieldElem[0, 0, 0, 0, 0, 0, 0, 0, 0, 0, 0, 0, 0, 0, 0, 0],
	[21, 5, 14, 21, 6, 1, 1, 21, 1, 2] => QQFieldElem[-1024//243, 0, 0, 0, 0, 0, 0, 0, 2048//243, 0, 0, 0, 1024//243, 0, 0, 0],
	[21, 5, 14, 21, 9, 1, 1, 21, 1, 2] => QQFieldElem[-256//27, 0, 0, 0, -128//27, 0, 0, 0, 128//27, 0, 0, 0, 256//27, 0, 0, 0],
	[21, 5, 14, 21, 14, 1, 1, 20, 1, 2] => QQFieldElem[-64//3, 0, 0, 0, 64//3, 0, -64//3, 0, 64//3, 0, 64//3, 0, -64//3, 0, 0, 0],
	[21, 5, 14, 21, 7, 1, 1, 20, 1, 1] => QQFieldElem[16, 0, 0, 0, -16, 0, -16//3, 0, -16//3, 0, 32//3, 0, 16//3, 0, -32//3, 0])