Dict(
	[21, 21, 14, 8, 19, 1, 2, 4, 1, 1] => QQFieldElem[1, 0, 1, 0, 0, 0, 0, 0, -1, 0, -1, 0, 0, 0, 0, 0],
	[21, 21, 14, 8, 21, 1, 1, 8, 1, 1] => QQFieldElem[0, 0, 1//4, 0, -1//2, 0, -3//4, 0, 0, 0, 1//4, 0, 1//2, 0, 0, 0],
	[21, 21, 14, 8, 19, 1, 1, 4, 1, 1] => QQFieldElem[0, 0, 1, 0, 1, 0, 0, 0, 0, 0, -1, 0, -1, 0, 0, 0],
	[21, 21, 14, 8, 19, 1, 2, 7, 1, 1] => QQFieldElem[1//2, 0, -1//2, 0, 0, 0, 0, 0, 0, 0, 1//2, 0, 0, 0, 0, 0],
	[21, 21, 14, 8, 19, 1, 1, 7, 1, 1] => QQFieldElem[0, 0, -1//2, 0, 0, 0, 0, 0, 0, 0, 1//2, 0, -1//2, 0, 0, 0],
	[21, 21, 14, 8, 19, 1, 2, 5, 1, 1] => QQFieldElem[0, 0, 0, 0, 0, 0, 0, 0, 0, 0, 0, 0, 9//8, 0, 9//8, 0],
	[21, 21, 14, 8, 19, 1, 2, 14, 2, 1] => QQFieldElem[-8//9, 0, 4//9, 0, -4//9, 0, 8//9, 0, 4//9, 0, 4//9, 0, 8//9, 0, 0, 0],
	[21, 21, 14, 8, 19, 1, 1, 5, 1, 1] => QQFieldElem[0, 0, 0, 0, 0, 0, 0, 0, 0, 0, -9//8, 0, -9//8, 0, 0, 0],
	[21, 21, 14, 8, 19, 1, 1, 14, 2, 1] => QQFieldElem[-32//27, 0, -16//27, 0, 16//9, 0, -32//27, 0, 16//27, 0, 16//9, 0, -32//27, 0, 0, 0],
	[21, 21, 14, 8, 20, 1, 2, 8, 1, 1] => QQFieldElem[1//2, 0, -3//4, 0, -1//2, 0, 1//4, 0, 0, 0, 3//4, 0, -1//2, 0, -1//2, 0],
	[21, 21, 14, 8, 21, 1, 2, 14, 1, 1] => QQFieldElem[-1, 0, -1//2, 0, -1, 0, 1//2, 0, 0, 0, 1, 0, 1//2, 0, 1//2, 0],
	[21, 21, 14, 8, 20, 1, 1, 8, 1, 1] => QQFieldElem[-2//3, 0, 1//3, 0, -2//3, 0, 1//3, 0, 0, 0, -1//3, 0, 2//3, 0, -2//3, 0],
	[21, 21, 14, 8, 21, 1, 1, 14, 1, 1] => QQFieldElem[4//3, 0, -2//3, 0, -4//3, 0, 2//3, 0, 0, 0, -4//3, 0, 2, 0, 2//3, 0],
	[21, 21, 14, 8, 21, 1, 2, 4, 1, 1] => QQFieldElem[0, 0, -4//3, 0, -8//9, 0, 8//9, 0, 8//9, 0, 4//3, 0, 8//9, 0, 0, 0],
	[21, 21, 14, 8, 21, 1, 1, 4, 1, 1] => QQFieldElem[8//9, 0, 4//3, 0, 0, 0, 0, 0, 0, 0, -4//9, 0, 0, 0, 0, 0],
	[21, 21, 14, 8, 21, 1, 2, 7, 1, 1] => QQFieldElem[2//3, 0, -4//9, 0, 0, 0, -4//9, 0, -4//9, 0, 8//9, 0, -2//9, 0, 0, 0],
	[21, 21, 14, 8, 21, 1, 1, 7, 1, 1] => QQFieldElem[2//9, 0, 0, 0, 4//9, 0, 0, 0, 0, 0, -4//9, 0, -2//9, 0, 0, 0],
	[21, 21, 14, 8, 21, 1, 2, 5, 1, 1] => QQFieldElem[1, 0, 0, 0, 0, 0, 1, 0, 0, 0, 1, 0, 1//2, 0, -1, 0],
	[21, 21, 14, 8, 21, 1, 2, 14, 2, 1] => QQFieldElem[1, 0, 1//2, 0, -1, 0, 1//2, 0, 0, 0, 0, 0, -1//2, 0, 3//2, 0],
	[21, 21, 14, 8, 21, 1, 1, 5, 1, 1] => QQFieldElem[0, 0, 0, 0, -1, 0, -1, 0, 0, 0, 0, 0, 3//2, 0, 2, 0],
	[21, 21, 14, 8, 21, 1, 1, 14, 2, 1] => QQFieldElem[0, 0, 1//2, 0, 0, 0, -1//2, 0, 0, 0, -1, 0, -1//2, 0, -1//2, 0],
	[21, 21, 14, 8, 20, 1, 2, 14, 1, 1] => QQFieldElem[0, 0, 4//9, 0, -4//9, 0, 8//9, 0, -4//9, 0, 4//9, 0, 0, 0, 0, 0],
	[21, 21, 14, 8, 20, 1, 1, 14, 1, 1] => QQFieldElem[8//9, 0, -4//3, 0, -4//9, 0, 0, 0, -4//3, 0, -4//9, 0, 8//9, 0, 0, 0],
	[21, 21, 14, 8, 20, 1, 2, 4, 1, 1] => QQFieldElem[0, 0, 4//3, 0, 16//9, 0, 8//9, 0, 0, 0, -4//3, 0, -8//9, 0, 0, 0],
	[21, 21, 14, 8, 20, 1, 1, 4, 1, 1] => QQFieldElem[0, 0, 16//27, 0, 0, 0, -32//27, 0, 0, 0, -16//27, 0, -32//27, 0, 0, 0],
	[21, 21, 14, 8, 20, 1, 2, 7, 1, 1] => QQFieldElem[2//9, 0, 8//9, 0, 0, 0, -4//9, 0, -4//9, 0, -4//9, 0, 2//3, 0, 0, 0],
	[21, 21, 14, 8, 20, 1, 1, 7, 1, 1] => QQFieldElem[8//27, 0, 0, 0, 0, 0, 16//27, 0, -16//27, 0, 16//27, 0, -8//27, 0, 0, 0],
	[21, 21, 14, 8, 19, 1, 2, 8, 1, 1] => QQFieldElem[0, 0, 0, 0, 0, 0, 9//16, 0, 0, 0, 0, 0, -9//16, 0, 0, 0],
	[21, 21, 14, 8, 20, 1, 2, 5, 1, 1] => QQFieldElem[-1, 0, -1, 0, 0, 0, 0, 0, 0, 0, -1, 0, -3//2, 0, 0, 0],
	[21, 21, 14, 8, 19, 1, 1, 8, 1, 1] => QQFieldElem[0, 0, 9//16, 0, 0, 0, 0, 0, 0, 0, -9//16, 0, 9//16, 0, 0, 0],
	[21, 21, 14, 8, 20, 1, 2, 14, 2, 1] => QQFieldElem[0, 0, 0, 0, 0, 0, 9//8, 0, 0, 0, 0, 0, 9//8, 0, -9//8, 0],
	[21, 21, 14, 8, 20, 1, 1, 14, 2, 1] => QQFieldElem[0, 0, 9//8, 0, 0, 0, 0, 0, 0, 0, 0, 0, -9//8, 0, 0, 0],
	[21, 21, 14, 8, 20, 1, 1, 5, 1, 1] => QQFieldElem[4//3, 0, 4//3, 0, 0, 0, 0, 0, 0, 0, -4//3, 0, -2//3, 0, 0, 0],
	[21, 21, 14, 8, 19, 1, 2, 14, 1, 1] => QQFieldElem[0, 0, 1, 0, 0, 0, 0, 0, 1, 0, -1, 0, 0, 0, 0, 0],
	[21, 21, 14, 8, 19, 1, 1, 14, 1, 1] => QQFieldElem[0, 0, 1, 0, -1, 0, 0, 0, 0, 0, -1, 0, 0, 0, 0, 0],
	[21, 21, 14, 8, 21, 1, 2, 8, 1, 1] => QQFieldElem[-1//2, 0, 1//4, 0, -1//2, 0, 3//4, 0, 0, 0, -1//4, 0, 0, 0, -1//2, 0])