Dict(
	[21, 14, 21, 3, 19, 1, 1, 19, 2, 1] => QQFieldElem[0, 0, 0, 0, -9//16, 0, 0, 0, 9//16, 0, 0, 0, 0, 0, 0, 0],
	[21, 14, 21, 3, 19, 1, 2, 20, 1, 1] => QQFieldElem[1//2, 0, 0, 0, 0, 0, 0, 0, -1, 0, 0, 0, 0, 0, 0, 0],
	[21, 14, 21, 3, 19, 1, 1, 20, 1, 1] => QQFieldElem[0, 0, 0, 0, -9//16, 0, 0, 0, 9//16, 0, 0, 0, 0, 0, 0, 0],
	[21, 14, 21, 3, 19, 1, 2, 20, 2, 1] => QQFieldElem[0, 0, 0, 0, 0, 0, 0, 0, 0, 0, 0, 0, 0, 0, 0, 0],
	[21, 14, 21, 3, 19, 1, 1, 20, 2, 1] => QQFieldElem[0, 0, 0, 0, 0, 0, 0, 0, 0, 0, 0, 0, 0, 0, 0, 0],
	[21, 14, 21, 3, 20, 1, 2, 19, 1, 1] => QQFieldElem[0, 0, 0, 0, 0, 0, 0, 0, 0, 0, 0, 0, 0, 0, 0, 0],
	[21, 14, 21, 3, 20, 1, 1, 19, 1, 1] => QQFieldElem[0, 0, 0, 0, 0, 0, 0, 0, 0, 0, 0, 0, 0, 0, 0, 0],
	[21, 14, 21, 3, 20, 1, 2, 19, 2, 1] => QQFieldElem[1//2, 0, 0, 0, 0, 0, 0, 0, 0, 0, 0, 0, 0, 0, 0, 0],
	[21, 14, 21, 3, 20, 1, 1, 19, 2, 1] => QQFieldElem[0, 0, 0, 0, 9//16, 0, 0, 0, 9//16, 0, 0, 0, 0, 0, 0, 0],
	[21, 14, 21, 3, 20, 1, 2, 20, 1, 1] => QQFieldElem[1//2, 0, 0, 0, 0, 0, 0, 0, 0, 0, 0, 0, 0, 0, 0, 0],
	[21, 14, 21, 3, 20, 1, 1, 20, 1, 1] => QQFieldElem[0, 0, 0, 0, 9//16, 0, 0, 0, 9//16, 0, 0, 0, 0, 0, 0, 0],
	[21, 14, 21, 3, 19, 1, 2, 19, 1, 1] => QQFieldElem[0, 0, 0, 0, 0, 0, 0, 0, 0, 0, 0, 0, 0, 0, 0, 0],
	[21, 14, 21, 3, 19, 1, 1, 19, 1, 1] => QQFieldElem[0, 0, 0, 0, 0, 0, 0, 0, 0, 0, 0, 0, 0, 0, 0, 0],
	[21, 14, 21, 3, 20, 1, 2, 20, 2, 1] => QQFieldElem[0, 0, 0, 0, 0, 0, 0, 0, 0, 0, 0, 0, 0, 0, 0, 0],
	[21, 14, 21, 3, 20, 1, 1, 20, 2, 1] => QQFieldElem[0, 0, 0, 0, 0, 0, 0, 0, 0, 0, 0, 0, 0, 0, 0, 0],
	[21, 14, 21, 3, 19, 1, 2, 19, 2, 1] => QQFieldElem[-1//2, 0, 0, 0, 0, 0, 0, 0, 1, 0, 0, 0, 0, 0, 0, 0])