Dict(
	[21, 14, 8, 21, 14, 2, 1, 19, 2, 1] => QQFieldElem[1//96, 0, 0, 0, 0, 0, 0, 0, 0, 0, 0, 0, 0, 0, 1//96, 0],
	[21, 14, 8, 21, 14, 1, 1, 20, 1, 1] => QQFieldElem[3//8, 0, -3//16, 0, -3//8, 0, 3//16, 0, 0, 0, 9//16, 0, 0, 0, -3//8, 0],
	[21, 14, 8, 21, 14, 2, 1, 21, 2, 1] => QQFieldElem[-1//6, 0, 1//2, 0, 0, 0, -1//6, 0, 0, 0, -2//3, 0, -1//3, 0, -1//2, 0],
	[21, 14, 8, 21, 14, 2, 1, 20, 1, 1] => QQFieldElem[-1//6, 0, 1//3, 0, 1//3, 0, 0, 0, -1//3, 0, -1//3, 0, -1//6, 0, 1//3, 0],
	[21, 14, 8, 21, 4, 1, 1, 19, 1, 1] => QQFieldElem[-3//256, 0, -3//256, 0, 0, 0, 0, 0, 3//256, 0, 3//256, 0, 0, 0, 0, 0],
	[21, 14, 8, 21, 5, 1, 1, 19, 1, 1] => QQFieldElem[3//256, 0, -3//256, 0, 0, 0, 0, 0, 0, 0, 3//256, 0, 0, 0, 0, 0],
	[21, 14, 8, 21, 4, 1, 1, 21, 1, 1] => QQFieldElem[0, 0, -1//6, 0, -1//3, 0, -1//2, 0, -1//3, 0, -1//3, 0, 0, 0, 1//6, 0],
	[21, 14, 8, 21, 14, 1, 1, 20, 2, 1] => QQFieldElem[3//16, 0, 3//16, 0, -3//16, 0, 0, 0, -3//16, 0, -3//16, 0, 3//16, 0, 0, 0],
	[21, 14, 8, 21, 5, 1, 1, 21, 1, 1] => QQFieldElem[1//6, 0, 1//3, 0, 1//3, 0, 0, 0, 1//3, 0, -1//3, 0, 1//6, 0, -1//3, 0],
	[21, 14, 8, 21, 14, 2, 1, 20, 2, 1] => QQFieldElem[1//6, 0, 1//6, 0, 0, 0, -1//6, 0, 0, 0, 0, 0, 0, 0, 1//6, 0],
	[21, 14, 8, 21, 7, 1, 1, 19, 1, 1] => QQFieldElem[0, 0, -3//256, 0, 0, 0, 0, 0, -3//256, 0, 3//256, 0, 0, 0, 0, 0],
	[21, 14, 8, 21, 7, 1, 1, 21, 1, 1] => QQFieldElem[-1//6, 0, -1//6, 0, 0, 0, 1//2, 0, 0, 0, 2//3, 0, 1//3, 0, 1//6, 0],
	[21, 14, 8, 21, 4, 1, 1, 19, 2, 1] => QQFieldElem[1//96, 0, 1//96, 0, 0, 0, 0, 0, 0, 0, 0, 0, 0, 0, 0, 0],
	[21, 14, 8, 21, 5, 1, 1, 19, 2, 1] => QQFieldElem[1//96, 0, -1//96, 0, 0, 0, 0, 0, 0, 0, 1//96, 0, 0, 0, 0, 0],
	[21, 14, 8, 21, 8, 1, 1, 19, 1, 1] => QQFieldElem[0, 0, 3//256, 0, 3//256, 0, 0, 0, 0, 0, -3//256, 0, -3//256, 0, 0, 0],
	[21, 14, 8, 21, 4, 1, 1, 21, 2, 1] => QQFieldElem[-8//27, 0, -8//27, 0, 4//27, 0, 8//27, 0, 4//9, 0, 16//27, 0, 8//27, 0, 8//27, 0],
	[21, 14, 8, 21, 4, 1, 1, 20, 1, 1] => QQFieldElem[3//16, 0, -3//4, 0, -3//16, 0, 3//8, 0, -9//16, 0, 3//8, 0, 9//16, 0, -3//8, 0],
	[21, 14, 8, 21, 5, 1, 1, 21, 2, 1] => QQFieldElem[8//27, 0, 4//27, 0, 0, 0, 4//27, 0, -8//27, 0, 4//27, 0, -8//27, 0, -8//27, 0],
	[21, 14, 8, 21, 8, 1, 1, 21, 1, 1] => QQFieldElem[3//16, 0, 3//8, 0, 3//16, 0, -3//8, 0, -9//16, 0, -3//4, 0, -9//16, 0, -3//8, 0],
	[21, 14, 8, 21, 5, 1, 1, 20, 1, 1] => QQFieldElem[-3//8, 0, 3//16, 0, 3//8, 0, -3//16, 0, 0, 0, 3//16, 0, 0, 0, -3//8, 0],
	[21, 14, 8, 21, 7, 1, 1, 19, 2, 1] => QQFieldElem[1//96, 0, 0, 0, 0, 0, 0, 0, 0, 0, -1//96, 0, 0, 0, 0, 0],
	[21, 14, 8, 21, 7, 1, 1, 21, 2, 1] => QQFieldElem[0, 0, -8//27, 0, -4//27, 0, -4//9, 0, -4//27, 0, -8//27, 0, 0, 0, 0, 0],
	[21, 14, 8, 21, 7, 1, 1, 20, 1, 1] => QQFieldElem[3//16, 0, 9//16, 0, -3//16, 0, -3//4, 0, 9//16, 0, -9//16, 0, -9//16, 0, 3//4, 0],
	[21, 14, 8, 21, 8, 1, 1, 19, 2, 1] => QQFieldElem[1//96, 0, 0, 0, 0, 0, 1//96, 0, 0, 0, 0, 0, 0, 0, -1//96, 0],
	[21, 14, 8, 21, 4, 1, 1, 20, 2, 1] => QQFieldElem[-2//3, 0, 1//6, 0, 1//3, 0, -1//2, 0, 1//3, 0, 1//3, 0, -1//3, 0, 1//6, 0],
	[21, 14, 8, 21, 14, 1, 1, 19, 1, 1] => QQFieldElem[0, 0, 3//256, 0, 0, 0, 0, 0, 0, 0, -3//256, 0, 3//256, 0, 0, 0],
	[21, 14, 8, 21, 8, 1, 1, 21, 2, 1] => QQFieldElem[-1//3, 0, -1//2, 0, -1//3, 0, -1//6, 0, 1//3, 0, 1//3, 0, 1//3, 0, 1//2, 0],
	[21, 14, 8, 21, 5, 1, 1, 20, 2, 1] => QQFieldElem[1//6, 0, -1//3, 0, 1//3, 0, 0, 0, -1//3, 0, 1//3, 0, 1//6, 0, -1//3, 0],
	[21, 14, 8, 21, 14, 1, 1, 21, 1, 1] => QQFieldElem[0, 0, 3//16, 0, 0, 0, 3//16, 0, 3//8, 0, 3//16, 0, 3//8, 0, -3//8, 0],
	[21, 14, 8, 21, 8, 1, 1, 20, 1, 1] => QQFieldElem[-9//16, 0, 0, 0, 9//16, 0, 3//8, 0, 3//16, 0, -3//8, 0, -3//16, 0, 3//8, 0],
	[21, 14, 8, 21, 14, 2, 1, 19, 1, 1] => QQFieldElem[1//96, 0, 0, 0, 0, 0, -1//96, 0, 0, 0, 0, 0, 0, 0, 0, 0],
	[21, 14, 8, 21, 7, 1, 1, 20, 2, 1] => QQFieldElem[1//2, 0, 1//6, 0, -2//3, 0, 1//2, 0, 0, 0, -2//3, 0, 2//3, 0, 1//6, 0],
	[21, 14, 8, 21, 14, 2, 1, 21, 1, 1] => QQFieldElem[1//2, 0, 0, 0, 1//3, 0, 1//3, 0, -1//3, 0, 1//3, 0, -1//2, 0, 0, 0],
	[21, 14, 8, 21, 14, 1, 1, 19, 2, 1] => QQFieldElem[0, 0, 3//256, 0, -3//256, 0, 0, 0, 0, 0, -3//256, 0, 0, 0, 0, 0],
	[21, 14, 8, 21, 14, 1, 1, 21, 2, 1] => QQFieldElem[-3//16, 0, -9//16, 0, -3//16, 0, -3//8, 0, 3//16, 0, 9//16, 0, 3//16, 0, 3//4, 0],
	[21, 14, 8, 21, 8, 1, 1, 20, 2, 1] => QQFieldElem[0, 0, -1//2, 0, -1//3, 0, 1//6, 0, 1//3, 0, 1//3, 0, -1//3, 0, -1//2, 0])