Dict(
	[21, 13, 11, 19, 14, 2, 1, 18, 1, 1] => QQFieldElem[0, 0, 0, 0, 0, 0, 0, 0, 0, 0, 0, 0, -1//2, 0, 0, 0],
	[21, 13, 11, 19, 3, 1, 1, 16, 1, 1] => QQFieldElem[-1//3, 0, 0, 0, 0, 0, 0, 0, 1//3, 0, 0, 0, 1//3, 0, 0, 0],
	[21, 13, 11, 19, 20, 1, 1, 18, 1, 1] => QQFieldElem[0, 0, 0, -1//4, 0, -1//4, 0, 0, 0, 0, 0, 0, 0, 0, 0, 0],
	[21, 13, 11, 19, 19, 1, 1, 12, 1, 1] => QQFieldElem[0, 0, 0, 0, 0, 0, 0, 0, 0, 0, 1//192, 0, 0, 0, -1//192, 0],
	[21, 13, 11, 19, 21, 1, 1, 13, 1, 1] => QQFieldElem[0, 0, -3//512, 0, 0, 0, 3//512, 0, 0, 0, 0, 0, 0, 0, 0, 0],
	[21, 13, 11, 19, 14, 2, 1, 17, 1, 1] => QQFieldElem[-1//4, 0, 0, 0, 0, 0, 0, 0, 1//4, 0, 0, 0, -1//4, 0, 0, 0],
	[21, 13, 11, 19, 20, 1, 1, 17, 1, 1] => QQFieldElem[0, 0, 0, 1//8, 0, 0, 0, 0, 0, 0, 0, -1//8, 0, 1//8, 0, 0],
	[21, 13, 11, 19, 19, 1, 1, 16, 1, 1] => QQFieldElem[0, -1//8, 0, 0, 0, 0, 0, -1//8, 0, 0, 0, 0, 0, 0, 0, 0],
	[21, 13, 11, 19, 14, 1, 1, 13, 1, 1] => QQFieldElem[-1//64, 0, 0, 0, 1//64, 0, 0, 0, 0, 0, 0, 0, 0, 0, 0, 0],
	[21, 13, 11, 19, 20, 2, 1, 13, 1, 1] => QQFieldElem[0, 0, 3//512, 0, 0, 0, -3//512, 0, 0, 0, 0, 0, 0, 0, 0, 0],
	[21, 13, 11, 19, 3, 1, 1, 13, 1, 1] => QQFieldElem[1//64, 0, 0, 0, -1//64, 0, 0, 0, 0, 0, 0, 0, 0, 0, 0, 0],
	[21, 13, 11, 19, 5, 1, 1, 11, 1, 1] => QQFieldElem[1//64, 0, 0, 0, 0, 0, 0, 0, -1//64, 0, 0, 0, 0, 0, 0, 0],
	[21, 13, 11, 19, 19, 1, 1, 13, 1, 1] => QQFieldElem[0, 0, 3//512, 0, 0, 0, -3//512, 0, 0, 0, 0, 0, 0, 0, 0, 0],
	[21, 13, 11, 19, 21, 1, 1, 11, 1, 1] => QQFieldElem[0, 0, 0, 0, 0, 0, 0, 0, 1//128, 0, 0, 0, 0, 0, 0, 0],
	[21, 13, 11, 19, 14, 1, 1, 11, 1, 1] => QQFieldElem[1//48, 0, 0, 0, 0, 0, 0, 0, -1//48, 0, 0, 0, 0, 0, 0, 0],
	[21, 13, 11, 19, 5, 1, 1, 10, 1, 1] => QQFieldElem[1//192, 0, 0, 0, 0, 0, 0, 0, 1//192, 0, 0, 0, 0, 0, 0, 0],
	[21, 13, 11, 19, 20, 2, 1, 11, 1, 1] => QQFieldElem[0, 0, 0, 0, 0, 0, 0, 0, 1//128, 0, 0, 0, 0, 0, 0, 0],
	[21, 13, 11, 19, 5, 1, 1, 18, 1, 1] => QQFieldElem[0, 0, 0, 0, 0, 0, 0, 0, 0, 0, 0, 0, -1//2, 0, 0, 0],
	[21, 13, 11, 19, 14, 2, 1, 15, 1, 1] => QQFieldElem[0, 0, 0, 0, 0, 0, 0, 0, 0, 0, 0, 0, -1//2, 0, 0, 0],
	[21, 13, 11, 19, 20, 1, 1, 15, 1, 1] => QQFieldElem[0, 0, 0, 0, 0, 1//4, 0, 0, 0, 0, 0, 1//4, 0, -1//4, 0, 0],
	[21, 13, 11, 19, 5, 1, 1, 17, 1, 1] => QQFieldElem[1//4, 0, 0, 0, 0, 0, 0, 0, -1//4, 0, 0, 0, -1//4, 0, 0, 0],
	[21, 13, 11, 19, 3, 1, 1, 11, 1, 1] => QQFieldElem[1//48, 0, 0, 0, 0, 0, 0, 0, -1//48, 0, 0, 0, 0, 0, 0, 0],
	[21, 13, 11, 19, 14, 2, 1, 12, 1, 1] => QQFieldElem[0, 0, 0, 0, -1//96, 0, 0, 0, 1//96, 0, 0, 0, 0, 0, 0, 0],
	[21, 13, 11, 19, 20, 1, 1, 12, 1, 1] => QQFieldElem[0, 0, 0, 0, 0, 0, 0, 0, 0, 0, -1//192, 0, 0, 0, 1//192, 0],
	[21, 13, 11, 19, 21, 1, 1, 10, 1, 1] => QQFieldElem[1//192, 0, 0, 0, 0, 0, 0, 0, -1//384, 0, 0, 0, 0, 0, 0, 0],
	[21, 13, 11, 19, 14, 2, 1, 16, 1, 1] => QQFieldElem[1//4, 0, 0, 0, 0, 0, 0, 0, -1//4, 0, 0, 0, -1//4, 0, 0, 0],
	[21, 13, 11, 19, 19, 1, 1, 11, 1, 1] => QQFieldElem[0, 0, 0, 0, 0, 0, 0, 0, 1//128, 0, 0, 0, 0, 0, 0, 0],
	[21, 13, 11, 19, 20, 1, 1, 16, 1, 1] => QQFieldElem[0, 0, 0, 1//8, 0, 0, 0, 0, 0, 0, 0, -1//8, 0, 1//8, 0, 0],
	[21, 13, 11, 19, 14, 1, 1, 10, 1, 1] => QQFieldElem[1//144, 0, 0, 0, 0, 0, 0, 0, 1//144, 0, 0, 0, 0, 0, 0, 0],
	[21, 13, 11, 19, 21, 1, 1, 18, 1, 1] => QQFieldElem[0, 0, 0, 1//4, 0, 1//4, 0, 0, 0, 0, 0, 0, 0, 0, 0, 0],
	[21, 13, 11, 19, 21, 1, 1, 17, 1, 1] => QQFieldElem[0, 0, 0, -1//8, 0, 0, 0, 0, 0, 0, 0, 1//8, 0, -1//8, 0, 0],
	[21, 13, 11, 19, 14, 1, 1, 18, 1, 1] => QQFieldElem[0, 0, 0, 0, 0, 0, 0, 0, 0, 0, 0, 0, 2//3, 0, 0, 0],
	[21, 13, 11, 19, 20, 2, 1, 10, 1, 1] => QQFieldElem[1//192, 0, 0, 0, 0, 0, 0, 0, -1//384, 0, 0, 0, 0, 0, 0, 0],
	[21, 13, 11, 19, 14, 1, 1, 17, 1, 1] => QQFieldElem[-1//3, 0, 0, 0, 0, 0, 0, 0, 1//3, 0, 0, 0, 1//3, 0, 0, 0],
	[21, 13, 11, 19, 20, 2, 1, 18, 1, 1] => QQFieldElem[0, -1//4, 0, 0, 0, 0, 0, 0, 0, 1//4, 0, 0, 0, 0, 0, -1//4],
	[21, 13, 11, 19, 3, 1, 1, 10, 1, 1] => QQFieldElem[1//144, 0, 0, 0, 0, 0, 0, 0, 1//144, 0, 0, 0, 0, 0, 0, 0],
	[21, 13, 11, 19, 20, 2, 1, 17, 1, 1] => QQFieldElem[0, 1//8, 0, 0, 0, 0, 0, 1//8, 0, 0, 0, 0, 0, 0, 0, 0],
	[21, 13, 11, 19, 14, 2, 1, 13, 1, 1] => QQFieldElem[3//256, 0, 0, 0, -3//256, 0, 0, 0, 0, 0, 0, 0, 0, 0, 0, 0],
	[21, 13, 11, 19, 3, 1, 1, 18, 1, 1] => QQFieldElem[0, 0, 0, 0, 0, 0, 0, 0, 0, 0, 0, 0, 2//3, 0, 0, 0],
	[21, 13, 11, 19, 19, 1, 1, 10, 1, 1] => QQFieldElem[1//192, 0, 0, 0, 0, 0, 0, 0, -1//384, 0, 0, 0, 0, 0, 0, 0],
	[21, 13, 11, 19, 20, 1, 1, 13, 1, 1] => QQFieldElem[0, 0, -3//512, 0, 0, 0, 3//512, 0, 0, 0, 0, 0, 0, 0, 0, 0],
	[21, 13, 11, 19, 3, 1, 1, 17, 1, 1] => QQFieldElem[1//3, 0, 0, 0, 0, 0, 0, 0, -1//3, 0, 0, 0, 1//3, 0, 0, 0],
	[21, 13, 11, 19, 19, 1, 1, 18, 1, 1] => QQFieldElem[0, 1//4, 0, 0, 0, 0, 0, 0, 0, -1//4, 0, 0, 0, 0, 0, 1//4],
	[21, 13, 11, 19, 19, 1, 1, 17, 1, 1] => QQFieldElem[0, -1//8, 0, 0, 0, 0, 0, -1//8, 0, 0, 0, 0, 0, 0, 0, 0],
	[21, 13, 11, 19, 5, 1, 1, 15, 1, 1] => QQFieldElem[0, 0, 0, 0, 0, 0, 0, 0, 0, 0, 0, 0, -1//2, 0, 0, 0],
	[21, 13, 11, 19, 5, 1, 1, 12, 1, 1] => QQFieldElem[0, 0, 0, 0, 1//96, 0, 0, 0, -1//96, 0, 0, 0, 0, 0, 0, 0],
	[21, 13, 11, 19, 5, 1, 1, 16, 1, 1] => QQFieldElem[-1//4, 0, 0, 0, 0, 0, 0, 0, 1//4, 0, 0, 0, -1//4, 0, 0, 0],
	[21, 13, 11, 19, 21, 1, 1, 15, 1, 1] => QQFieldElem[0, 0, 0, 0, 0, -1//4, 0, 0, 0, 0, 0, -1//4, 0, 1//4, 0, 0],
	[21, 13, 11, 19, 14, 2, 1, 11, 1, 1] => QQFieldElem[1//64, 0, 0, 0, 0, 0, 0, 0, -1//64, 0, 0, 0, 0, 0, 0, 0],
	[21, 13, 11, 19, 20, 1, 1, 11, 1, 1] => QQFieldElem[0, 0, 0, 0, 0, 0, 0, 0, 1//128, 0, 0, 0, 0, 0, 0, 0],
	[21, 13, 11, 19, 21, 1, 1, 12, 1, 1] => QQFieldElem[0, 0, 0, 0, 0, 0, 0, 0, 0, 0, -1//192, 0, 0, 0, 1//192, 0],
	[21, 13, 11, 19, 14, 1, 1, 15, 1, 1] => QQFieldElem[0, 0, 0, 0, 0, 0, 0, 0, 0, 0, 0, 0, 2//3, 0, 0, 0],
	[21, 13, 11, 19, 14, 1, 1, 12, 1, 1] => QQFieldElem[0, 0, 0, 0, 1//72, 0, 0, 0, -1//72, 0, 0, 0, 0, 0, 0, 0],
	[21, 13, 11, 19, 21, 1, 1, 16, 1, 1] => QQFieldElem[0, 0, 0, -1//8, 0, 0, 0, 0, 0, 0, 0, 1//8, 0, -1//8, 0, 0],
	[21, 13, 11, 19, 20, 2, 1, 15, 1, 1] => QQFieldElem[0, 0, 0, 0, 0, 0, 0, -1//4, 0, -1//4, 0, 0, 0, 0, 0, 1//4],
	[21, 13, 11, 19, 14, 1, 1, 16, 1, 1] => QQFieldElem[1//3, 0, 0, 0, 0, 0, 0, 0, -1//3, 0, 0, 0, 1//3, 0, 0, 0],
	[21, 13, 11, 19, 20, 2, 1, 12, 1, 1] => QQFieldElem[0, 0, 0, 0, 0, 0, 0, 0, 0, 0, 1//192, 0, 0, 0, -1//192, 0],
	[21, 13, 11, 19, 5, 1, 1, 13, 1, 1] => QQFieldElem[-3//256, 0, 0, 0, 3//256, 0, 0, 0, 0, 0, 0, 0, 0, 0, 0, 0],
	[21, 13, 11, 19, 3, 1, 1, 15, 1, 1] => QQFieldElem[0, 0, 0, 0, 0, 0, 0, 0, 0, 0, 0, 0, 2//3, 0, 0, 0],
	[21, 13, 11, 19, 20, 2, 1, 16, 1, 1] => QQFieldElem[0, 1//8, 0, 0, 0, 0, 0, 1//8, 0, 0, 0, 0, 0, 0, 0, 0],
	[21, 13, 11, 19, 3, 1, 1, 12, 1, 1] => QQFieldElem[0, 0, 0, 0, -1//72, 0, 0, 0, 1//72, 0, 0, 0, 0, 0, 0, 0],
	[21, 13, 11, 19, 14, 2, 1, 10, 1, 1] => QQFieldElem[1//192, 0, 0, 0, 0, 0, 0, 0, 1//192, 0, 0, 0, 0, 0, 0, 0],
	[21, 13, 11, 19, 20, 1, 1, 10, 1, 1] => QQFieldElem[1//192, 0, 0, 0, 0, 0, 0, 0, -1//384, 0, 0, 0, 0, 0, 0, 0],
	[21, 13, 11, 19, 19, 1, 1, 15, 1, 1] => QQFieldElem[0, 0, 0, 0, 0, 0, 0, 1//4, 0, 1//4, 0, 0, 0, 0, 0, -1//4])