Dict(
	[21, 10, 12, 21, 2, 1, 1, 10, 1, 1] => QQFieldElem[-3//2048, 0, 0, 0, 0, 0, 0, 0, 0, 0, 0, 0, 0, 0, 0, 0],
	[21, 10, 12, 21, 2, 1, 1, 18, 1, 1] => QQFieldElem[-1//4, 0, 0, 0, 0, 0, 0, 0, 0, 0, 0, 0, 1//4, 0, 0, 0],
	[21, 10, 12, 21, 21, 1, 1, 11, 1, 1] => QQFieldElem[3//1024, 0, 0, 0, 0, 0, 0, 0, 0, 0, 0, 0, 0, 0, 0, 0],
	[21, 10, 12, 21, 2, 1, 1, 17, 1, 1] => QQFieldElem[1//4, 0, 0, 0, 0, 0, 0, 0, 0, 0, 0, 0, 1//4, 0, 0, 0],
	[21, 10, 12, 21, 14, 1, 1, 11, 1, 1] => QQFieldElem[1//128, 0, 0, 0, 0, 0, 0, 0, 0, 0, 0, 0, 0, 0, 0, 0],
	[21, 10, 12, 21, 5, 1, 1, 10, 1, 1] => QQFieldElem[-9//8192, 0, 0, 0, 0, 0, 0, 0, 0, 0, 0, 0, 0, 0, 0, 0],
	[21, 10, 12, 21, 21, 2, 1, 15, 1, 1] => QQFieldElem[0, 0, 0, 0, 0, 0, 0, 0, 0, 0, 0, -3//16, 0, -3//16, 0, 0],
	[21, 10, 12, 21, 21, 2, 1, 12, 1, 1] => QQFieldElem[0, 0, 0, 0, 0, 0, 1//512, 0, 0, 0, 1//512, 0, 0, 0, 0, 0],
	[21, 10, 12, 21, 5, 1, 1, 18, 1, 1] => QQFieldElem[-3//16, 0, 0, 0, 0, 0, 0, 0, 0, 0, 0, 0, -3//16, 0, 0, 0],
	[21, 10, 12, 21, 14, 2, 1, 15, 1, 1] => QQFieldElem[0, 0, 0, 0, 0, 0, 0, 0, 0, 0, 0, 0, -3//8, 0, 0, 0],
	[21, 10, 12, 21, 20, 1, 1, 15, 1, 1] => QQFieldElem[0, 0, 0, 0, 0, 0, 0, 0, 0, 0, 0, 3//16, 0, 3//16, 0, 0],
	[21, 10, 12, 21, 5, 1, 1, 17, 1, 1] => QQFieldElem[3//16, 0, 0, 0, 0, 0, 0, 0, 0, 0, 0, 0, -3//16, 0, 0, 0],
	[21, 10, 12, 21, 14, 2, 1, 12, 1, 1] => QQFieldElem[0, 0, 0, 0, 0, 0, 0, 0, -1//256, 0, 0, 0, -1//256, 0, 0, 0],
	[21, 10, 12, 21, 21, 2, 1, 16, 1, 1] => QQFieldElem[0, 0, 0, -3//16, 0, 3//16, 0, 0, 0, 0, 0, 3//16, 0, 0, 0, 0],
	[21, 10, 12, 21, 20, 1, 1, 12, 1, 1] => QQFieldElem[0, 0, 0, 0, 0, 0, 1//512, 0, 0, 0, 1//512, 0, 0, 0, 0, 0],
	[21, 10, 12, 21, 21, 1, 1, 10, 1, 1] => QQFieldElem[9//16384, 0, 0, 0, 0, 0, 0, 0, 0, 0, 0, 0, 0, 0, 0, 0],
	[21, 10, 12, 21, 19, 1, 1, 11, 1, 1] => QQFieldElem[3//1024, 0, 0, 0, 0, 0, 0, 0, 0, 0, 0, 0, 0, 0, 0, 0],
	[21, 10, 12, 21, 14, 2, 1, 16, 1, 1] => QQFieldElem[0, 0, 0, 0, 0, 0, 0, 0, 0, 0, 0, 0, -3//8, 0, 0, 0],
	[21, 10, 12, 21, 20, 1, 1, 16, 1, 1] => QQFieldElem[0, 0, 0, 3//16, 0, -3//16, 0, 0, 0, 0, 0, -3//16, 0, 0, 0, 0],
	[21, 10, 12, 21, 14, 1, 1, 10, 1, 1] => QQFieldElem[-3//2048, 0, 0, 0, 0, 0, 0, 0, 0, 0, 0, 0, 0, 0, 0, 0],
	[21, 10, 12, 21, 21, 1, 1, 18, 1, 1] => QQFieldElem[0, 0, 0, 0, 0, 0, 0, 0, 0, -3//32, 0, 0, 0, 0, 0, -3//32],
	[21, 10, 12, 21, 21, 1, 1, 17, 1, 1] => QQFieldElem[0, 0, 0, 0, 0, 0, 0, 0, 0, -3//32, 0, 0, 0, 0, 0, -3//32],
	[21, 10, 12, 21, 14, 1, 1, 18, 1, 1] => QQFieldElem[1//4, 0, 0, 0, 0, 0, 0, 0, 0, 0, 0, 0, 1//4, 0, 0, 0],
	[21, 10, 12, 21, 14, 1, 1, 17, 1, 1] => QQFieldElem[-1//4, 0, 0, 0, 0, 0, 0, 0, 0, 0, 0, 0, 1//4, 0, 0, 0],
	[21, 10, 12, 21, 21, 2, 1, 13, 1, 1] => QQFieldElem[0, 0, -9//4096, 0, 0, 0, 0, 0, 0, 0, 9//4096, 0, 0, 0, 9//4096, 0],
	[21, 10, 12, 21, 14, 2, 1, 13, 1, 1] => QQFieldElem[9//2048, 0, 0, 0, 0, 0, 0, 0, -9//2048, 0, 0, 0, -9//2048, 0, 0, 0],
	[21, 10, 12, 21, 20, 1, 1, 13, 1, 1] => QQFieldElem[0, 0, -9//4096, 0, 0, 0, 0, 0, 0, 0, 9//4096, 0, 0, 0, 9//4096, 0],
	[21, 10, 12, 21, 19, 1, 1, 10, 1, 1] => QQFieldElem[9//16384, 0, 0, 0, 0, 0, 0, 0, 0, 0, 0, 0, 0, 0, 0, 0],
	[21, 10, 12, 21, 2, 1, 1, 15, 1, 1] => QQFieldElem[0, 0, 0, 0, 0, 0, 0, 0, 0, 0, 0, 0, 1//2, 0, 0, 0],
	[21, 10, 12, 21, 19, 1, 1, 18, 1, 1] => QQFieldElem[0, 0, 0, 0, 0, 0, 0, 0, 0, 3//32, 0, 0, 0, 0, 0, 3//32],
	[21, 10, 12, 21, 2, 1, 1, 12, 1, 1] => QQFieldElem[0, 0, 0, 0, 0, 0, 0, 0, -1//192, 0, 0, 0, -1//192, 0, 0, 0],
	[21, 10, 12, 21, 19, 1, 1, 17, 1, 1] => QQFieldElem[0, 0, 0, 0, 0, 0, 0, 0, 0, 3//32, 0, 0, 0, 0, 0, 3//32],
	[21, 10, 12, 21, 2, 1, 1, 16, 1, 1] => QQFieldElem[0, 0, 0, 0, 0, 0, 0, 0, 0, 0, 0, 0, 1//2, 0, 0, 0],
	[21, 10, 12, 21, 5, 1, 1, 15, 1, 1] => QQFieldElem[0, 0, 0, 0, 0, 0, 0, 0, 0, 0, 0, 0, -3//8, 0, 0, 0],
	[21, 10, 12, 21, 5, 1, 1, 12, 1, 1] => QQFieldElem[0, 0, 0, 0, 0, 0, 0, 0, 1//256, 0, 0, 0, 1//256, 0, 0, 0],
	[21, 10, 12, 21, 21, 2, 1, 11, 1, 1] => QQFieldElem[3//1024, 0, 0, 0, 0, 0, 0, 0, 0, 0, 0, 0, 0, 0, 0, 0],
	[21, 10, 12, 21, 5, 1, 1, 16, 1, 1] => QQFieldElem[0, 0, 0, 0, 0, 0, 0, 0, 0, 0, 0, 0, -3//8, 0, 0, 0],
	[21, 10, 12, 21, 21, 1, 1, 15, 1, 1] => QQFieldElem[0, 3//16, 0, 0, 0, 0, 0, -3//16, 0, 0, 0, 0, 0, 0, 0, 3//16],
	[21, 10, 12, 21, 14, 2, 1, 11, 1, 1] => QQFieldElem[3//512, 0, 0, 0, 0, 0, 0, 0, 0, 0, 0, 0, 0, 0, 0, 0],
	[21, 10, 12, 21, 20, 1, 1, 11, 1, 1] => QQFieldElem[3//1024, 0, 0, 0, 0, 0, 0, 0, 0, 0, 0, 0, 0, 0, 0, 0],
	[21, 10, 12, 21, 2, 1, 1, 13, 1, 1] => QQFieldElem[3//512, 0, 0, 0, 0, 0, 0, 0, -3//512, 0, 0, 0, -3//512, 0, 0, 0],
	[21, 10, 12, 21, 21, 1, 1, 12, 1, 1] => QQFieldElem[0, 0, 0, 0, 0, 0, -1//512, 0, 0, 0, -1//512, 0, 0, 0, 0, 0],
	[21, 10, 12, 21, 14, 1, 1, 15, 1, 1] => QQFieldElem[0, 0, 0, 0, 0, 0, 0, 0, 0, 0, 0, 0, 1//2, 0, 0, 0],
	[21, 10, 12, 21, 14, 1, 1, 12, 1, 1] => QQFieldElem[0, 0, 0, 0, 0, 0, 0, 0, 1//192, 0, 0, 0, 1//192, 0, 0, 0],
	[21, 10, 12, 21, 21, 1, 1, 16, 1, 1] => QQFieldElem[0, -3//16, 0, 0, 0, 0, 0, 3//16, 0, 3//16, 0, 0, 0, 0, 0, 0],
	[21, 10, 12, 21, 14, 1, 1, 16, 1, 1] => QQFieldElem[0, 0, 0, 0, 0, 0, 0, 0, 0, 0, 0, 0, 1//2, 0, 0, 0],
	[21, 10, 12, 21, 5, 1, 1, 13, 1, 1] => QQFieldElem[-9//2048, 0, 0, 0, 0, 0, 0, 0, 9//2048, 0, 0, 0, 9//2048, 0, 0, 0],
	[21, 10, 12, 21, 21, 2, 1, 10, 1, 1] => QQFieldElem[9//16384, 0, 0, 0, 0, 0, 0, 0, 0, 0, 0, 0, 0, 0, 0, 0],
	[21, 10, 12, 21, 14, 2, 1, 10, 1, 1] => QQFieldElem[-9//8192, 0, 0, 0, 0, 0, 0, 0, 0, 0, 0, 0, 0, 0, 0, 0],
	[21, 10, 12, 21, 21, 2, 1, 18, 1, 1] => QQFieldElem[0, 0, 0, 3//32, 0, -3//32, 0, 0, 0, 0, 0, 0, 0, 3//32, 0, 0],
	[21, 10, 12, 21, 20, 1, 1, 10, 1, 1] => QQFieldElem[9//16384, 0, 0, 0, 0, 0, 0, 0, 0, 0, 0, 0, 0, 0, 0, 0],
	[21, 10, 12, 21, 19, 1, 1, 15, 1, 1] => QQFieldElem[0, -3//16, 0, 0, 0, 0, 0, 3//16, 0, 0, 0, 0, 0, 0, 0, -3//16],
	[21, 10, 12, 21, 21, 2, 1, 17, 1, 1] => QQFieldElem[0, 0, 0, 3//32, 0, -3//32, 0, 0, 0, 0, 0, 0, 0, 3//32, 0, 0],
	[21, 10, 12, 21, 14, 2, 1, 18, 1, 1] => QQFieldElem[3//16, 0, 0, 0, 0, 0, 0, 0, 0, 0, 0, 0, -3//16, 0, 0, 0],
	[21, 10, 12, 21, 19, 1, 1, 12, 1, 1] => QQFieldElem[0, 0, 0, 0, 0, 0, -1//512, 0, 0, 0, -1//512, 0, 0, 0, 0, 0],
	[21, 10, 12, 21, 20, 1, 1, 18, 1, 1] => QQFieldElem[0, 0, 0, -3//32, 0, 3//32, 0, 0, 0, 0, 0, 0, 0, -3//32, 0, 0],
	[21, 10, 12, 21, 21, 1, 1, 13, 1, 1] => QQFieldElem[0, 0, 9//4096, 0, 0, 0, 0, 0, 0, 0, -9//4096, 0, 0, 0, -9//4096, 0],
	[21, 10, 12, 21, 14, 2, 1, 17, 1, 1] => QQFieldElem[-3//16, 0, 0, 0, 0, 0, 0, 0, 0, 0, 0, 0, -3//16, 0, 0, 0],
	[21, 10, 12, 21, 20, 1, 1, 17, 1, 1] => QQFieldElem[0, 0, 0, -3//32, 0, 3//32, 0, 0, 0, 0, 0, 0, 0, -3//32, 0, 0],
	[21, 10, 12, 21, 19, 1, 1, 16, 1, 1] => QQFieldElem[0, 3//16, 0, 0, 0, 0, 0, -3//16, 0, -3//16, 0, 0, 0, 0, 0, 0],
	[21, 10, 12, 21, 2, 1, 1, 11, 1, 1] => QQFieldElem[1//128, 0, 0, 0, 0, 0, 0, 0, 0, 0, 0, 0, 0, 0, 0, 0],
	[21, 10, 12, 21, 14, 1, 1, 13, 1, 1] => QQFieldElem[-3//512, 0, 0, 0, 0, 0, 0, 0, 3//512, 0, 0, 0, 3//512, 0, 0, 0],
	[21, 10, 12, 21, 5, 1, 1, 11, 1, 1] => QQFieldElem[3//512, 0, 0, 0, 0, 0, 0, 0, 0, 0, 0, 0, 0, 0, 0, 0],
	[21, 10, 12, 21, 19, 1, 1, 13, 1, 1] => QQFieldElem[0, 0, 9//4096, 0, 0, 0, 0, 0, 0, 0, -9//4096, 0, 0, 0, -9//4096, 0])