Dict(
	[3, 20, 14, 19, 21, 1, 1, 19, 1, 2] => QQFieldElem[0, 0, 0, 0, 0, 0, 0, 0, 0, 0, 0, 0, 0, 0, 0, 0],
	[3, 20, 14, 19, 21, 1, 2, 21, 1, 2] => QQFieldElem[-1//2, 0, 0, 0, 1, 0, 0, 0, 0, 0, 0, 0, -1//2, 0, 0, 0],
	[3, 20, 14, 19, 21, 1, 1, 21, 1, 2] => QQFieldElem[9//16, 0, 0, 0, -9//8, 0, 0, 0, -9//8, 0, 0, 0, 9//16, 0, 0, 0],
	[3, 20, 14, 19, 20, 1, 2, 19, 1, 2] => QQFieldElem[0, 0, 0, 0, 0, 0, 0, 0, 0, 0, 0, 0, 0, 0, 0, 0],
	[3, 20, 14, 19, 20, 1, 1, 19, 1, 2] => QQFieldElem[0, 0, 0, 0, 0, 0, 0, 0, 0, 0, 0, 0, 0, 0, 0, 0],
	[3, 20, 14, 19, 20, 1, 2, 21, 1, 2] => QQFieldElem[-4//9, 0, 0, 0, -8//9, 0, 0, 0, 8//9, 0, 0, 0, 4//9, 0, 0, 0],
	[3, 20, 14, 19, 20, 1, 1, 21, 1, 2] => QQFieldElem[-1//2, 0, 0, 0, 1, 0, 0, 0, 0, 0, 0, 0, -1//2, 0, 0, 0],
	[3, 20, 14, 19, 21, 1, 2, 19, 1, 1] => QQFieldElem[-2, 0, 0, 0, 2, 0, 0, 0, 0, 0, 0, 0, -1, 0, 0, 0],
	[3, 20, 14, 19, 21, 1, 1, 19, 1, 1] => QQFieldElem[-9//4, 0, 0, 0, 9//8, 0, 0, 0, 9//8, 0, 0, 0, -9//4, 0, 0, 0],
	[3, 20, 14, 19, 21, 1, 2, 21, 1, 1] => QQFieldElem[0, 0, 0, 0, 0, 0, 0, 0, 0, 0, 0, 0, 0, 0, 0, 0],
	[3, 20, 14, 19, 21, 1, 1, 21, 1, 1] => QQFieldElem[0, 0, 0, 0, 0, 0, 0, 0, 0, 0, 0, 0, 0, 0, 0, 0],
	[3, 20, 14, 19, 20, 1, 2, 19, 1, 1] => QQFieldElem[-8//9, 0, 0, 0, 8//9, 0, 0, 0, -8//9, 0, 0, 0, 8//9, 0, 0, 0],
	[3, 20, 14, 19, 20, 1, 1, 19, 1, 1] => QQFieldElem[-2, 0, 0, 0, 2, 0, 0, 0, 0, 0, 0, 0, -1, 0, 0, 0],
	[3, 20, 14, 19, 20, 1, 2, 21, 1, 1] => QQFieldElem[0, 0, 0, 0, 0, 0, 0, 0, 0, 0, 0, 0, 0, 0, 0, 0],
	[3, 20, 14, 19, 20, 1, 1, 21, 1, 1] => QQFieldElem[0, 0, 0, 0, 0, 0, 0, 0, 0, 0, 0, 0, 0, 0, 0, 0],
	[3, 20, 14, 19, 21, 1, 2, 19, 1, 2] => QQFieldElem[0, 0, 0, 0, 0, 0, 0, 0, 0, 0, 0, 0, 0, 0, 0, 0])