Dict(
	[3, 20, 19, 14, 14, 2, 2, 21, 1, 2] => QQFieldElem[-1//4, 0, 0, 0, 0, 0, 0, 0, 0, 0, 0, 0, 0, 0, 0, 0],
	[3, 20, 19, 14, 14, 2, 1, 21, 1, 2] => QQFieldElem[-1//4, 0, 0, 0, 0, 0, 0, 0, 0, 0, 0, 0, 0, 0, 0, 0],
	[3, 20, 19, 14, 14, 1, 2, 19, 1, 1] => QQFieldElem[-1//12, 0, 0, 0, -1//6, 0, 0, 0, 1//6, 0, 0, 0, 1//12, 0, 0, 0],
	[3, 20, 19, 14, 14, 1, 1, 19, 1, 1] => QQFieldElem[-1//6, 0, 0, 0, -1//12, 0, 0, 0, 1//12, 0, 0, 0, 1//6, 0, 0, 0],
	[3, 20, 19, 14, 14, 1, 2, 21, 1, 1] => QQFieldElem[-1//12, 0, 0, 0, 1//6, 0, 0, 0, 1//6, 0, 0, 0, -1//12, 0, 0, 0],
	[3, 20, 19, 14, 14, 2, 2, 19, 1, 1] => QQFieldElem[1//12, 0, 0, 0, -1//6, 0, 0, 0, -1//6, 0, 0, 0, 1//12, 0, 0, 0],
	[3, 20, 19, 14, 14, 1, 1, 21, 1, 1] => QQFieldElem[-1//6, 0, 0, 0, 1//12, 0, 0, 0, 1//12, 0, 0, 0, -1//6, 0, 0, 0],
	[3, 20, 19, 14, 14, 2, 1, 19, 1, 1] => QQFieldElem[1//6, 0, 0, 0, -1//12, 0, 0, 0, -1//12, 0, 0, 0, 1//6, 0, 0, 0],
	[3, 20, 19, 14, 14, 2, 2, 21, 1, 1] => QQFieldElem[1//12, 0, 0, 0, 1//6, 0, 0, 0, -1//6, 0, 0, 0, -1//12, 0, 0, 0],
	[3, 20, 19, 14, 14, 2, 1, 21, 1, 1] => QQFieldElem[1//6, 0, 0, 0, 1//12, 0, 0, 0, -1//12, 0, 0, 0, -1//6, 0, 0, 0],
	[3, 20, 19, 14, 14, 1, 2, 19, 1, 2] => QQFieldElem[-1//4, 0, 0, 0, 0, 0, 0, 0, 0, 0, 0, 0, 0, 0, 0, 0],
	[3, 20, 19, 14, 14, 1, 1, 19, 1, 2] => QQFieldElem[-1//4, 0, 0, 0, 0, 0, 0, 0, 0, 0, 0, 0, 0, 0, 0, 0],
	[3, 20, 19, 14, 14, 1, 2, 21, 1, 2] => QQFieldElem[-1//4, 0, 0, 0, 0, 0, 0, 0, 1//2, 0, 0, 0, 0, 0, 0, 0],
	[3, 20, 19, 14, 14, 1, 1, 21, 1, 2] => QQFieldElem[1//4, 0, 0, 0, 0, 0, 0, 0, -1//2, 0, 0, 0, 0, 0, 0, 0],
	[3, 20, 19, 14, 14, 2, 2, 19, 1, 2] => QQFieldElem[-1//4, 0, 0, 0, 0, 0, 0, 0, 1//2, 0, 0, 0, 0, 0, 0, 0],
	[3, 20, 19, 14, 14, 2, 1, 19, 1, 2] => QQFieldElem[1//4, 0, 0, 0, 0, 0, 0, 0, -1//2, 0, 0, 0, 0, 0, 0, 0])