Dict(
	[3, 14, 14, 3, 1, 1, 1, 14, 1, 2] => QQFieldElem[-27//4096, 0, 0, 0, 0, 0, 0, 0, 0, 0, 0, 0, 0, 0, 0, 0],
	[3, 14, 14, 3, 3, 1, 2, 14, 1, 2] => QQFieldElem[0, 0, 0, 0, 0, 0, 0, 0, 0, 0, 0, 0, 0, 0, 0, 0],
	[3, 14, 14, 3, 3, 1, 1, 14, 1, 2] => QQFieldElem[0, 0, 0, 0, 0, 0, 0, 0, 0, 0, 0, 0, 81//512, 0, 0, 0],
	[3, 14, 14, 3, 2, 1, 1, 14, 1, 1] => QQFieldElem[0, 0, 0, 0, 0, 0, 0, 0, 0, 0, 0, 0, -81//4096, 0, 0, 0],
	[3, 14, 14, 3, 1, 1, 1, 14, 2, 2] => QQFieldElem[0, 0, 0, 0, 0, 0, 0, 0, 0, 0, 0, 0, 0, 0, 0, 0],
	[3, 14, 14, 3, 3, 1, 2, 14, 2, 2] => QQFieldElem[9//128, 0, 0, 0, 0, 0, 0, 0, 0, 0, 0, 0, 0, 0, 0, 0],
	[3, 14, 14, 3, 3, 1, 1, 14, 2, 2] => QQFieldElem[0, 0, 0, 0, 0, 0, 0, 0, 0, 0, 0, 0, 0, 0, 0, 0],
	[3, 14, 14, 3, 2, 1, 1, 14, 2, 1] => QQFieldElem[0, 0, 0, 0, 0, 0, 0, 0, 0, 0, 0, 0, 0, 0, 0, 0],
	[3, 14, 14, 3, 1, 1, 1, 14, 1, 1] => QQFieldElem[0, 0, 0, 0, 0, 0, 0, 0, 0, 0, 0, 0, 0, 0, 0, 0],
	[3, 14, 14, 3, 3, 1, 2, 14, 1, 1] => QQFieldElem[-3//32, 0, 0, 0, 0, 0, 0, 0, 0, 0, 0, 0, 0, 0, 0, 0],
	[3, 14, 14, 3, 3, 1, 1, 14, 1, 1] => QQFieldElem[0, 0, 0, 0, 0, 0, 0, 0, 0, 0, 0, 0, 0, 0, 0, 0],
	[3, 14, 14, 3, 1, 1, 1, 14, 2, 1] => QQFieldElem[9//1024, 0, 0, 0, 0, 0, 0, 0, 0, 0, 0, 0, 0, 0, 0, 0],
	[3, 14, 14, 3, 3, 1, 2, 14, 2, 1] => QQFieldElem[0, 0, 0, 0, 0, 0, 0, 0, 0, 0, 0, 0, 0, 0, 0, 0],
	[3, 14, 14, 3, 3, 1, 1, 14, 2, 1] => QQFieldElem[-9//128, 0, 0, 0, 0, 0, 0, 0, 0, 0, 0, 0, 0, 0, 0, 0],
	[3, 14, 14, 3, 2, 1, 1, 14, 1, 2] => QQFieldElem[0, 0, 0, 0, 0, 0, 0, 0, 0, 0, 0, 0, 0, 0, 0, 0],
	[3, 14, 14, 3, 2, 1, 1, 14, 2, 2] => QQFieldElem[9//1024, 0, 0, 0, 0, 0, 0, 0, 0, 0, 0, 0, 0, 0, 0, 0])