Dict(
	[4, 5, 14, 14, 8, 1, 1, 3, 1, 2] => QQFieldElem[0, 0, -4096//27, 0, 0, 0, 0, 0, 0, 0, 4096//27, 0, 0, 0, 0, 0],
	[4, 5, 14, 14, 6, 1, 1, 2, 1, 1] => QQFieldElem[0, 0, 1024//9, 0, 0, 0, 0, 0, 0, 0, -1024//9, 0, 0, 0, 0, 0],
	[4, 5, 14, 14, 9, 1, 1, 2, 1, 1] => QQFieldElem[-256//3, 0, 0, 0, 0, 0, 0, 0, 0, 0, 0, 0, 0, 0, 0, 0],
	[4, 5, 14, 14, 7, 1, 1, 4, 1, 1] => QQFieldElem[0, 0, 64//9, 0, 0, 0, 0, 0, 0, 0, -64//9, 0, 0, 0, 0, 0],
	[4, 5, 14, 14, 7, 1, 1, 5, 1, 1] => QQFieldElem[64//9, 0, 0, 0, 0, 0, 0, 0, 0, 0, 0, 0, 0, 0, 0, 0],
	[4, 5, 14, 14, 8, 1, 1, 4, 1, 1] => QQFieldElem[-64//9, 0, 0, 0, 0, 0, 0, 0, 0, 0, 0, 0, 0, 0, 0, 0],
	[4, 5, 14, 14, 14, 1, 1, 3, 1, 2] => QQFieldElem[0, 0, 128//9, 0, 0, 0, 0, 0, 0, 0, -128//9, 0, 0, 0, 0, 0],
	[4, 5, 14, 14, 7, 1, 1, 3, 1, 1] => QQFieldElem[-16//3, 0, 0, 0, 0, 0, 0, 0, 0, 0, 0, 0, 0, 0, 0, 0],
	[4, 5, 14, 14, 8, 1, 1, 5, 1, 1] => QQFieldElem[0, 0, 0, 0, 0, 0, 0, 0, 0, 0, 0, 0, 0, 0, 0, 0],
	[4, 5, 14, 14, 8, 1, 1, 3, 1, 1] => QQFieldElem[0, 0, -32//3, 0, 0, 0, 0, 0, 0, 0, 32//3, 0, 0, 0, 0, 0],
	[4, 5, 14, 14, 6, 1, 1, 3, 1, 2] => QQFieldElem[0, 0, -16//3, 0, 0, 0, 0, 0, 0, 0, 16//3, 0, 0, 0, 0, 0],
	[4, 5, 14, 14, 9, 1, 1, 3, 1, 2] => QQFieldElem[-64//9, 0, 0, 0, 0, 0, 0, 0, 0, 0, 0, 0, 0, 0, 0, 0],
	[4, 5, 14, 14, 14, 1, 1, 4, 1, 1] => QQFieldElem[0, 0, -128//9, 0, 0, 0, 0, 0, 0, 0, 128//9, 0, 0, 0, 0, 0],
	[4, 5, 14, 14, 7, 1, 1, 2, 1, 1] => QQFieldElem[0, 0, 16//3, 0, 0, 0, 0, 0, 0, 0, -16//3, 0, 0, 0, 0, 0],
	[4, 5, 14, 14, 14, 1, 1, 5, 1, 1] => QQFieldElem[0, 0, 0, 0, 0, 0, 0, 0, 0, 0, 0, 0, 0, 0, 0, 0],
	[4, 5, 14, 14, 8, 1, 1, 2, 1, 1] => QQFieldElem[-16//3, 0, 0, 0, 0, 0, 0, 0, 0, 0, 0, 0, 0, 0, 0, 0],
	[4, 5, 14, 14, 9, 1, 1, 4, 1, 1] => QQFieldElem[1024//9, 0, 0, 0, 0, 0, 0, 0, 0, 0, 0, 0, 0, 0, 0, 0],
	[4, 5, 14, 14, 14, 1, 1, 3, 1, 1] => QQFieldElem[1024//9, 0, 0, 0, 0, 0, 0, 0, 0, 0, 0, 0, 0, 0, 0, 0],
	[4, 5, 14, 14, 6, 1, 1, 4, 1, 1] => QQFieldElem[0, 0, 4096//27, 0, 0, 0, 0, 0, 0, 0, -4096//27, 0, 0, 0, 0, 0],
	[4, 5, 14, 14, 6, 1, 1, 5, 1, 1] => QQFieldElem[-2048//27, 0, 0, 0, 0, 0, 0, 0, 0, 0, 0, 0, 0, 0, 0, 0],
	[4, 5, 14, 14, 9, 1, 1, 5, 1, 1] => QQFieldElem[0, 0, 0, 0, 0, 0, 0, 0, 0, 0, 0, 0, 0, 0, 0, 0],
	[4, 5, 14, 14, 6, 1, 1, 3, 1, 1] => QQFieldElem[0, 0, -1024//9, 0, 0, 0, 0, 0, 0, 0, 1024//9, 0, 0, 0, 0, 0],
	[4, 5, 14, 14, 9, 1, 1, 3, 1, 1] => QQFieldElem[0, 0, -64//9, 0, 0, 0, 0, 0, 0, 0, 64//9, 0, 0, 0, 0, 0],
	[4, 5, 14, 14, 7, 1, 1, 3, 1, 2] => QQFieldElem[-256//3, 0, 0, 0, 0, 0, 0, 0, 0, 0, 0, 0, 0, 0, 0, 0],
	[4, 5, 14, 14, 14, 1, 1, 2, 1, 1] => QQFieldElem[0, 0, 32//3, 0, 0, 0, 0, 0, 0, 0, -32//3, 0, 0, 0, 0, 0])