Dict(
	[4, 20, 14, 21, 20, 1, 2, 20, 1, 1] => QQFieldElem[-8//27, 0, 0, 0, 8//27, 0, 0, 0, -8//27, 0, 0, 0, 8//27, 0, 0, 0],
	[4, 20, 14, 21, 19, 1, 2, 20, 1, 2] => QQFieldElem[128//189, 0, 0, 0, -128//189, 0, 0, 0, -160//189, 0, 0, 0, 160//189, 0, 0, 0],
	[4, 20, 14, 21, 21, 1, 2, 19, 1, 2] => QQFieldElem[-10//21, 0, 0, 0, 0, 0, 0, 0, -2//7, 0, 0, 0, 0, 0, 0, 0],
	[4, 20, 14, 21, 21, 1, 1, 19, 1, 2] => QQFieldElem[0, 0, 0, 0, 0, 0, 0, 0, 0, 0, 0, 0, 0, 0, 0, 0],
	[4, 20, 14, 21, 20, 1, 1, 20, 1, 1] => QQFieldElem[-1//3, 0, 0, 0, 2//3, 0, 0, 0, 0, 0, 0, 0, -1//3, 0, 0, 0],
	[4, 20, 14, 21, 19, 1, 1, 20, 1, 2] => QQFieldElem[8//21, 0, 0, 0, 4//21, 0, 0, 0, -8//7, 0, 0, 0, 16//21, 0, 0, 0],
	[4, 20, 14, 21, 21, 1, 2, 21, 1, 2] => QQFieldElem[-1//3, 0, 0, 0, -1//6, 0, 0, 0, 1//2, 0, 0, 0, 5//6, 0, 0, 0],
	[4, 20, 14, 21, 19, 1, 2, 19, 1, 1] => QQFieldElem[-16//27, 0, 0, 0, -8//27, 0, 0, 0, 8//27, 0, 0, 0, 16//27, 0, 0, 0],
	[4, 20, 14, 21, 21, 1, 1, 21, 1, 2] => QQFieldElem[3//4, 0, 0, 0, 3//16, 0, 0, 0, 3//16, 0, 0, 0, -15//16, 0, 0, 0],
	[4, 20, 14, 21, 19, 1, 1, 19, 1, 1] => QQFieldElem[-1//3, 0, 0, 0, -2//3, 0, 0, 0, 0, 0, 0, 0, 1//3, 0, 0, 0],
	[4, 20, 14, 21, 19, 1, 2, 21, 1, 1] => QQFieldElem[-20//27, 0, 0, 0, -4//27, 0, 0, 0, 4//27, 0, 0, 0, -16//27, 0, 0, 0],
	[4, 20, 14, 21, 19, 1, 1, 21, 1, 1] => QQFieldElem[1//6, 0, 0, 0, 1//6, 0, 0, 0, -1//2, 0, 0, 0, 2//3, 0, 0, 0],
	[4, 20, 14, 21, 20, 1, 2, 19, 1, 2] => QQFieldElem[-1//3, 0, 0, 0, -2//3, 0, 0, 0, 0, 0, 0, 0, 1//3, 0, 0, 0],
	[4, 20, 14, 21, 20, 1, 1, 19, 1, 2] => QQFieldElem[-3//8, 0, 0, 0, -3//8, 0, 0, 0, -3//8, 0, 0, 0, -3//8, 0, 0, 0],
	[4, 20, 14, 21, 21, 1, 2, 20, 1, 2] => QQFieldElem[-1//3, 0, 0, 0, 2//3, 0, 0, 0, 0, 0, 0, 0, -1//3, 0, 0, 0],
	[4, 20, 14, 21, 20, 1, 2, 21, 1, 2] => QQFieldElem[1//6, 0, 0, 0, 1//6, 0, 0, 0, -1//2, 0, 0, 0, 2//3, 0, 0, 0],
	[4, 20, 14, 21, 21, 1, 1, 20, 1, 2] => QQFieldElem[-3//4, 0, 0, 0, 3//8, 0, 0, 0, 3//8, 0, 0, 0, -3//4, 0, 0, 0],
	[4, 20, 14, 21, 20, 1, 1, 21, 1, 2] => QQFieldElem[15//16, 0, 0, 0, -3//16, 0, 0, 0, -3//16, 0, 0, 0, -3//4, 0, 0, 0],
	[4, 20, 14, 21, 21, 1, 2, 19, 1, 1] => QQFieldElem[-16//21, 0, 0, 0, -4//21, 0, 0, 0, 8//7, 0, 0, 0, 20//21, 0, 0, 0],
	[4, 20, 14, 21, 19, 1, 2, 20, 1, 1] => QQFieldElem[0, 0, 0, 0, 0, 0, 0, 0, 0, 0, 0, 0, 0, 0, 0, 0],
	[4, 20, 14, 21, 19, 1, 1, 20, 1, 1] => QQFieldElem[-16//21, 0, 0, 0, 0, 0, 0, 0, 2//7, 0, 0, 0, 0, 0, 0, 0],
	[4, 20, 14, 21, 21, 1, 1, 19, 1, 1] => QQFieldElem[-15//14, 0, 0, 0, -15//14, 0, 0, 0, 6//7, 0, 0, 0, 6//7, 0, 0, 0],
	[4, 20, 14, 21, 21, 1, 2, 21, 1, 1] => QQFieldElem[-1//3, 0, 0, 0, 0, 0, 0, 0, 0, 0, 0, 0, 0, 0, 0, 0],
	[4, 20, 14, 21, 21, 1, 1, 21, 1, 1] => QQFieldElem[0, 0, 0, 0, 0, 0, 0, 0, 0, 0, 0, 0, 0, 0, 0, 0],
	[4, 20, 14, 21, 20, 1, 2, 20, 1, 2] => QQFieldElem[-16//21, 0, 0, 0, 0, 0, 0, 0, 2//7, 0, 0, 0, 0, 0, 0, 0],
	[4, 20, 14, 21, 20, 1, 1, 20, 1, 2] => QQFieldElem[0, 0, 0, 0, 0, 0, 0, 0, 0, 0, 0, 0, 0, 0, 0, 0],
	[4, 20, 14, 21, 20, 1, 2, 19, 1, 1] => QQFieldElem[0, 0, 0, 0, 0, 0, 0, 0, 0, 0, 0, 0, 0, 0, 0, 0],
	[4, 20, 14, 21, 19, 1, 2, 19, 1, 2] => QQFieldElem[-32//189, 0, 0, 0, 128//189, 0, 0, 0, 160//189, 0, 0, 0, 32//189, 0, 0, 0],
	[4, 20, 14, 21, 20, 1, 1, 19, 1, 1] => QQFieldElem[-10//21, 0, 0, 0, 0, 0, 0, 0, -2//7, 0, 0, 0, 0, 0, 0, 0],
	[4, 20, 14, 21, 20, 1, 2, 21, 1, 1] => QQFieldElem[-16//27, 0, 0, 0, 4//27, 0, 0, 0, -4//27, 0, 0, 0, -20//27, 0, 0, 0],
	[4, 20, 14, 21, 19, 1, 1, 19, 1, 2] => QQFieldElem[-16//21, 0, 0, 0, -4//21, 0, 0, 0, 8//7, 0, 0, 0, 20//21, 0, 0, 0],
	[4, 20, 14, 21, 19, 1, 2, 21, 1, 2] => QQFieldElem[0, 0, 0, 0, 0, 0, 0, 0, 0, 0, 0, 0, 0, 0, 0, 0],
	[4, 20, 14, 21, 21, 1, 1, 20, 1, 1] => QQFieldElem[-3//14, 0, 0, 0, 15//14, 0, 0, 0, -6//7, 0, 0, 0, -3//14, 0, 0, 0],
	[4, 20, 14, 21, 19, 1, 1, 21, 1, 2] => QQFieldElem[-1//3, 0, 0, 0, 0, 0, 0, 0, 0, 0, 0, 0, 0, 0, 0, 0],
	[4, 20, 14, 21, 21, 1, 2, 20, 1, 1] => QQFieldElem[8//21, 0, 0, 0, 4//21, 0, 0, 0, -8//7, 0, 0, 0, 16//21, 0, 0, 0],
	[4, 20, 14, 21, 20, 1, 1, 21, 1, 1] => QQFieldElem[-1//3, 0, 0, 0, -1//6, 0, 0, 0, 1//2, 0, 0, 0, 5//6, 0, 0, 0])