Dict(
	[4, 21, 19, 14, 14, 1, 1, 20, 1, 2] => QQFieldElem[2//3, 0, 0, 0, 0, 0, 0, 0, -2//3, 0, 2//3, 0, -2//3, 0, 2//3, 0],
	[4, 21, 19, 14, 7, 1, 1, 20, 1, 1] => QQFieldElem[-7//6, 0, -4//3, 0, -4//3, 0, -4//3, 0, 0, 0, 1//2, 0, 1//2, 0, 1//2, 0],
	[4, 21, 19, 14, 14, 1, 2, 19, 1, 1] => QQFieldElem[3//16, 0, 1//8, 0, -1//8, 0, 1//8, 0, -1//8, 0, 1//16, 0, -1//16, 0, 1//16, 0],
	[4, 21, 19, 14, 14, 1, 1, 19, 1, 1] => QQFieldElem[-5//16, 0, 0, 0, 0, 0, 0, 0, 1//2, 0, -7//16, 0, 7//16, 0, -7//16, 0],
	[4, 21, 19, 14, 14, 1, 2, 21, 1, 1] => QQFieldElem[-1//12, 0, 0, 0, 0, 0, 0, 0, -1//3, 0, 0, 0, 0, 0, 0, 0],
	[4, 21, 19, 14, 14, 1, 1, 21, 1, 1] => QQFieldElem[-1//4, 0, 0, 0, 0, 0, 0, 0, 1//6, 0, 0, 0, 0, 0, 0, 0],
	[4, 21, 19, 14, 8, 1, 1, 20, 1, 1] => QQFieldElem[2//3, 0, 0, 0, 0, 0, 0, 0, -2//3, 0, -2//3, 0, -2//3, 0, -2//3, 0],
	[4, 21, 19, 14, 6, 1, 1, 20, 1, 2] => QQFieldElem[2//3, 0, 1//3, 0, 1//3, 0, 1//3, 0, -1, 0, -1//2, 0, -1//2, 0, -1//2, 0],
	[4, 21, 19, 14, 9, 1, 1, 20, 1, 2] => QQFieldElem[2//3, 0, -1//3, 0, 1//3, 0, -1//3, 0, -1, 0, 1//2, 0, -1//2, 0, 1//2, 0],
	[4, 21, 19, 14, 6, 1, 1, 19, 1, 1] => QQFieldElem[-1//4, 0, 0, 0, 0, 0, 0, 0, 3//8, 0, 7//16, 0, 7//16, 0, 7//16, 0],
	[4, 21, 19, 14, 9, 1, 1, 19, 1, 1] => QQFieldElem[-1//4, 0, 0, 0, 0, 0, 0, 0, 3//8, 0, -7//16, 0, 7//16, 0, -7//16, 0],
	[4, 21, 19, 14, 7, 1, 1, 19, 1, 2] => QQFieldElem[3//16, 0, -1//8, 0, -1//8, 0, -1//8, 0, -1//8, 0, -1//16, 0, -1//16, 0, -1//16, 0],
	[4, 21, 19, 14, 6, 1, 1, 21, 1, 1] => QQFieldElem[-5//12, 0, 0, 0, 0, 0, 0, 0, 1//3, 0, 0, 0, 0, 0, 0, 0],
	[4, 21, 19, 14, 9, 1, 1, 21, 1, 1] => QQFieldElem[-1//12, 0, 0, 0, 0, 0, 0, 0, -1//6, 0, 0, 0, 0, 0, 0, 0],
	[4, 21, 19, 14, 14, 1, 2, 20, 1, 1] => QQFieldElem[-1//2, 0, 1//3, 0, -1//3, 0, 1//3, 0, 1//3, 0, 1//6, 0, -1//6, 0, 1//6, 0],
	[4, 21, 19, 14, 7, 1, 1, 21, 1, 2] => QQFieldElem[-1//4, 0, 0, 0, 0, 0, 0, 0, 1//6, 0, 0, 0, 0, 0, 0, 0],
	[4, 21, 19, 14, 14, 1, 1, 20, 1, 1] => QQFieldElem[-7//6, 0, 4//3, 0, -4//3, 0, 4//3, 0, 0, 0, -1//2, 0, 1//2, 0, -1//2, 0],
	[4, 21, 19, 14, 8, 1, 1, 19, 1, 2] => QQFieldElem[0, 0, 0, 0, 0, 0, 0, 0, 1//4, 0, 1//4, 0, 1//4, 0, 1//4, 0],
	[4, 21, 19, 14, 8, 1, 1, 21, 1, 2] => QQFieldElem[1//3, 0, 0, 0, 0, 0, 0, 0, 0, 0, 0, 0, 0, 0, 0, 0],
	[4, 21, 19, 14, 6, 1, 1, 20, 1, 1] => QQFieldElem[1, 0, 4//3, 0, 4//3, 0, 4//3, 0, -1//3, 0, -5//6, 0, -5//6, 0, -5//6, 0],
	[4, 21, 19, 14, 9, 1, 1, 20, 1, 1] => QQFieldElem[1, 0, -4//3, 0, 4//3, 0, -4//3, 0, -1//3, 0, 5//6, 0, -5//6, 0, 5//6, 0],
	[4, 21, 19, 14, 7, 1, 1, 20, 1, 2] => QQFieldElem[-1//2, 0, -1//3, 0, -1//3, 0, -1//3, 0, 1//3, 0, -1//6, 0, -1//6, 0, -1//6, 0],
	[4, 21, 19, 14, 14, 1, 2, 19, 1, 2] => QQFieldElem[0, 0, 0, 0, 0, 0, 0, 0, 1//4, 0, -1//4, 0, 1//4, 0, -1//4, 0],
	[4, 21, 19, 14, 14, 1, 1, 19, 1, 2] => QQFieldElem[0, 0, 0, 0, 0, 0, 0, 0, 1//4, 0, -1//4, 0, 1//4, 0, -1//4, 0],
	[4, 21, 19, 14, 7, 1, 1, 19, 1, 1] => QQFieldElem[-5//16, 0, 0, 0, 0, 0, 0, 0, 1//2, 0, 7//16, 0, 7//16, 0, 7//16, 0],
	[4, 21, 19, 14, 14, 1, 2, 21, 1, 2] => QQFieldElem[0, 0, 0, 0, 0, 0, 0, 0, 0, 0, 0, 0, 0, 0, 0, 0],
	[4, 21, 19, 14, 14, 1, 1, 21, 1, 2] => QQFieldElem[1//3, 0, 0, 0, 0, 0, 0, 0, 0, 0, 0, 0, 0, 0, 0, 0],
	[4, 21, 19, 14, 8, 1, 1, 20, 1, 2] => QQFieldElem[-2//3, 0, 0, 0, 0, 0, 0, 0, 2//3, 0, 2//3, 0, 2//3, 0, 2//3, 0],
	[4, 21, 19, 14, 7, 1, 1, 21, 1, 1] => QQFieldElem[-1//12, 0, 0, 0, 0, 0, 0, 0, -1//3, 0, 0, 0, 0, 0, 0, 0],
	[4, 21, 19, 14, 8, 1, 1, 19, 1, 1] => QQFieldElem[0, 0, 0, 0, 0, 0, 0, 0, 1//4, 0, 1//4, 0, 1//4, 0, 1//4, 0],
	[4, 21, 19, 14, 6, 1, 1, 19, 1, 2] => QQFieldElem[3//8, 0, 1//8, 0, 1//8, 0, 1//8, 0, -1//8, 0, -3//16, 0, -3//16, 0, -3//16, 0],
	[4, 21, 19, 14, 9, 1, 1, 19, 1, 2] => QQFieldElem[3//8, 0, -1//8, 0, 1//8, 0, -1//8, 0, -1//8, 0, 3//16, 0, -3//16, 0, 3//16, 0],
	[4, 21, 19, 14, 8, 1, 1, 21, 1, 1] => QQFieldElem[0, 0, 0, 0, 0, 0, 0, 0, 0, 0, 0, 0, 0, 0, 0, 0],
	[4, 21, 19, 14, 6, 1, 1, 21, 1, 2] => QQFieldElem[-1//12, 0, 0, 0, 0, 0, 0, 0, -1//6, 0, 0, 0, 0, 0, 0, 0],
	[4, 21, 19, 14, 9, 1, 1, 21, 1, 2] => QQFieldElem[-5//12, 0, 0, 0, 0, 0, 0, 0, 1//3, 0, 0, 0, 0, 0, 0, 0],
	[4, 21, 19, 14, 14, 1, 2, 20, 1, 2] => QQFieldElem[-2//3, 0, 0, 0, 0, 0, 0, 0, 2//3, 0, -2//3, 0, 2//3, 0, -2//3, 0])