Dict(
	[4, 14, 14, 4, 1, 1, 1, 6, 1, 1] => QQFieldElem[0, 0, 0, 0, 0, 0, -3//2048, 0, 0, 0, 0, 0, 0, 0, 0, 0],
	[4, 14, 14, 4, 3, 1, 2, 6, 1, 1] => QQFieldElem[0, 0, 0, 0, 0, 0, -3//2048, 0, 0, 0, 0, 0, 0, 0, 0, 0],
	[4, 14, 14, 4, 3, 1, 2, 8, 1, 1] => QQFieldElem[9//256, 0, 0, 0, 0, 0, 0, 0, 0, 0, 0, 0, 0, 0, 0, 0],
	[4, 14, 14, 4, 3, 1, 1, 6, 1, 1] => QQFieldElem[0, 0, 0, 0, 0, 0, 3//2048, 0, 0, 0, 0, 0, 0, 0, 0, 0],
	[4, 14, 14, 4, 3, 1, 1, 8, 1, 1] => QQFieldElem[-9//256, 0, 0, 0, 0, 0, 0, 0, 0, 0, 0, 0, 0, 0, 0, 0],
	[4, 14, 14, 4, 1, 1, 1, 8, 1, 1] => QQFieldElem[-9//256, 0, 0, 0, 0, 0, 0, 0, 0, 0, 0, 0, 0, 0, 0, 0],
	[4, 14, 14, 4, 4, 1, 1, 6, 1, 1] => QQFieldElem[0, 0, 0, 0, 0, 0, 3//2048, 0, 0, 0, 0, 0, 0, 0, 0, 0],
	[4, 14, 14, 4, 4, 1, 1, 8, 1, 1] => QQFieldElem[9//256, 0, 0, 0, 0, 0, 0, 0, 0, 0, 0, 0, 0, 0, 0, 0],
	[4, 14, 14, 4, 5, 1, 1, 6, 1, 1] => QQFieldElem[-9//2048, 0, 0, 0, 0, 0, 0, 0, 0, 0, 0, 0, 0, 0, 0, 0],
	[4, 14, 14, 4, 5, 1, 1, 8, 1, 1] => QQFieldElem[0, 0, 0, 0, 0, 0, 0, 0, 0, 0, 0, 0, 0, 0, 0, 0],
	[4, 14, 14, 4, 1, 1, 1, 14, 1, 1] => QQFieldElem[9//4096, 0, 0, 0, 0, 0, 0, 0, 0, 0, 0, 0, 0, 0, 0, 0],
	[4, 14, 14, 4, 3, 1, 2, 14, 1, 1] => QQFieldElem[9//4096, 0, 0, 0, 0, 0, 0, 0, 0, 0, 0, 0, 0, 0, 0, 0],
	[4, 14, 14, 4, 3, 1, 1, 14, 1, 1] => QQFieldElem[9//4096, 0, 0, 0, 0, 0, 0, 0, 0, 0, 0, 0, 0, 0, 0, 0],
	[4, 14, 14, 4, 4, 1, 1, 14, 1, 1] => QQFieldElem[9//4096, 0, 0, 0, 0, 0, 0, 0, 0, 0, 0, 0, 0, 0, 0, 0],
	[4, 14, 14, 4, 1, 1, 1, 7, 1, 1] => QQFieldElem[0, 0, 0, 0, 0, 0, 1//64, 0, 0, 0, 0, 0, 0, 0, 0, 0],
	[4, 14, 14, 4, 3, 1, 2, 7, 1, 1] => QQFieldElem[0, 0, 0, 0, 0, 0, 1//64, 0, 0, 0, 0, 0, 0, 0, 0, 0],
	[4, 14, 14, 4, 5, 1, 1, 14, 1, 1] => QQFieldElem[0, 0, 0, 0, 0, 0, 0, 0, 0, 0, 0, 0, 0, 0, 0, 0],
	[4, 14, 14, 4, 3, 1, 1, 7, 1, 1] => QQFieldElem[0, 0, 0, 0, 0, 0, -1//64, 0, 0, 0, 0, 0, 0, 0, 0, 0],
	[4, 14, 14, 4, 4, 1, 1, 7, 1, 1] => QQFieldElem[0, 0, 0, 0, 0, 0, -1//64, 0, 0, 0, 0, 0, 0, 0, 0, 0],
	[4, 14, 14, 4, 5, 1, 1, 7, 1, 1] => QQFieldElem[-3//32, 0, 0, 0, 0, 0, 0, 0, 0, 0, 0, 0, 0, 0, 0, 0],
	[4, 14, 14, 4, 1, 1, 1, 9, 1, 1] => QQFieldElem[0, 0, 0, 0, 0, 0, 3//128, 0, 0, 0, 0, 0, 0, 0, 0, 0],
	[4, 14, 14, 4, 3, 1, 2, 9, 1, 1] => QQFieldElem[0, 0, 0, 0, 0, 0, -3//128, 0, 0, 0, 0, 0, 0, 0, 0, 0],
	[4, 14, 14, 4, 3, 1, 1, 9, 1, 1] => QQFieldElem[0, 0, 0, 0, 0, 0, -3//128, 0, 0, 0, 0, 0, 0, 0, 0, 0],
	[4, 14, 14, 4, 4, 1, 1, 9, 1, 1] => QQFieldElem[0, 0, 0, 0, 0, 0, 3//128, 0, 0, 0, 0, 0, 0, 0, 0, 0],
	[4, 14, 14, 4, 5, 1, 1, 9, 1, 1] => QQFieldElem[0, 0, 0, 0, 0, 0, 0, 0, 0, 0, 0, 0, 0, 0, 0, 0])