Dict(
	[5, 14, 21, 20, 21, 1, 2, 14, 1, 2] => QQFieldElem[1, 0, 0, 0, -1, 0, 0, 0, -1, 0, 0, 0, 1, 0, 0, 0],
	[5, 14, 21, 20, 21, 1, 1, 14, 1, 2] => QQFieldElem[-1, 0, 0, 0, -1, 0, 0, 0, 1, 0, 0, 0, 1, 0, 0, 0],
	[5, 14, 21, 20, 19, 1, 2, 14, 1, 1] => QQFieldElem[-1//6, 0, -1//6, 0, 0, 0, -1//6, 0, -1//3, 0, 0, 0, 0, 0, -1//6, 0],
	[5, 14, 21, 20, 20, 1, 2, 9, 1, 1] => QQFieldElem[-1//4, 0, 0, 0, 0, 0, -1//4, 0, 0, 0, 0, 0, 0, 0, 0, 0],
	[5, 14, 21, 20, 19, 1, 1, 14, 1, 1] => QQFieldElem[-1//6, 0, 1//6, 0, 0, 0, 1//6, 0, -1//3, 0, 0, 0, 0, 0, 1//6, 0],
	[5, 14, 21, 20, 20, 1, 1, 9, 1, 1] => QQFieldElem[-1//4, 0, 0, 0, 0, 0, 1//4, 0, 0, 0, 0, 0, 0, 0, 0, 0],
	[5, 14, 21, 20, 21, 1, 2, 8, 1, 1] => QQFieldElem[1//2, 0, 0, 0, 0, 0, 0, 0, 0, 0, 0, 0, -1//2, 0, 0, 0],
	[5, 14, 21, 20, 21, 1, 1, 6, 1, 1] => QQFieldElem[0, 0, 0, 0, -1, 0, 0, 0, -1, 0, 0, 0, 0, 0, 0, 0],
	[5, 14, 21, 20, 21, 1, 1, 8, 1, 1] => QQFieldElem[-1//2, 0, 0, 0, 0, 0, 0, 0, 0, 0, 0, 0, -1//2, 0, 0, 0],
	[5, 14, 21, 20, 21, 1, 2, 6, 1, 1] => QQFieldElem[0, 0, 0, 0, -1, 0, 0, 0, 1, 0, 0, 0, 0, 0, 0, 0],
	[5, 14, 21, 20, 19, 1, 2, 7, 1, 1] => QQFieldElem[-1//6, 0, 0, 0, 0, 0, -1//3, 0, 0, 0, -1//6, 0, 0, 0, 1//6, 0],
	[5, 14, 21, 20, 19, 1, 1, 7, 1, 1] => QQFieldElem[-1//6, 0, 0, 0, 0, 0, 1//3, 0, 0, 0, 1//6, 0, 0, 0, -1//6, 0],
	[5, 14, 21, 20, 20, 1, 2, 14, 1, 2] => QQFieldElem[-1//6, 0, 1//6, 0, 0, 0, -1//6, 0, 0, 0, 0, 0, 0, 0, -1//6, 0],
	[5, 14, 21, 20, 20, 1, 1, 14, 1, 2] => QQFieldElem[-1//6, 0, -1//6, 0, 0, 0, 1//6, 0, 0, 0, 0, 0, 0, 0, 1//6, 0],
	[5, 14, 21, 20, 20, 1, 2, 6, 1, 1] => QQFieldElem[1//4, 0, 1//2, 0, 0, 0, 0, 0, 1//2, 0, -1//4, 0, 0, 0, 1//4, 0],
	[5, 14, 21, 20, 20, 1, 2, 8, 1, 1] => QQFieldElem[-1//4, 0, 0, 0, 0, 0, -1//4, 0, 0, 0, 0, 0, 0, 0, 0, 0],
	[5, 14, 21, 20, 20, 1, 1, 6, 1, 1] => QQFieldElem[1//4, 0, -1//2, 0, 0, 0, 0, 0, 1//2, 0, 1//4, 0, 0, 0, -1//4, 0],
	[5, 14, 21, 20, 20, 1, 1, 8, 1, 1] => QQFieldElem[-1//4, 0, 0, 0, 0, 0, 1//4, 0, 0, 0, 0, 0, 0, 0, 0, 0],
	[5, 14, 21, 20, 21, 1, 1, 14, 1, 1] => QQFieldElem[-1//4, 0, 1//4, 0, 0, 0, -1//4, 0, 0, 0, -1//2, 0, 0, 0, 1//4, 0],
	[5, 14, 21, 20, 21, 1, 2, 14, 1, 1] => QQFieldElem[-1//4, 0, -1//4, 0, 0, 0, 1//4, 0, 0, 0, 1//2, 0, 0, 0, -1//4, 0],
	[5, 14, 21, 20, 21, 1, 2, 7, 1, 1] => QQFieldElem[0, 0, 0, 0, 1, 0, 0, 0, 1, 0, 0, 0, 0, 0, 0, 0],
	[5, 14, 21, 20, 19, 1, 2, 9, 1, 1] => QQFieldElem[-1//6, 0, -1//6, 0, 0, 0, 0, 0, 0, 0, 1//6, 0, 0, 0, 0, 0],
	[5, 14, 21, 20, 19, 1, 1, 9, 1, 1] => QQFieldElem[-1//6, 0, 1//6, 0, 0, 0, 0, 0, 0, 0, -1//6, 0, 0, 0, 0, 0],
	[5, 14, 21, 20, 21, 1, 1, 7, 1, 1] => QQFieldElem[0, 0, 0, 0, 1, 0, 0, 0, -1, 0, 0, 0, 0, 0, 0, 0],
	[5, 14, 21, 20, 20, 1, 2, 14, 1, 1] => QQFieldElem[1, 0, 0, 0, 1, 0, 0, 0, -1, 0, 0, 0, -1, 0, 0, 0],
	[5, 14, 21, 20, 20, 1, 1, 14, 1, 1] => QQFieldElem[-1, 0, 0, 0, 1, 0, 0, 0, 1, 0, 0, 0, -1, 0, 0, 0],
	[5, 14, 21, 20, 19, 1, 2, 14, 1, 2] => QQFieldElem[3//4, 0, 1//4, 0, 0, 0, 1//4, 0, -1//2, 0, -1//2, 0, 0, 0, -1//4, 0],
	[5, 14, 21, 20, 19, 1, 1, 14, 1, 2] => QQFieldElem[3//4, 0, -1//4, 0, 0, 0, -1//4, 0, -1//2, 0, 1//2, 0, 0, 0, 1//4, 0],
	[5, 14, 21, 20, 20, 1, 2, 7, 1, 1] => QQFieldElem[-1//4, 0, -1//2, 0, 0, 0, 0, 0, 0, 0, 1//4, 0, 0, 0, 1//4, 0],
	[5, 14, 21, 20, 20, 1, 1, 7, 1, 1] => QQFieldElem[-1//4, 0, 1//2, 0, 0, 0, 0, 0, 0, 0, -1//4, 0, 0, 0, -1//4, 0],
	[5, 14, 21, 20, 19, 1, 2, 6, 1, 1] => QQFieldElem[-1//2, 0, 0, 0, 0, 0, -1//3, 0, 1//3, 0, 1//6, 0, 0, 0, 1//6, 0],
	[5, 14, 21, 20, 19, 1, 2, 8, 1, 1] => QQFieldElem[1//6, 0, 1//6, 0, 0, 0, 0, 0, 0, 0, -1//6, 0, 0, 0, 0, 0],
	[5, 14, 21, 20, 19, 1, 1, 6, 1, 1] => QQFieldElem[-1//2, 0, 0, 0, 0, 0, 1//3, 0, 1//3, 0, -1//6, 0, 0, 0, -1//6, 0],
	[5, 14, 21, 20, 21, 1, 1, 9, 1, 1] => QQFieldElem[-1//2, 0, 0, 0, 0, 0, 0, 0, 0, 0, 0, 0, 1//2, 0, 0, 0],
	[5, 14, 21, 20, 19, 1, 1, 8, 1, 1] => QQFieldElem[1//6, 0, -1//6, 0, 0, 0, 0, 0, 0, 0, 1//6, 0, 0, 0, 0, 0],
	[5, 14, 21, 20, 21, 1, 2, 9, 1, 1] => QQFieldElem[1//2, 0, 0, 0, 0, 0, 0, 0, 0, 0, 0, 0, 1//2, 0, 0, 0])