Dict(
	[6, 19, 20, 14, 4, 1, 1, 19, 1, 1] => QQFieldElem[1//144, 0, -1//144, 0, 0, 0, -1//144, 0, 1//72, 0, 0, 0, 0, 0, -1//144, 0],
	[6, 19, 20, 14, 5, 1, 1, 19, 1, 1] => QQFieldElem[1//144, 0, 1//144, 0, 0, 0, -1//144, 0, 1//72, 0, -1//144, 0, 0, 0, 1//72, 0],
	[6, 19, 20, 14, 4, 1, 1, 21, 1, 1] => QQFieldElem[-1//4, 0, 0, 0, 0, 0, 1//3, 0, 1//6, 0, 1//12, 0, -1//6, 0, -1//4, 0],
	[6, 19, 20, 14, 7, 1, 1, 20, 1, 2] => QQFieldElem[1//6, 0, -2//3, 0, -2//3, 0, 0, 0, 1//3, 0, 2//3, 0, -1//6, 0, -2//3, 0],
	[6, 19, 20, 14, 14, 1, 2, 19, 1, 2] => QQFieldElem[5//336, 0, 1//84, 0, 0, 0, -1//168, 0, -1//42, 0, -5//336, 0, 0, 0, -1//336, 0],
	[6, 19, 20, 14, 5, 1, 1, 21, 1, 1] => QQFieldElem[1//12, 0, 1//6, 0, 0, 0, 0, 0, 0, 0, 0, 0, -1//6, 0, 1//6, 0],
	[6, 19, 20, 14, 14, 1, 1, 19, 1, 2] => QQFieldElem[-1//112, 0, -1//84, 0, 0, 0, -1//168, 0, 1//168, 0, 5//336, 0, 0, 0, -1//336, 0],
	[6, 19, 20, 14, 14, 1, 2, 21, 1, 2] => QQFieldElem[0, 0, -1//12, 0, 0, 0, 1//12, 0, 1//6, 0, 1//4, 0, 1//6, 0, 0, 0],
	[6, 19, 20, 14, 7, 1, 1, 19, 1, 1] => QQFieldElem[1//144, 0, 0, 0, 0, 0, 1//72, 0, 1//72, 0, 1//144, 0, 0, 0, -1//144, 0],
	[6, 19, 20, 14, 14, 1, 1, 21, 1, 2] => QQFieldElem[0, 0, -1//12, 0, 0, 0, 1//4, 0, 1//6, 0, -1//12, 0, 0, 0, 0, 0],
	[6, 19, 20, 14, 8, 1, 1, 20, 1, 2] => QQFieldElem[1//6, 0, -1//6, 0, 0, 0, 1//6, 0, -1//3, 0, 0, 0, 1//3, 0, -1//6, 0],
	[6, 19, 20, 14, 7, 1, 1, 21, 1, 1] => QQFieldElem[1//6, 0, 1//12, 0, 0, 0, -1//12, 0, -1//6, 0, -1//12, 0, -1//6, 0, -1//6, 0],
	[6, 19, 20, 14, 8, 1, 1, 19, 1, 1] => QQFieldElem[-1//112, 0, -1//336, 0, 0, 0, -1//336, 0, 1//168, 0, -1//84, 0, 0, 0, 1//112, 0],
	[6, 19, 20, 14, 4, 1, 1, 20, 1, 1] => QQFieldElem[-1//2, 0, 1//6, 0, 2//3, 0, 1//6, 0, 0, 0, -2//3, 0, -1//3, 0, 1//2, 0],
	[6, 19, 20, 14, 8, 1, 1, 21, 1, 1] => QQFieldElem[1//12, 0, -1//6, 0, 0, 0, -1//6, 0, 0, 0, 1//12, 0, 0, 0, 1//12, 0],
	[6, 19, 20, 14, 5, 1, 1, 20, 1, 1] => QQFieldElem[0, 0, -1//6, 0, 0, 0, -1//6, 0, 0, 0, 0, 0, 0, 0, 1//6, 0],
	[6, 19, 20, 14, 14, 1, 2, 20, 1, 2] => QQFieldElem[-1//6, 0, 1//3, 0, 0, 0, -1//3, 0, 1//3, 0, 0, 0, -1//6, 0, 1//3, 0],
	[6, 19, 20, 14, 14, 1, 1, 20, 1, 2] => QQFieldElem[1//2, 0, -1//3, 0, -1//3, 0, 1//3, 0, -2//3, 0, -1//3, 0, 1//2, 0, 0, 0],
	[6, 19, 20, 14, 7, 1, 1, 20, 1, 1] => QQFieldElem[-1//2, 0, 0, 0, 1//3, 0, 0, 0, 0, 0, -1//3, 0, -1//6, 0, 1//3, 0],
	[6, 19, 20, 14, 14, 1, 2, 19, 1, 1] => QQFieldElem[5//336, 0, -5//336, 0, 0, 0, 1//112, 0, -1//42, 0, 1//336, 0, 0, 0, -1//168, 0],
	[6, 19, 20, 14, 14, 1, 1, 19, 1, 1] => QQFieldElem[-1//112, 0, 5//336, 0, 0, 0, 1//112, 0, 1//168, 0, -1//336, 0, 0, 0, -1//168, 0],
	[6, 19, 20, 14, 14, 1, 2, 21, 1, 1] => QQFieldElem[1//12, 0, 0, 0, 0, 0, 1//6, 0, 0, 0, -1//6, 0, 1//6, 0, -1//6, 0],
	[6, 19, 20, 14, 14, 1, 1, 21, 1, 1] => QQFieldElem[-1//12, 0, 0, 0, 0, 0, 1//6, 0, -1//6, 0, 0, 0, 0, 0, -1//3, 0],
	[6, 19, 20, 14, 8, 1, 1, 20, 1, 1] => QQFieldElem[1//6, 0, -1//2, 0, 0, 0, 1//6, 0, 0, 0, 0, 0, 1//3, 0, -1//6, 0],
	[6, 19, 20, 14, 4, 1, 1, 19, 1, 2] => QQFieldElem[1//144, 0, 1//144, 0, 0, 0, -1//144, 0, 0, 0, 0, 0, 0, 0, -1//144, 0],
	[6, 19, 20, 14, 5, 1, 1, 19, 1, 2] => QQFieldElem[1//144, 0, -1//144, 0, 0, 0, -1//144, 0, 0, 0, 1//144, 0, 0, 0, 1//72, 0],
	[6, 19, 20, 14, 4, 1, 1, 21, 1, 2] => QQFieldElem[-1//12, 0, 1//6, 0, 0, 0, 1//6, 0, 0, 0, -1//12, 0, 0, 0, -1//12, 0],
	[6, 19, 20, 14, 5, 1, 1, 21, 1, 2] => QQFieldElem[1//4, 0, -1//6, 0, 0, 0, 0, 0, -1//6, 0, -1//6, 0, 0, 0, 0, 0],
	[6, 19, 20, 14, 7, 1, 1, 19, 1, 2] => QQFieldElem[1//144, 0, 0, 0, 0, 0, 1//72, 0, 0, 0, -1//144, 0, 0, 0, -1//144, 0],
	[6, 19, 20, 14, 14, 1, 2, 20, 1, 1] => QQFieldElem[0, 0, -1//6, 0, 0, 0, 1//6, 0, 0, 0, 0, 0, 1//3, 0, -1//6, 0],
	[6, 19, 20, 14, 7, 1, 1, 21, 1, 2] => QQFieldElem[-1//6, 0, -1//4, 0, 0, 0, 1//12, 0, 1//6, 0, 1//4, 0, 0, 0, -1//6, 0],
	[6, 19, 20, 14, 14, 1, 1, 20, 1, 1] => QQFieldElem[1//3, 0, 5//6, 0, -2//3, 0, -1//2, 0, 2//3, 0, -2//3, 0, -1//3, 0, 7//6, 0],
	[6, 19, 20, 14, 8, 1, 1, 19, 1, 2] => QQFieldElem[5//336, 0, 1//336, 0, 0, 0, -1//336, 0, -1//42, 0, 1//84, 0, 0, 0, 1//112, 0],
	[6, 19, 20, 14, 4, 1, 1, 20, 1, 2] => QQFieldElem[-1//2, 0, 1//2, 0, 2//3, 0, 1//6, 0, -1//3, 0, -2//3, 0, -1//3, 0, 1//2, 0],
	[6, 19, 20, 14, 8, 1, 1, 21, 1, 2] => QQFieldElem[-1//12, 0, 1//3, 0, 0, 0, 0, 0, -1//6, 0, -1//12, 0, 1//6, 0, -1//12, 0],
	[6, 19, 20, 14, 5, 1, 1, 20, 1, 2] => QQFieldElem[1//3, 0, 1//6, 0, 0, 0, -1//6, 0, 0, 0, 0, 0, 0, 0, 1//6, 0])