Dict(
	[7, 14, 20, 20, 20, 1, 1, 7, 1, 1] => QQFieldElem[-1//4, 0, 0, 0, 0, 0, 0, 0, 1//2, 0, 1//4, 0, 0, 0, -1//4, 0],
	[7, 14, 20, 20, 19, 1, 2, 8, 1, 1] => QQFieldElem[-27//32, 0, 0, 0, 0, 0, 0, 0, 27//32, 0, 27//32, 0, 27//32, 0, 27//32, 0],
	[7, 14, 20, 20, 20, 1, 2, 5, 1, 1] => QQFieldElem[1//2, 0, 3//4, 0, -1//2, 0, -1//4, 0, 1//2, 0, -1//2, 0, 0, 0, 3//4, 0],
	[7, 14, 20, 20, 19, 1, 1, 8, 1, 1] => QQFieldElem[0, 0, 0, 0, 0, 0, 0, 0, -9//32, 0, -9//32, 0, -9//32, 0, -9//32, 0],
	[7, 14, 20, 20, 20, 1, 1, 5, 1, 1] => QQFieldElem[1//2, 0, -1//4, 0, -1//2, 0, 3//4, 0, -1//2, 0, -1//2, 0, 1, 0, -1//4, 0],
	[7, 14, 20, 20, 21, 1, 2, 14, 1, 2] => QQFieldElem[1//4, 0, 0, 0, -1//4, 0, 1//4, 0, -1//4, 0, 1//4, 0, 1//4, 0, -1//4, 0],
	[7, 14, 20, 20, 21, 1, 1, 14, 1, 2] => QQFieldElem[1//4, 0, 0, 0, 1//4, 0, -3//4, 0, -1//4, 0, -1//4, 0, 1//4, 0, 1//4, 0],
	[7, 14, 20, 20, 19, 1, 2, 14, 1, 1] => QQFieldElem[27//64, 0, 27//64, 0, 0, 0, -27//64, 0, 0, 0, -27//64, 0, 27//64, 0, 0, 0],
	[7, 14, 20, 20, 19, 1, 1, 14, 1, 1] => QQFieldElem[-9//64, 0, 9//64, 0, 0, 0, -9//64, 0, 0, 0, -9//64, 0, 9//64, 0, 0, 0],
	[7, 14, 20, 20, 21, 1, 2, 8, 1, 1] => QQFieldElem[-5//4, 0, -1, 0, -1, 0, -1, 0, 1//2, 0, 3//4, 0, 1, 0, 3//4, 0],
	[7, 14, 20, 20, 19, 1, 2, 4, 1, 1] => QQFieldElem[0, 0, 27//32, 0, 0, 0, -27//32, 0, 27//32, 0, 0, 0, -27//32, 0, 27//32, 0],
	[7, 14, 20, 20, 21, 1, 1, 8, 1, 1] => QQFieldElem[-1//4, 0, 0, 0, 0, 0, 0, 0, 0, 0, -1//4, 0, 0, 0, 1//4, 0],
	[7, 14, 20, 20, 19, 1, 1, 4, 1, 1] => QQFieldElem[-9//32, 0, 9//32, 0, 0, 0, -9//32, 0, 9//32, 0, 0, 0, -9//32, 0, 9//32, 0],
	[7, 14, 20, 20, 19, 1, 2, 7, 1, 1] => QQFieldElem[27//32, 0, 0, 0, 0, 0, 0, 0, -27//32, 0, -27//32, 0, -27//32, 0, -27//32, 0],
	[7, 14, 20, 20, 20, 1, 2, 14, 1, 2] => QQFieldElem[-27//64, 0, -27//64, 0, 0, 0, 27//64, 0, 0, 0, 27//64, 0, -27//64, 0, 0, 0],
	[7, 14, 20, 20, 19, 1, 1, 7, 1, 1] => QQFieldElem[0, 0, 0, 0, 0, 0, 0, 0, -9//32, 0, -9//32, 0, -9//32, 0, -9//32, 0],
	[7, 14, 20, 20, 20, 1, 1, 14, 1, 2] => QQFieldElem[-9//64, 0, 9//64, 0, 0, 0, -9//64, 0, 0, 0, -9//64, 0, 9//64, 0, 0, 0],
	[7, 14, 20, 20, 19, 1, 2, 5, 1, 1] => QQFieldElem[0, 0, -27//32, 0, 0, 0, 27//32, 0, -27//32, 0, 0, 0, 27//32, 0, -27//32, 0],
	[7, 14, 20, 20, 19, 1, 1, 5, 1, 1] => QQFieldElem[-9//32, 0, 9//32, 0, 0, 0, -9//32, 0, 9//32, 0, 0, 0, -9//32, 0, 9//32, 0],
	[7, 14, 20, 20, 20, 1, 2, 8, 1, 1] => QQFieldElem[3//4, 0, 1, 0, 1, 0, 1, 0, 0, 0, -1//4, 0, 0, 0, -1//4, 0],
	[7, 14, 20, 20, 21, 1, 2, 14, 1, 1] => QQFieldElem[-1//2, 0, -1//4, 0, 1//4, 0, 0, 0, 1//4, 0, 0, 0, 0, 0, 1//4, 0],
	[7, 14, 20, 20, 21, 1, 1, 14, 1, 1] => QQFieldElem[0, 0, 1//4, 0, -1//4, 0, 0, 0, -1//4, 0, 0, 0, 1//2, 0, -1//4, 0],
	[7, 14, 20, 20, 20, 1, 1, 8, 1, 1] => QQFieldElem[1//4, 0, 0, 0, 0, 0, 0, 0, 0, 0, -1//4, 0, 0, 0, -1//4, 0],
	[7, 14, 20, 20, 21, 1, 2, 4, 1, 1] => QQFieldElem[1//2, 0, -3//4, 0, -1//2, 0, 3//4, 0, -1//2, 0, -1//2, 0, 1, 0, -1//4, 0],
	[7, 14, 20, 20, 21, 1, 1, 4, 1, 1] => QQFieldElem[0, 0, -3//4, 0, 1//2, 0, 1//4, 0, -1//2, 0, 1//2, 0, 0, 0, -3//4, 0],
	[7, 14, 20, 20, 21, 1, 2, 7, 1, 1] => QQFieldElem[1//4, 0, 0, 0, 0, 0, 0, 0, 0, 0, 1//4, 0, 0, 0, -1//4, 0],
	[7, 14, 20, 20, 21, 1, 1, 7, 1, 1] => QQFieldElem[-3//4, 0, -1, 0, -1, 0, -1, 0, -1//2, 0, 1//4, 0, 0, 0, 1//4, 0],
	[7, 14, 20, 20, 21, 1, 2, 5, 1, 1] => QQFieldElem[-1//2, 0, 1//4, 0, 1//2, 0, -3//4, 0, 1//2, 0, 1//2, 0, -1//2, 0, 1//4, 0],
	[7, 14, 20, 20, 21, 1, 1, 5, 1, 1] => QQFieldElem[0, 0, -3//4, 0, 1//2, 0, 3//4, 0, -1//2, 0, 1//2, 0, 1//2, 0, -5//4, 0],
	[7, 14, 20, 20, 20, 1, 2, 14, 1, 1] => QQFieldElem[0, 0, 3//4, 0, -1//4, 0, 0, 0, -1//4, 0, -1//2, 0, 1//2, 0, -1//4, 0],
	[7, 14, 20, 20, 20, 1, 1, 14, 1, 1] => QQFieldElem[0, 0, 1//4, 0, -1//4, 0, 0, 0, 1//4, 0, 0, 0, 0, 0, -1//4, 0],
	[7, 14, 20, 20, 19, 1, 2, 14, 1, 2] => QQFieldElem[-1//4, 0, 0, 0, 1//4, 0, 1//4, 0, 1//4, 0, -1//4, 0, -1//4, 0, 1//4, 0],
	[7, 14, 20, 20, 19, 1, 1, 14, 1, 2] => QQFieldElem[-1//4, 0, 0, 0, -1//4, 0, 3//4, 0, -1//4, 0, 1//4, 0, -1//4, 0, -1//4, 0],
	[7, 14, 20, 20, 20, 1, 2, 4, 1, 1] => QQFieldElem[1//2, 0, -1//4, 0, -1//2, 0, 1//4, 0, -1//2, 0, -1//2, 0, 1//2, 0, 1//4, 0],
	[7, 14, 20, 20, 20, 1, 1, 4, 1, 1] => QQFieldElem[1//2, 0, 3//4, 0, -1//2, 0, -3//4, 0, 1//2, 0, -1//2, 0, -1//2, 0, 5//4, 0],
	[7, 14, 20, 20, 20, 1, 2, 7, 1, 1] => QQFieldElem[5//4, 0, 1, 0, 1, 0, 1, 0, -1//2, 0, -3//4, 0, -1, 0, -5//4, 0])