Dict(
	[8, 21, 20, 19, 20, 1, 1, 21, 1, 2] => QQFieldElem[-1, 0, 1, 0, -2//3, 0, 1//3, 0, 1, 0, -4//3, 0, 4//3, 0, -4//3, 0],
	[8, 21, 20, 19, 19, 1, 2, 20, 1, 1] => QQFieldElem[0, 0, -1//6, 0, 0, 0, 1//6, 0, 0, 0, 1//6, 0, -1//6, 0, -1//6, 0],
	[8, 21, 20, 19, 21, 1, 1, 19, 1, 1] => QQFieldElem[-7//12, 0, -5//12, 0, 0, 0, -7//12, 0, 1//6, 0, 5//12, 0, -1//12, 0, 1//3, 0],
	[8, 21, 20, 19, 19, 1, 1, 20, 1, 1] => QQFieldElem[5//12, 0, 1//4, 0, 1//6, 0, 1//4, 0, -1//3, 0, -5//12, 0, -1//4, 0, -1//3, 0],
	[8, 21, 20, 19, 21, 1, 1, 21, 1, 1] => QQFieldElem[-1, 0, 4//3, 0, -4//3, 0, 2, 0, -1, 0, 1, 0, -1//3, 0, -2//3, 0],
	[8, 21, 20, 19, 20, 1, 1, 19, 1, 1] => QQFieldElem[5//12, 0, 1//12, 0, -1//2, 0, 5//12, 0, -1//3, 0, -7//12, 0, 5//12, 0, -1//6, 0],
	[8, 21, 20, 19, 19, 1, 2, 21, 1, 2] => QQFieldElem[0, 0, -1//3, 0, 0, 0, 0, 0, 0, 0, 1//3, 0, -1, 0, 1//3, 0],
	[8, 21, 20, 19, 21, 1, 1, 20, 1, 1] => QQFieldElem[-5//12, 0, -1//12, 0, -1//6, 0, -5//12, 0, 1//3, 0, 1//4, 0, -1//12, 0, 1//2, 0],
	[8, 21, 20, 19, 20, 1, 1, 21, 1, 1] => QQFieldElem[0, 0, -1//3, 0, 0, 0, -1//3, 0, 0, 0, 1//3, 0, 0, 0, 0, 0],
	[8, 21, 20, 19, 19, 1, 1, 21, 1, 2] => QQFieldElem[0, 0, -1//3, 0, 0, 0, 0, 0, 0, 0, 1//3, 0, 1, 0, 1//3, 0],
	[8, 21, 20, 19, 20, 1, 1, 20, 1, 1] => QQFieldElem[7//12, 0, 5//12, 0, -2//3, 0, 7//12, 0, -1//6, 0, -3//4, 0, 5//12, 0, 0, 0],
	[8, 21, 20, 19, 19, 1, 2, 19, 1, 1] => QQFieldElem[0, 0, -1//6, 0, 0, 0, 1//6, 0, 0, 0, 1//6, 0, 1//6, 0, -1//6, 0],
	[8, 21, 20, 19, 21, 1, 1, 21, 1, 2] => QQFieldElem[1, 0, -2//3, 0, 2//3, 0, -2, 0, 1, 0, -1, 0, -1//3, 0, 4//3, 0],
	[8, 21, 20, 19, 19, 1, 1, 19, 1, 1] => QQFieldElem[1//12, 0, 1//12, 0, 0, 0, -1//12, 0, -1//6, 0, -1//12, 0, -1//12, 0, -1//6, 0],
	[8, 21, 20, 19, 19, 1, 2, 21, 1, 1] => QQFieldElem[-1, 0, 1//3, 0, 2//3, 0, 1//3, 0, 0, 0, -1, 0, -1//3, 0, 2//3, 0],
	[8, 21, 20, 19, 19, 1, 1, 21, 1, 1] => QQFieldElem[0, 0, -1, 0, -2//3, 0, 2//3, 0, 1, 0, 2//3, 0, -2//3, 0, -1, 0])