Dict(
	[8, 14, 14, 14, 6, 1, 1, 8, 1, 1] => QQFieldElem[0, 0, 0, 0, 0, 0, 0, 0, 0, 0, 0, 0, 2//3, 0, 0, 0],
	[8, 14, 14, 14, 9, 1, 1, 8, 1, 1] => QQFieldElem[0, 0, 0, 0, 0, 0, 0, 0, 0, 0, 0, 0, -1//2, 0, 0, 0],
	[8, 14, 14, 14, 14, 1, 2, 14, 1, 1] => QQFieldElem[0, 0, 0, 0, 0, 0, 0, 0, 0, 0, 0, 0, 0, 0, 0, 0],
	[8, 14, 14, 14, 14, 1, 1, 14, 1, 1] => QQFieldElem[0, 0, 0, 0, 0, 0, 0, 0, 0, 0, 0, 0, 0, 0, 0, 0],
	[8, 14, 14, 14, 14, 1, 2, 4, 1, 1] => QQFieldElem[0, 0, 0, 0, 0, 0, -1//48, 0, 0, 0, 0, 0, 0, 0, 0, 0],
	[8, 14, 14, 14, 4, 1, 1, 14, 1, 2] => QQFieldElem[1//2, 0, 0, 0, 0, 0, 0, 0, 0, 0, 0, 0, 0, 0, 0, 0],
	[8, 14, 14, 14, 14, 1, 1, 4, 1, 1] => QQFieldElem[3//128, 0, 0, 0, 0, 0, 0, 0, 0, 0, 0, 0, 0, 0, 0, 0],
	[8, 14, 14, 14, 5, 1, 1, 14, 1, 2] => QQFieldElem[0, 0, 0, 0, 0, 0, 0, 0, 0, 0, 0, 0, 0, 0, 0, 0],
	[8, 14, 14, 14, 14, 1, 1, 7, 1, 1] => QQFieldElem[0, 0, 0, 0, 0, 0, 0, 0, 0, 0, 0, 0, 0, 0, 0, 0],
	[8, 14, 14, 14, 14, 1, 2, 7, 1, 1] => QQFieldElem[0, 0, 0, 0, 0, 0, 0, 0, 0, 0, 0, 0, 0, 0, 0, 0],
	[8, 14, 14, 14, 14, 1, 2, 5, 1, 1] => QQFieldElem[1//64, 0, 0, 0, 0, 0, 0, 0, 0, 0, 0, 0, 0, 0, 0, 0],
	[8, 14, 14, 14, 6, 1, 1, 14, 1, 1] => QQFieldElem[0, 0, 0, 0, 0, 0, 0, 0, 0, 0, 0, 0, 1//2, 0, 0, 0],
	[8, 14, 14, 14, 9, 1, 1, 14, 1, 1] => QQFieldElem[9//16, 0, 0, 0, 0, 0, 0, 0, 0, 0, 0, 0, 0, 0, 0, 0],
	[8, 14, 14, 14, 4, 1, 1, 8, 1, 1] => QQFieldElem[9//16, 0, 0, 0, 0, 0, 0, 0, 0, 0, 0, 0, 0, 0, 0, 0],
	[8, 14, 14, 14, 14, 1, 1, 5, 1, 1] => QQFieldElem[0, 0, -9//512, 0, 0, 0, 0, 0, 0, 0, 9//512, 0, 0, 0, 0, 0],
	[8, 14, 14, 14, 5, 1, 1, 8, 1, 1] => QQFieldElem[0, 0, -9//16, 0, 0, 0, 0, 0, 0, 0, 9//16, 0, 0, 0, 0, 0],
	[8, 14, 14, 14, 6, 1, 1, 4, 1, 1] => QQFieldElem[0, 0, 0, 0, 0, 0, 1//36, 0, 0, 0, 0, 0, 0, 0, 0, 0],
	[8, 14, 14, 14, 6, 1, 1, 7, 1, 1] => QQFieldElem[0, 0, 0, 0, 0, 0, 0, 0, 0, 0, 0, 0, -2//3, 0, 0, 0],
	[8, 14, 14, 14, 9, 1, 1, 4, 1, 1] => QQFieldElem[0, 0, 0, 0, 0, 0, 1//48, 0, 0, 0, 0, 0, 0, 0, 0, 0],
	[8, 14, 14, 14, 9, 1, 1, 7, 1, 1] => QQFieldElem[0, 0, 0, 0, 0, 0, 0, 0, 0, 0, 0, 0, 1//2, 0, 0, 0],
	[8, 14, 14, 14, 6, 1, 1, 5, 1, 1] => QQFieldElem[1//48, 0, 0, 0, 0, 0, 0, 0, 0, 0, 0, 0, 0, 0, 0, 0],
	[8, 14, 14, 14, 9, 1, 1, 5, 1, 1] => QQFieldElem[1//64, 0, 0, 0, 0, 0, 0, 0, 0, 0, 0, 0, 0, 0, 0, 0],
	[8, 14, 14, 14, 4, 1, 1, 14, 1, 1] => QQFieldElem[0, 0, 0, 0, 0, 0, 1//2, 0, 0, 0, 0, 0, 0, 0, 0, 0],
	[8, 14, 14, 14, 5, 1, 1, 14, 1, 1] => QQFieldElem[0, 0, 0, 0, 0, 0, 0, 0, 0, 0, 0, 0, 0, 0, 0, 0],
	[8, 14, 14, 14, 14, 1, 2, 14, 1, 2] => QQFieldElem[0, 0, 0, 0, 0, 0, 0, 0, 0, 0, 0, 0, -1//2, 0, 0, 0],
	[8, 14, 14, 14, 4, 1, 1, 4, 1, 1] => QQFieldElem[0, 0, 0, 0, 0, 0, 0, 0, 0, 0, 0, 0, 0, 0, 0, 0],
	[8, 14, 14, 14, 14, 1, 1, 14, 1, 2] => QQFieldElem[0, 0, 0, 0, 0, 0, -9//16, 0, 0, 0, 0, 0, 0, 0, 0, 0],
	[8, 14, 14, 14, 5, 1, 1, 4, 1, 1] => QQFieldElem[0, 0, 0, 0, 0, 0, 0, 0, 0, 0, 0, 0, 0, 0, 0, 0],
	[8, 14, 14, 14, 4, 1, 1, 7, 1, 1] => QQFieldElem[9//16, 0, 0, 0, 0, 0, 0, 0, 0, 0, 0, 0, 0, 0, 0, 0],
	[8, 14, 14, 14, 5, 1, 1, 7, 1, 1] => QQFieldElem[0, 0, -9//16, 0, 0, 0, 0, 0, 0, 0, 9//16, 0, 0, 0, 0, 0],
	[8, 14, 14, 14, 4, 1, 1, 5, 1, 1] => QQFieldElem[0, 0, 0, 0, 0, 0, 0, 0, 0, 0, 0, 0, 0, 0, 0, 0],
	[8, 14, 14, 14, 5, 1, 1, 5, 1, 1] => QQFieldElem[0, 0, 0, 0, 0, 0, 0, 0, 0, 0, 0, 0, 0, 0, 0, 0],
	[8, 14, 14, 14, 14, 1, 2, 8, 1, 1] => QQFieldElem[0, 0, 0, 0, 0, 0, 0, 0, 0, 0, 0, 0, 0, 0, 0, 0],
	[8, 14, 14, 14, 14, 1, 1, 8, 1, 1] => QQFieldElem[0, 0, 0, 0, 0, 0, 0, 0, 0, 0, 0, 0, 0, 0, 0, 0],
	[8, 14, 14, 14, 6, 1, 1, 14, 1, 2] => QQFieldElem[0, 0, -4//9, 0, 0, 0, 0, 0, 0, 0, 4//9, 0, 0, 0, 0, 0],
	[8, 14, 14, 14, 9, 1, 1, 14, 1, 2] => QQFieldElem[0, 0, 9//16, 0, 0, 0, 0, 0, 0, 0, -9//16, 0, 0, 0, 0, 0])