Dict(
	[9, 19, 19, 14, 14, 1, 2, 20, 1, 1] => QQFieldElem[1//4, 0, 1//12, 0, -1//3, 0, 1//4, 0, -1//6, 0, 1//4, 0, -1//12, 0, -1//3, 0],
	[9, 19, 19, 14, 7, 1, 1, 21, 1, 2] => QQFieldElem[1//4, 0, -1//12, 0, 0, 0, 1//12, 0, -1//3, 0, 1//6, 0, 0, 0, 1//12, 0],
	[9, 19, 19, 14, 14, 1, 1, 20, 1, 1] => QQFieldElem[1//4, 0, -1//12, 0, -1//6, 0, -1//12, 0, 0, 0, 1//4, 0, 1//12, 0, -1//6, 0],
	[9, 19, 19, 14, 8, 1, 1, 19, 1, 2] => QQFieldElem[1//96, 0, 1//96, 0, 0, 0, 0, 0, 0, 0, -1//96, 0, 0, 0, 0, 0],
	[9, 19, 19, 14, 4, 1, 1, 20, 1, 2] => QQFieldElem[0, 0, -1//6, 0, 0, 0, 1//6, 0, 0, 0, 1//6, 0, 1//3, 0, 0, 0],
	[9, 19, 19, 14, 8, 1, 1, 21, 1, 2] => QQFieldElem[1//3, 0, 1//6, 0, 0, 0, 1//6, 0, 0, 0, -1//6, 0, -1//6, 0, 0, 0],
	[9, 19, 19, 14, 5, 1, 1, 20, 1, 2] => QQFieldElem[1//12, 0, 1//12, 0, 0, 0, -1//12, 0, -1//6, 0, -1//12, 0, 1//12, 0, 0, 0],
	[9, 19, 19, 14, 4, 1, 1, 19, 1, 1] => QQFieldElem[1//96, 0, 0, 0, 0, 0, 1//96, 0, 0, 0, 0, 0, 0, 0, 0, 0],
	[9, 19, 19, 14, 5, 1, 1, 19, 1, 1] => QQFieldElem[1//96, 0, 0, 0, 0, 0, 0, 0, 0, 0, 0, 0, 0, 0, -1//96, 0],
	[9, 19, 19, 14, 4, 1, 1, 21, 1, 1] => QQFieldElem[1//3, 0, 1//6, 0, 0, 0, 1//6, 0, 0, 0, -1//6, 0, 1//6, 0, 0, 0],
	[9, 19, 19, 14, 7, 1, 1, 20, 1, 2] => QQFieldElem[-1//12, 0, 1//12, 0, 0, 0, -1//12, 0, 1//6, 0, -1//12, 0, 1//12, 0, 0, 0],
	[9, 19, 19, 14, 14, 1, 2, 19, 1, 2] => QQFieldElem[1//96, 0, -1//96, 0, 0, 0, 0, 0, 0, 0, 0, 0, 0, 0, 0, 0],
	[9, 19, 19, 14, 5, 1, 1, 21, 1, 1] => QQFieldElem[-1//4, 0, 0, 0, 0, 0, 0, 0, 1//6, 0, -1//12, 0, 1//6, 0, 1//12, 0],
	[9, 19, 19, 14, 14, 1, 1, 19, 1, 2] => QQFieldElem[-1//96, 0, 1//96, 0, 0, 0, 0, 0, 0, 0, 0, 0, 0, 0, 0, 0],
	[9, 19, 19, 14, 7, 1, 1, 19, 1, 1] => QQFieldElem[1//96, 0, 0, 0, 0, 0, -1//96, 0, 0, 0, 0, 0, 0, 0, 1//96, 0],
	[9, 19, 19, 14, 14, 1, 2, 21, 1, 2] => QQFieldElem[-1//4, 0, 1//12, 0, 0, 0, 1//12, 0, 1//6, 0, 0, 0, -1//6, 0, -1//12, 0],
	[9, 19, 19, 14, 14, 1, 1, 21, 1, 2] => QQFieldElem[1//12, 0, -1//12, 0, 0, 0, 1//12, 0, -1//3, 0, 1//6, 0, 0, 0, 1//12, 0],
	[9, 19, 19, 14, 8, 1, 1, 20, 1, 2] => QQFieldElem[-1//3, 0, 1//6, 0, 0, 0, -1//6, 0, 0, 0, -1//6, 0, 0, 0, 0, 0],
	[9, 19, 19, 14, 7, 1, 1, 21, 1, 1] => QQFieldElem[-1//12, 0, 1//12, 0, 0, 0, 1//12, 0, -1//6, 0, 0, 0, 1//6, 0, -1//12, 0],
	[9, 19, 19, 14, 8, 1, 1, 19, 1, 1] => QQFieldElem[-1//96, 0, -1//96, 0, 0, 0, 0, 0, 0, 0, 1//96, 0, 0, 0, 0, 0],
	[9, 19, 19, 14, 4, 1, 1, 20, 1, 1] => QQFieldElem[-1//3, 0, 1//6, 0, 0, 0, -1//2, 0, 0, 0, -1//6, 0, -1//3, 0, 0, 0],
	[9, 19, 19, 14, 8, 1, 1, 21, 1, 1] => QQFieldElem[1//6, 0, 0, 0, 0, 0, 0, 0, 0, 0, 0, 0, 0, 0, 0, 0],
	[9, 19, 19, 14, 5, 1, 1, 20, 1, 1] => QQFieldElem[-1//4, 0, -5//12, 0, -1//6, 0, -1//12, 0, 1//3, 0, 1//4, 0, 1//4, 0, 1//6, 0],
	[9, 19, 19, 14, 14, 1, 2, 20, 1, 2] => QQFieldElem[1//12, 0, -1//4, 0, 1//3, 0, -1//12, 0, 1//6, 0, -1//12, 0, -5//12, 0, 1//3, 0],
	[9, 19, 19, 14, 14, 1, 1, 20, 1, 2] => QQFieldElem[1//4, 0, -1//4, 0, 1//6, 0, -1//4, 0, 0, 0, 1//12, 0, -1//12, 0, 1//6, 0],
	[9, 19, 19, 14, 7, 1, 1, 20, 1, 1] => QQFieldElem[1//12, 0, -1//4, 0, 1//6, 0, 1//12, 0, -1//3, 0, 5//12, 0, 1//12, 0, -1//6, 0],
	[9, 19, 19, 14, 14, 1, 2, 19, 1, 1] => QQFieldElem[1//96, 0, 0, 0, 0, 0, 0, 0, 0, 0, 1//96, 0, 0, 0, 0, 0],
	[9, 19, 19, 14, 14, 1, 1, 19, 1, 1] => QQFieldElem[-1//96, 0, 0, 0, 0, 0, 0, 0, 0, 0, -1//96, 0, 0, 0, 0, 0],
	[9, 19, 19, 14, 14, 1, 2, 21, 1, 1] => QQFieldElem[-1//12, 0, 0, 0, 0, 0, 0, 0, -1//6, 0, -1//12, 0, -1//6, 0, 1//12, 0],
	[9, 19, 19, 14, 4, 1, 1, 19, 1, 2] => QQFieldElem[1//96, 0, 0, 0, 0, 0, 1//96, 0, 0, 0, 0, 0, 0, 0, 0, 0],
	[9, 19, 19, 14, 14, 1, 1, 21, 1, 1] => QQFieldElem[-1//4, 0, -1//6, 0, 0, 0, 1//6, 0, 1//3, 0, 1//12, 0, 0, 0, -1//12, 0],
	[9, 19, 19, 14, 8, 1, 1, 20, 1, 1] => QQFieldElem[0, 0, -1//6, 0, 0, 0, -1//6, 0, 0, 0, 1//6, 0, 0, 0, 0, 0],
	[9, 19, 19, 14, 5, 1, 1, 19, 1, 2] => QQFieldElem[1//96, 0, 0, 0, 0, 0, 0, 0, 0, 0, 0, 0, 0, 0, -1//96, 0],
	[9, 19, 19, 14, 4, 1, 1, 21, 1, 2] => QQFieldElem[-1//6, 0, 0, 0, 0, 0, 0, 0, 0, 0, 0, 0, 0, 0, 0, 0],
	[9, 19, 19, 14, 5, 1, 1, 21, 1, 2] => QQFieldElem[-1//12, 0, -1//6, 0, 0, 0, 1//6, 0, 1//3, 0, 1//12, 0, 0, 0, -1//12, 0],
	[9, 19, 19, 14, 7, 1, 1, 19, 1, 2] => QQFieldElem[1//96, 0, 0, 0, 0, 0, -1//96, 0, 0, 0, 0, 0, 0, 0, 1//96, 0])