Dict(
	[9, 7, 14, 14, 4, 1, 1, 3, 1, 2] => QQFieldElem[0, 0, 0, 0, 0, 0, 0, 0, 0, 0, 0, 0, 0, 0, 0, 0],
	[9, 7, 14, 14, 8, 1, 1, 14, 1, 2] => QQFieldElem[9//16, 0, 0, 0, 0, 0, 0, 0, 0, 0, 0, 0, 0, 0, 0, 0],
	[9, 7, 14, 14, 5, 1, 1, 3, 1, 2] => QQFieldElem[0, 0, 9//512, 0, 0, 0, 0, 0, 0, 0, -9//512, 0, 0, 0, 0, 0],
	[9, 7, 14, 14, 4, 1, 1, 14, 1, 1] => QQFieldElem[128//3, 0, 0, 0, 0, 0, 0, 0, 0, 0, 0, 0, 0, 0, 0, 0],
	[9, 7, 14, 14, 7, 1, 1, 3, 1, 2] => QQFieldElem[-512//9, 0, 0, 0, 0, 0, 0, 0, 0, 0, 0, 0, 0, 0, 0, 0],
	[9, 7, 14, 14, 5, 1, 1, 14, 1, 1] => QQFieldElem[9//32, 0, 0, 0, 0, 0, 0, 0, 0, 0, 0, 0, 0, 0, 0, 0],
	[9, 7, 14, 14, 14, 1, 1, 14, 1, 2] => QQFieldElem[0, 0, 0, 0, 0, 0, 0, 0, 0, 0, 0, 0, 0, 0, 0, 0],
	[9, 7, 14, 14, 8, 1, 1, 3, 1, 2] => QQFieldElem[-3//8, 0, 0, 0, 0, 0, 0, 0, 0, 0, 0, 0, 0, 0, 0, 0],
	[9, 7, 14, 14, 4, 1, 1, 1, 1, 1] => QQFieldElem[16//3, 0, 0, 0, 0, 0, 0, 0, 0, 0, 0, 0, 0, 0, 0, 0],
	[9, 7, 14, 14, 7, 1, 1, 14, 1, 1] => QQFieldElem[0, 0, 0, 0, 0, 0, 0, 0, 0, 0, 0, 0, 3//8, 0, 0, 0],
	[9, 7, 14, 14, 5, 1, 1, 1, 1, 1] => QQFieldElem[0, 0, 0, 0, 0, 0, 0, 0, 0, 0, 0, 0, 0, 0, 0, 0],
	[9, 7, 14, 14, 4, 1, 1, 3, 1, 1] => QQFieldElem[16//9, 0, 0, 0, 0, 0, 0, 0, 0, 0, 0, 0, 0, 0, 0, 0],
	[9, 7, 14, 14, 8, 1, 1, 14, 1, 1] => QQFieldElem[0, 0, -27//16, 0, 0, 0, 0, 0, 0, 0, 27//16, 0, 0, 0, 0, 0],
	[9, 7, 14, 14, 7, 1, 1, 1, 1, 1] => QQFieldElem[-9//128, 0, 0, 0, 0, 0, 0, 0, 0, 0, 0, 0, 0, 0, 0, 0],
	[9, 7, 14, 14, 5, 1, 1, 3, 1, 1] => QQFieldElem[-3//128, 0, 0, 0, 0, 0, 0, 0, 0, 0, 0, 0, 0, 0, 0, 0],
	[9, 7, 14, 14, 14, 1, 1, 3, 1, 2] => QQFieldElem[0, 0, 0, 0, 0, 0, 0, 0, 0, 0, 0, 0, 1//2, 0, 0, 0],
	[9, 7, 14, 14, 7, 1, 1, 3, 1, 1] => QQFieldElem[-1//64, 0, 0, 0, 0, 0, 0, 0, 0, 0, 0, 0, 0, 0, 0, 0],
	[9, 7, 14, 14, 8, 1, 1, 1, 1, 1] => QQFieldElem[0, 0, -27//512, 0, 0, 0, 0, 0, 0, 0, 27//512, 0, 0, 0, 0, 0],
	[9, 7, 14, 14, 14, 1, 1, 14, 1, 1] => QQFieldElem[0, 0, 0, 0, 0, 0, 0, 0, 0, 0, 0, 0, 0, 0, 0, 0],
	[9, 7, 14, 14, 8, 1, 1, 3, 1, 1] => QQFieldElem[0, 0, -9//8, 0, 0, 0, 0, 0, 0, 0, 9//8, 0, 0, 0, 0, 0],
	[9, 7, 14, 14, 4, 1, 1, 14, 1, 2] => QQFieldElem[0, 0, 27//32, 0, 0, 0, 0, 0, 0, 0, -27//32, 0, 0, 0, 0, 0],
	[9, 7, 14, 14, 5, 1, 1, 14, 1, 2] => QQFieldElem[0, 0, 0, 0, 0, 0, 27//64, 0, 0, 0, 0, 0, 0, 0, 0, 0],
	[9, 7, 14, 14, 14, 1, 1, 1, 1, 1] => QQFieldElem[3//64, 0, 0, 0, 0, 0, 0, 0, 0, 0, 0, 0, 0, 0, 0, 0],
	[9, 7, 14, 14, 7, 1, 1, 14, 1, 2] => QQFieldElem[256//3, 0, 0, 0, 0, 0, 0, 0, 0, 0, 0, 0, 0, 0, 0, 0],
	[9, 7, 14, 14, 14, 1, 1, 3, 1, 1] => QQFieldElem[0, 0, 0, 0, 0, 0, 9//16, 0, 0, 0, 0, 0, 0, 0, 0, 0])