Dict(
	[9, 14, 14, 6, 14, 1, 2, 14, 1, 1] => QQFieldElem[0, 0, 0, 0, 0, 0, 0, 0, 0, 0, 0, 0, 0, 0, 0, 0],
	[9, 14, 14, 6, 14, 1, 1, 14, 1, 1] => QQFieldElem[0, 0, 0, 0, 0, 0, 0, 0, 0, 0, 0, 0, 1//2, 0, 0, 0],
	[9, 14, 14, 6, 14, 1, 2, 4, 1, 1] => QQFieldElem[1//256, 0, 0, 0, 0, 0, 0, 0, 0, 0, 0, 0, 0, 0, 0, 0],
	[9, 14, 14, 6, 2, 1, 1, 14, 1, 1] => QQFieldElem[-27//64, 0, 0, 0, 0, 0, 0, 0, 0, 0, 0, 0, 0, 0, 0, 0],
	[9, 14, 14, 6, 14, 1, 1, 4, 1, 1] => QQFieldElem[1//256, 0, 0, 0, 0, 0, 0, 0, 0, 0, 0, 0, 0, 0, 0, 0],
	[9, 14, 14, 6, 3, 1, 2, 6, 1, 1] => QQFieldElem[1//96, 0, 0, 0, 0, 0, 0, 0, 0, 0, 0, 0, 0, 0, 0, 0],
	[9, 14, 14, 6, 3, 1, 1, 6, 1, 1] => QQFieldElem[3//512, 0, 0, 0, 0, 0, 0, 0, 0, 0, 0, 0, 0, 0, 0, 0],
	[9, 14, 14, 6, 2, 1, 1, 4, 1, 1] => QQFieldElem[27//8192, 0, 0, 0, 0, 0, 0, 0, 0, 0, 0, 0, 0, 0, 0, 0],
	[9, 14, 14, 6, 14, 1, 2, 5, 1, 1] => QQFieldElem[0, 0, 0, 0, 0, 0, -1//72, 0, 0, 0, 0, 0, 0, 0, 0, 0],
	[9, 14, 14, 6, 14, 1, 1, 5, 1, 1] => QQFieldElem[0, 0, 0, 0, 0, 0, 1//72, 0, 0, 0, 0, 0, 0, 0, 0, 0],
	[9, 14, 14, 6, 2, 1, 1, 5, 1, 1] => QQFieldElem[0, 0, 0, 0, 0, 0, 0, 0, 0, 0, 0, 0, 0, 0, 0, 0],
	[9, 14, 14, 6, 3, 1, 2, 14, 1, 1] => QQFieldElem[0, 0, 0, 0, 0, 0, 0, 0, 0, 0, 0, 0, 1//2, 0, 0, 0],
	[9, 14, 14, 6, 3, 1, 1, 14, 1, 1] => QQFieldElem[9//64, 0, 0, 0, 0, 0, 0, 0, 0, 0, 0, 0, 0, 0, 0, 0],
	[9, 14, 14, 6, 14, 1, 2, 9, 1, 1] => QQFieldElem[0, 0, 0, 0, 0, 0, 0, 0, 0, 0, 0, 0, 0, 0, 0, 0],
	[9, 14, 14, 6, 14, 1, 1, 9, 1, 1] => QQFieldElem[0, 0, 4//9, 0, 0, 0, 0, 0, 0, 0, -4//9, 0, 0, 0, 0, 0],
	[9, 14, 14, 6, 3, 1, 2, 4, 1, 1] => QQFieldElem[-1//256, 0, 0, 0, 0, 0, 0, 0, 0, 0, 0, 0, 0, 0, 0, 0],
	[9, 14, 14, 6, 3, 1, 1, 4, 1, 1] => QQFieldElem[9//8192, 0, 0, 0, 0, 0, 0, 0, 0, 0, 0, 0, 0, 0, 0, 0],
	[9, 14, 14, 6, 2, 1, 1, 9, 1, 1] => QQFieldElem[0, 0, 0, 0, 0, 0, -3//8, 0, 0, 0, 0, 0, 0, 0, 0, 0],
	[9, 14, 14, 6, 3, 1, 2, 5, 1, 1] => QQFieldElem[0, 0, 0, 0, 0, 0, -1//72, 0, 0, 0, 0, 0, 0, 0, 0, 0],
	[9, 14, 14, 6, 3, 1, 1, 5, 1, 1] => QQFieldElem[0, 0, 0, 0, 0, 0, 0, 0, 0, 0, 0, 0, 0, 0, 0, 0],
	[9, 14, 14, 6, 14, 1, 2, 6, 1, 1] => QQFieldElem[-1//96, 0, 0, 0, 0, 0, 0, 0, 0, 0, 0, 0, 0, 0, 0, 0],
	[9, 14, 14, 6, 14, 1, 1, 6, 1, 1] => QQFieldElem[-1//96, 0, 0, 0, 0, 0, 0, 0, 0, 0, 0, 0, 0, 0, 0, 0],
	[9, 14, 14, 6, 2, 1, 1, 6, 1, 1] => QQFieldElem[9//512, 0, 0, 0, 0, 0, 0, 0, 0, 0, 0, 0, 0, 0, 0, 0],
	[9, 14, 14, 6, 3, 1, 2, 9, 1, 1] => QQFieldElem[0, 0, 4//9, 0, 0, 0, 0, 0, 0, 0, -4//9, 0, 0, 0, 0, 0],
	[9, 14, 14, 6, 3, 1, 1, 9, 1, 1] => QQFieldElem[0, 0, 0, 0, 0, 0, 1//8, 0, 0, 0, 0, 0, 0, 0, 0, 0])