Dict(
	[9, 8, 14, 14, 8, 1, 1, 14, 1, 1] => QQFieldElem[0, 0, 9//8, 0, 0, 0, 0, 0, 0, 0, -9//8, 0, 0, 0, 0, 0],
	[9, 8, 14, 14, 4, 1, 1, 3, 1, 1] => QQFieldElem[0, 0, 4, 0, 0, 0, 0, 0, 0, 0, -4, 0, 0, 0, 0, 0],
	[9, 8, 14, 14, 5, 1, 1, 3, 1, 1] => QQFieldElem[0, 0, 0, 0, 0, 0, 0, 0, 0, 0, 0, 0, 0, 0, 0, 0],
	[9, 8, 14, 14, 14, 1, 1, 3, 1, 2] => QQFieldElem[0, 0, 0, 0, 0, 0, 0, 0, 0, 0, 0, 0, 1//2, 0, 0, 0],
	[9, 8, 14, 14, 7, 1, 1, 3, 1, 1] => QQFieldElem[1//32, 0, 0, 0, 0, 0, 0, 0, 0, 0, 0, 0, 0, 0, 0, 0],
	[9, 8, 14, 14, 4, 1, 1, 2, 1, 1] => QQFieldElem[0, 0, -4, 0, 0, 0, 0, 0, 0, 0, 4, 0, 0, 0, 0, 0],
	[9, 8, 14, 14, 14, 1, 1, 14, 1, 1] => QQFieldElem[0, 0, 0, 0, 0, 0, 0, 0, 0, 0, 0, 0, 0, 0, 0, 0],
	[9, 8, 14, 14, 8, 1, 1, 3, 1, 1] => QQFieldElem[0, 0, -9//16, 0, 0, 0, 0, 0, 0, 0, 9//16, 0, 0, 0, 0, 0],
	[9, 8, 14, 14, 5, 1, 1, 2, 1, 1] => QQFieldElem[0, 0, -9//128, 0, 0, 0, 0, 0, 0, 0, 9//128, 0, 0, 0, 0, 0],
	[9, 8, 14, 14, 4, 1, 1, 14, 1, 2] => QQFieldElem[0, 0, -9//16, 0, 0, 0, 0, 0, 0, 0, 9//16, 0, 0, 0, 0, 0],
	[9, 8, 14, 14, 5, 1, 1, 14, 1, 2] => QQFieldElem[0, 0, 0, 0, 0, 0, -9//16, 0, 0, 0, 0, 0, 0, 0, 0, 0],
	[9, 8, 14, 14, 7, 1, 1, 2, 1, 1] => QQFieldElem[0, 0, 0, 0, 0, 0, 0, 0, 0, 0, 0, 0, 0, 0, 0, 0],
	[9, 8, 14, 14, 7, 1, 1, 14, 1, 2] => QQFieldElem[0, 0, -128, 0, 0, 0, 0, 0, 0, 0, 128, 0, 0, 0, 0, 0],
	[9, 8, 14, 14, 8, 1, 1, 2, 1, 1] => QQFieldElem[0, 0, -9//256, 0, 0, 0, 0, 0, 0, 0, 9//256, 0, 0, 0, 0, 0],
	[9, 8, 14, 14, 14, 1, 1, 3, 1, 1] => QQFieldElem[0, 0, 0, 0, 0, 0, 9//16, 0, 0, 0, 0, 0, 0, 0, 0, 0],
	[9, 8, 14, 14, 4, 1, 1, 3, 1, 2] => QQFieldElem[0, 0, 9//128, 0, 0, 0, 0, 0, 0, 0, -9//128, 0, 0, 0, 0, 0],
	[9, 8, 14, 14, 8, 1, 1, 14, 1, 2] => QQFieldElem[9//8, 0, 0, 0, 0, 0, 0, 0, 0, 0, 0, 0, 0, 0, 0, 0],
	[9, 8, 14, 14, 5, 1, 1, 3, 1, 2] => QQFieldElem[0, 0, -9//256, 0, 0, 0, 0, 0, 0, 0, 9//256, 0, 0, 0, 0, 0],
	[9, 8, 14, 14, 4, 1, 1, 14, 1, 1] => QQFieldElem[0, 0, 64, 0, 0, 0, 0, 0, 0, 0, -64, 0, 0, 0, 0, 0],
	[9, 8, 14, 14, 7, 1, 1, 3, 1, 2] => QQFieldElem[0, 0, 64, 0, 0, 0, 0, 0, 0, 0, -64, 0, 0, 0, 0, 0],
	[9, 8, 14, 14, 5, 1, 1, 14, 1, 1] => QQFieldElem[9//16, 0, 0, 0, 0, 0, 0, 0, 0, 0, 0, 0, 0, 0, 0, 0],
	[9, 8, 14, 14, 14, 1, 1, 2, 1, 1] => QQFieldElem[1//32, 0, 0, 0, 0, 0, 0, 0, 0, 0, 0, 0, 0, 0, 0, 0],
	[9, 8, 14, 14, 14, 1, 1, 14, 1, 2] => QQFieldElem[0, 0, 0, 0, 0, 0, 0, 0, 0, 0, 0, 0, 0, 0, 0, 0],
	[9, 8, 14, 14, 8, 1, 1, 3, 1, 2] => QQFieldElem[9//16, 0, 0, 0, 0, 0, 0, 0, 0, 0, 0, 0, 0, 0, 0, 0],
	[9, 8, 14, 14, 7, 1, 1, 14, 1, 1] => QQFieldElem[0, 0, 0, 0, 0, 0, 0, 0, 0, 0, 0, 0, -1//2, 0, 0, 0])