Dict(
	[2, 4, 2, 3, 3, 1, 1, 4, 1, 1] => QQFieldElem[2//3, -2//3, 0, 1//3],
	[2, 4, 2, 3, 3, 1, 1, 2, 1, 2] => QQFieldElem[2//3, -4//3, 2//3, 2//3],
	[2, 4, 2, 3, 4, 1, 1, 4, 1, 1] => QQFieldElem[-20//23, 25//69, -8//69, -41//69],
	[2, 4, 2, 3, 4, 1, 1, 2, 1, 2] => QQFieldElem[0, 1//3, -2//3, -2//3],
	[2, 4, 2, 3, 2, 1, 1, 2, 1, 1] => QQFieldElem[0, 0, 0, 0],
	[2, 4, 2, 3, 2, 2, 1, 2, 1, 1] => QQFieldElem[0, 0, 0, 0],
	[2, 4, 2, 3, 3, 1, 1, 3, 1, 1] => QQFieldElem[1//3, -1//3, 2//3, 2//3],
	[2, 4, 2, 3, 4, 1, 1, 3, 1, 1] => QQFieldElem[0, 2//3, -1//3, 2//3],
	[2, 4, 2, 3, 3, 1, 1, 2, 1, 1] => QQFieldElem[-13, 4, 4, -13],
	[2, 4, 2, 3, 4, 1, 1, 2, 1, 1] => QQFieldElem[-2//3, 0, 2, 1],
	[2, 4, 2, 3, 2, 1, 1, 4, 1, 1] => QQFieldElem[-309//23, 31//23, 175//23, -371//23],
	[2, 4, 2, 3, 2, 1, 1, 2, 1, 2] => QQFieldElem[37//9, 110//9, 91//9, 23//9],
	[2, 4, 2, 3, 2, 2, 1, 4, 1, 1] => QQFieldElem[101//69, -30//23, 38//69, 17//23],
	[2, 4, 2, 3, 2, 2, 1, 2, 1, 2] => QQFieldElem[-22//9, -47//9, -13//9, 4//9],
	[2, 4, 2, 3, 2, 1, 1, 3, 1, 1] => QQFieldElem[99, 26, -103, 155],
	[2, 4, 2, 3, 2, 2, 1, 3, 1, 1] => QQFieldElem[5//3, -1//3, -1//3, 5//3])