Dict(
	[2, 2, 3, 2, 2, 1, 2, 4, 1, 1] => QQFieldElem[50//9, 86//9, -10//9, -25//9],
	[2, 2, 3, 2, 2, 1, 2, 2, 1, 2] => QQFieldElem[-49, 24, 3, -40],
	[2, 2, 3, 2, 2, 2, 1, 4, 1, 1] => QQFieldElem[107//9, 95//9, -241//9, -151//9],
	[2, 2, 3, 2, 2, 2, 1, 2, 1, 2] => QQFieldElem[-2//3, 4//3, -5//3, -2//3],
	[2, 2, 3, 2, 2, 1, 2, 3, 1, 1] => QQFieldElem[1, -2, 2, -1],
	[2, 2, 3, 2, 2, 1, 2, 2, 2, 2] => QQFieldElem[-20//9, -41//9, -5//9, 7//9],
	[2, 2, 3, 2, 2, 2, 1, 3, 1, 1] => QQFieldElem[0, -1, 0, 1],
	[2, 2, 3, 2, 2, 2, 1, 2, 2, 2] => QQFieldElem[30, -39, 30, 0],
	[2, 2, 3, 2, 2, 1, 2, 3, 2, 1] => QQFieldElem[0, 56, -73, 56],
	[2, 2, 3, 2, 4, 1, 1, 4, 1, 1] => QQFieldElem[-4, 2, -1, -2],
	[2, 2, 3, 2, 4, 1, 1, 2, 1, 2] => QQFieldElem[-1//3, -1//3, 2//3, -1//3],
	[2, 2, 3, 2, 2, 2, 1, 3, 2, 1] => QQFieldElem[142, 56, -172, 241],
	[2, 2, 3, 2, 4, 1, 1, 3, 1, 1] => QQFieldElem[1//3, 1//3, -2//3, 1//3],
	[2, 2, 3, 2, 4, 1, 1, 2, 2, 2] => QQFieldElem[-2, 1, 0, -1],
	[2, 2, 3, 2, 3, 1, 1, 2, 1, 1] => QQFieldElem[1//3, 1//3, 1//3, 1//3],
	[2, 2, 3, 2, 4, 1, 1, 3, 2, 1] => QQFieldElem[1, 0, 0, 1],
	[2, 2, 3, 2, 3, 1, 1, 2, 2, 1] => QQFieldElem[611, 796//3, -2315//3, 3184//3],
	[2, 2, 3, 2, 2, 1, 2, 2, 1, 1] => QQFieldElem[126, -72, 6, 92],
	[2, 2, 3, 2, 3, 2, 1, 4, 1, 1] => QQFieldElem[1//3, 1//3, 1//3, 1//3],
	[2, 2, 3, 2, 3, 2, 1, 2, 1, 2] => QQFieldElem[-1037//27, -1592//27, 796//27, 796//27],
	[2, 2, 3, 2, 2, 2, 1, 2, 1, 1] => QQFieldElem[-50, 6, 27, -59],
	[2, 2, 3, 2, 3, 2, 1, 3, 1, 1] => QQFieldElem[5//9, 17//9, 17//9, 5//9],
	[2, 2, 3, 2, 2, 1, 2, 2, 2, 1] => QQFieldElem[-4036, 2018, 185, -3240],
	[2, 2, 3, 2, 3, 2, 1, 2, 2, 2] => QQFieldElem[19//9, 49//9, 34//9, 7//9],
	[2, 2, 3, 2, 2, 2, 1, 2, 2, 1] => QQFieldElem[-1549, -753, 2061, -2771],
	[2, 2, 3, 2, 4, 1, 1, 2, 1, 1] => QQFieldElem[4//3, -5//3, 4//3, 4//3],
	[2, 2, 3, 2, 3, 2, 1, 3, 2, 1] => QQFieldElem[112//3, 13, -43, 185//3],
	[2, 2, 3, 2, 2, 1, 1, 4, 1, 1] => QQFieldElem[-964//27, -1906//27, -241//27, 314//27],
	[2, 2, 3, 2, 2, 1, 1, 2, 1, 2] => QQFieldElem[-2//3, -2//3, 4//3, 1//3],
	[2, 2, 3, 2, 4, 1, 1, 2, 2, 1] => QQFieldElem[34//3, 4, -13, 56//3],
	[2, 2, 3, 2, 2, 2, 2, 4, 1, 1] => QQFieldElem[8//3, -13//3, 5//3, 8//3],
	[2, 2, 3, 2, 2, 2, 2, 2, 1, 2] => QQFieldElem[1407, 611, -1777, 2444],
	[2, 2, 3, 2, 2, 1, 1, 3, 1, 1] => QQFieldElem[-3, -13//3, 3, 8//3],
	[2, 2, 3, 2, 2, 1, 1, 2, 2, 2] => QQFieldElem[-46, -16, 53, -76],
	[2, 2, 3, 2, 2, 2, 2, 3, 1, 1] => QQFieldElem[60, -22, -13, 56],
	[2, 2, 3, 2, 2, 2, 2, 2, 2, 2] => QQFieldElem[4//3, -5//3, 1//3, 1//3],
	[2, 2, 3, 2, 2, 1, 1, 3, 2, 1] => QQFieldElem[4462//3, 2074//3, -5813//3, 2629],
	[2, 2, 3, 2, 2, 2, 2, 3, 2, 1] => QQFieldElem[-241//27, -796//27, -796//27, -241//27],
	[2, 2, 3, 2, 3, 2, 1, 2, 1, 1] => QQFieldElem[3, 3, -6, 7],
	[2, 2, 3, 2, 3, 2, 1, 2, 2, 1] => QQFieldElem[-20, -7, 23, -33],
	[2, 2, 3, 2, 3, 1, 1, 4, 1, 1] => QQFieldElem[13, 10//3, -41//3, 61//3],
	[2, 2, 3, 2, 3, 1, 1, 2, 1, 2] => QQFieldElem[13, -17, 13, 0],
	[2, 2, 3, 2, 2, 1, 1, 2, 1, 1] => QQFieldElem[-4//3, 2//3, 2//3, -1//3],
	[2, 2, 3, 2, 2, 2, 2, 2, 1, 1] => QQFieldElem[2530, -1932, 753, 1364],
	[2, 2, 3, 2, 3, 1, 1, 3, 1, 1] => QQFieldElem[17//9, 17//9, -34//9, -22//9],
	[2, 2, 3, 2, 3, 1, 1, 2, 2, 2] => QQFieldElem[-17//9, -56//9, -56//9, -17//9],
	[2, 2, 3, 2, 2, 1, 1, 2, 2, 1] => QQFieldElem[178122, 227591//3, -669073//3, 923750//3],
	[2, 2, 3, 2, 2, 2, 2, 2, 2, 1] => QQFieldElem[22//9, 73//9, 73//9, 22//9],
	[2, 2, 3, 2, 3, 1, 1, 3, 2, 1] => QQFieldElem[-1//3, -1//3, 2//3, -1//3])