Dict(
	[3, 3, 3, 2, 2, 2, 1, 4, 1, 1] => QQFieldElem[-5//69, 31//69, -2//69, -32//69],
	[3, 3, 3, 2, 2, 2, 1, 2, 1, 2] => QQFieldElem[181, -120, 30, 116],
	[3, 3, 3, 2, 2, 1, 1, 3, 1, 1] => QQFieldElem[-1//9, 5//9, 17//9, 8//9],
	[3, 3, 3, 2, 2, 2, 1, 3, 1, 1] => QQFieldElem[2//3, -2//3, 1//3, 1//3],
	[3, 3, 3, 2, 3, 1, 1, 4, 1, 1] => QQFieldElem[-13//69, -16//69, -19//69, -28//69],
	[3, 3, 3, 2, 3, 1, 1, 2, 1, 2] => QQFieldElem[-1//3, -1//3, -1//3, -1//3],
	[3, 3, 3, 2, 4, 1, 1, 4, 1, 1] => QQFieldElem[38//23, -24//23, 6//23, 27//23],
	[3, 3, 3, 2, 4, 1, 1, 2, 1, 2] => QQFieldElem[-4, 3, -1, -2],
	[3, 3, 3, 2, 2, 1, 1, 2, 1, 1] => QQFieldElem[-1, 0, -1, -1],
	[3, 3, 3, 2, 3, 1, 1, 3, 1, 1] => QQFieldElem[1//3, -2//3, 1//3, 1//3],
	[3, 3, 3, 2, 2, 2, 1, 2, 1, 1] => QQFieldElem[-17, 9, 0, -13],
	[3, 3, 3, 2, 4, 1, 1, 3, 1, 1] => QQFieldElem[-16//3, 11//3, -4//3, -3],
	[3, 3, 3, 2, 3, 1, 1, 2, 1, 1] => QQFieldElem[-22//9, -34//9, 17//9, 17//9],
	[3, 3, 3, 2, 4, 1, 1, 2, 1, 1] => QQFieldElem[4//3, -2//3, 1//3, 1//3],
	[3, 3, 3, 2, 2, 1, 1, 4, 1, 1] => QQFieldElem[82//207, 16//207, -326//207, -179//207],
	[3, 3, 3, 2, 2, 1, 1, 2, 1, 2] => QQFieldElem[-30, 9, 9, -30])