Dict(
	[3, 3, 3, 3, 2, 1, 1, 1, 1, 1] => QQFieldElem[1//9, 0, 0, 0],
	[3, 3, 3, 3, 2, 1, 1, 3, 1, 1] => QQFieldElem[1//9, -4//27, 2//27, 2//27],
	[3, 3, 3, 3, 1, 1, 1, 4, 1, 1] => QQFieldElem[9, -6, 3, 3],
	[3, 3, 3, 3, 3, 1, 1, 4, 1, 1] => QQFieldElem[-5//3, -2//3, 1//3, 1//3],
	[3, 3, 3, 3, 1, 1, 1, 1, 1, 1] => QQFieldElem[-2, 2, -1, -1],
	[3, 3, 3, 3, 4, 1, 1, 4, 1, 1] => QQFieldElem[4, -4, 2, 2],
	[3, 3, 3, 3, 3, 1, 1, 1, 1, 1] => QQFieldElem[5//9, 2//9, -1//9, -1//9],
	[3, 3, 3, 3, 2, 1, 1, 2, 1, 1] => QQFieldElem[-10//3, 8//3, -4//3, -4//3],
	[3, 3, 3, 3, 1, 1, 1, 3, 1, 1] => QQFieldElem[-5, 14//3, -7//3, -7//3],
	[3, 3, 3, 3, 4, 1, 1, 1, 1, 1] => QQFieldElem[-2//3, 2//3, -1//3, -1//3],
	[3, 3, 3, 3, 3, 1, 1, 3, 1, 1] => QQFieldElem[4//3, -2//3, 1//3, 1//3],
	[3, 3, 3, 3, 4, 1, 1, 3, 1, 1] => QQFieldElem[-4//3, 10//9, -5//9, -5//9],
	[3, 3, 3, 3, 1, 1, 1, 2, 1, 1] => QQFieldElem[45, -36, 18, 18],
	[3, 3, 3, 3, 3, 1, 1, 2, 1, 1] => QQFieldElem[-17//3, 4//3, -2//3, -2//3],
	[3, 3, 3, 3, 4, 1, 1, 2, 1, 1] => QQFieldElem[26, -22, 11, 11],
	[3, 3, 3, 3, 2, 1, 1, 4, 1, 1] => QQFieldElem[-1//3, 2//3, -1//3, -1//3])