Dict(
	[3, 2, 2, 3, 2, 1, 1, 3, 1, 1] => QQFieldElem[-1//9, -1//9, -7//9, -4//9],
	[3, 2, 2, 3, 2, 1, 2, 2, 2, 2] => QQFieldElem[-142, -202//3, 560//3, -757//3],
	[3, 2, 2, 3, 2, 1, 1, 2, 2, 2] => QQFieldElem[-13, 34//3, -17//3, -17//3],
	[3, 2, 2, 3, 1, 1, 1, 4, 1, 1] => QQFieldElem[-8//3, 4//3, 1//3, -2],
	[3, 2, 2, 3, 3, 1, 2, 4, 1, 1] => QQFieldElem[16//9, -11//9, 4//9, 1],
	[3, 2, 2, 3, 3, 1, 2, 2, 1, 2] => QQFieldElem[-7//3, -5//3, 7//3, -10//3],
	[3, 2, 2, 3, 3, 1, 1, 4, 1, 1] => QQFieldElem[1, -1//3, 2//3, 1//3],
	[3, 2, 2, 3, 3, 1, 1, 2, 1, 2] => QQFieldElem[5//3, -1, 0, 2//3],
	[3, 2, 2, 3, 1, 1, 1, 2, 1, 2] => QQFieldElem[61//9, -19//9, -19//9, 61//9],
	[3, 2, 2, 3, 4, 1, 1, 4, 1, 1] => QQFieldElem[5//9, -1//9, -7//9, 2//3],
	[3, 2, 2, 3, 2, 1, 2, 2, 1, 1] => QQFieldElem[2//27, 7//27, -2//27, -1//27],
	[3, 2, 2, 3, 2, 1, 1, 2, 1, 1] => QQFieldElem[-5//27, 5//27, -4//27, -5//27],
	[3, 2, 2, 3, 4, 1, 1, 2, 1, 2] => QQFieldElem[0, 0, 0, 0],
	[3, 2, 2, 3, 1, 1, 1, 3, 1, 1] => QQFieldElem[4//3, -10//9, 5//9, 5//9],
	[3, 2, 2, 3, 3, 1, 2, 3, 1, 1] => QQFieldElem[-25//27, 19//27, -8//27, -16//27],
	[3, 2, 2, 3, 1, 1, 1, 2, 2, 2] => QQFieldElem[1//9, 4//9, -2//9, -2//9],
	[3, 2, 2, 3, 3, 1, 1, 3, 1, 1] => QQFieldElem[-4//3, 4//3, -2//3, -2//3],
	[3, 2, 2, 3, 3, 1, 2, 2, 2, 2] => QQFieldElem[-68//27, -134//27, -17//27, 22//27],
	[3, 2, 2, 3, 3, 1, 1, 2, 2, 2] => QQFieldElem[0, 0, 0, 0],
	[3, 2, 2, 3, 4, 1, 1, 3, 1, 1] => QQFieldElem[-2//27, 11//27, -7//27, 1//27],
	[3, 2, 2, 3, 2, 1, 2, 2, 2, 1] => QQFieldElem[0, 2, -3, 2],
	[3, 2, 2, 3, 4, 1, 1, 2, 2, 2] => QQFieldElem[0, 0, 0, 0],
	[3, 2, 2, 3, 2, 1, 1, 2, 2, 1] => QQFieldElem[297, 112, -353, 499],
	[3, 2, 2, 3, 1, 1, 1, 2, 1, 1] => QQFieldElem[1//3, -2//9, 1//9, 1//9],
	[3, 2, 2, 3, 3, 1, 2, 2, 1, 1] => QQFieldElem[-1//9, -7//9, -7//9, -1//9],
	[3, 2, 2, 3, 3, 1, 1, 2, 1, 1] => QQFieldElem[3, 3, -6, 7],
	[3, 2, 2, 3, 4, 1, 1, 2, 1, 1] => QQFieldElem[0, -2//3, 1//3, 1//3],
	[3, 2, 2, 3, 1, 1, 1, 2, 2, 1] => QQFieldElem[-2//27, 7//27, 22//27, 10//27],
	[3, 2, 2, 3, 3, 1, 2, 2, 2, 1] => QQFieldElem[-7//3, -7//3, 14//3, -10//3],
	[3, 2, 2, 3, 3, 1, 1, 2, 2, 1] => QQFieldElem[-310, -108, 357, -512],
	[3, 2, 2, 3, 2, 1, 2, 2, 1, 2] => QQFieldElem[-120, -12, 99, -168],
	[3, 2, 2, 3, 2, 1, 2, 4, 1, 1] => QQFieldElem[34//3, 107//3, -163//3, 151//3],
	[3, 2, 2, 3, 2, 1, 1, 2, 1, 2] => QQFieldElem[-19199, -8128, 23975, -33140],
	[3, 2, 2, 3, 4, 1, 1, 2, 2, 1] => QQFieldElem[0, -1//3, -4//3, -2//3],
	[3, 2, 2, 3, 2, 1, 1, 4, 1, 1] => QQFieldElem[-4//9, -10//9, -1//9, 2//9],
	[3, 2, 2, 3, 2, 1, 2, 3, 1, 1] => QQFieldElem[263//9, -80//9, -80//9, 263//9])