Dict(
	[4, 2, 2, 3, 2, 1, 2, 3, 1, 1] => QQFieldElem[-23//27, -43//27, 7//27, 14//27],
	[4, 2, 2, 3, 2, 1, 1, 3, 1, 1] => QQFieldElem[2//3, -2//3, 2//3, 1//3],
	[4, 2, 2, 3, 3, 1, 2, 4, 1, 1] => QQFieldElem[-4//9, 0, -1//3, -2//9],
	[4, 2, 2, 3, 3, 1, 2, 2, 1, 2] => QQFieldElem[-1//3, -2//3, 1//3, -1//3],
	[4, 2, 2, 3, 3, 1, 1, 4, 1, 1] => QQFieldElem[1//9, 1//3, 0, -1//9],
	[4, 2, 2, 3, 3, 1, 1, 2, 1, 2] => QQFieldElem[0, -1//3, 1//3, 1//3],
	[4, 2, 2, 3, 2, 1, 2, 2, 1, 1] => QQFieldElem[76, -76, 46, 23],
	[4, 2, 2, 3, 2, 1, 1, 2, 1, 1] => QQFieldElem[-611, -1222, 2018, -2018],
	[4, 2, 2, 3, 3, 1, 2, 3, 1, 1] => QQFieldElem[-7//9, -14//9, -4//9, 1//9],
	[4, 2, 2, 3, 3, 1, 1, 3, 1, 1] => QQFieldElem[14//27, -2//27, -61//27, -32//27],
	[4, 2, 2, 3, 3, 1, 2, 2, 1, 1] => QQFieldElem[1//3, -1, 1//3, 0],
	[4, 2, 2, 3, 3, 1, 1, 2, 1, 1] => QQFieldElem[-43, 0, 30, -56],
	[4, 2, 2, 3, 2, 1, 2, 4, 1, 1] => QQFieldElem[1, -2//3, 0, 1//3],
	[4, 2, 2, 3, 2, 1, 2, 2, 1, 2] => QQFieldElem[-86, 134//3, 5//3, -202//3],
	[4, 2, 2, 3, 2, 1, 1, 4, 1, 1] => QQFieldElem[22//3, -4, 0, 17//3],
	[4, 2, 2, 3, 2, 1, 1, 2, 1, 2] => QQFieldElem[23, -47//3, 13//3, 43//3])