Dict(
	[10, 13, 11, 18, 20, 1, 1, 20, 1, 1] => QQFieldElem[0, 0, 0, 0, 0, -1//4, 0, 0, 0, 0, 0, 0, 1//4, 0, 0, 0],
	[10, 13, 11, 18, 20, 1, 1, 6, 1, 1] => QQFieldElem[0, 0, 0, 0, 1//16, 0, 0, 0, 0, 0, 0, 0, -1//16, 0, 0, 0],
	[10, 13, 11, 18, 19, 1, 1, 19, 1, 1] => QQFieldElem[0, 0, 0, 0, 0, 1//4, 0, 0, 0, 0, 0, 0, 1//4, -1//4, 0, 0],
	[10, 13, 11, 18, 19, 1, 1, 21, 1, 1] => QQFieldElem[0, 0, 0, 0, 0, -1//4, 0, 0, 0, 0, 0, 0, 1//4, 0, 0, 0],
	[10, 13, 11, 18, 19, 1, 1, 20, 1, 1] => QQFieldElem[0, 0, 0, 0, 0, 0, 0, 0, 0, 0, 0, 0, 1//4, 1//4, 0, 0],
	[10, 13, 11, 18, 21, 1, 1, 19, 1, 1] => QQFieldElem[0, 0, 0, 0, 0, -1//4, 0, 0, 0, 0, 0, 0, 1//4, 0, 0, 0],
	[10, 13, 11, 18, 21, 1, 1, 21, 1, 1] => QQFieldElem[0, 0, 0, 0, 0, 0, 0, 0, 0, 0, 0, 0, 1//4, 1//4, 0, 0],
	[10, 13, 11, 18, 19, 1, 1, 6, 1, 1] => QQFieldElem[0, 0, 0, 0, 0, 0, 0, 0, 0, 0, 0, 0, 1//16, 0, 0, 0],
	[10, 13, 11, 18, 14, 1, 1, 19, 1, 1] => QQFieldElem[0, 0, 0, 0, 0, 0, 0, 0, 0, 0, 0, 0, 256//3, 0, 0, 0],
	[10, 13, 11, 18, 14, 1, 1, 21, 1, 1] => QQFieldElem[0, 0, 0, 0, -256//3, 0, 0, 0, 0, 0, 0, 0, 0, 0, 0, 0],
	[10, 13, 11, 18, 20, 1, 1, 19, 1, 1] => QQFieldElem[0, 0, 0, 0, 0, 0, 0, 0, 0, 0, 0, 0, 1//4, 1//4, 0, 0],
	[10, 13, 11, 18, 20, 1, 1, 21, 1, 1] => QQFieldElem[0, 0, 0, 0, 0, 1//4, 0, 0, 0, 0, 0, 0, 1//4, -1//4, 0, 0],
	[10, 13, 11, 18, 21, 1, 1, 20, 1, 1] => QQFieldElem[0, 0, 0, 0, 0, 1//4, 0, 0, 0, 0, 0, 0, 1//4, -1//4, 0, 0],
	[10, 13, 11, 18, 21, 1, 1, 6, 1, 1] => QQFieldElem[0, 0, 0, 0, -1//16, 0, 0, 0, 0, 0, 0, 0, 0, 0, 0, 0],
	[10, 13, 11, 18, 14, 1, 1, 20, 1, 1] => QQFieldElem[0, 0, 0, 0, 256//3, 0, 0, 0, 0, 0, 0, 0, -256//3, 0, 0, 0],
	[10, 13, 11, 18, 14, 1, 1, 6, 1, 1] => QQFieldElem[0, 0, 0, 0, 0, 0, 0, 0, 0, 0, 0, 0, 0, 0, 0, 0])