Dict(
	[10, 13, 10, 18, 20, 1, 1, 19, 1, 1] => QQFieldElem[0, 0, 0, 0, 0, 0, 0, 0, 0, 0, 0, 0, -1//4, 1//4, 0, 0],
	[10, 13, 10, 18, 21, 1, 1, 20, 1, 1] => QQFieldElem[0, 0, 0, 0, 0, 1//4, 0, 0, 0, 0, 0, 0, -1//4, -1//4, 0, 0],
	[10, 13, 10, 18, 20, 1, 1, 21, 1, 1] => QQFieldElem[0, 0, 0, 0, 0, 1//4, 0, 0, 0, 0, 0, 0, -1//4, -1//4, 0, 0],
	[10, 13, 10, 18, 19, 1, 1, 7, 1, 1] => QQFieldElem[0, 0, -1//128, 0, 0, 0, 0, 0, 0, 0, 1//128, 0, 0, 0, 0, 0],
	[10, 13, 10, 18, 20, 1, 1, 20, 1, 1] => QQFieldElem[0, 0, 0, 0, 0, -1//4, 0, 0, 0, 0, 0, 0, -1//4, 0, 0, 0],
	[10, 13, 10, 18, 7, 1, 1, 7, 1, 1] => QQFieldElem[0, 0, 0, 0, 0, 0, 0, 0, 0, 0, 0, 0, 0, 0, 0, 0],
	[10, 13, 10, 18, 19, 1, 1, 19, 1, 1] => QQFieldElem[0, 0, 0, 0, 0, 1//4, 0, 0, 0, 0, 0, 0, -1//4, -1//4, 0, 0],
	[10, 13, 10, 18, 7, 1, 1, 19, 1, 1] => QQFieldElem[0, 0, 0, 0, 0, 0, 0, 0, 0, 0, 0, 0, -256//3, 0, 0, 0],
	[10, 13, 10, 18, 19, 1, 1, 21, 1, 1] => QQFieldElem[0, 0, 0, 0, 0, -1//4, 0, 0, 0, 0, 0, 0, -1//4, 0, 0, 0],
	[10, 13, 10, 18, 7, 1, 1, 21, 1, 1] => QQFieldElem[0, 0, 0, 0, 256//3, 0, 0, 0, 0, 0, 0, 0, 0, 0, 0, 0],
	[10, 13, 10, 18, 21, 1, 1, 7, 1, 1] => QQFieldElem[0, 0, 0, 0, 0, 0, 0, 0, 0, 0, -1//128, 0, 0, 0, 0, 0],
	[10, 13, 10, 18, 21, 1, 1, 19, 1, 1] => QQFieldElem[0, 0, 0, 0, 0, -1//4, 0, 0, 0, 0, 0, 0, -1//4, 0, 0, 0],
	[10, 13, 10, 18, 19, 1, 1, 20, 1, 1] => QQFieldElem[0, 0, 0, 0, 0, 0, 0, 0, 0, 0, 0, 0, -1//4, 1//4, 0, 0],
	[10, 13, 10, 18, 21, 1, 1, 21, 1, 1] => QQFieldElem[0, 0, 0, 0, 0, 0, 0, 0, 0, 0, 0, 0, -1//4, 1//4, 0, 0],
	[10, 13, 10, 18, 7, 1, 1, 20, 1, 1] => QQFieldElem[0, 0, 0, 0, -256//3, 0, 0, 0, 0, 0, 0, 0, 256//3, 0, 0, 0],
	[10, 13, 10, 18, 20, 1, 1, 7, 1, 1] => QQFieldElem[0, 0, 1//128, 0, 0, 0, 0, 0, 0, 0, 0, 0, 0, 0, 0, 0])