Dict(
	[10, 11, 13, 17, 20, 1, 1, 14, 1, 1] => QQFieldElem[0, 0, -3//1024, 0, 0, 0, 0, 0, 0, 0, 0, 0, 0, 0, 0, 0],
	[10, 11, 13, 17, 19, 1, 1, 20, 1, 1] => QQFieldElem[0, 1//4, 0, 0, 0, 0, 0, 0, 0, 0, 0, 0, 1//4, 0, 0, 0],
	[10, 11, 13, 17, 21, 1, 1, 19, 1, 1] => QQFieldElem[0, -1//4, 0, 0, 0, 0, 0, 0, 0, 1//4, 0, 0, 1//4, 0, 0, 0],
	[10, 11, 13, 17, 21, 1, 1, 21, 1, 1] => QQFieldElem[0, 1//4, 0, 0, 0, 0, 0, 0, 0, 0, 0, 0, 1//4, 0, 0, 0],
	[10, 11, 13, 17, 14, 1, 1, 19, 1, 1] => QQFieldElem[0, 0, 0, 0, 0, 0, 0, 0, 0, 0, 0, 0, -32, 0, 0, 0],
	[10, 11, 13, 17, 14, 1, 1, 21, 1, 1] => QQFieldElem[0, 0, 0, 0, 32, 0, 0, 0, 0, 0, 0, 0, 0, 0, 0, 0],
	[10, 11, 13, 17, 20, 1, 1, 19, 1, 1] => QQFieldElem[0, 1//4, 0, 0, 0, 0, 0, 0, 0, 0, 0, 0, 1//4, 0, 0, 0],
	[10, 11, 13, 17, 21, 1, 1, 20, 1, 1] => QQFieldElem[0, 0, 0, 0, 0, 0, 0, 0, 0, -1//4, 0, 0, 1//4, 0, 0, 0],
	[10, 11, 13, 17, 20, 1, 1, 21, 1, 1] => QQFieldElem[0, 0, 0, 0, 0, 0, 0, 0, 0, -1//4, 0, 0, 1//4, 0, 0, 0],
	[10, 11, 13, 17, 19, 1, 1, 14, 1, 1] => QQFieldElem[0, 0, 3//1024, 0, 0, 0, 0, 0, 0, 0, -3//1024, 0, 0, 0, 0, 0],
	[10, 11, 13, 17, 14, 1, 1, 20, 1, 1] => QQFieldElem[0, 0, 0, 0, -32, 0, 0, 0, 0, 0, 0, 0, 32, 0, 0, 0],
	[10, 11, 13, 17, 20, 1, 1, 20, 1, 1] => QQFieldElem[0, -1//4, 0, 0, 0, 0, 0, 0, 0, 1//4, 0, 0, 1//4, 0, 0, 0],
	[10, 11, 13, 17, 21, 1, 1, 14, 1, 1] => QQFieldElem[0, 0, 0, 0, 0, 0, 0, 0, 0, 0, 3//1024, 0, 0, 0, 0, 0],
	[10, 11, 13, 17, 19, 1, 1, 19, 1, 1] => QQFieldElem[0, 0, 0, 0, 0, 0, 0, 0, 0, -1//4, 0, 0, 1//4, 0, 0, 0],
	[10, 11, 13, 17, 19, 1, 1, 21, 1, 1] => QQFieldElem[0, -1//4, 0, 0, 0, 0, 0, 0, 0, 1//4, 0, 0, 1//4, 0, 0, 0],
	[10, 11, 13, 17, 14, 1, 1, 14, 1, 1] => QQFieldElem[0, 0, 0, 0, 0, 0, 0, 0, 0, 0, 0, 0, 0, 0, 0, 0])