Dict(
	[10, 13, 10, 17, 20, 1, 1, 6, 1, 1] => QQFieldElem[0, 0, -1//128, 0, 0, 0, 0, 0, 0, 0, 0, 0, 0, 0, 0, 0],
	[10, 13, 10, 17, 19, 1, 1, 19, 1, 1] => QQFieldElem[0, 0, 0, 0, 0, 0, 0, 0, 0, 1//4, 0, 0, -1//4, 0, 0, 0],
	[10, 13, 10, 17, 6, 1, 1, 6, 1, 1] => QQFieldElem[0, 0, 0, 0, 0, 0, 0, 0, 0, 0, 0, 0, 0, 0, 0, 0],
	[10, 13, 10, 17, 19, 1, 1, 21, 1, 1] => QQFieldElem[0, 1//4, 0, 0, 0, 0, 0, 0, 0, -1//4, 0, 0, -1//4, 0, 0, 0],
	[10, 13, 10, 17, 21, 1, 1, 19, 1, 1] => QQFieldElem[0, 1//4, 0, 0, 0, 0, 0, 0, 0, -1//4, 0, 0, -1//4, 0, 0, 0],
	[10, 13, 10, 17, 19, 1, 1, 20, 1, 1] => QQFieldElem[0, -1//4, 0, 0, 0, 0, 0, 0, 0, 0, 0, 0, -1//4, 0, 0, 0],
	[10, 13, 10, 17, 21, 1, 1, 21, 1, 1] => QQFieldElem[0, -1//4, 0, 0, 0, 0, 0, 0, 0, 0, 0, 0, -1//4, 0, 0, 0],
	[10, 13, 10, 17, 19, 1, 1, 6, 1, 1] => QQFieldElem[0, 0, 1//128, 0, 0, 0, 0, 0, 0, 0, -1//128, 0, 0, 0, 0, 0],
	[10, 13, 10, 17, 20, 1, 1, 19, 1, 1] => QQFieldElem[0, -1//4, 0, 0, 0, 0, 0, 0, 0, 0, 0, 0, -1//4, 0, 0, 0],
	[10, 13, 10, 17, 6, 1, 1, 19, 1, 1] => QQFieldElem[0, 0, 0, 0, 0, 0, 0, 0, 0, 0, 0, 0, -256//3, 0, 0, 0],
	[10, 13, 10, 17, 21, 1, 1, 20, 1, 1] => QQFieldElem[0, 0, 0, 0, 0, 0, 0, 0, 0, 1//4, 0, 0, -1//4, 0, 0, 0],
	[10, 13, 10, 17, 20, 1, 1, 21, 1, 1] => QQFieldElem[0, 0, 0, 0, 0, 0, 0, 0, 0, 1//4, 0, 0, -1//4, 0, 0, 0],
	[10, 13, 10, 17, 6, 1, 1, 21, 1, 1] => QQFieldElem[0, 0, 0, 0, 256//3, 0, 0, 0, 0, 0, 0, 0, 0, 0, 0, 0],
	[10, 13, 10, 17, 21, 1, 1, 6, 1, 1] => QQFieldElem[0, 0, 0, 0, 0, 0, 0, 0, 0, 0, 1//128, 0, 0, 0, 0, 0],
	[10, 13, 10, 17, 20, 1, 1, 20, 1, 1] => QQFieldElem[0, 1//4, 0, 0, 0, 0, 0, 0, 0, -1//4, 0, 0, -1//4, 0, 0, 0],
	[10, 13, 10, 17, 6, 1, 1, 20, 1, 1] => QQFieldElem[0, 0, 0, 0, -256//3, 0, 0, 0, 0, 0, 0, 0, 256//3, 0, 0, 0])