Dict(
	[10, 10, 10, 12, 4, 1, 1, 4, 1, 1] => QQFieldElem[0, 0, 0, 0, 0, 0, 0, 0, 0, 0, 0, 0, 0, 0, 0, 0],
	[10, 10, 10, 12, 21, 1, 1, 8, 1, 1] => QQFieldElem[0, 0, 0, 0, 0, 0, 0, 0, 0, 0, 0, 0, 0, 0, 0, 0],
	[10, 10, 10, 12, 20, 1, 1, 20, 1, 1] => QQFieldElem[-1//3, 0, 0, 0, 0, 0, 0, 0, 2//3, 0, 0, 0, 0, 0, 0, 0],
	[10, 10, 10, 12, 19, 1, 1, 5, 1, 1] => QQFieldElem[1//96, 0, 0, 0, 0, 0, 0, 0, 0, 0, 0, 0, 0, 0, 0, 0],
	[10, 10, 10, 12, 9, 1, 1, 20, 1, 1] => QQFieldElem[0, 0, 0, 0, 0, 0, 0, 0, 0, 0, 0, 0, 0, 0, 0, 0],
	[10, 10, 10, 12, 19, 1, 1, 19, 1, 1] => QQFieldElem[0, 0, 0, 0, 0, 0, 0, 0, 0, 0, 0, 0, 0, 0, 0, 0],
	[10, 10, 10, 12, 5, 1, 1, 21, 1, 1] => QQFieldElem[9//16, 0, 0, 0, 0, 0, 0, 0, 0, 0, 0, 0, 0, 0, 0, 0],
	[10, 10, 10, 12, 8, 1, 1, 5, 1, 1] => QQFieldElem[-256//9, 0, 0, 0, 0, 0, 0, 0, 0, 0, 0, 0, 0, 0, 0, 0],
	[10, 10, 10, 12, 5, 1, 1, 9, 1, 1] => QQFieldElem[0, 0, 0, 0, 0, 0, -9//1024, 0, 0, 0, 0, 0, 0, 0, 0, 0],
	[10, 10, 10, 12, 8, 1, 1, 19, 1, 1] => QQFieldElem[0, 0, 0, 0, 0, 0, 0, 0, 0, 0, 0, 0, 0, 0, 0, 0],
	[10, 10, 10, 12, 20, 1, 1, 4, 1, 1] => QQFieldElem[1//96, 0, 0, 0, 0, 0, 0, 0, 0, 0, 0, 0, 0, 0, 0, 0],
	[10, 10, 10, 12, 21, 1, 1, 21, 1, 1] => QQFieldElem[1//3, 0, 0, 0, 0, 0, 0, 0, -2//3, 0, 0, 0, 0, 0, 0, 0],
	[10, 10, 10, 12, 9, 1, 1, 4, 1, 1] => QQFieldElem[256//9, 0, 0, 0, 0, 0, 0, 0, 0, 0, 0, 0, 0, 0, 0, 0],
	[10, 10, 10, 12, 19, 1, 1, 8, 1, 1] => QQFieldElem[0, 0, 0, 0, 0, 0, 0, 0, 0, 0, 0, 0, 0, 0, 0, 0],
	[10, 10, 10, 12, 21, 1, 1, 9, 1, 1] => QQFieldElem[0, 0, 0, 0, 0, 0, 0, 0, 0, 0, 0, 0, 0, 0, 0, 0],
	[10, 10, 10, 12, 8, 1, 1, 8, 1, 1] => QQFieldElem[0, 0, -128//9, 0, 0, 0, 0, 0, 0, 0, 128//9, 0, 0, 0, 0, 0],
	[10, 10, 10, 12, 4, 1, 1, 5, 1, 1] => QQFieldElem[0, 0, 0, 0, 0, 0, 0, 0, 0, 0, 0, 0, 0, 0, 0, 0],
	[10, 10, 10, 12, 4, 1, 1, 19, 1, 1] => QQFieldElem[9//16, 0, 0, 0, 0, 0, 0, 0, 0, 0, 0, 0, 0, 0, 0, 0],
	[10, 10, 10, 12, 19, 1, 1, 21, 1, 1] => QQFieldElem[-1//3, 0, 0, 0, 0, 0, 0, 0, 2//3, 0, 0, 0, 0, 0, 0, 0],
	[10, 10, 10, 12, 19, 1, 1, 9, 1, 1] => QQFieldElem[0, 0, 0, 0, 0, 0, 0, 0, 0, 0, 0, 0, 0, 0, 0, 0],
	[10, 10, 10, 12, 8, 1, 1, 21, 1, 1] => QQFieldElem[0, 0, 0, 0, 0, 0, 0, 0, 0, 0, 0, 0, 0, 0, 0, 0],
	[10, 10, 10, 12, 5, 1, 1, 20, 1, 1] => QQFieldElem[9//16, 0, 0, 0, 0, 0, 0, 0, 0, 0, 0, 0, 0, 0, 0, 0],
	[10, 10, 10, 12, 8, 1, 1, 9, 1, 1] => QQFieldElem[0, 0, -128//9, 0, 0, 0, 0, 0, 0, 0, 128//9, 0, 0, 0, 0, 0],
	[10, 10, 10, 12, 4, 1, 1, 8, 1, 1] => QQFieldElem[0, 0, 0, 0, 0, 0, -9//1024, 0, 0, 0, 0, 0, 0, 0, 0, 0],
	[10, 10, 10, 12, 20, 1, 1, 5, 1, 1] => QQFieldElem[1//96, 0, 0, 0, 0, 0, 0, 0, 0, 0, 0, 0, 0, 0, 0, 0],
	[10, 10, 10, 12, 9, 1, 1, 5, 1, 1] => QQFieldElem[-256//9, 0, 0, 0, 0, 0, 0, 0, 0, 0, 0, 0, 0, 0, 0, 0],
	[10, 10, 10, 12, 20, 1, 1, 19, 1, 1] => QQFieldElem[1//3, 0, 0, 0, 0, 0, 0, 0, -2//3, 0, 0, 0, 0, 0, 0, 0],
	[10, 10, 10, 12, 21, 1, 1, 20, 1, 1] => QQFieldElem[0, 0, 0, 0, 0, 0, 0, 0, 0, 0, 0, 0, 0, 0, 0, 0],
	[10, 10, 10, 12, 9, 1, 1, 19, 1, 1] => QQFieldElem[0, 0, 0, 0, 0, 0, 0, 0, 0, 0, 0, 0, 0, 0, 0, 0],
	[10, 10, 10, 12, 5, 1, 1, 4, 1, 1] => QQFieldElem[0, 0, 0, 0, 0, 0, 0, 0, 0, 0, 0, 0, 0, 0, 0, 0],
	[10, 10, 10, 12, 4, 1, 1, 21, 1, 1] => QQFieldElem[9//16, 0, 0, 0, 0, 0, 0, 0, 0, 0, 0, 0, 0, 0, 0, 0],
	[10, 10, 10, 12, 20, 1, 1, 8, 1, 1] => QQFieldElem[0, 0, 0, 0, 0, 0, 0, 0, 0, 0, 0, 0, 0, 0, 0, 0],
	[10, 10, 10, 12, 4, 1, 1, 9, 1, 1] => QQFieldElem[0, 0, 0, 0, 0, 0, 9//1024, 0, 0, 0, 0, 0, 0, 0, 0, 0],
	[10, 10, 10, 12, 9, 1, 1, 8, 1, 1] => QQFieldElem[0, 0, 128//9, 0, 0, 0, 0, 0, 0, 0, -128//9, 0, 0, 0, 0, 0],
	[10, 10, 10, 12, 21, 1, 1, 4, 1, 1] => QQFieldElem[1//96, 0, 0, 0, 0, 0, 0, 0, 0, 0, 0, 0, 0, 0, 0, 0],
	[10, 10, 10, 12, 19, 1, 1, 20, 1, 1] => QQFieldElem[1//3, 0, 0, 0, 0, 0, 0, 0, -2//3, 0, 0, 0, 0, 0, 0, 0],
	[10, 10, 10, 12, 8, 1, 1, 20, 1, 1] => QQFieldElem[0, 0, 0, 0, 0, 0, 0, 0, 0, 0, 0, 0, 0, 0, 0, 0],
	[10, 10, 10, 12, 20, 1, 1, 21, 1, 1] => QQFieldElem[0, 0, 0, 0, 0, 0, 0, 0, 0, 0, 0, 0, 0, 0, 0, 0],
	[10, 10, 10, 12, 20, 1, 1, 9, 1, 1] => QQFieldElem[0, 0, 0, 0, 0, 0, 0, 0, 0, 0, 0, 0, 0, 0, 0, 0],
	[10, 10, 10, 12, 9, 1, 1, 21, 1, 1] => QQFieldElem[0, 0, 0, 0, 0, 0, 0, 0, 0, 0, 0, 0, 0, 0, 0, 0],
	[10, 10, 10, 12, 9, 1, 1, 9, 1, 1] => QQFieldElem[0, 0, 128//9, 0, 0, 0, 0, 0, 0, 0, -128//9, 0, 0, 0, 0, 0],
	[10, 10, 10, 12, 19, 1, 1, 4, 1, 1] => QQFieldElem[1//96, 0, 0, 0, 0, 0, 0, 0, 0, 0, 0, 0, 0, 0, 0, 0],
	[10, 10, 10, 12, 5, 1, 1, 5, 1, 1] => QQFieldElem[0, 0, 0, 0, 0, 0, 0, 0, 0, 0, 0, 0, 0, 0, 0, 0],
	[10, 10, 10, 12, 5, 1, 1, 19, 1, 1] => QQFieldElem[9//16, 0, 0, 0, 0, 0, 0, 0, 0, 0, 0, 0, 0, 0, 0, 0],
	[10, 10, 10, 12, 8, 1, 1, 4, 1, 1] => QQFieldElem[256//9, 0, 0, 0, 0, 0, 0, 0, 0, 0, 0, 0, 0, 0, 0, 0],
	[10, 10, 10, 12, 21, 1, 1, 5, 1, 1] => QQFieldElem[1//96, 0, 0, 0, 0, 0, 0, 0, 0, 0, 0, 0, 0, 0, 0, 0],
	[10, 10, 10, 12, 4, 1, 1, 20, 1, 1] => QQFieldElem[9//16, 0, 0, 0, 0, 0, 0, 0, 0, 0, 0, 0, 0, 0, 0, 0],
	[10, 10, 10, 12, 21, 1, 1, 19, 1, 1] => QQFieldElem[-1//3, 0, 0, 0, 0, 0, 0, 0, 2//3, 0, 0, 0, 0, 0, 0, 0],
	[10, 10, 10, 12, 5, 1, 1, 8, 1, 1] => QQFieldElem[0, 0, 0, 0, 0, 0, 9//1024, 0, 0, 0, 0, 0, 0, 0, 0, 0])