Dict(
	[10, 14, 16, 14, 18, 1, 1, 13, 1, 1] => QQFieldElem[0, 0, 0, -1//3, 0, 0, 0, 0, 0, 0, 0, 0, 0, 0, 0, 0],
	[10, 14, 16, 14, 16, 1, 1, 10, 1, 1] => QQFieldElem[0, 0, 0, 0, 0, 3//256, 0, 0, 0, 0, 0, 0, 0, -3//256, 0, 0],
	[10, 14, 16, 14, 12, 1, 1, 16, 1, 1] => QQFieldElem[0, 0, 0, 0, 0, 3, 0, 0, 0, 0, 0, 0, 0, -3, 0, 0],
	[10, 14, 16, 14, 11, 1, 1, 13, 1, 1] => QQFieldElem[0, 0, 0, 0, 0, 0, 0, 0, 0, 0, 0, 0, 0, 0, 0, 0],
	[10, 14, 16, 14, 16, 1, 1, 18, 1, 1] => QQFieldElem[0, 0, 0, 0, 0, 0, 0, 0, 0, 0, 0, 0, 0, 0, 0, 0],
	[10, 14, 16, 14, 12, 1, 1, 10, 1, 1] => QQFieldElem[0, 0, 0, 0, 0, 0, 0, 0, 0, 0, 0, 0, 0, 0, 0, 0],
	[10, 14, 16, 14, 12, 1, 1, 18, 1, 1] => QQFieldElem[0, 0, 0, 0, 0, 3, 0, 0, 0, 0, 0, 0, 0, -3, 0, 0],
	[10, 14, 16, 14, 18, 1, 1, 16, 1, 1] => QQFieldElem[0, 0, 0, 0, 0, 0, 0, 0, 0, 0, 0, 0, 0, 0, 0, 0],
	[10, 14, 16, 14, 16, 1, 1, 13, 1, 1] => QQFieldElem[0, 0, 0, 1//3, 0, 0, 0, 0, 0, 0, 0, 0, 0, 0, 0, 0],
	[10, 14, 16, 14, 11, 1, 1, 16, 1, 1] => QQFieldElem[0, 0, 0, -3//2, 0, 0, 0, 0, 0, 0, 0, 0, 0, 0, 0, 0],
	[10, 14, 16, 14, 18, 1, 1, 10, 1, 1] => QQFieldElem[0, 0, 0, 0, 0, 3//256, 0, 0, 0, 0, 0, 0, 0, -3//256, 0, 0],
	[10, 14, 16, 14, 11, 1, 1, 10, 1, 1] => QQFieldElem[0, 0, 0, 0, 0, 0, 0, 0, 0, 0, 0, 0, 0, 0, 0, 0],
	[10, 14, 16, 14, 12, 1, 1, 13, 1, 1] => QQFieldElem[0, 0, 0, 0, 0, 0, 0, 0, 0, 0, 0, 0, 0, 0, 0, 0],
	[10, 14, 16, 14, 18, 1, 1, 18, 1, 1] => QQFieldElem[0, 0, 0, 0, 0, 0, 0, 0, 0, 0, 0, 0, 0, 0, 0, 0],
	[10, 14, 16, 14, 11, 1, 1, 18, 1, 1] => QQFieldElem[0, 0, 0, 3//2, 0, 0, 0, 0, 0, 0, 0, 0, 0, 0, 0, 0],
	[10, 14, 16, 14, 16, 1, 1, 16, 1, 1] => QQFieldElem[0, 0, 0, 0, 0, 0, 0, 0, 0, 0, 0, 0, 0, 0, 0, 0])