Dict(
	[10, 11, 14, 14, 11, 1, 1, 3, 1, 2] => QQFieldElem[0, 0, 0, 0, 0, 0, 0, 0, 0, 0, 0, 0, 0, 0, 0, 0],
	[10, 11, 14, 14, 18, 1, 1, 14, 1, 1] => QQFieldElem[0, 0, 0, -36, 0, 0, 0, 0, 0, 0, 0, 0, 0, 0, 0, 0],
	[10, 11, 14, 14, 16, 1, 1, 14, 1, 2] => QQFieldElem[0, 0, 0, 0, 0, 0, 27//16, 0, 0, 0, 0, 0, 0, 0, 0, 0],
	[10, 11, 14, 14, 15, 1, 1, 3, 1, 2] => QQFieldElem[0, 0, 0, 0, 0, 0, 0, 0, 0, 0, 0, 0, 0, 0, 0, 0],
	[10, 11, 14, 14, 17, 1, 1, 14, 1, 2] => QQFieldElem[0, 0, 0, 0, 0, 0, 0, 0, 0, 0, 0, 0, 0, 0, 0, 0],
	[10, 11, 14, 14, 18, 1, 1, 4, 1, 1] => QQFieldElem[0, 0, 0, 0, 0, -32, 0, 0, 0, 0, 0, 0, 0, 32, 0, 0],
	[10, 11, 14, 14, 11, 1, 1, 14, 1, 1] => QQFieldElem[256//3, 0, 0, 0, 0, 0, 0, 0, 0, 0, 0, 0, 0, 0, 0, 0],
	[10, 11, 14, 14, 18, 1, 1, 1, 1, 1] => QQFieldElem[0, 0, 0, 0, 0, 0, 0, 0, 0, 0, 0, 0, 0, 0, 0, 0],
	[10, 11, 14, 14, 15, 1, 1, 14, 1, 1] => QQFieldElem[0, 0, 0, 0, 0, 0, 0, 0, 0, 0, 0, 0, 0, 0, 0, 36],
	[10, 11, 14, 14, 11, 1, 1, 4, 1, 1] => QQFieldElem[256//3, 0, 0, 0, 0, 0, 0, 0, 0, 0, 0, 0, 0, 0, 0, 0],
	[10, 11, 14, 14, 12, 1, 1, 14, 1, 2] => QQFieldElem[0, 0, 0, 0, 0, 0, 0, 0, 0, 0, 0, 0, 0, 0, 0, 0],
	[10, 11, 14, 14, 11, 1, 1, 1, 1, 1] => QQFieldElem[-16//27, 0, 0, 0, 0, 0, 0, 0, 0, 0, 0, 0, 0, 0, 0, 0],
	[10, 11, 14, 14, 15, 1, 1, 4, 1, 1] => QQFieldElem[9//16, 0, 0, 0, 0, 0, 0, 0, 0, 0, 0, 0, 0, 0, 0, 0],
	[10, 11, 14, 14, 18, 1, 1, 3, 1, 1] => QQFieldElem[0, 0, 0, 0, 0, 0, 0, 0, 0, 0, 0, 0, 0, 0, 0, -36],
	[10, 11, 14, 14, 16, 1, 1, 3, 1, 2] => QQFieldElem[0, 0, 0, 0, 0, 0, -27//16, 0, 0, 0, 0, 0, 0, 0, 0, 0],
	[10, 11, 14, 14, 17, 1, 1, 3, 1, 2] => QQFieldElem[0, 0, 0, 0, 0, 0, 0, 0, 0, 0, 0, 0, 0, 0, 0, 0],
	[10, 11, 14, 14, 15, 1, 1, 1, 1, 1] => QQFieldElem[1//128, 0, 0, 0, 0, 0, 0, 0, 0, 0, 0, 0, 0, 0, 0, 0],
	[10, 11, 14, 14, 11, 1, 1, 3, 1, 1] => QQFieldElem[2048//81, 0, 0, 0, 0, 0, 0, 0, 0, 0, 0, 0, 0, 0, 0, 0],
	[10, 11, 14, 14, 16, 1, 1, 14, 1, 1] => QQFieldElem[256//3, 0, 0, 0, 0, 0, 0, 0, 0, 0, 0, 0, 0, 0, 0, 0],
	[10, 11, 14, 14, 17, 1, 1, 14, 1, 1] => QQFieldElem[9//16, 0, 0, 0, 0, 0, 0, 0, 0, 0, 0, 0, 0, 0, 0, 0],
	[10, 11, 14, 14, 15, 1, 1, 3, 1, 1] => QQFieldElem[0, 0, 0, 0, 0, 0, 0, 0, 0, 0, 0, 0, 0, 0, 0, 0],
	[10, 11, 14, 14, 12, 1, 1, 3, 1, 2] => QQFieldElem[1//3, 0, 0, 0, 0, 0, 0, 0, 0, 0, 0, 0, 0, 0, 0, 0],
	[10, 11, 14, 14, 16, 1, 1, 4, 1, 1] => QQFieldElem[0, 0, 0, 0, 0, 0, 0, 0, 0, 0, 0, 0, 0, 0, 0, 0],
	[10, 11, 14, 14, 17, 1, 1, 4, 1, 1] => QQFieldElem[0, 0, 0, 36, 0, 0, 0, 0, 0, 0, 0, 0, 0, 0, 0, 0],
	[10, 11, 14, 14, 18, 1, 1, 14, 1, 2] => QQFieldElem[0, 0, 0, 0, 0, 32, 0, 0, 0, 0, 0, 0, 0, -32, 0, 0],
	[10, 11, 14, 14, 16, 1, 1, 1, 1, 1] => QQFieldElem[1//128, 0, 0, 0, 0, 0, 0, 0, 0, 0, 0, 0, 0, 0, 0, 0],
	[10, 11, 14, 14, 17, 1, 1, 1, 1, 1] => QQFieldElem[0, 0, 0, 0, 0, 0, 0, 0, 0, 0, 0, 0, 0, 0, 0, 0],
	[10, 11, 14, 14, 12, 1, 1, 14, 1, 1] => QQFieldElem[9//16, 0, 0, 0, 0, 0, 0, 0, 0, 0, 0, 0, 0, 0, 0, 0],
	[10, 11, 14, 14, 11, 1, 1, 14, 1, 2] => QQFieldElem[0, 0, 0, 0, 0, 0, -27//16, 0, 0, 0, 0, 0, 0, 0, 0, 0],
	[10, 11, 14, 14, 16, 1, 1, 3, 1, 1] => QQFieldElem[256//3, 0, 0, 0, 0, 0, 0, 0, 0, 0, 0, 0, 0, 0, 0, 0],
	[10, 11, 14, 14, 12, 1, 1, 4, 1, 1] => QQFieldElem[0, 0, 0, 0, 0, 0, 27//16, 0, 0, 0, 0, 0, 0, 0, 0, 0],
	[10, 11, 14, 14, 17, 1, 1, 3, 1, 1] => QQFieldElem[9//16, 0, 0, 0, 0, 0, 0, 0, 0, 0, 0, 0, 0, 0, 0, 0],
	[10, 11, 14, 14, 15, 1, 1, 14, 1, 2] => QQFieldElem[0, 0, 0, 0, 0, 0, 0, 0, 0, 32, 0, 0, 0, 0, 0, 0],
	[10, 11, 14, 14, 12, 1, 1, 1, 1, 1] => QQFieldElem[0, 0, 0, 0, 0, 0, 0, 0, 0, 0, 0, 0, 0, 0, 0, 0],
	[10, 11, 14, 14, 18, 1, 1, 3, 1, 2] => QQFieldElem[0, 0, 0, 0, 0, 0, 0, 0, 0, -32, 0, 0, 0, 0, 0, 0],
	[10, 11, 14, 14, 12, 1, 1, 3, 1, 1] => QQFieldElem[-1//3, 0, 0, 0, 0, 0, 0, 0, 0, 0, 0, 0, 0, 0, 0, 0])