Dict(
	[10, 13, 12, 15, 20, 1, 1, 7, 1, 1] => QQFieldElem[0, 0, 1//256, 0, 0, 0, 0, 0, 0, 0, 0, 0, 0, 0, 0, 0],
	[10, 13, 12, 15, 21, 1, 1, 21, 1, 1] => QQFieldElem[0, 1//4, 0, 0, 0, 0, 0, 0, 0, 0, 0, 0, -1//4, 0, 0, 0],
	[10, 13, 12, 15, 14, 1, 1, 19, 1, 1] => QQFieldElem[0, 0, 0, 0, 0, 0, 0, 0, 0, 0, 0, 0, 256//3, 0, 0, 0],
	[10, 13, 12, 15, 14, 1, 1, 21, 1, 1] => QQFieldElem[0, 0, 0, 0, -256//3, 0, 0, 0, 0, 0, 0, 0, 0, 0, 0, 0],
	[10, 13, 12, 15, 20, 1, 1, 19, 1, 1] => QQFieldElem[0, 1//4, 0, 0, 0, 0, 0, 0, 0, 0, 0, 0, -1//4, 0, 0, 0],
	[10, 13, 12, 15, 21, 1, 1, 20, 1, 1] => QQFieldElem[0, 0, 0, 0, 0, 0, 0, 0, 0, -1//4, 0, 0, -1//4, 0, 0, 0],
	[10, 13, 12, 15, 20, 1, 1, 21, 1, 1] => QQFieldElem[0, 0, 0, 0, 0, 0, 0, 0, 0, -1//4, 0, 0, -1//4, 0, 0, 0],
	[10, 13, 12, 15, 14, 1, 1, 20, 1, 1] => QQFieldElem[0, 0, 0, 0, 256//3, 0, 0, 0, 0, 0, 0, 0, -256//3, 0, 0, 0],
	[10, 13, 12, 15, 19, 1, 1, 7, 1, 1] => QQFieldElem[0, 0, -1//256, 0, 0, 0, 0, 0, 0, 0, 1//256, 0, 0, 0, 0, 0],
	[10, 13, 12, 15, 20, 1, 1, 20, 1, 1] => QQFieldElem[0, -1//4, 0, 0, 0, 0, 0, 0, 0, 1//4, 0, 0, -1//4, 0, 0, 0],
	[10, 13, 12, 15, 19, 1, 1, 19, 1, 1] => QQFieldElem[0, 0, 0, 0, 0, 0, 0, 0, 0, -1//4, 0, 0, -1//4, 0, 0, 0],
	[10, 13, 12, 15, 19, 1, 1, 21, 1, 1] => QQFieldElem[0, -1//4, 0, 0, 0, 0, 0, 0, 0, 1//4, 0, 0, -1//4, 0, 0, 0],
	[10, 13, 12, 15, 21, 1, 1, 7, 1, 1] => QQFieldElem[0, 0, 0, 0, 0, 0, 0, 0, 0, 0, -1//256, 0, 0, 0, 0, 0],
	[10, 13, 12, 15, 14, 1, 1, 7, 1, 1] => QQFieldElem[0, 0, 0, 0, 0, 0, 0, 0, 0, 0, 0, 0, 0, 0, 0, 0],
	[10, 13, 12, 15, 21, 1, 1, 19, 1, 1] => QQFieldElem[0, -1//4, 0, 0, 0, 0, 0, 0, 0, 1//4, 0, 0, -1//4, 0, 0, 0],
	[10, 13, 12, 15, 19, 1, 1, 20, 1, 1] => QQFieldElem[0, 1//4, 0, 0, 0, 0, 0, 0, 0, 0, 0, 0, -1//4, 0, 0, 0])