Dict(
	[10, 11, 10, 10, 4, 1, 1, 21, 1, 1] => QQFieldElem[0, 0, 0, 0, 0, 0, 0, 0, 0, 0, 0, 0, 0, 0, 0, 0],
	[10, 11, 10, 10, 21, 1, 1, 14, 1, 1] => QQFieldElem[0, 0, 0, 0, 0, 0, 0, 0, 0, 0, 0, 0, 0, 0, 0, 0],
	[10, 11, 10, 10, 21, 1, 1, 4, 1, 1] => QQFieldElem[0, 0, 0, 0, 0, 0, 0, 0, 0, 0, 0, 0, 0, 0, 0, 0],
	[10, 11, 10, 10, 14, 1, 1, 14, 1, 1] => QQFieldElem[0, 0, 0, 0, 0, 0, 0, 0, 0, 0, 0, 0, 0, 0, 0, 0],
	[10, 11, 10, 10, 3, 1, 1, 20, 1, 1] => QQFieldElem[9//16, 0, 0, 0, 0, 0, 0, 0, 0, 0, 0, 0, 0, 0, 0, 0],
	[10, 11, 10, 10, 14, 1, 1, 4, 1, 1] => QQFieldElem[-128//3, 0, 0, 0, 0, 0, 0, 0, 0, 0, 0, 0, 0, 0, 0, 0],
	[10, 11, 10, 10, 21, 1, 1, 3, 1, 1] => QQFieldElem[-1//192, 0, 0, 0, 0, 0, 0, 0, 0, 0, 0, 0, 0, 0, 0, 0],
	[10, 11, 10, 10, 19, 1, 1, 20, 1, 1] => QQFieldElem[-1//4, 0, 0, 0, 0, 0, 0, 0, 0, 0, 0, 0, 0, 0, 0, 0],
	[10, 11, 10, 10, 14, 1, 1, 3, 1, 1] => QQFieldElem[256//9, 0, 0, 0, 0, 0, 0, 0, 0, 0, 0, 0, 0, 0, 0, 0],
	[10, 11, 10, 10, 20, 1, 1, 1, 1, 1] => QQFieldElem[1//512, 0, 0, 0, 0, 0, 0, 0, 0, 0, 0, 0, 0, 0, 0, 0],
	[10, 11, 10, 10, 3, 1, 1, 14, 1, 1] => QQFieldElem[-1//3, 0, 0, 0, 0, 0, 0, 0, 0, 0, 0, 0, 0, 0, 0, 0],
	[10, 11, 10, 10, 3, 1, 1, 4, 1, 1] => QQFieldElem[-9//512, 0, 0, 0, 0, 0, 0, 0, 0, 0, 0, 0, 0, 0, 0, 0],
	[10, 11, 10, 10, 20, 1, 1, 21, 1, 1] => QQFieldElem[1//2, 0, 0, 0, 0, 0, 0, 0, 0, 0, 0, 0, 0, 0, 0, 0],
	[10, 11, 10, 10, 19, 1, 1, 14, 1, 1] => QQFieldElem[0, 0, 0, 0, 0, 0, 0, 0, 0, 0, 0, 0, 0, 0, 0, 0],
	[10, 11, 10, 10, 19, 1, 1, 4, 1, 1] => QQFieldElem[0, 0, 0, 0, 0, 0, 0, 0, 0, 0, 0, 0, 0, 0, 0, 0],
	[10, 11, 10, 10, 3, 1, 1, 3, 1, 1] => QQFieldElem[-3//256, 0, 0, 0, 0, 0, 0, 0, 0, 0, 0, 0, 0, 0, 0, 0],
	[10, 11, 10, 10, 19, 1, 1, 3, 1, 1] => QQFieldElem[-1//192, 0, 0, 0, 0, 0, 0, 0, 0, 0, 0, 0, 0, 0, 0, 0],
	[10, 11, 10, 10, 1, 1, 1, 20, 1, 1] => QQFieldElem[256//3, 0, 0, 0, 0, 0, 0, 0, 0, 0, 0, 0, 0, 0, 0, 0],
	[10, 11, 10, 10, 4, 1, 1, 20, 1, 1] => QQFieldElem[0, 0, 0, 0, 0, 0, 0, 0, 0, 0, 0, 0, 0, 0, 0, 0],
	[10, 11, 10, 10, 21, 1, 1, 19, 1, 1] => QQFieldElem[-1//4, 0, 0, 0, 0, 0, 0, 0, 0, 0, 0, 0, 0, 0, 0, 0],
	[10, 11, 10, 10, 14, 1, 1, 19, 1, 1] => QQFieldElem[0, 0, 0, 0, 0, 0, 0, 0, 0, 0, 0, 0, 0, 0, 0, 0],
	[10, 11, 10, 10, 1, 1, 1, 14, 1, 1] => QQFieldElem[2048//81, 0, 0, 0, 0, 0, 0, 0, 0, 0, 0, 0, 0, 0, 0, 0],
	[10, 11, 10, 10, 1, 1, 1, 4, 1, 1] => QQFieldElem[4//3, 0, 0, 0, 0, 0, 0, 0, 0, 0, 0, 0, 0, 0, 0, 0],
	[10, 11, 10, 10, 4, 1, 1, 14, 1, 1] => QQFieldElem[1//3, 0, 0, 0, 0, 0, 0, 0, 0, 0, 0, 0, 0, 0, 0, 0],
	[10, 11, 10, 10, 4, 1, 1, 4, 1, 1] => QQFieldElem[-9//512, 0, 0, 0, 0, 0, 0, 0, 0, 0, 0, 0, 0, 0, 0, 0],
	[10, 11, 10, 10, 1, 1, 1, 3, 1, 1] => QQFieldElem[8//9, 0, 0, 0, 0, 0, 0, 0, 0, 0, 0, 0, 0, 0, 0, 0],
	[10, 11, 10, 10, 3, 1, 1, 19, 1, 1] => QQFieldElem[9//16, 0, 0, 0, 0, 0, 0, 0, 0, 0, 0, 0, 0, 0, 0, 0],
	[10, 11, 10, 10, 4, 1, 1, 3, 1, 1] => QQFieldElem[-3//256, 0, 0, 0, 0, 0, 0, 0, 0, 0, 0, 0, 0, 0, 0, 0],
	[10, 11, 10, 10, 20, 1, 1, 20, 1, 1] => QQFieldElem[-1//4, 0, 0, 0, 0, 0, 0, 0, 0, 0, 0, 0, 0, 0, 0, 0],
	[10, 11, 10, 10, 19, 1, 1, 19, 1, 1] => QQFieldElem[1//2, 0, 0, 0, 0, 0, 0, 0, 0, 0, 0, 0, 0, 0, 0, 0],
	[10, 11, 10, 10, 21, 1, 1, 1, 1, 1] => QQFieldElem[1//512, 0, 0, 0, 0, 0, 0, 0, 0, 0, 0, 0, 0, 0, 0, 0],
	[10, 11, 10, 10, 20, 1, 1, 14, 1, 1] => QQFieldElem[0, 0, 0, 0, 0, 0, 0, 0, 0, 0, 0, 0, 0, 0, 0, 0],
	[10, 11, 10, 10, 14, 1, 1, 1, 1, 1] => QQFieldElem[16//3, 0, 0, 0, 0, 0, 0, 0, 0, 0, 0, 0, 0, 0, 0, 0],
	[10, 11, 10, 10, 20, 1, 1, 4, 1, 1] => QQFieldElem[0, 0, 0, 0, 0, 0, 0, 0, 0, 0, 0, 0, 0, 0, 0, 0],
	[10, 11, 10, 10, 21, 1, 1, 21, 1, 1] => QQFieldElem[-1//4, 0, 0, 0, 0, 0, 0, 0, 0, 0, 0, 0, 0, 0, 0, 0],
	[10, 11, 10, 10, 14, 1, 1, 21, 1, 1] => QQFieldElem[0, 0, 0, 0, 0, 0, 0, 0, 0, 0, 0, 0, 0, 0, 0, 0],
	[10, 11, 10, 10, 20, 1, 1, 3, 1, 1] => QQFieldElem[-1//192, 0, 0, 0, 0, 0, 0, 0, 0, 0, 0, 0, 0, 0, 0, 0],
	[10, 11, 10, 10, 3, 1, 1, 1, 1, 1] => QQFieldElem[-9//4096, 0, 0, 0, 0, 0, 0, 0, 0, 0, 0, 0, 0, 0, 0, 0],
	[10, 11, 10, 10, 1, 1, 1, 19, 1, 1] => QQFieldElem[256//3, 0, 0, 0, 0, 0, 0, 0, 0, 0, 0, 0, 0, 0, 0, 0],
	[10, 11, 10, 10, 19, 1, 1, 1, 1, 1] => QQFieldElem[1//512, 0, 0, 0, 0, 0, 0, 0, 0, 0, 0, 0, 0, 0, 0, 0],
	[10, 11, 10, 10, 3, 1, 1, 21, 1, 1] => QQFieldElem[9//16, 0, 0, 0, 0, 0, 0, 0, 0, 0, 0, 0, 0, 0, 0, 0],
	[10, 11, 10, 10, 4, 1, 1, 19, 1, 1] => QQFieldElem[0, 0, 0, 0, 0, 0, 0, 0, 0, 0, 0, 0, 0, 0, 0, 0],
	[10, 11, 10, 10, 19, 1, 1, 21, 1, 1] => QQFieldElem[-1//4, 0, 0, 0, 0, 0, 0, 0, 0, 0, 0, 0, 0, 0, 0, 0],
	[10, 11, 10, 10, 20, 1, 1, 19, 1, 1] => QQFieldElem[-1//4, 0, 0, 0, 0, 0, 0, 0, 0, 0, 0, 0, 0, 0, 0, 0],
	[10, 11, 10, 10, 21, 1, 1, 20, 1, 1] => QQFieldElem[1//2, 0, 0, 0, 0, 0, 0, 0, 0, 0, 0, 0, 0, 0, 0, 0],
	[10, 11, 10, 10, 1, 1, 1, 1, 1, 1] => QQFieldElem[1//6, 0, 0, 0, 0, 0, 0, 0, 0, 0, 0, 0, 0, 0, 0, 0],
	[10, 11, 10, 10, 14, 1, 1, 20, 1, 1] => QQFieldElem[0, 0, 0, 0, 0, 0, 0, 0, 0, 0, 0, 0, 0, 0, 0, 0],
	[10, 11, 10, 10, 4, 1, 1, 1, 1, 1] => QQFieldElem[-9//4096, 0, 0, 0, 0, 0, 0, 0, 0, 0, 0, 0, 0, 0, 0, 0],
	[10, 11, 10, 10, 1, 1, 1, 21, 1, 1] => QQFieldElem[256//3, 0, 0, 0, 0, 0, 0, 0, 0, 0, 0, 0, 0, 0, 0, 0])