Dict(
	[10, 14, 14, 10, 4, 1, 1, 15, 1, 1] => QQFieldElem[1//128, 0, 0, 0, 0, 0, 0, 0, 0, 0, 0, 0, 0, 0, 0, 0],
	[10, 14, 14, 10, 14, 1, 2, 18, 1, 1] => QQFieldElem[0, 0, 0, -1//6, 0, 0, 0, 0, 0, 0, 0, 0, 0, 0, 0, 0],
	[10, 14, 14, 10, 14, 1, 1, 18, 1, 1] => QQFieldElem[0, 0, 0, 0, 0, 0, 0, 0, 0, 0, 0, 0, 0, 0, 0, 1//6],
	[10, 14, 14, 10, 1, 1, 1, 16, 1, 1] => QQFieldElem[0, 0, 0, 0, 0, 0, 0, 0, 0, 0, 0, 0, -3//64, 0, 0, 0],
	[10, 14, 14, 10, 3, 1, 2, 16, 1, 1] => QQFieldElem[0, 0, 0, 0, 0, 0, 0, 0, 0, 0, 0, 0, 0, 0, 0, 0],
	[10, 14, 14, 10, 14, 1, 2, 17, 1, 1] => QQFieldElem[0, 0, 0, 0, 0, -4//27, 0, 0, 0, 0, 0, 0, 0, 4//27, 0, 0],
	[10, 14, 14, 10, 3, 1, 1, 16, 1, 1] => QQFieldElem[-9//32, 0, 0, 0, 0, 0, 0, 0, 0, 0, 0, 0, 0, 0, 0, 0],
	[10, 14, 14, 10, 14, 1, 1, 17, 1, 1] => QQFieldElem[0, 0, 0, 0, 0, 0, 0, 0, 0, -4//27, 0, 0, 0, 0, 0, 0],
	[10, 14, 14, 10, 4, 1, 1, 16, 1, 1] => QQFieldElem[0, 0, 0, 0, 0, 0, 0, 0, 0, 0, 0, 0, 0, 0, 0, 0],
	[10, 14, 14, 10, 1, 1, 1, 10, 1, 1] => QQFieldElem[0, 0, 0, 0, 0, 0, 0, 0, 0, 0, 0, 0, -3//512, 0, 0, 0],
	[10, 14, 14, 10, 3, 1, 2, 10, 1, 1] => QQFieldElem[0, 0, -1//768, 0, 0, 0, 0, 0, 0, 0, 1//768, 0, 0, 0, 0, 0],
	[10, 14, 14, 10, 14, 1, 2, 13, 1, 1] => QQFieldElem[0, 0, 1//288, 0, 0, 0, 0, 0, 0, 0, -1//288, 0, 0, 0, 0, 0],
	[10, 14, 14, 10, 3, 1, 1, 10, 1, 1] => QQFieldElem[9//256, 0, 0, 0, 0, 0, 0, 0, 0, 0, 0, 0, 0, 0, 0, 0],
	[10, 14, 14, 10, 14, 1, 1, 13, 1, 1] => QQFieldElem[0, 0, -1//288, 0, 0, 0, 0, 0, 0, 0, 1//288, 0, 0, 0, 0, 0],
	[10, 14, 14, 10, 4, 1, 1, 10, 1, 1] => QQFieldElem[0, 0, 1//768, 0, 0, 0, 0, 0, 0, 0, -1//768, 0, 0, 0, 0, 0],
	[10, 14, 14, 10, 1, 1, 1, 18, 1, 1] => QQFieldElem[0, 0, 0, 0, 0, 0, 0, 0, 0, 0, 0, 0, 0, 0, 0, 0],
	[10, 14, 14, 10, 3, 1, 2, 18, 1, 1] => QQFieldElem[0, 0, 0, 0, 0, 0, 0, 0, 0, 0, 0, 0, 0, 0, 0, -1//6],
	[10, 14, 14, 10, 14, 1, 2, 15, 1, 1] => QQFieldElem[1//128, 0, 0, 0, 0, 0, 0, 0, 0, 0, 0, 0, 0, 0, 0, 0],
	[10, 14, 14, 10, 3, 1, 1, 18, 1, 1] => QQFieldElem[0, 0, 0, 0, 0, 0, 0, 0, 0, 0, 0, 0, 0, 0, 0, 0],
	[10, 14, 14, 10, 14, 1, 1, 15, 1, 1] => QQFieldElem[1//128, 0, 0, 0, 0, 0, 0, 0, 0, 0, 0, 0, 0, 0, 0, 0],
	[10, 14, 14, 10, 1, 1, 1, 17, 1, 1] => QQFieldElem[0, 0, 0, 0, 0, 0, 0, 0, 0, 0, 0, 0, 0, 0, 0, 0],
	[10, 14, 14, 10, 3, 1, 2, 17, 1, 1] => QQFieldElem[0, 0, 0, 0, 0, 0, 0, 0, 0, 4//27, 0, 0, 0, 0, 0, 0],
	[10, 14, 14, 10, 4, 1, 1, 18, 1, 1] => QQFieldElem[0, 0, 0, 1//6, 0, 0, 0, 0, 0, 0, 0, 0, 0, 0, 0, 0],
	[10, 14, 14, 10, 3, 1, 1, 17, 1, 1] => QQFieldElem[0, 0, 0, 0, 0, 0, 0, 0, 0, 0, 0, 0, 0, 0, 0, 0],
	[10, 14, 14, 10, 4, 1, 1, 17, 1, 1] => QQFieldElem[0, 0, 0, 0, 0, 4//27, 0, 0, 0, 0, 0, 0, 0, -4//27, 0, 0],
	[10, 14, 14, 10, 1, 1, 1, 13, 1, 1] => QQFieldElem[0, 0, 0, 0, 0, 0, 0, 0, 0, 0, 0, 0, 1//32, 0, 0, 0],
	[10, 14, 14, 10, 3, 1, 2, 13, 1, 1] => QQFieldElem[0, 0, -1//288, 0, 0, 0, 0, 0, 0, 0, 1//288, 0, 0, 0, 0, 0],
	[10, 14, 14, 10, 14, 1, 1, 16, 1, 1] => QQFieldElem[0, 0, 0, 0, 0, 0, 0, 0, 0, 0, 0, 0, 0, 0, 0, 0],
	[10, 14, 14, 10, 14, 1, 2, 16, 1, 1] => QQFieldElem[0, 0, 0, 0, 0, 0, 0, 0, 0, 0, 0, 0, 0, 0, 0, 0],
	[10, 14, 14, 10, 3, 1, 1, 13, 1, 1] => QQFieldElem[-3//16, 0, 0, 0, 0, 0, 0, 0, 0, 0, 0, 0, 0, 0, 0, 0],
	[10, 14, 14, 10, 4, 1, 1, 13, 1, 1] => QQFieldElem[0, 0, 1//288, 0, 0, 0, 0, 0, 0, 0, -1//288, 0, 0, 0, 0, 0],
	[10, 14, 14, 10, 1, 1, 1, 15, 1, 1] => QQFieldElem[0, 0, 0, 0, 0, 0, 0, 0, 0, 0, 0, 0, 0, 0, 0, 0],
	[10, 14, 14, 10, 3, 1, 2, 15, 1, 1] => QQFieldElem[1//128, 0, 0, 0, 0, 0, 0, 0, 0, 0, 0, 0, 0, 0, 0, 0],
	[10, 14, 14, 10, 14, 1, 2, 10, 1, 1] => QQFieldElem[0, 0, 1//768, 0, 0, 0, 0, 0, 0, 0, -1//768, 0, 0, 0, 0, 0],
	[10, 14, 14, 10, 3, 1, 1, 15, 1, 1] => QQFieldElem[0, 0, 0, 0, 0, 0, 0, 0, 0, 0, 0, 0, 0, 0, 0, 0],
	[10, 14, 14, 10, 14, 1, 1, 10, 1, 1] => QQFieldElem[0, 0, -1//768, 0, 0, 0, 0, 0, 0, 0, 1//768, 0, 0, 0, 0, 0])