Dict(
	[10, 13, 17, 10, 19, 1, 1, 19, 1, 1] => QQFieldElem[0, 0, 0, 0, 0, 0, 0, 0, 0, 0, 0, 0, -1//4, 0, 0, -1//4],
	[10, 13, 17, 10, 19, 1, 1, 21, 1, 1] => QQFieldElem[0, 0, 0, 0, 0, 0, 0, 1//4, 0, 0, 0, 0, -1//4, 0, 0, 0],
	[10, 13, 17, 10, 21, 1, 1, 7, 1, 1] => QQFieldElem[0, 0, 0, 0, -1//6, 0, 0, 0, 0, 0, 0, 0, 1//6, 0, 0, 0],
	[10, 13, 17, 10, 14, 1, 1, 7, 1, 1] => QQFieldElem[0, 0, 0, 0, 0, 0, 0, 0, 0, 0, 0, 0, 0, 0, 0, 0],
	[10, 13, 17, 10, 21, 1, 1, 19, 1, 1] => QQFieldElem[0, 0, 0, 0, 0, 0, 0, 1//4, 0, 0, 0, 0, -1//4, 0, 0, 0],
	[10, 13, 17, 10, 19, 1, 1, 20, 1, 1] => QQFieldElem[0, 0, 0, 0, 0, 0, 0, -1//4, 0, 0, 0, 0, -1//4, 0, 0, 1//4],
	[10, 13, 17, 10, 20, 1, 1, 7, 1, 1] => QQFieldElem[0, 0, 0, 0, 1//6, 0, 0, 0, 0, 0, 0, 0, 0, 0, 0, 0],
	[10, 13, 17, 10, 21, 1, 1, 21, 1, 1] => QQFieldElem[0, 0, 0, 0, 0, 0, 0, -1//4, 0, 0, 0, 0, -1//4, 0, 0, 1//4],
	[10, 13, 17, 10, 14, 1, 1, 19, 1, 1] => QQFieldElem[0, 0, 0, 0, 0, 0, 256//3, 0, 0, 0, 0, 0, 0, 0, 0, 0],
	[10, 13, 17, 10, 14, 1, 1, 21, 1, 1] => QQFieldElem[0, 0, 0, 0, 0, 0, 0, 0, 0, 0, 0, 0, 0, 0, -256//3, 0],
	[10, 13, 17, 10, 20, 1, 1, 19, 1, 1] => QQFieldElem[0, 0, 0, 0, 0, 0, 0, -1//4, 0, 0, 0, 0, -1//4, 0, 0, 1//4],
	[10, 13, 17, 10, 21, 1, 1, 20, 1, 1] => QQFieldElem[0, 0, 0, 0, 0, 0, 0, 0, 0, 0, 0, 0, -1//4, 0, 0, -1//4],
	[10, 13, 17, 10, 20, 1, 1, 21, 1, 1] => QQFieldElem[0, 0, 0, 0, 0, 0, 0, 0, 0, 0, 0, 0, -1//4, 0, 0, -1//4],
	[10, 13, 17, 10, 14, 1, 1, 20, 1, 1] => QQFieldElem[0, 0, 0, 0, 0, 0, -256//3, 0, 0, 0, 0, 0, 0, 0, 256//3, 0],
	[10, 13, 17, 10, 19, 1, 1, 7, 1, 1] => QQFieldElem[0, 0, 0, 0, 0, 0, 0, 0, 0, 0, 0, 0, -1//6, 0, 0, 0],
	[10, 13, 17, 10, 20, 1, 1, 20, 1, 1] => QQFieldElem[0, 0, 0, 0, 0, 0, 0, 1//4, 0, 0, 0, 0, -1//4, 0, 0, 0])