Dict(
	[10, 17, 13, 15, 14, 1, 1, 21, 1, 1] => QQFieldElem[0, 0, 0, 0, 0, 0, 0, 0, 0, 0, 0, 0, 0, 0, -1, 0],
	[10, 17, 13, 15, 20, 1, 1, 19, 1, 1] => QQFieldElem[0, 0, 0, 0, -1//3, 0, 1//3, 0, 0, 0, 0, 0, 1//3, 0, 0, 0],
	[10, 17, 13, 15, 20, 1, 1, 21, 1, 1] => QQFieldElem[0, 0, 0, 0, 0, 0, 1//3, 0, 0, 0, 0, 0, -1//3, 0, 0, 0],
	[10, 17, 13, 15, 21, 1, 1, 20, 1, 1] => QQFieldElem[0, 0, 0, 0, 0, 0, 1//3, 0, 0, 0, 0, 0, -1//3, 0, 0, 0],
	[10, 17, 13, 15, 19, 1, 1, 14, 1, 1] => QQFieldElem[0, 0, 0, 0, 0, 0, 1//3, 0, 0, 0, 0, 0, 0, 0, 0, 0],
	[10, 17, 13, 15, 14, 1, 1, 20, 1, 1] => QQFieldElem[0, 0, 0, 0, 0, 0, -1, 0, 0, 0, 0, 0, 0, 0, 1, 0],
	[10, 17, 13, 15, 20, 1, 1, 20, 1, 1] => QQFieldElem[0, 0, 0, 0, 1//3, 0, 1//3, 0, 0, 0, 0, 0, 0, 0, 0, 0],
	[10, 17, 13, 15, 21, 1, 1, 14, 1, 1] => QQFieldElem[0, 0, 0, 0, 0, 0, 0, 0, 0, 0, 0, 0, 0, 0, -1//3, 0],
	[10, 17, 13, 15, 19, 1, 1, 19, 1, 1] => QQFieldElem[0, 0, 0, 0, 0, 0, 1//3, 0, 0, 0, 0, 0, -1//3, 0, 0, 0],
	[10, 17, 13, 15, 19, 1, 1, 21, 1, 1] => QQFieldElem[0, 0, 0, 0, 1//3, 0, 1//3, 0, 0, 0, 0, 0, 0, 0, 0, 0],
	[10, 17, 13, 15, 14, 1, 1, 14, 1, 1] => QQFieldElem[0, 0, 0, 0, 0, 0, 0, 0, 0, 0, 0, 0, 0, 0, 0, 0],
	[10, 17, 13, 15, 20, 1, 1, 14, 1, 1] => QQFieldElem[0, 0, 0, 0, 0, 0, -1//3, 0, 0, 0, 0, 0, 0, 0, 1//3, 0],
	[10, 17, 13, 15, 21, 1, 1, 19, 1, 1] => QQFieldElem[0, 0, 0, 0, 1//3, 0, 1//3, 0, 0, 0, 0, 0, 0, 0, 0, 0],
	[10, 17, 13, 15, 19, 1, 1, 20, 1, 1] => QQFieldElem[0, 0, 0, 0, -1//3, 0, 1//3, 0, 0, 0, 0, 0, 1//3, 0, 0, 0],
	[10, 17, 13, 15, 21, 1, 1, 21, 1, 1] => QQFieldElem[0, 0, 0, 0, -1//3, 0, 1//3, 0, 0, 0, 0, 0, 1//3, 0, 0, 0],
	[10, 17, 13, 15, 14, 1, 1, 19, 1, 1] => QQFieldElem[0, 0, 0, 0, 0, 0, 1, 0, 0, 0, 0, 0, 0, 0, 0, 0])