Dict(
	[10, 12, 18, 16, 8, 1, 1, 19, 1, 1] => QQFieldElem[9//8, 0, 0, 0, 0, 0, 0, 0, 0, 0, 0, 0, 0, 0, 0, 0],
	[10, 12, 18, 16, 19, 1, 1, 2, 1, 1] => QQFieldElem[0, 0, 0, 0, 0, 0, 0, 0, 0, 1//6, 0, 0, -1//6, 0, 0, 1//6],
	[10, 12, 18, 16, 8, 1, 1, 21, 1, 1] => QQFieldElem[9//8, 0, 0, 0, 0, 0, 0, 0, 0, 0, 0, 0, 0, 0, 0, 0],
	[10, 12, 18, 16, 7, 1, 1, 2, 1, 1] => QQFieldElem[0, 0, 512//9, 512//9, 0, -512//9, -512//9, 0, 0, -512//9, -512//9, 0, 512//9, 512//9, 0, -512//9],
	[10, 12, 18, 16, 21, 1, 1, 3, 1, 1] => QQFieldElem[0, -1//6, 0, 0, 0, 0, 0, 1//6, 0, 1//6, 0, 0, 1//6, 0, 0, 0],
	[10, 12, 18, 16, 20, 1, 1, 14, 1, 1] => QQFieldElem[0, 0, 0, 0, 0, 0, 0, 0, 0, 0, 0, 0, 0, 0, 0, 0],
	[10, 12, 18, 16, 21, 1, 1, 19, 1, 1] => QQFieldElem[0, 0, 0, 1//3, 0, -1//3, 0, 0, 0, 0, -1//3, -1//3, 0, 0, -1//3, 0],
	[10, 12, 18, 16, 19, 1, 1, 20, 1, 1] => QQFieldElem[1//3, 0, 0, 0, 0, 0, 0, 0, -2//3, 0, -1//3, 1//3, 0, 1//3, -1//3, 0],
	[10, 12, 18, 16, 21, 1, 1, 21, 1, 1] => QQFieldElem[-1//3, 0, -1//3, 0, 0, 0, 1//3, 0, 2//3, 0, 1//3, 1//3, 0, 1//3, 0, 0],
	[10, 12, 18, 16, 8, 1, 1, 2, 1, 1] => QQFieldElem[9//16, 0, 0, 0, 0, 0, 0, 0, 0, 0, 0, 0, 0, 0, 0, 0],
	[10, 12, 18, 16, 7, 1, 1, 20, 1, 1] => QQFieldElem[0, 0, -2048//9, -2048//9, 0, 2048//9, 2048//9, 0, 0, 2048//9, 2048//9, 0, -2048//9, -2048//9, 0, 2048//9],
	[10, 12, 18, 16, 14, 1, 1, 3, 1, 1] => QQFieldElem[0, 0, 0, 0, 0, -3//4, 0, 0, 0, 0, 0, 0, 0, 3//4, 0, 0],
	[10, 12, 18, 16, 14, 1, 1, 19, 1, 1] => QQFieldElem[0, 0, 0, 0, 0, 0, 0, 0, 0, 0, 0, 0, 0, 0, 0, 0],
	[10, 12, 18, 16, 14, 1, 1, 21, 1, 1] => QQFieldElem[0, 0, 0, 0, 0, 0, 0, 0, 0, 0, 0, 0, 0, 0, 0, 0],
	[10, 12, 18, 16, 8, 1, 1, 20, 1, 1] => QQFieldElem[9//8, 0, 0, 0, 0, 0, 0, 0, 0, 0, 0, 0, 0, 0, 0, 0],
	[10, 12, 18, 16, 20, 1, 1, 3, 1, 1] => QQFieldElem[0, 1//6, 0, 0, 0, 0, 0, -1//6, 0, 0, 0, 0, 1//6, 0, 0, 1//6],
	[10, 12, 18, 16, 21, 1, 1, 2, 1, 1] => QQFieldElem[0, 1//6, 0, 0, 0, 0, 0, -1//6, 0, -1//6, 0, 0, -1//6, 0, 0, 0],
	[10, 12, 18, 16, 20, 1, 1, 19, 1, 1] => QQFieldElem[0, 0, 1//3, 0, 0, 0, -1//3, 0, 0, 0, 0, 1//3, 0, 1//3, 1//3, 0],
	[10, 12, 18, 16, 21, 1, 1, 20, 1, 1] => QQFieldElem[1//3, 0, 1//3, -1//3, 0, 1//3, -1//3, 0, -2//3, 0, 0, 0, 0, -1//3, 1//3, 0],
	[10, 12, 18, 16, 20, 1, 1, 21, 1, 1] => QQFieldElem[-1//3, 0, 0, -1//3, 0, 1//3, 0, 0, 2//3, 0, -1//3, 0, 0, -1//3, -1//3, 0],
	[10, 12, 18, 16, 14, 1, 1, 2, 1, 1] => QQFieldElem[0, 0, 0, 0, 0, -3//4, 0, 0, 0, 0, 0, 0, 0, 3//4, 0, 0],
	[10, 12, 18, 16, 19, 1, 1, 14, 1, 1] => QQFieldElem[0, 0, 0, 0, 0, 0, 0, 0, 0, 0, 0, 0, 0, 0, 0, 0],
	[10, 12, 18, 16, 14, 1, 1, 20, 1, 1] => QQFieldElem[0, 0, 0, 0, 0, 0, 0, 0, 0, 0, 0, 0, 0, 0, 0, 0],
	[10, 12, 18, 16, 20, 1, 1, 2, 1, 1] => QQFieldElem[0, -1//6, 0, 0, 0, 0, 0, 1//6, 0, 0, 0, 0, -1//6, 0, 0, -1//6],
	[10, 12, 18, 16, 7, 1, 1, 14, 1, 1] => QQFieldElem[0, 0, 1024//9, 1024//9, 0, -1024//9, -1024//9, 0, 0, -1024//9, -1024//9, 0, 1024//9, 1024//9, 0, -1024//9],
	[10, 12, 18, 16, 20, 1, 1, 20, 1, 1] => QQFieldElem[1//3, 0, -1//3, 1//3, 0, -1//3, 1//3, 0, -2//3, 0, 1//3, -1//3, 0, 0, 0, 0],
	[10, 12, 18, 16, 8, 1, 1, 14, 1, 1] => QQFieldElem[9//8, 0, 0, 0, 0, 0, 0, 0, 0, 0, 0, 0, 0, 0, 0, 0],
	[10, 12, 18, 16, 19, 1, 1, 3, 1, 1] => QQFieldElem[0, 0, 0, 0, 0, 0, 0, 0, 0, -1//6, 0, 0, 1//6, 0, 0, -1//6],
	[10, 12, 18, 16, 21, 1, 1, 14, 1, 1] => QQFieldElem[0, 0, 0, 0, 0, 0, 0, 0, 0, 0, 0, 0, 0, 0, 0, 0],
	[10, 12, 18, 16, 19, 1, 1, 19, 1, 1] => QQFieldElem[0, 0, -1//3, -1//3, 0, 1//3, 1//3, 0, 0, 0, 1//3, 0, 0, -1//3, 0, 0],
	[10, 12, 18, 16, 7, 1, 1, 3, 1, 1] => QQFieldElem[0, 0, 512//9, 512//9, 0, -512//9, -512//9, 0, 0, -512//9, -512//9, 0, 512//9, 512//9, 0, -512//9],
	[10, 12, 18, 16, 7, 1, 1, 19, 1, 1] => QQFieldElem[0, 0, -2048//9, -2048//9, 0, 2048//9, 2048//9, 0, 0, 2048//9, 2048//9, 0, -2048//9, -2048//9, 0, 2048//9],
	[10, 12, 18, 16, 19, 1, 1, 21, 1, 1] => QQFieldElem[-1//3, 0, 1//3, 1//3, 0, -1//3, -1//3, 0, 2//3, 0, 0, -1//3, 0, 0, 1//3, 0],
	[10, 12, 18, 16, 14, 1, 1, 14, 1, 1] => QQFieldElem[0, 0, 0, 0, 0, 3//2, 0, 0, 0, 0, 0, 0, 0, -3//2, 0, 0],
	[10, 12, 18, 16, 7, 1, 1, 21, 1, 1] => QQFieldElem[0, 0, -2048//9, -2048//9, 0, 2048//9, 2048//9, 0, 0, 2048//9, 2048//9, 0, -2048//9, -2048//9, 0, 2048//9],
	[10, 12, 18, 16, 8, 1, 1, 3, 1, 1] => QQFieldElem[9//16, 0, 0, 0, 0, 0, 0, 0, 0, 0, 0, 0, 0, 0, 0, 0])