Dict(
	[10, 10, 19, 19, 13, 1, 1, 20, 1, 1] => QQFieldElem[-64//3, 0, -64//3, 0, 0, 0, 0, 0, 0, 0, 64//3, 0, 0, 0, 0, 0],
	[10, 10, 19, 19, 18, 1, 1, 8, 1, 1] => QQFieldElem[0, 0, 0, 0, 0, 0, 0, 0, 0, 0, 0, 0, 1//6, 0, 0, 0],
	[10, 10, 19, 19, 13, 1, 1, 19, 1, 2] => QQFieldElem[0, 1//3, 0, 0, 0, 0, 0, 1//3, 0, 0, 0, 0, 0, 0, 0, -1//3],
	[10, 10, 19, 19, 16, 1, 1, 20, 1, 1] => QQFieldElem[0, 0, 0, 0, 0, 0, 0, 0, 0, 1//3, 0, 0, 0, 0, 0, -1//3],
	[10, 10, 19, 19, 13, 1, 1, 4, 1, 1] => QQFieldElem[0, 0, 0, 0, 0, 0, 32//3, 0, 0, 0, 0, 0, 32//3, 0, 0, 0],
	[10, 10, 19, 19, 10, 1, 1, 21, 1, 1] => QQFieldElem[0, 0, 0, 0, 0, 0, 0, 0, 0, 0, 0, 0, 0, 0, 0, 0],
	[10, 10, 19, 19, 10, 1, 1, 9, 1, 1] => QQFieldElem[9//16, 0, 0, 0, 0, 0, 0, 0, 0, 0, 0, 0, 0, 0, 0, 0],
	[10, 10, 19, 19, 12, 1, 1, 20, 1, 1] => QQFieldElem[64//3, 0, -64//3, 0, 0, 0, 0, 0, 0, 0, 64//3, 0, 0, 0, 0, 0],
	[10, 10, 19, 19, 11, 1, 1, 5, 1, 1] => QQFieldElem[0, 0, 0, 0, 0, 0, 0, 0, 0, 0, 0, 0, 0, 0, 0, 0],
	[10, 10, 19, 19, 16, 1, 1, 19, 1, 2] => QQFieldElem[64//3, 0, 64//3, 0, 0, 0, 0, 0, 0, 0, -64//3, 0, 0, 0, 0, 0],
	[10, 10, 19, 19, 18, 1, 1, 21, 1, 1] => QQFieldElem[0, 0, 0, 0, 0, 0, 0, 0, 0, 0, 0, -1//3, 0, 1//3, 0, 0],
	[10, 10, 19, 19, 15, 1, 1, 5, 1, 1] => QQFieldElem[-1//2, 0, 0, 0, 0, 0, 0, 0, 0, 0, 0, 0, -1//6, 0, 0, 0],
	[10, 10, 19, 19, 11, 1, 1, 19, 1, 1] => QQFieldElem[64//3, 0, -64//3, 0, 0, 0, 0, 0, 0, 0, 64//3, 0, 0, 0, 0, 0],
	[10, 10, 19, 19, 18, 1, 1, 9, 1, 1] => QQFieldElem[0, 0, 0, 0, 0, 0, 0, 0, 0, 0, 0, 0, -1//6, 0, 0, 0],
	[10, 10, 19, 19, 15, 1, 1, 19, 1, 1] => QQFieldElem[0, 0, 0, 0, 0, 0, 0, 0, 0, 0, 0, 0, 0, 0, 0, 0],
	[10, 10, 19, 19, 16, 1, 1, 4, 1, 1] => QQFieldElem[1//2, 0, 0, 0, 0, 0, 0, 0, 0, 0, 0, 0, 1//6, 0, 0, 0],
	[10, 10, 19, 19, 12, 1, 1, 19, 1, 2] => QQFieldElem[0, 0, 0, 0, 0, 0, 0, 0, 0, -1//3, 0, 0, 0, 0, 0, 1//3],
	[10, 10, 19, 19, 17, 1, 1, 5, 1, 1] => QQFieldElem[0, 0, 0, 0, 0, 0, 0, 0, 0, 0, 0, 0, -1//6, 0, 0, 0],
	[10, 10, 19, 19, 12, 1, 1, 4, 1, 1] => QQFieldElem[0, 0, 0, 0, 0, 0, -32//3, 0, 0, 0, 0, 0, 32//3, 0, 0, 0],
	[10, 10, 19, 19, 17, 1, 1, 19, 1, 1] => QQFieldElem[0, 0, 0, -1//3, 0, -1//3, 0, 0, 0, 0, 0, 0, 0, 1//3, 0, 0],
	[10, 10, 19, 19, 11, 1, 1, 8, 1, 1] => QQFieldElem[0, 0, 0, 0, 0, 0, 0, 0, 0, 0, 0, 0, 0, 0, 0, 0],
	[10, 10, 19, 19, 15, 1, 1, 8, 1, 1] => QQFieldElem[1//2, 0, 0, 0, 0, 0, 0, 0, 0, 0, 0, 0, 1//6, 0, 0, 0],
	[10, 10, 19, 19, 13, 1, 1, 5, 1, 1] => QQFieldElem[0, 0, 0, 0, 0, 0, -32//3, 0, 0, 0, 0, 0, -32//3, 0, 0, 0],
	[10, 10, 19, 19, 17, 1, 1, 8, 1, 1] => QQFieldElem[0, 0, 0, 0, 0, 0, 0, 0, 0, 0, 0, 0, 1//6, 0, 0, 0],
	[10, 10, 19, 19, 13, 1, 1, 19, 1, 1] => QQFieldElem[0, -1//3, 0, 0, 0, 0, 0, -1//3, 0, 1//3, 0, 0, 0, 0, 0, 0],
	[10, 10, 19, 19, 10, 1, 1, 20, 1, 1] => QQFieldElem[0, 0, 0, 0, 0, 0, 0, 0, 0, 0, 0, 0, 0, 0, 0, 0],
	[10, 10, 19, 19, 11, 1, 1, 21, 1, 1] => QQFieldElem[9//8, 0, 0, 0, 0, 0, 0, 0, 0, 0, 0, 0, 0, 0, 0, 0],
	[10, 10, 19, 19, 11, 1, 1, 9, 1, 1] => QQFieldElem[0, 0, 0, 0, 0, 0, 0, 0, 0, 0, 0, 0, 0, 0, 0, 0],
	[10, 10, 19, 19, 15, 1, 1, 21, 1, 1] => QQFieldElem[0, 0, 0, 1//3, 0, 1//3, 0, 0, 0, 0, 0, 0, 0, -1//3, 0, 0],
	[10, 10, 19, 19, 15, 1, 1, 9, 1, 1] => QQFieldElem[1//2, 0, 0, 0, 0, 0, 0, 0, 0, 0, 0, 0, -1//6, 0, 0, 0],
	[10, 10, 19, 19, 16, 1, 1, 5, 1, 1] => QQFieldElem[1//2, 0, 0, 0, 0, 0, 0, 0, 0, 0, 0, 0, -1//6, 0, 0, 0],
	[10, 10, 19, 19, 18, 1, 1, 20, 1, 1] => QQFieldElem[0, -1//3, 0, 0, 0, 0, 0, -1//3, 0, 0, 0, 0, 0, 0, 0, 1//3],
	[10, 10, 19, 19, 10, 1, 1, 19, 1, 2] => QQFieldElem[9//8, 0, 0, 0, 0, 0, 0, 0, 0, 0, 0, 0, 0, 0, 0, 0],
	[10, 10, 19, 19, 13, 1, 1, 8, 1, 1] => QQFieldElem[0, 0, 0, 0, 0, 0, -32//3, 0, 0, 0, 0, 0, -32//3, 0, 0, 0],
	[10, 10, 19, 19, 16, 1, 1, 19, 1, 1] => QQFieldElem[-64//3, 0, 64//3, 0, 0, 0, 0, 0, 0, 0, -64//3, 0, 0, 0, 0, 0],
	[10, 10, 19, 19, 17, 1, 1, 21, 1, 1] => QQFieldElem[0, 0, 0, -1//3, 0, -1//3, 0, 0, 0, 0, 0, 1//3, 0, 0, 0, 0],
	[10, 10, 19, 19, 12, 1, 1, 5, 1, 1] => QQFieldElem[0, 0, 0, 0, 0, 0, 32//3, 0, 0, 0, 0, 0, -32//3, 0, 0, 0],
	[10, 10, 19, 19, 10, 1, 1, 4, 1, 1] => QQFieldElem[9//16, 0, 0, 0, 0, 0, 0, 0, 0, 0, 0, 0, 0, 0, 0, 0],
	[10, 10, 19, 19, 18, 1, 1, 19, 1, 2] => QQFieldElem[0, 0, 0, 0, 0, 0, 0, 0, 0, 0, 0, 1//3, 0, -1//3, 0, 0],
	[10, 10, 19, 19, 17, 1, 1, 9, 1, 1] => QQFieldElem[0, 0, 0, 0, 0, 0, 0, 0, 0, 0, 0, 0, -1//6, 0, 0, 0],
	[10, 10, 19, 19, 12, 1, 1, 19, 1, 1] => QQFieldElem[0, 0, 0, 0, 0, 0, 0, 0, 0, -1//3, 0, 0, 0, 0, 0, 1//3],
	[10, 10, 19, 19, 18, 1, 1, 4, 1, 1] => QQFieldElem[0, 0, 0, 0, 0, 0, 0, 0, 0, 0, 0, 0, 1//6, 0, 0, 0],
	[10, 10, 19, 19, 16, 1, 1, 8, 1, 1] => QQFieldElem[-1//2, 0, 0, 0, 0, 0, 0, 0, 0, 0, 0, 0, 1//6, 0, 0, 0],
	[10, 10, 19, 19, 13, 1, 1, 21, 1, 1] => QQFieldElem[64//3, 0, 64//3, 0, 0, 0, 0, 0, 0, 0, -64//3, 0, 0, 0, 0, 0],
	[10, 10, 19, 19, 12, 1, 1, 8, 1, 1] => QQFieldElem[0, 0, 0, 0, 0, 0, 32//3, 0, 0, 0, 0, 0, -32//3, 0, 0, 0],
	[10, 10, 19, 19, 13, 1, 1, 9, 1, 1] => QQFieldElem[0, 0, 0, 0, 0, 0, 32//3, 0, 0, 0, 0, 0, 32//3, 0, 0, 0],
	[10, 10, 19, 19, 11, 1, 1, 20, 1, 1] => QQFieldElem[9//8, 0, 0, 0, 0, 0, 0, 0, 0, 0, 0, 0, 0, 0, 0, 0],
	[10, 10, 19, 19, 15, 1, 1, 20, 1, 1] => QQFieldElem[0, 0, 0, 0, 0, 0, 0, 0, 0, 1//3, 0, 0, 0, 0, 0, -1//3],
	[10, 10, 19, 19, 16, 1, 1, 21, 1, 1] => QQFieldElem[0, 0, 0, 1//3, 0, 1//3, 0, 0, 0, 0, 0, 0, 0, -1//3, 0, 0],
	[10, 10, 19, 19, 16, 1, 1, 9, 1, 1] => QQFieldElem[-1//2, 0, 0, 0, 0, 0, 0, 0, 0, 0, 0, 0, -1//6, 0, 0, 0],
	[10, 10, 19, 19, 10, 1, 1, 5, 1, 1] => QQFieldElem[9//16, 0, 0, 0, 0, 0, 0, 0, 0, 0, 0, 0, 0, 0, 0, 0],
	[10, 10, 19, 19, 11, 1, 1, 19, 1, 2] => QQFieldElem[-64//3, 0, -64//3, 0, 0, 0, 0, 0, 0, 0, 64//3, 0, 0, 0, 0, 0],
	[10, 10, 19, 19, 12, 1, 1, 21, 1, 1] => QQFieldElem[-64//3, 0, 64//3, 0, 0, 0, 0, 0, 0, 0, -64//3, 0, 0, 0, 0, 0],
	[10, 10, 19, 19, 12, 1, 1, 9, 1, 1] => QQFieldElem[0, 0, 0, 0, 0, 0, -32//3, 0, 0, 0, 0, 0, 32//3, 0, 0, 0],
	[10, 10, 19, 19, 15, 1, 1, 19, 1, 2] => QQFieldElem[9//8, 0, 0, 0, 0, 0, 0, 0, 0, 0, 0, 0, 0, 0, 0, 0],
	[10, 10, 19, 19, 10, 1, 1, 19, 1, 1] => QQFieldElem[0, 0, 0, 0, 0, 0, 0, 0, 0, 0, 0, 0, 0, 0, 0, 0],
	[10, 10, 19, 19, 17, 1, 1, 20, 1, 1] => QQFieldElem[0, 1//3, 0, 0, 0, 0, 0, 1//3, 0, -1//3, 0, 0, 0, 0, 0, 0],
	[10, 10, 19, 19, 11, 1, 1, 4, 1, 1] => QQFieldElem[0, 0, 0, 0, 0, 0, 0, 0, 0, 0, 0, 0, 0, 0, 0, 0],
	[10, 10, 19, 19, 18, 1, 1, 5, 1, 1] => QQFieldElem[0, 0, 0, 0, 0, 0, 0, 0, 0, 0, 0, 0, -1//6, 0, 0, 0],
	[10, 10, 19, 19, 15, 1, 1, 4, 1, 1] => QQFieldElem[-1//2, 0, 0, 0, 0, 0, 0, 0, 0, 0, 0, 0, 1//6, 0, 0, 0],
	[10, 10, 19, 19, 18, 1, 1, 19, 1, 1] => QQFieldElem[0, 0, 0, 1//3, 0, 1//3, 0, 0, 0, 0, 0, -1//3, 0, 0, 0, 0],
	[10, 10, 19, 19, 17, 1, 1, 19, 1, 2] => QQFieldElem[0, 0, 0, -1//3, 0, -1//3, 0, 0, 0, 0, 0, 0, 0, 1//3, 0, 0],
	[10, 10, 19, 19, 10, 1, 1, 8, 1, 1] => QQFieldElem[9//16, 0, 0, 0, 0, 0, 0, 0, 0, 0, 0, 0, 0, 0, 0, 0],
	[10, 10, 19, 19, 17, 1, 1, 4, 1, 1] => QQFieldElem[0, 0, 0, 0, 0, 0, 0, 0, 0, 0, 0, 0, 1//6, 0, 0, 0])