Dict(
	[10, 11, 15, 16, 21, 1, 1, 19, 1, 1] => QQFieldElem[0, 0, 0, 0, 0, -1//4, 0, -1//4, 0, 0, 1//4, 0, 1//2, 0, 1//4, 0],
	[10, 11, 15, 16, 19, 1, 1, 20, 1, 1] => QQFieldElem[0, 0, 0, 0, 0, 0, 0, 1//4, 0, 0, 1//4, 0, -1//4, 1//4, 1//4, -1//4],
	[10, 11, 15, 16, 20, 1, 1, 4, 1, 1] => QQFieldElem[0, 1//4, 0, 0, 0, 0, 0, 0, 0, 0, 0, -1//4, -1//4, 0, 0, 0],
	[10, 11, 15, 16, 21, 1, 1, 21, 1, 1] => QQFieldElem[0, 0, 1//4, 0, 0, 0, -1//4, 1//4, 0, 0, -1//4, 0, -1//4, 1//4, 0, -1//4],
	[10, 11, 15, 16, 14, 1, 1, 19, 1, 1] => QQFieldElem[9//16, 0, 0, 0, 0, 0, 0, 0, 0, 0, 0, 0, -9//8, 0, 0, 0],
	[10, 11, 15, 16, 14, 1, 1, 21, 1, 1] => QQFieldElem[9//16, 0, 0, 0, 0, 0, 0, 0, 0, 0, 0, 0, -9//8, 0, 0, 0],
	[10, 11, 15, 16, 20, 1, 1, 19, 1, 1] => QQFieldElem[0, 0, -1//4, 0, 0, 0, 1//4, 1//4, 0, 0, 0, 0, 1//2, 1//4, -1//4, -1//4],
	[10, 11, 15, 16, 21, 1, 1, 20, 1, 1] => QQFieldElem[0, 0, -1//4, 0, 0, 1//4, 1//4, 0, 0, 0, 0, 0, -1//4, -1//4, -1//4, 1//4],
	[10, 11, 15, 16, 20, 1, 1, 21, 1, 1] => QQFieldElem[0, 0, 0, 0, 0, 1//4, 0, 0, 0, 0, 1//4, 0, -1//4, -1//4, 1//4, 1//4],
	[10, 11, 15, 16, 14, 1, 1, 20, 1, 1] => QQFieldElem[9//16, 0, 0, 0, 0, 0, 0, 0, 0, 0, 0, 0, -9//8, 0, 0, 0],
	[10, 11, 15, 16, 19, 1, 1, 4, 1, 1] => QQFieldElem[0, 0, 0, 1//4, 0, 0, 0, 0, 0, -1//4, 0, 0, -1//4, 0, 0, 0],
	[10, 11, 15, 16, 20, 1, 1, 20, 1, 1] => QQFieldElem[0, 0, 1//4, 0, 0, -1//4, -1//4, -1//4, 0, 0, -1//4, 0, -1//4, 0, 0, 0],
	[10, 11, 15, 16, 19, 1, 1, 19, 1, 1] => QQFieldElem[0, 0, 1//4, 0, 0, 1//4, -1//4, 0, 0, 0, -1//4, 0, 1//2, -1//4, 0, 1//4],
	[10, 11, 15, 16, 19, 1, 1, 21, 1, 1] => QQFieldElem[0, 0, -1//4, 0, 0, -1//4, 1//4, -1//4, 0, 0, 0, 0, -1//4, 0, -1//4, 0],
	[10, 11, 15, 16, 21, 1, 1, 4, 1, 1] => QQFieldElem[0, -1//4, 0, -1//4, 0, 0, 0, 0, 0, 1//4, 0, 1//4, -1//4, 0, 0, 0],
	[10, 11, 15, 16, 14, 1, 1, 4, 1, 1] => QQFieldElem[0, 0, 0, 0, 0, 0, 0, 0, 0, 0, 0, 0, 0, 0, 0, 0])