Dict(
	[10, 11, 14, 20, 16, 1, 1, 19, 1, 2] => QQFieldElem[0, 0, 0, 0, 0, 0, 0, 0, 0, 0, 0, 0, 2//9, 0, 0, 0],
	[10, 11, 14, 20, 18, 1, 1, 21, 1, 1] => QQFieldElem[-9//32, -9//32, 9//32, 0, 0, 0, 0, -9//32, 0, 0, -9//32, 0, 0, 0, 0, 0],
	[10, 11, 14, 20, 17, 1, 1, 19, 1, 2] => QQFieldElem[0, 0, 0, 0, 2//9, 0, 0, 0, 0, 0, 0, 0, -2//9, 0, 0, 0],
	[10, 11, 14, 20, 11, 1, 1, 19, 1, 1] => QQFieldElem[0, 0, 0, 0, 0, 0, 0, 0, 0, 0, 0, 0, 1//6, 0, 0, 0],
	[10, 11, 14, 20, 15, 1, 1, 20, 1, 2] => QQFieldElem[0, 0, -1//4, 0, 0, 0, 0, 1//4, 0, 0, 1//4, 0, -1//4, 1//4, 0, 0],
	[10, 11, 14, 20, 17, 1, 1, 21, 1, 2] => QQFieldElem[0, 1//4, -1//4, -1//4, 0, 0, 0, 0, 0, -1//4, 0, 0, -1//4, 0, 0, 0],
	[10, 11, 14, 20, 16, 1, 1, 21, 1, 2] => QQFieldElem[0, 0, 0, 0, 0, 0, 0, 0, 0, 1//4, 1//4, 1//4, -1//4, 0, 0, 0],
	[10, 11, 14, 20, 11, 1, 1, 21, 1, 1] => QQFieldElem[9//32, 0, -9//32, 9//32, 0, 9//32, 0, 0, -9//32, 0, 9//32, 0, 0, 0, 0, 0],
	[10, 11, 14, 20, 15, 1, 1, 19, 1, 1] => QQFieldElem[0, 0, 0, 0, -1//6, 0, 0, 0, 0, 0, 0, 0, 0, 0, 0, 0],
	[10, 11, 14, 20, 15, 1, 1, 21, 1, 1] => QQFieldElem[-9//32, 0, -9//32, -9//32, 0, 0, 0, 0, 0, 0, 9//32, 9//32, 0, -9//32, 0, 0],
	[10, 11, 14, 20, 12, 1, 1, 19, 1, 2] => QQFieldElem[0, 0, 0, 0, -4//27, 0, 0, 0, 0, 0, 0, 0, 0, 0, 0, 0],
	[10, 11, 14, 20, 18, 1, 1, 20, 1, 1] => QQFieldElem[-9//32, 9//32, 9//32, 0, 0, 0, 0, 9//32, 0, 0, -9//32, 0, 0, 0, 0, 0],
	[10, 11, 14, 20, 12, 1, 1, 21, 1, 2] => QQFieldElem[0, 0, 1//4, 0, 0, 1//4, 0, 0, 0, 0, 0, 0, -1//4, 0, 0, 1//4],
	[10, 11, 14, 20, 16, 1, 1, 20, 1, 2] => QQFieldElem[0, 0, 0, 0, 0, 0, 0, 0, 0, -1//4, 1//4, -1//4, -1//4, 0, 0, 0],
	[10, 11, 14, 20, 17, 1, 1, 20, 1, 2] => QQFieldElem[0, -1//4, -1//4, 1//4, 0, 0, 0, 0, 0, 1//4, 0, 0, -1//4, 0, 0, 0],
	[10, 11, 14, 20, 11, 1, 1, 20, 1, 1] => QQFieldElem[9//32, 0, -9//32, -9//32, 0, -9//32, 0, 0, -9//32, 0, 9//32, 0, 0, 0, 0, 0],
	[10, 11, 14, 20, 16, 1, 1, 19, 1, 1] => QQFieldElem[-1//4, 0, 0, 0, 0, 0, 0, 0, 1//4, 0, 0, 0, 0, 0, 0, 0],
	[10, 11, 14, 20, 17, 1, 1, 19, 1, 1] => QQFieldElem[-1//4, 0, 0, 0, 0, 0, 0, 0, 1//4, 0, 0, 0, 0, 0, 0, 0],
	[10, 11, 14, 20, 15, 1, 1, 20, 1, 1] => QQFieldElem[-9//32, 0, -9//32, 9//32, 0, 0, 0, 0, 0, 0, 9//32, -9//32, 0, 9//32, 0, 0],
	[10, 11, 14, 20, 16, 1, 1, 21, 1, 1] => QQFieldElem[9//32, 9//32, 9//32, 0, 0, 0, 0, 0, -9//32, -9//32, -9//32, 0, 0, 0, 0, 9//32],
	[10, 11, 14, 20, 17, 1, 1, 21, 1, 1] => QQFieldElem[0, 0, 9//32, 0, 0, 0, 0, 9//32, 9//32, 9//32, -9//32, 0, 0, 0, 0, -9//32],
	[10, 11, 14, 20, 12, 1, 1, 20, 1, 2] => QQFieldElem[0, 0, 1//4, 0, 0, -1//4, 0, 0, 0, 0, 0, 0, -1//4, 0, 0, -1//4],
	[10, 11, 14, 20, 18, 1, 1, 19, 1, 2] => QQFieldElem[0, 0, 0, 0, -2//9, 0, 0, 0, 0, 0, 0, 0, 0, 0, 0, 0],
	[10, 11, 14, 20, 12, 1, 1, 19, 1, 1] => QQFieldElem[0, 0, 0, 0, 1//6, 0, 0, 0, 0, 0, 0, 0, -1//6, 0, 0, 0],
	[10, 11, 14, 20, 18, 1, 1, 21, 1, 2] => QQFieldElem[0, -1//4, 1//4, 1//4, 0, 0, 0, 0, 0, 0, -1//4, -1//4, -1//4, 0, 0, 0],
	[10, 11, 14, 20, 11, 1, 1, 19, 1, 2] => QQFieldElem[0, 0, 0, 0, -4//27, 0, 0, 0, 0, 0, 0, 0, 0, 0, 0, 0],
	[10, 11, 14, 20, 12, 1, 1, 21, 1, 1] => QQFieldElem[0, 0, -9//32, 0, 0, -9//32, 0, 0, 9//32, 0, 9//32, -9//32, 0, 9//32, 0, 0],
	[10, 11, 14, 20, 16, 1, 1, 20, 1, 1] => QQFieldElem[9//32, -9//32, 9//32, 0, 0, 0, 0, 0, -9//32, 9//32, -9//32, 0, 0, 0, 0, -9//32],
	[10, 11, 14, 20, 11, 1, 1, 21, 1, 2] => QQFieldElem[0, 0, 0, 0, 0, -1//4, 0, 1//4, 0, 0, -1//4, 0, -1//4, 1//4, 0, -1//4],
	[10, 11, 14, 20, 15, 1, 1, 19, 1, 2] => QQFieldElem[0, 0, 0, 0, -4//27, 0, 0, 0, 0, 0, 0, 0, 0, 0, 0, 0],
	[10, 11, 14, 20, 17, 1, 1, 20, 1, 1] => QQFieldElem[0, 0, 9//32, 0, 0, 0, 0, -9//32, 9//32, -9//32, -9//32, 0, 0, 0, 0, 9//32],
	[10, 11, 14, 20, 15, 1, 1, 21, 1, 2] => QQFieldElem[0, 0, -1//4, 0, 0, 0, 0, -1//4, 0, 0, 1//4, 0, -1//4, -1//4, 0, 0],
	[10, 11, 14, 20, 18, 1, 1, 20, 1, 2] => QQFieldElem[0, 1//4, 1//4, -1//4, 0, 0, 0, 0, 0, 0, -1//4, 1//4, -1//4, 0, 0, 0],
	[10, 11, 14, 20, 12, 1, 1, 20, 1, 1] => QQFieldElem[0, 0, -9//32, 0, 0, 9//32, 0, 0, 9//32, 0, 9//32, 9//32, 0, -9//32, 0, 0],
	[10, 11, 14, 20, 18, 1, 1, 19, 1, 1] => QQFieldElem[-1//4, 0, 0, 0, 0, 0, 0, 0, 1//4, 0, 0, 0, 0, 0, 0, 0],
	[10, 11, 14, 20, 11, 1, 1, 20, 1, 2] => QQFieldElem[0, 0, 0, 0, 0, 1//4, 0, -1//4, 0, 0, -1//4, 0, -1//4, -1//4, 0, 1//4])