Dict(
	[10, 10, 16, 11, 20, 1, 1, 8, 1, 1] => QQFieldElem[0, 0, 0, 0, 1//6, 0, 0, 0, 0, 0, 0, 0, 0, 0, 0, 0],
	[10, 10, 16, 11, 19, 1, 1, 19, 1, 1] => QQFieldElem[0, 0, 0, -1//3, 0, 0, 0, 0, 0, 0, 0, 0, -1//3, 0, 0, 0],
	[10, 10, 16, 11, 6, 1, 1, 8, 1, 1] => QQFieldElem[0, 0, 0, 0, 0, 0, 0, 0, 0, 0, 0, 0, 0, 0, 0, 0],
	[10, 10, 16, 11, 19, 1, 1, 21, 1, 1] => QQFieldElem[0, 0, 0, 1//3, 0, 0, 0, 0, 0, 0, 0, -1//3, -1//3, 0, 0, 0],
	[10, 10, 16, 11, 21, 1, 1, 19, 1, 1] => QQFieldElem[0, 0, 0, 1//3, 0, 0, 0, 0, 0, 0, 0, -1//3, -1//3, 0, 0, 0],
	[10, 10, 16, 11, 19, 1, 1, 20, 1, 1] => QQFieldElem[0, 0, 0, 0, 0, 0, 0, 0, 0, 0, 0, 1//3, -1//3, 0, 0, 0],
	[10, 10, 16, 11, 21, 1, 1, 21, 1, 1] => QQFieldElem[0, 0, 0, 0, 0, 0, 0, 0, 0, 0, 0, 1//3, -1//3, 0, 0, 0],
	[10, 10, 16, 11, 19, 1, 1, 8, 1, 1] => QQFieldElem[0, 0, 0, 0, 0, 0, 0, 0, 0, 0, 0, 0, -1//6, 0, 0, 0],
	[10, 10, 16, 11, 20, 1, 1, 19, 1, 1] => QQFieldElem[0, 0, 0, 0, 0, 0, 0, 0, 0, 0, 0, 1//3, -1//3, 0, 0, 0],
	[10, 10, 16, 11, 6, 1, 1, 19, 1, 1] => QQFieldElem[0, 0, 0, 0, 0, 0, 128//3, 0, 0, 0, 0, 0, 0, 0, 0, 0],
	[10, 10, 16, 11, 21, 1, 1, 20, 1, 1] => QQFieldElem[0, 0, 0, -1//3, 0, 0, 0, 0, 0, 0, 0, 0, -1//3, 0, 0, 0],
	[10, 10, 16, 11, 20, 1, 1, 21, 1, 1] => QQFieldElem[0, 0, 0, -1//3, 0, 0, 0, 0, 0, 0, 0, 0, -1//3, 0, 0, 0],
	[10, 10, 16, 11, 6, 1, 1, 21, 1, 1] => QQFieldElem[0, 0, 0, 0, 0, 0, 0, 0, 0, 0, 0, 0, 0, 0, -128//3, 0],
	[10, 10, 16, 11, 21, 1, 1, 8, 1, 1] => QQFieldElem[0, 0, 0, 0, -1//6, 0, 0, 0, 0, 0, 0, 0, 1//6, 0, 0, 0],
	[10, 10, 16, 11, 20, 1, 1, 20, 1, 1] => QQFieldElem[0, 0, 0, 1//3, 0, 0, 0, 0, 0, 0, 0, -1//3, -1//3, 0, 0, 0],
	[10, 10, 16, 11, 6, 1, 1, 20, 1, 1] => QQFieldElem[0, 0, 0, 0, 0, 0, -128//3, 0, 0, 0, 0, 0, 0, 0, 128//3, 0])