Dict(
	[10, 13, 14, 14, 18, 1, 1, 4, 1, 1] => QQFieldElem[0, 0, 0, 0, 0, 0, 0, 0, 0, 0, 0, 0, 0, 0, 0, 0],
	[10, 13, 14, 14, 18, 1, 1, 7, 1, 1] => QQFieldElem[0, 0, 0, 0, 0, 256//3, 0, 0, 0, 0, 0, 0, 0, -256//3, 0, 0],
	[10, 13, 14, 14, 16, 1, 1, 6, 1, 1] => QQFieldElem[0, 0, 0, 0, 0, 0, 27//16, 0, 0, 0, 0, 0, 0, 0, 0, 0],
	[10, 13, 14, 14, 18, 1, 1, 5, 1, 1] => QQFieldElem[0, 0, 0, 0, 0, -256//3, 0, 0, 0, 0, 0, 0, 0, 256//3, 0, 0],
	[10, 13, 14, 14, 17, 1, 1, 6, 1, 1] => QQFieldElem[0, 0, 0, 0, 0, 0, 0, 0, 0, 256//3, 0, 0, 0, 0, 0, 0],
	[10, 13, 14, 14, 15, 1, 1, 4, 1, 1] => QQFieldElem[9//16, 0, 0, 0, 0, 0, 0, 0, 0, 0, 0, 0, 0, 0, 0, 0],
	[10, 13, 14, 14, 15, 1, 1, 7, 1, 1] => QQFieldElem[9//16, 0, 0, 0, 0, 0, 0, 0, 0, 0, 0, 0, 0, 0, 0, 0],
	[10, 13, 14, 14, 15, 1, 1, 5, 1, 1] => QQFieldElem[9//16, 0, 0, 0, 0, 0, 0, 0, 0, 0, 0, 0, 0, 0, 0, 0],
	[10, 13, 14, 14, 16, 1, 1, 4, 1, 1] => QQFieldElem[0, 0, 0, 0, 0, 0, 27//16, 0, 0, 0, 0, 0, 0, 0, 0, 0],
	[10, 13, 14, 14, 16, 1, 1, 7, 1, 1] => QQFieldElem[0, 0, 0, 0, 0, 0, -27//16, 0, 0, 0, 0, 0, 0, 0, 0, 0],
	[10, 13, 14, 14, 17, 1, 1, 4, 1, 1] => QQFieldElem[0, 0, 0, 0, 0, 0, 0, 0, 0, -256//3, 0, 0, 0, 0, 0, 0],
	[10, 13, 14, 14, 17, 1, 1, 7, 1, 1] => QQFieldElem[0, 0, 0, 0, 0, 0, 0, 0, 0, 0, 0, 0, 0, 0, 0, 0],
	[10, 13, 14, 14, 16, 1, 1, 5, 1, 1] => QQFieldElem[0, 0, 0, 0, 0, 0, -27//16, 0, 0, 0, 0, 0, 0, 0, 0, 0],
	[10, 13, 14, 14, 17, 1, 1, 5, 1, 1] => QQFieldElem[0, 0, 0, 0, 0, 0, 0, 0, 0, 0, 0, 0, 0, 0, 0, 0],
	[10, 13, 14, 14, 18, 1, 1, 6, 1, 1] => QQFieldElem[0, 0, 0, 0, 0, 0, 0, 0, 0, 0, 0, 0, 0, 0, 0, 0],
	[10, 13, 14, 14, 15, 1, 1, 6, 1, 1] => QQFieldElem[9//16, 0, 0, 0, 0, 0, 0, 0, 0, 0, 0, 0, 0, 0, 0, 0])