Dict(
	[10, 10, 19, 14, 18, 1, 1, 19, 1, 2] => QQFieldElem[0, 0, 0, 0, -2//9, 0, 0, 0, 0, 0, 0, 0, 2//9, 0, 0, 0],
	[10, 10, 19, 14, 18, 1, 1, 21, 1, 2] => QQFieldElem[0, 0, 0, 0, 0, 0, 1//3, -1//3, 0, 0, 0, 0, 1//3, 1//3, -1//3, 1//3],
	[10, 10, 19, 14, 12, 1, 1, 19, 1, 1] => QQFieldElem[0, 0, 0, 0, 0, 0, 0, 0, 0, 0, 0, 0, -1//128, 0, 0, 0],
	[10, 10, 19, 14, 11, 1, 1, 19, 1, 2] => QQFieldElem[0, 0, 0, 0, 0, 0, 0, 0, 0, 0, 0, 0, -1//128, 0, 0, 0],
	[10, 10, 19, 14, 12, 1, 1, 21, 1, 1] => QQFieldElem[0, -1//3, 0, 1//3, 0, 0, 0, 0, 0, 1//3, 0, -1//3, -1//3, 0, -1//3, 0],
	[10, 10, 19, 14, 16, 1, 1, 20, 1, 1] => QQFieldElem[0, 0, 0, 0, 0, 1//3, -1//3, 0, 0, 0, 0, 0, -1//3, -1//3, 0, 1//3],
	[10, 10, 19, 14, 11, 1, 1, 21, 1, 2] => QQFieldElem[0, 0, 0, -1//3, 0, 0, 1//3, 0, 0, 1//3, 0, 0, 1//3, 0, 0, 0],
	[10, 10, 19, 14, 15, 1, 1, 19, 1, 2] => QQFieldElem[0, 0, 0, 0, 0, 0, 0, 0, 0, 0, 0, 0, -1//128, 0, 0, 0],
	[10, 10, 19, 14, 17, 1, 1, 20, 1, 1] => QQFieldElem[0, 0, 0, 0, 0, -1//3, 0, -1//3, 0, 0, 0, 0, -1//3, 0, 1//3, 0],
	[10, 10, 19, 14, 15, 1, 1, 21, 1, 2] => QQFieldElem[0, -1//3, 0, 0, 0, 0, -1//3, 0, 0, 0, 0, 1//3, 1//3, 0, 1//3, 0],
	[10, 10, 19, 14, 18, 1, 1, 20, 1, 2] => QQFieldElem[0, 0, 0, 0, 0, 0, 1//3, 1//3, 0, 0, 0, 0, 1//3, -1//3, -1//3, -1//3],
	[10, 10, 19, 14, 12, 1, 1, 20, 1, 1] => QQFieldElem[0, 1//3, 0, -1//3, 0, 0, 0, 0, 0, -1//3, 0, 1//3, -1//3, 0, -1//3, 0],
	[10, 10, 19, 14, 11, 1, 1, 20, 1, 2] => QQFieldElem[0, 0, 0, 1//3, 0, 0, 1//3, 0, 0, -1//3, 0, 0, 1//3, 0, 0, 0],
	[10, 10, 19, 14, 18, 1, 1, 19, 1, 1] => QQFieldElem[0, 0, 0, 0, 2//9, 0, 0, 0, 0, 0, 0, 0, -2//9, 0, 0, 0],
	[10, 10, 19, 14, 16, 1, 1, 19, 1, 2] => QQFieldElem[0, 0, 0, 0, 0, 0, 0, 0, 0, 0, 0, 0, -2//9, 0, 0, 0],
	[10, 10, 19, 14, 17, 1, 1, 19, 1, 2] => QQFieldElem[0, 0, 0, 0, 2//9, 0, 0, 0, 0, 0, 0, 0, 0, 0, 0, 0],
	[10, 10, 19, 14, 18, 1, 1, 21, 1, 1] => QQFieldElem[0, 0, 0, 0, 0, 0, 1//3, -1//3, 0, 0, 0, 0, -1//3, -1//3, -1//3, 1//3],
	[10, 10, 19, 14, 15, 1, 1, 20, 1, 2] => QQFieldElem[0, 1//3, 0, 0, 0, 0, -1//3, 0, 0, 0, 0, -1//3, 1//3, 0, 1//3, 0],
	[10, 10, 19, 14, 16, 1, 1, 21, 1, 2] => QQFieldElem[0, 0, 0, 0, 0, 1//3, -1//3, 0, 0, 0, 0, 0, 1//3, -1//3, 0, -1//3],
	[10, 10, 19, 14, 17, 1, 1, 21, 1, 2] => QQFieldElem[0, 0, 0, 0, 0, -1//3, 0, 1//3, 0, 0, 0, 0, 1//3, 0, 1//3, 0],
	[10, 10, 19, 14, 11, 1, 1, 19, 1, 1] => QQFieldElem[0, 0, 0, 0, 0, 0, 0, 0, 0, 0, 0, 0, -1//128, 0, 0, 0],
	[10, 10, 19, 14, 11, 1, 1, 21, 1, 1] => QQFieldElem[0, 0, 0, -1//3, 0, 0, 1//3, 0, 0, -1//3, 0, 0, -1//3, 0, 0, 0],
	[10, 10, 19, 14, 15, 1, 1, 19, 1, 1] => QQFieldElem[0, 0, 0, 0, 0, 0, 0, 0, 0, 0, 0, 0, -1//128, 0, 0, 0],
	[10, 10, 19, 14, 12, 1, 1, 19, 1, 2] => QQFieldElem[0, 0, 0, 0, 0, 0, 0, 0, 0, 0, 0, 0, -1//128, 0, 0, 0],
	[10, 10, 19, 14, 15, 1, 1, 21, 1, 1] => QQFieldElem[0, 1//3, 0, 0, 0, 0, -1//3, 0, 0, 0, 0, 1//3, -1//3, 0, 1//3, 0],
	[10, 10, 19, 14, 12, 1, 1, 21, 1, 2] => QQFieldElem[0, 1//3, 0, 1//3, 0, 0, 0, 0, 0, -1//3, 0, -1//3, 1//3, 0, -1//3, 0],
	[10, 10, 19, 14, 18, 1, 1, 20, 1, 1] => QQFieldElem[0, 0, 0, 0, 0, 0, 1//3, 1//3, 0, 0, 0, 0, -1//3, 1//3, -1//3, -1//3],
	[10, 10, 19, 14, 16, 1, 1, 20, 1, 2] => QQFieldElem[0, 0, 0, 0, 0, -1//3, -1//3, 0, 0, 0, 0, 0, 1//3, 1//3, 0, 1//3],
	[10, 10, 19, 14, 17, 1, 1, 20, 1, 2] => QQFieldElem[0, 0, 0, 0, 0, 1//3, 0, -1//3, 0, 0, 0, 0, 1//3, 0, 1//3, 0],
	[10, 10, 19, 14, 11, 1, 1, 20, 1, 1] => QQFieldElem[0, 0, 0, 1//3, 0, 0, 1//3, 0, 0, 1//3, 0, 0, -1//3, 0, 0, 0],
	[10, 10, 19, 14, 16, 1, 1, 19, 1, 1] => QQFieldElem[0, 0, 0, 0, 0, 0, 0, 0, 0, 0, 0, 0, 2//9, 0, 0, 0],
	[10, 10, 19, 14, 17, 1, 1, 19, 1, 1] => QQFieldElem[0, 0, 0, 0, -2//9, 0, 0, 0, 0, 0, 0, 0, 0, 0, 0, 0],
	[10, 10, 19, 14, 15, 1, 1, 20, 1, 1] => QQFieldElem[0, -1//3, 0, 0, 0, 0, -1//3, 0, 0, 0, 0, -1//3, -1//3, 0, 1//3, 0],
	[10, 10, 19, 14, 16, 1, 1, 21, 1, 1] => QQFieldElem[0, 0, 0, 0, 0, -1//3, -1//3, 0, 0, 0, 0, 0, -1//3, 1//3, 0, -1//3],
	[10, 10, 19, 14, 17, 1, 1, 21, 1, 1] => QQFieldElem[0, 0, 0, 0, 0, 1//3, 0, 1//3, 0, 0, 0, 0, -1//3, 0, 1//3, 0],
	[10, 10, 19, 14, 12, 1, 1, 20, 1, 2] => QQFieldElem[0, -1//3, 0, -1//3, 0, 0, 0, 0, 0, 1//3, 0, 1//3, 1//3, 0, -1//3, 0])