Dict(
	[10, 11, 20, 21, 13, 1, 1, 14, 1, 2] => QQFieldElem[0, 0, 0, 0, 0, 0, 0, 0, 0, 0, 0, 0, -1//8, 0, 0, 0],
	[10, 11, 20, 21, 11, 1, 1, 20, 1, 1] => QQFieldElem[9//16, 0, 0, 0, 0, 0, 0, 0, -27//32, 0, 0, 0, 0, 0, 0, 0],
	[10, 11, 20, 21, 15, 1, 1, 20, 1, 1] => QQFieldElem[0, -1//4, 0, 0, 0, 0, 0, -1//4, 0, 0, 0, 0, 0, 0, 0, 0],
	[10, 11, 20, 21, 16, 1, 1, 21, 1, 1] => QQFieldElem[0, 0, 0, 1//4, 0, 0, 0, 0, 0, 0, 0, -1//4, 0, 1//4, 0, 0],
	[10, 11, 20, 21, 11, 1, 1, 19, 1, 2] => QQFieldElem[0, 0, 32, 0, 0, 0, 0, 0, 0, 0, 0, 0, 0, 0, 0, 0],
	[10, 11, 20, 21, 16, 1, 1, 14, 1, 2] => QQFieldElem[0, 0, 0, 0, -64//3, 0, 0, 0, 0, 0, 0, 0, 0, 0, 0, 0],
	[10, 11, 20, 21, 12, 1, 1, 21, 1, 1] => QQFieldElem[0, 0, 32, 0, 0, 0, 0, 0, 0, 0, 0, 0, 0, 0, 0, 0],
	[10, 11, 20, 21, 15, 1, 1, 19, 1, 2] => QQFieldElem[9//16, 0, 0, 0, 0, 0, 0, 0, -27//32, 0, 0, 0, 0, 0, 0, 0],
	[10, 11, 20, 21, 11, 1, 1, 14, 1, 1] => QQFieldElem[0, 0, 0, 0, -16, 0, 0, 0, 0, 0, 0, 0, 0, 0, 0, 0],
	[10, 11, 20, 21, 10, 1, 1, 19, 1, 1] => QQFieldElem[0, 0, 0, 0, 0, 0, 0, 0, 27//32, 0, 0, 0, 0, 0, 0, 0],
	[10, 11, 20, 21, 17, 1, 1, 20, 1, 1] => QQFieldElem[0, 0, 0, 0, 0, 0, 0, 1//4, 0, 1//4, 0, 0, 0, 0, 0, -1//4],
	[10, 11, 20, 21, 11, 1, 1, 4, 1, 1] => QQFieldElem[-9//16, 0, 0, 0, 0, 0, 0, 0, 3//16, 0, 0, 0, 0, 0, 0, 0],
	[10, 11, 20, 21, 15, 1, 1, 14, 1, 1] => QQFieldElem[-9//16, 0, 0, 0, 0, 0, 0, 0, 9//16, 0, 0, 0, 0, 0, 0, 0],
	[10, 11, 20, 21, 12, 1, 1, 14, 1, 2] => QQFieldElem[3//8, 0, 0, 0, 0, 0, 0, 0, -3//8, 0, 0, 0, -1//8, 0, 0, 0],
	[10, 11, 20, 21, 15, 1, 1, 4, 1, 1] => QQFieldElem[-1//2, 0, 0, 0, 0, 0, 0, 0, 1//2, 0, 0, 0, -1//6, 0, 0, 0],
	[10, 11, 20, 21, 18, 1, 1, 19, 1, 1] => QQFieldElem[0, 0, 0, 0, 0, -1//4, 0, 0, 0, 0, 0, -1//4, 0, 1//4, 0, 0],
	[10, 11, 20, 21, 11, 1, 1, 3, 1, 1] => QQFieldElem[27//64, 0, 0, 0, 0, 0, 0, 0, -9//64, 0, 0, 0, 0, 0, 0, 0],
	[10, 11, 20, 21, 17, 1, 1, 19, 1, 2] => QQFieldElem[0, 0, 0, -1//4, 0, 0, 0, 0, 0, 0, 0, 1//4, 0, -1//4, 0, 0],
	[10, 11, 20, 21, 15, 1, 1, 3, 1, 1] => QQFieldElem[3//8, 0, 0, 0, 0, 0, 0, 0, -3//8, 0, 0, 0, -1//8, 0, 0, 0],
	[10, 11, 20, 21, 17, 1, 1, 14, 1, 1] => QQFieldElem[1//2, 0, 0, 0, 0, 0, 0, 0, -1//2, 0, 0, 0, -1//6, 0, 0, 0],
	[10, 11, 20, 21, 17, 1, 1, 4, 1, 1] => QQFieldElem[0, 0, 0, 0, 0, 0, 0, 0, 0, 0, 0, 0, -1//6, 0, 0, 0],
	[10, 11, 20, 21, 13, 1, 1, 20, 1, 1] => QQFieldElem[0, 0, 32, 0, 0, 0, 0, 0, 0, 0, 0, 0, 0, 0, 0, 0],
	[10, 11, 20, 21, 17, 1, 1, 3, 1, 1] => QQFieldElem[0, 0, 0, 0, 0, 0, 0, 0, 0, 0, 0, 0, -1//8, 0, 0, 0],
	[10, 11, 20, 21, 13, 1, 1, 19, 1, 2] => QQFieldElem[0, -1//4, 0, 0, 0, 0, 0, 0, 0, 1//4, 0, 0, 0, 0, 0, -1//4],
	[10, 11, 20, 21, 13, 1, 1, 14, 1, 1] => QQFieldElem[0, 0, 0, 0, 0, 0, 0, 0, 0, 0, 0, 0, -1//8, 0, 0, 0],
	[10, 11, 20, 21, 16, 1, 1, 20, 1, 1] => QQFieldElem[0, -1//4, 0, 0, 0, 0, 0, -1//4, 0, 0, 0, 0, 0, 0, 0, 0],
	[10, 11, 20, 21, 13, 1, 1, 4, 1, 1] => QQFieldElem[0, 0, 0, 0, 64//3, 0, 0, 0, 0, 0, 0, 0, 0, 0, 0, 0],
	[10, 11, 20, 21, 10, 1, 1, 21, 1, 1] => QQFieldElem[0, 0, 0, 0, 0, 0, 0, 0, 27//32, 0, 0, 0, 0, 0, 0, 0],
	[10, 11, 20, 21, 13, 1, 1, 3, 1, 1] => QQFieldElem[0, 0, 0, 0, 16, 0, 0, 0, 0, 0, 0, 0, 0, 0, 0, 0],
	[10, 11, 20, 21, 12, 1, 1, 20, 1, 1] => QQFieldElem[0, 0, -32, 0, 0, 0, 0, 0, 0, 0, 0, 0, 0, 0, 0, 0],
	[10, 11, 20, 21, 16, 1, 1, 19, 1, 2] => QQFieldElem[0, 0, -32, 0, 0, 0, 0, 0, 0, 0, 0, 0, 0, 0, 0, 0],
	[10, 11, 20, 21, 18, 1, 1, 21, 1, 1] => QQFieldElem[0, 0, 0, -1//4, 0, -1//4, 0, 0, 0, 0, 0, 0, 0, 0, 0, 0],
	[10, 11, 20, 21, 10, 1, 1, 14, 1, 2] => QQFieldElem[27//64, 0, 0, 0, 0, 0, 0, 0, -9//64, 0, 0, 0, 0, 0, 0, 0],
	[10, 11, 20, 21, 11, 1, 1, 19, 1, 1] => QQFieldElem[0, 0, -32, 0, 0, 0, 0, 0, 0, 0, 0, 0, 0, 0, 0, 0],
	[10, 11, 20, 21, 16, 1, 1, 14, 1, 1] => QQFieldElem[0, 0, 0, 0, -64//3, 0, 0, 0, 0, 0, 0, 0, 0, 0, 0, 0],
	[10, 11, 20, 21, 15, 1, 1, 19, 1, 1] => QQFieldElem[0, 0, 0, 0, 0, 0, 0, 0, 27//32, 0, 0, 0, 0, 0, 0, 0],
	[10, 11, 20, 21, 16, 1, 1, 4, 1, 1] => QQFieldElem[1//2, 0, 0, 0, 0, 0, 0, 0, -1//2, 0, 0, 0, -1//6, 0, 0, 0],
	[10, 11, 20, 21, 12, 1, 1, 19, 1, 2] => QQFieldElem[0, 1//4, 0, 0, 0, 0, 0, 1//4, 0, 0, 0, 0, 0, 0, 0, 0],
	[10, 11, 20, 21, 18, 1, 1, 14, 1, 2] => QQFieldElem[0, 0, 0, 0, 0, 0, 0, 0, 0, 0, 0, 0, -1//6, 0, 0, 0],
	[10, 11, 20, 21, 12, 1, 1, 14, 1, 1] => QQFieldElem[-3//8, 0, 0, 0, 0, 0, 0, 0, 3//8, 0, 0, 0, -1//8, 0, 0, 0],
	[10, 11, 20, 21, 16, 1, 1, 3, 1, 1] => QQFieldElem[-3//8, 0, 0, 0, 0, 0, 0, 0, 3//8, 0, 0, 0, -1//8, 0, 0, 0],
	[10, 11, 20, 21, 12, 1, 1, 4, 1, 1] => QQFieldElem[0, 0, 0, 0, 64//3, 0, 0, 0, 0, 0, 0, 0, 0, 0, 0, 0],
	[10, 11, 20, 21, 17, 1, 1, 19, 1, 1] => QQFieldElem[0, 0, 0, -1//4, 0, 0, 0, 0, 0, 0, 0, 1//4, 0, -1//4, 0, 0],
	[10, 11, 20, 21, 12, 1, 1, 3, 1, 1] => QQFieldElem[0, 0, 0, 0, 16, 0, 0, 0, 0, 0, 0, 0, 0, 0, 0, 0],
	[10, 11, 20, 21, 13, 1, 1, 19, 1, 1] => QQFieldElem[0, 0, 0, 0, 0, 0, 0, -1//4, 0, -1//4, 0, 0, 0, 0, 0, 1//4],
	[10, 11, 20, 21, 10, 1, 1, 20, 1, 1] => QQFieldElem[0, 0, 0, 0, 0, 0, 0, 0, 27//32, 0, 0, 0, 0, 0, 0, 0],
	[10, 11, 20, 21, 11, 1, 1, 21, 1, 1] => QQFieldElem[9//16, 0, 0, 0, 0, 0, 0, 0, -27//32, 0, 0, 0, 0, 0, 0, 0],
	[10, 11, 20, 21, 15, 1, 1, 21, 1, 1] => QQFieldElem[0, 0, 0, 1//4, 0, 0, 0, 0, 0, 0, 0, -1//4, 0, 1//4, 0, 0],
	[10, 11, 20, 21, 18, 1, 1, 20, 1, 1] => QQFieldElem[0, 1//4, 0, 0, 0, 0, 0, 0, 0, -1//4, 0, 0, 0, 0, 0, 1//4],
	[10, 11, 20, 21, 11, 1, 1, 14, 1, 2] => QQFieldElem[0, 0, 0, 0, -16, 0, 0, 0, 0, 0, 0, 0, 0, 0, 0, 0],
	[10, 11, 20, 21, 10, 1, 1, 19, 1, 2] => QQFieldElem[9//16, 0, 0, 0, 0, 0, 0, 0, -27//32, 0, 0, 0, 0, 0, 0, 0],
	[10, 11, 20, 21, 16, 1, 1, 19, 1, 1] => QQFieldElem[0, 0, 32, 0, 0, 0, 0, 0, 0, 0, 0, 0, 0, 0, 0, 0],
	[10, 11, 20, 21, 15, 1, 1, 14, 1, 2] => QQFieldElem[-9//16, 0, 0, 0, 0, 0, 0, 0, 3//16, 0, 0, 0, 0, 0, 0, 0],
	[10, 11, 20, 21, 10, 1, 1, 14, 1, 1] => QQFieldElem[27//64, 0, 0, 0, 0, 0, 0, 0, -27//64, 0, 0, 0, 0, 0, 0, 0],
	[10, 11, 20, 21, 17, 1, 1, 21, 1, 1] => QQFieldElem[0, 0, 0, 0, 0, 1//4, 0, 0, 0, 0, 0, 1//4, 0, -1//4, 0, 0],
	[10, 11, 20, 21, 10, 1, 1, 4, 1, 1] => QQFieldElem[-9//16, 0, 0, 0, 0, 0, 0, 0, 9//16, 0, 0, 0, 0, 0, 0, 0],
	[10, 11, 20, 21, 18, 1, 1, 19, 1, 2] => QQFieldElem[0, 0, 0, 1//4, 0, 1//4, 0, 0, 0, 0, 0, 0, 0, 0, 0, 0],
	[10, 11, 20, 21, 12, 1, 1, 19, 1, 1] => QQFieldElem[0, 1//4, 0, 0, 0, 0, 0, 1//4, 0, 0, 0, 0, 0, 0, 0, 0],
	[10, 11, 20, 21, 18, 1, 1, 14, 1, 1] => QQFieldElem[0, 0, 0, 0, 0, 0, 0, 0, 0, 0, 0, 0, -1//6, 0, 0, 0],
	[10, 11, 20, 21, 17, 1, 1, 14, 1, 2] => QQFieldElem[-1//2, 0, 0, 0, 0, 0, 0, 0, 1//2, 0, 0, 0, -1//6, 0, 0, 0],
	[10, 11, 20, 21, 10, 1, 1, 3, 1, 1] => QQFieldElem[27//64, 0, 0, 0, 0, 0, 0, 0, -27//64, 0, 0, 0, 0, 0, 0, 0],
	[10, 11, 20, 21, 18, 1, 1, 4, 1, 1] => QQFieldElem[0, 0, 0, 0, 0, 0, 0, 0, 0, 0, 0, 0, -1//6, 0, 0, 0],
	[10, 11, 20, 21, 18, 1, 1, 3, 1, 1] => QQFieldElem[0, 0, 0, 0, 0, 0, 0, 0, 0, 0, 0, 0, -1//8, 0, 0, 0],
	[10, 11, 20, 21, 13, 1, 1, 21, 1, 1] => QQFieldElem[0, 0, -32, 0, 0, 0, 0, 0, 0, 0, 0, 0, 0, 0, 0, 0])