Dict(
	[10, 10, 18, 15, 14, 1, 1, 4, 1, 1] => QQFieldElem[0, 0, 0, -64//3, 0, 0, 0, 0, 0, 0, 0, 0, 0, 0, 0, 0],
	[10, 10, 18, 15, 21, 1, 1, 19, 1, 1] => QQFieldElem[0, -1//3, 0, -1//3, 0, 0, 0, 0, 0, 1//3, 1//3, 1//3, 0, 0, -1//3, 0],
	[10, 10, 18, 15, 19, 1, 1, 20, 1, 1] => QQFieldElem[0, 1//3, 0, 0, 2//3, 0, 0, 0, 0, 0, 1//3, -1//3, -1//3, 0, -1//3, 0],
	[10, 10, 18, 15, 14, 1, 1, 5, 1, 1] => QQFieldElem[0, 0, 0, -64//3, 0, 0, 0, 0, 0, 0, 0, 0, 0, 0, 0, 0],
	[10, 10, 18, 15, 20, 1, 1, 4, 1, 1] => QQFieldElem[0, 0, 0, 0, 0, 0, 0, -1//6, 0, 0, 0, 0, -1//6, 1//6, 0, 1//6],
	[10, 10, 18, 15, 21, 1, 1, 21, 1, 1] => QQFieldElem[0, 1//3, 1//3, 0, -2//3, 0, 1//3, 0, 0, 0, -1//3, -1//3, 1//3, 0, 0, 0],
	[10, 10, 18, 15, 6, 1, 1, 4, 1, 1] => QQFieldElem[27//64, 0, 0, 0, 0, 0, 0, 0, 0, 0, 0, 0, -9//64, 0, 0, 0],
	[10, 10, 18, 15, 9, 1, 1, 4, 1, 1] => QQFieldElem[9//64, 0, 0, 0, 0, 0, 0, 0, 0, 0, 0, 0, 9//64, 0, 0, 0],
	[10, 10, 18, 15, 14, 1, 1, 19, 1, 1] => QQFieldElem[0, 0, 0, 0, 0, 0, 0, 0, 0, 0, 0, 0, 0, 0, 0, 0],
	[10, 10, 18, 15, 20, 1, 1, 5, 1, 1] => QQFieldElem[0, 0, 0, 0, 0, 0, 0, 1//6, 0, 0, 0, 0, 1//6, -1//6, 0, -1//6],
	[10, 10, 18, 15, 21, 1, 1, 9, 1, 1] => QQFieldElem[0, 0, 0, 0, 0, 0, 0, 0, 0, 0, 0, 0, 0, 0, 0, 0],
	[10, 10, 18, 15, 14, 1, 1, 21, 1, 1] => QQFieldElem[0, 0, 0, 0, 0, 0, 0, 0, 0, 0, 0, 0, 0, 0, 0, 0],
	[10, 10, 18, 15, 6, 1, 1, 5, 1, 1] => QQFieldElem[27//64, 0, 0, 0, 0, 0, 0, 0, 0, 0, 0, 0, -9//64, 0, 0, 0],
	[10, 10, 18, 15, 9, 1, 1, 5, 1, 1] => QQFieldElem[9//64, 0, 0, 0, 0, 0, 0, 0, 0, 0, 0, 0, 9//64, 0, 0, 0],
	[10, 10, 18, 15, 20, 1, 1, 19, 1, 1] => QQFieldElem[0, 1//3, -1//3, 0, 0, 0, -1//3, 0, 0, 0, 0, -1//3, 0, 0, 1//3, 0],
	[10, 10, 18, 15, 14, 1, 1, 9, 1, 1] => QQFieldElem[0, 0, 0, 128//3, 0, 0, 0, 0, 0, 0, 0, 0, 0, 0, 0, 0],
	[10, 10, 18, 15, 6, 1, 1, 19, 1, 1] => QQFieldElem[9//8, 0, 0, 0, 0, 0, 0, 0, 0, 0, 0, 0, 9//16, 0, 0, 0],
	[10, 10, 18, 15, 21, 1, 1, 20, 1, 1] => QQFieldElem[0, 0, -1//3, 1//3, 2//3, 0, -1//3, 0, 0, -1//3, 0, 0, -1//3, 0, 1//3, 0],
	[10, 10, 18, 15, 9, 1, 1, 19, 1, 1] => QQFieldElem[0, 0, 0, 0, 0, 0, 0, 0, 0, 0, 0, 0, -9//16, 0, 0, 0],
	[10, 10, 18, 15, 20, 1, 1, 21, 1, 1] => QQFieldElem[0, 0, 0, 1//3, -2//3, 0, 0, 0, 0, -1//3, 1//3, 0, 1//3, 0, -1//3, 0],
	[10, 10, 18, 15, 6, 1, 1, 21, 1, 1] => QQFieldElem[9//8, 0, 0, 0, 0, 0, 0, 0, 0, 0, 0, 0, 9//16, 0, 0, 0],
	[10, 10, 18, 15, 9, 1, 1, 21, 1, 1] => QQFieldElem[0, 0, 0, 0, 0, 0, 0, 0, 0, 0, 0, 0, -9//16, 0, 0, 0],
	[10, 10, 18, 15, 20, 1, 1, 9, 1, 1] => QQFieldElem[0, 0, 0, 0, 0, 0, 0, 0, 0, 0, 0, 0, 0, 0, 0, 0],
	[10, 10, 18, 15, 6, 1, 1, 9, 1, 1] => QQFieldElem[27//32, 0, 0, 0, 0, 0, 0, 0, 0, 0, 0, 0, -9//32, 0, 0, 0],
	[10, 10, 18, 15, 14, 1, 1, 20, 1, 1] => QQFieldElem[0, 0, 0, 0, 0, 0, 0, 0, 0, 0, 0, 0, 0, 0, 0, 0],
	[10, 10, 18, 15, 9, 1, 1, 9, 1, 1] => QQFieldElem[9//32, 0, 0, 0, 0, 0, 0, 0, 0, 0, 0, 0, 9//32, 0, 0, 0],
	[10, 10, 18, 15, 19, 1, 1, 4, 1, 1] => QQFieldElem[0, 0, 0, 0, 0, 1//6, 0, 0, 0, 0, 0, 0, -1//6, -1//6, 0, -1//6],
	[10, 10, 18, 15, 20, 1, 1, 20, 1, 1] => QQFieldElem[0, -1//3, 1//3, -1//3, 2//3, 0, 1//3, 0, 0, 1//3, -1//3, 1//3, -1//3, 0, 0, 0],
	[10, 10, 18, 15, 19, 1, 1, 5, 1, 1] => QQFieldElem[0, 0, 0, 0, 0, -1//6, 0, 0, 0, 0, 0, 0, 1//6, 1//6, 0, 1//6],
	[10, 10, 18, 15, 6, 1, 1, 20, 1, 1] => QQFieldElem[9//8, 0, 0, 0, 0, 0, 0, 0, 0, 0, 0, 0, 9//16, 0, 0, 0],
	[10, 10, 18, 15, 9, 1, 1, 20, 1, 1] => QQFieldElem[0, 0, 0, 0, 0, 0, 0, 0, 0, 0, 0, 0, -9//16, 0, 0, 0],
	[10, 10, 18, 15, 19, 1, 1, 19, 1, 1] => QQFieldElem[0, 0, 1//3, 1//3, 0, 0, 1//3, 0, 0, -1//3, -1//3, 0, 0, 0, 0, 0],
	[10, 10, 18, 15, 19, 1, 1, 21, 1, 1] => QQFieldElem[0, -1//3, -1//3, -1//3, -2//3, 0, -1//3, 0, 0, 1//3, 0, 1//3, 1//3, 0, 1//3, 0],
	[10, 10, 18, 15, 21, 1, 1, 4, 1, 1] => QQFieldElem[0, 0, 0, 0, 0, -1//6, 0, 1//6, 0, 0, 0, 0, -1//6, 0, 0, 0],
	[10, 10, 18, 15, 19, 1, 1, 9, 1, 1] => QQFieldElem[0, 0, 0, 0, 0, 0, 0, 0, 0, 0, 0, 0, 0, 0, 0, 0],
	[10, 10, 18, 15, 21, 1, 1, 5, 1, 1] => QQFieldElem[0, 0, 0, 0, 0, 1//6, 0, -1//6, 0, 0, 0, 0, 1//6, 0, 0, 0])