Dict(
	[11, 11, 11, 16, 19, 1, 1, 20, 1, 1] => QQFieldElem[0, 0, 0, 0, 0, 0, 0, 0, 0, 0, 0, 0, -1//4, 1//4, 0, 0],
	[11, 11, 11, 16, 21, 1, 1, 19, 1, 1] => QQFieldElem[0, 0, 0, 0, 0, -1//4, 0, 0, 0, 0, 0, 0, -1//4, 0, 0, 0],
	[11, 11, 11, 16, 21, 1, 1, 21, 1, 1] => QQFieldElem[0, 0, 0, 0, 0, 0, 0, 0, 0, 0, 0, 0, -1//4, 1//4, 0, 0],
	[11, 11, 11, 16, 19, 1, 1, 6, 1, 1] => QQFieldElem[0, 0, -1//128, 0, 0, 0, 0, 0, 0, 0, 1//128, 0, 0, 0, 0, 0],
	[11, 11, 11, 16, 20, 1, 1, 19, 1, 1] => QQFieldElem[0, 0, 0, 0, 0, 0, 0, 0, 0, 0, 0, 0, -1//4, 1//4, 0, 0],
	[11, 11, 11, 16, 6, 1, 1, 19, 1, 1] => QQFieldElem[0, 0, 0, 0, 0, 0, 0, 0, 0, 0, 0, 0, 32, 0, 0, 0],
	[11, 11, 11, 16, 20, 1, 1, 21, 1, 1] => QQFieldElem[0, 0, 0, 0, 0, 1//4, 0, 0, 0, 0, 0, 0, -1//4, -1//4, 0, 0],
	[11, 11, 11, 16, 21, 1, 1, 20, 1, 1] => QQFieldElem[0, 0, 0, 0, 0, 1//4, 0, 0, 0, 0, 0, 0, -1//4, -1//4, 0, 0],
	[11, 11, 11, 16, 6, 1, 1, 21, 1, 1] => QQFieldElem[0, 0, 0, 0, -32, 0, 0, 0, 0, 0, 0, 0, 0, 0, 0, 0],
	[11, 11, 11, 16, 21, 1, 1, 6, 1, 1] => QQFieldElem[0, 0, 0, 0, 0, 0, 0, 0, 0, 0, -1//128, 0, 0, 0, 0, 0],
	[11, 11, 11, 16, 20, 1, 1, 20, 1, 1] => QQFieldElem[0, 0, 0, 0, 0, -1//4, 0, 0, 0, 0, 0, 0, -1//4, 0, 0, 0],
	[11, 11, 11, 16, 6, 1, 1, 20, 1, 1] => QQFieldElem[0, 0, 0, 0, 32, 0, 0, 0, 0, 0, 0, 0, -32, 0, 0, 0],
	[11, 11, 11, 16, 20, 1, 1, 6, 1, 1] => QQFieldElem[0, 0, 1//128, 0, 0, 0, 0, 0, 0, 0, 0, 0, 0, 0, 0, 0],
	[11, 11, 11, 16, 19, 1, 1, 19, 1, 1] => QQFieldElem[0, 0, 0, 0, 0, 1//4, 0, 0, 0, 0, 0, 0, -1//4, -1//4, 0, 0],
	[11, 11, 11, 16, 6, 1, 1, 6, 1, 1] => QQFieldElem[0, 0, 0, 0, 0, 0, 0, 0, 0, 0, 0, 0, 0, 0, 0, 0],
	[11, 11, 11, 16, 19, 1, 1, 21, 1, 1] => QQFieldElem[0, 0, 0, 0, 0, -1//4, 0, 0, 0, 0, 0, 0, -1//4, 0, 0, 0])