Dict(
	[11, 13, 14, 14, 13, 1, 1, 14, 1, 1] => QQFieldElem[27//32, 0, 0, 0, 0, 0, 0, 0, 0, 0, 0, 0, 0, 0, 0, 0],
	[11, 13, 14, 14, 10, 1, 1, 5, 1, 1] => QQFieldElem[0, 0, 0, 0, 0, 0, 96, 0, 0, 0, 0, 0, 0, 0, 0, 0],
	[11, 13, 14, 14, 18, 1, 1, 14, 1, 1] => QQFieldElem[0, 0, 0, -72, 0, 0, 0, 0, 0, 0, 0, 0, 0, 0, 0, 0],
	[11, 13, 14, 14, 16, 1, 1, 14, 1, 2] => QQFieldElem[0, 0, 0, 0, 0, 0, 27//32, 0, 0, 0, 0, 0, 0, 0, 0, 0],
	[11, 13, 14, 14, 17, 1, 1, 2, 1, 1] => QQFieldElem[0, 0, 0, 0, 0, 0, 0, 0, 0, 0, 0, 0, 0, 0, 0, 0],
	[11, 13, 14, 14, 17, 1, 1, 14, 1, 2] => QQFieldElem[0, 0, 0, 0, 0, 0, 0, 0, 0, 0, 0, 0, 0, 0, 0, 0],
	[11, 13, 14, 14, 15, 1, 1, 3, 1, 2] => QQFieldElem[0, 0, 0, 0, 0, 0, 0, 0, 0, 0, 0, 0, 0, 0, 0, 0],
	[11, 13, 14, 14, 10, 1, 1, 3, 1, 1] => QQFieldElem[0, 0, 0, 0, 0, 0, 0, 0, 0, 0, 0, 0, 1//4, 0, 0, 0],
	[11, 13, 14, 14, 15, 1, 1, 14, 1, 1] => QQFieldElem[0, 0, 0, 0, 0, 0, 0, 0, 0, 0, 0, 0, 0, 0, 0, 72],
	[11, 13, 14, 14, 13, 1, 1, 5, 1, 1] => QQFieldElem[0, 0, 0, 0, 0, 0, 27//32, 0, 0, 0, 0, 0, 0, 0, 0, 0],
	[11, 13, 14, 14, 18, 1, 1, 5, 1, 1] => QQFieldElem[0, 0, 0, 0, 0, 64, 0, 0, 0, 0, 0, 0, 0, -64, 0, 0],
	[11, 13, 14, 14, 13, 1, 1, 3, 1, 1] => QQFieldElem[0, 0, 0, 0, 0, 0, 0, 0, 0, 0, 0, 0, 0, 0, 0, 0],
	[11, 13, 14, 14, 18, 1, 1, 3, 1, 1] => QQFieldElem[0, 0, 0, 0, 0, 0, 0, 0, 0, 0, 0, 0, 0, 0, 0, -72],
	[11, 13, 14, 14, 10, 1, 1, 2, 1, 1] => QQFieldElem[-256//27, 0, 0, 0, 0, 0, 0, 0, 0, 0, 0, 0, 0, 0, 0, 0],
	[11, 13, 14, 14, 16, 1, 1, 3, 1, 2] => QQFieldElem[0, 0, 0, 0, 0, 0, -27//32, 0, 0, 0, 0, 0, 0, 0, 0, 0],
	[11, 13, 14, 14, 17, 1, 1, 3, 1, 2] => QQFieldElem[0, 0, 0, 0, 0, 0, 0, 0, 0, 0, 0, 0, 0, 0, 0, 0],
	[11, 13, 14, 14, 15, 1, 1, 5, 1, 1] => QQFieldElem[27//32, 0, 0, 0, 0, 0, 0, 0, 0, 0, 0, 0, 0, 0, 0, 0],
	[11, 13, 14, 14, 10, 1, 1, 14, 1, 2] => QQFieldElem[0, 0, 0, 0, 0, 0, -27//32, 0, 0, 0, 0, 0, 0, 0, 0, 0],
	[11, 13, 14, 14, 16, 1, 1, 14, 1, 1] => QQFieldElem[0, 0, 0, 0, 0, 0, 96, 0, 0, 0, 0, 0, 0, 0, 0, 0],
	[11, 13, 14, 14, 17, 1, 1, 14, 1, 1] => QQFieldElem[27//32, 0, 0, 0, 0, 0, 0, 0, 0, 0, 0, 0, 0, 0, 0, 0],
	[11, 13, 14, 14, 15, 1, 1, 3, 1, 1] => QQFieldElem[0, 0, 0, 0, 0, 0, 0, 0, 0, 0, 0, 0, 0, 0, 0, 0],
	[11, 13, 14, 14, 13, 1, 1, 2, 1, 1] => QQFieldElem[1//6, 0, 0, 0, 0, 0, 0, 0, 0, 0, 0, 0, 0, 0, 0, 0],
	[11, 13, 14, 14, 18, 1, 1, 2, 1, 1] => QQFieldElem[0, 0, 0, 0, 0, 0, 0, 0, 0, 0, 0, 0, 0, 0, 0, 0],
	[11, 13, 14, 14, 13, 1, 1, 14, 1, 2] => QQFieldElem[0, 0, 0, 0, 0, 0, 0, 0, 0, 0, 0, 0, 0, 0, 0, 0],
	[11, 13, 14, 14, 18, 1, 1, 14, 1, 2] => QQFieldElem[0, 0, 0, 0, 0, -64, 0, 0, 0, 0, 0, 0, 0, 64, 0, 0],
	[11, 13, 14, 14, 16, 1, 1, 5, 1, 1] => QQFieldElem[0, 0, 0, 0, 0, 0, 0, 0, 0, 0, 0, 0, 0, 0, 0, 0],
	[11, 13, 14, 14, 10, 1, 1, 3, 1, 2] => QQFieldElem[0, 0, 0, 0, 0, 0, 0, 0, 0, 0, 0, 0, -9//2048, 0, 0, 0],
	[11, 13, 14, 14, 17, 1, 1, 5, 1, 1] => QQFieldElem[0, 0, 0, 72, 0, 0, 0, 0, 0, 0, 0, 0, 0, 0, 0, 0],
	[11, 13, 14, 14, 15, 1, 1, 2, 1, 1] => QQFieldElem[0, 0, 0, 0, 0, 0, 0, 0, 0, 0, 0, 0, 0, 0, 0, 0],
	[11, 13, 14, 14, 16, 1, 1, 3, 1, 1] => QQFieldElem[0, 0, 0, 0, 0, 0, -96, 0, 0, 0, 0, 0, 0, 0, 0, 0],
	[11, 13, 14, 14, 17, 1, 1, 3, 1, 1] => QQFieldElem[27//32, 0, 0, 0, 0, 0, 0, 0, 0, 0, 0, 0, 0, 0, 0, 0],
	[11, 13, 14, 14, 15, 1, 1, 14, 1, 2] => QQFieldElem[0, 0, 0, 0, 0, 0, 0, 0, 0, -64, 0, 0, 0, 0, 0, 0],
	[11, 13, 14, 14, 10, 1, 1, 14, 1, 1] => QQFieldElem[0, 0, 0, 0, 0, 0, -96, 0, 0, 0, 0, 0, 0, 0, 0, 0],
	[11, 13, 14, 14, 13, 1, 1, 3, 1, 2] => QQFieldElem[0, 0, 0, 0, 0, 0, 0, 0, 0, 0, 0, 0, -9//2048, 0, 0, 0],
	[11, 13, 14, 14, 18, 1, 1, 3, 1, 2] => QQFieldElem[0, 0, 0, 0, 0, 0, 0, 0, 0, 64, 0, 0, 0, 0, 0, 0],
	[11, 13, 14, 14, 16, 1, 1, 2, 1, 1] => QQFieldElem[-1//6, 0, 0, 0, 0, 0, 0, 0, 0, 0, 0, 0, 0, 0, 0, 0])