Dict(
	[11, 11, 18, 12, 20, 1, 1, 21, 1, 1] => QQFieldElem[0, 0, 0, -1//4, 0, 0, 0, 0, 0, 0, 0, 0, 1//4, 0, 0, 0],
	[11, 11, 18, 12, 21, 1, 1, 20, 1, 1] => QQFieldElem[0, 0, 0, -1//4, 0, 0, 0, 0, 0, 0, 0, 0, 1//4, 0, 0, 0],
	[11, 11, 18, 12, 14, 1, 1, 20, 1, 1] => QQFieldElem[0, 0, 0, 0, 0, 0, -32, 0, 0, 0, 0, 0, 0, 0, 32, 0],
	[11, 11, 18, 12, 19, 1, 1, 7, 1, 1] => QQFieldElem[0, 0, 0, 0, 0, 0, 0, 0, 0, 0, 0, 0, -2//9, 0, 0, 0],
	[11, 11, 18, 12, 20, 1, 1, 20, 1, 1] => QQFieldElem[0, 0, 0, 1//4, 0, 0, 0, 0, 0, 0, 0, -1//4, 1//4, 0, 0, 0],
	[11, 11, 18, 12, 19, 1, 1, 19, 1, 1] => QQFieldElem[0, 0, 0, -1//4, 0, 0, 0, 0, 0, 0, 0, 0, 1//4, 0, 0, 0],
	[11, 11, 18, 12, 19, 1, 1, 21, 1, 1] => QQFieldElem[0, 0, 0, 1//4, 0, 0, 0, 0, 0, 0, 0, -1//4, 1//4, 0, 0, 0],
	[11, 11, 18, 12, 21, 1, 1, 7, 1, 1] => QQFieldElem[0, 0, 0, 0, -2//9, 0, 0, 0, 0, 0, 0, 0, 2//9, 0, 0, 0],
	[11, 11, 18, 12, 14, 1, 1, 7, 1, 1] => QQFieldElem[0, 0, 0, 0, 0, 0, 0, 0, 0, 0, 0, 0, 0, 0, 0, 0],
	[11, 11, 18, 12, 19, 1, 1, 20, 1, 1] => QQFieldElem[0, 0, 0, 0, 0, 0, 0, 0, 0, 0, 0, 1//4, 1//4, 0, 0, 0],
	[11, 11, 18, 12, 21, 1, 1, 19, 1, 1] => QQFieldElem[0, 0, 0, 1//4, 0, 0, 0, 0, 0, 0, 0, -1//4, 1//4, 0, 0, 0],
	[11, 11, 18, 12, 21, 1, 1, 21, 1, 1] => QQFieldElem[0, 0, 0, 0, 0, 0, 0, 0, 0, 0, 0, 1//4, 1//4, 0, 0, 0],
	[11, 11, 18, 12, 20, 1, 1, 7, 1, 1] => QQFieldElem[0, 0, 0, 0, 2//9, 0, 0, 0, 0, 0, 0, 0, 0, 0, 0, 0],
	[11, 11, 18, 12, 14, 1, 1, 19, 1, 1] => QQFieldElem[0, 0, 0, 0, 0, 0, 32, 0, 0, 0, 0, 0, 0, 0, 0, 0],
	[11, 11, 18, 12, 14, 1, 1, 21, 1, 1] => QQFieldElem[0, 0, 0, 0, 0, 0, 0, 0, 0, 0, 0, 0, 0, 0, -32, 0],
	[11, 11, 18, 12, 20, 1, 1, 19, 1, 1] => QQFieldElem[0, 0, 0, 0, 0, 0, 0, 0, 0, 0, 0, 1//4, 1//4, 0, 0, 0])