Dict(
	[11, 16, 12, 10, 21, 1, 1, 21, 1, 1] => QQFieldElem[0, 0, 0, 0, 0, 0, 0, 0, 0, 0, 0, 0, -1//3, -1//3, 0, 0],
	[11, 16, 12, 10, 8, 1, 1, 20, 1, 1] => QQFieldElem[0, 0, -64, 0, 0, 0, 0, 0, 0, 0, 0, 0, 0, 0, 0, 0],
	[11, 16, 12, 10, 20, 1, 1, 19, 1, 1] => QQFieldElem[0, 0, 0, 0, 0, 0, 0, 0, 0, 0, 0, 0, -1//3, -1//3, 0, 0],
	[11, 16, 12, 10, 21, 1, 1, 20, 1, 1] => QQFieldElem[0, 0, 0, 0, 0, -1//3, 0, 0, 0, 0, 0, 0, -1//3, 1//3, 0, 0],
	[11, 16, 12, 10, 20, 1, 1, 21, 1, 1] => QQFieldElem[0, 0, 0, 0, 0, -1//3, 0, 0, 0, 0, 0, 0, -1//3, 1//3, 0, 0],
	[11, 16, 12, 10, 19, 1, 1, 7, 1, 1] => QQFieldElem[0, 0, 8//27, 0, 0, 0, 0, 0, 0, 0, -8//27, 0, 0, 0, 0, 0],
	[11, 16, 12, 10, 20, 1, 1, 20, 1, 1] => QQFieldElem[0, 0, 0, 0, 0, 1//3, 0, 0, 0, 0, 0, 0, -1//3, 0, 0, 0],
	[11, 16, 12, 10, 8, 1, 1, 7, 1, 1] => QQFieldElem[0, 0, 0, 0, 0, 0, 0, 0, 0, 0, 0, 0, 0, 0, 0, 0],
	[11, 16, 12, 10, 19, 1, 1, 19, 1, 1] => QQFieldElem[0, 0, 0, 0, 0, -1//3, 0, 0, 0, 0, 0, 0, -1//3, 1//3, 0, 0],
	[11, 16, 12, 10, 19, 1, 1, 21, 1, 1] => QQFieldElem[0, 0, 0, 0, 0, 1//3, 0, 0, 0, 0, 0, 0, -1//3, 0, 0, 0],
	[11, 16, 12, 10, 21, 1, 1, 7, 1, 1] => QQFieldElem[0, 0, 0, 0, 0, 0, 0, 0, 0, 0, 8//27, 0, 0, 0, 0, 0],
	[11, 16, 12, 10, 8, 1, 1, 19, 1, 1] => QQFieldElem[0, 0, 64, 0, 0, 0, 0, 0, 0, 0, -64, 0, 0, 0, 0, 0],
	[11, 16, 12, 10, 8, 1, 1, 21, 1, 1] => QQFieldElem[0, 0, 0, 0, 0, 0, 0, 0, 0, 0, 64, 0, 0, 0, 0, 0],
	[11, 16, 12, 10, 21, 1, 1, 19, 1, 1] => QQFieldElem[0, 0, 0, 0, 0, 1//3, 0, 0, 0, 0, 0, 0, -1//3, 0, 0, 0],
	[11, 16, 12, 10, 19, 1, 1, 20, 1, 1] => QQFieldElem[0, 0, 0, 0, 0, 0, 0, 0, 0, 0, 0, 0, -1//3, -1//3, 0, 0],
	[11, 16, 12, 10, 20, 1, 1, 7, 1, 1] => QQFieldElem[0, 0, -8//27, 0, 0, 0, 0, 0, 0, 0, 0, 0, 0, 0, 0, 0])