Dict(
	[11, 14, 11, 20, 18, 1, 1, 16, 1, 1] => QQFieldElem[0, 0, 0, 0, 0, 0, 0, 0, 0, 0, 0, 0, 0, 0, 0, 0],
	[11, 14, 11, 20, 17, 1, 1, 11, 1, 1] => QQFieldElem[-1//192, 0, 0, 0, 0, 0, 0, 0, 1//192, 0, 0, 0, 0, 0, 0, 0],
	[11, 14, 11, 20, 15, 1, 1, 12, 1, 1] => QQFieldElem[0, 0, 0, 0, 0, 0, -3//512, 0, 0, 0, 0, 0, 0, 0, 3//512, 0],
	[11, 14, 11, 20, 12, 1, 1, 17, 1, 1] => QQFieldElem[0, 0, 0, 0, 0, 0, 9//8, 0, 0, 0, 0, 0, 0, 0, -9//8, 0],
	[11, 14, 11, 20, 11, 1, 1, 16, 1, 1] => QQFieldElem[0, 0, 0, 0, -9//4, 0, 0, 0, 0, 0, 0, 0, 0, 0, 0, 0],
	[11, 14, 11, 20, 15, 1, 1, 16, 1, 1] => QQFieldElem[0, 0, 0, 0, 0, 0, 0, 0, 0, 0, 0, 0, 0, 0, 1//2, 0],
	[11, 14, 11, 20, 16, 1, 1, 15, 1, 1] => QQFieldElem[0, 0, 0, 0, 0, 0, 0, 0, 0, 0, 0, 0, 0, 0, 1//2, 0],
	[11, 14, 11, 20, 17, 1, 1, 15, 1, 1] => QQFieldElem[0, 0, 0, 0, 0, 0, 0, 0, 0, 0, 0, 0, 0, 0, 0, 0],
	[11, 14, 11, 20, 12, 1, 1, 11, 1, 1] => QQFieldElem[0, 0, 0, 0, 0, 0, 0, 0, 0, 0, 0, 0, 0, 0, 0, 0],
	[11, 14, 11, 20, 16, 1, 1, 12, 1, 1] => QQFieldElem[0, 0, 0, 0, 0, 0, 3//512, 0, 0, 0, 0, 0, 0, 0, -3//512, 0],
	[11, 14, 11, 20, 17, 1, 1, 12, 1, 1] => QQFieldElem[0, 0, 0, 0, 0, 0, -3//512, 0, 0, 0, 0, 0, 0, 0, 3//512, 0],
	[11, 14, 11, 20, 18, 1, 1, 18, 1, 1] => QQFieldElem[0, 0, 0, 0, 0, 0, 0, 0, 0, 0, 0, 0, 0, 0, 0, 0],
	[11, 14, 11, 20, 11, 1, 1, 18, 1, 1] => QQFieldElem[0, 0, 0, 0, -9//4, 0, 0, 0, 0, 0, 0, 0, 0, 0, 0, 0],
	[11, 14, 11, 20, 18, 1, 1, 17, 1, 1] => QQFieldElem[0, 0, 0, 0, 0, 0, 0, 0, 0, 0, 0, 0, 0, 0, 1//2, 0],
	[11, 14, 11, 20, 16, 1, 1, 16, 1, 1] => QQFieldElem[0, 0, 0, 0, 0, 0, 0, 0, 0, 0, 0, 0, 0, 0, 0, 0],
	[11, 14, 11, 20, 12, 1, 1, 15, 1, 1] => QQFieldElem[0, 0, 0, 0, 0, 0, 9//8, 0, 0, 0, 0, 0, 0, 0, -9//8, 0],
	[11, 14, 11, 20, 17, 1, 1, 16, 1, 1] => QQFieldElem[0, 0, 0, 0, 0, 0, 0, 0, 0, 0, 0, 0, 0, 0, -1//2, 0],
	[11, 14, 11, 20, 11, 1, 1, 17, 1, 1] => QQFieldElem[0, 0, 0, 0, -9//4, 0, 0, 0, 0, 0, 0, 0, 0, 0, 0, 0],
	[11, 14, 11, 20, 12, 1, 1, 12, 1, 1] => QQFieldElem[0, 0, 0, 0, 0, 0, 0, 0, 0, 0, 0, 0, 0, 0, 0, 0],
	[11, 14, 11, 20, 18, 1, 1, 11, 1, 1] => QQFieldElem[-1//192, 0, 0, 0, 0, 0, 0, 0, 1//192, 0, 0, 0, 0, 0, 0, 0],
	[11, 14, 11, 20, 15, 1, 1, 18, 1, 1] => QQFieldElem[0, 0, 0, 0, 0, 0, 0, 0, 0, 0, 0, 0, 0, 0, -1//2, 0],
	[11, 14, 11, 20, 15, 1, 1, 17, 1, 1] => QQFieldElem[0, 0, 0, 0, 0, 0, 0, 0, 0, 0, 0, 0, 0, 0, 0, 0],
	[11, 14, 11, 20, 11, 1, 1, 11, 1, 1] => QQFieldElem[0, 0, 0, 0, 0, 0, 0, 0, 0, 0, 0, 0, 0, 0, 0, 0],
	[11, 14, 11, 20, 12, 1, 1, 16, 1, 1] => QQFieldElem[0, 0, 0, 0, 0, 0, -9//8, 0, 0, 0, 0, 0, 0, 0, 9//8, 0],
	[11, 14, 11, 20, 15, 1, 1, 11, 1, 1] => QQFieldElem[-1//192, 0, 0, 0, 0, 0, 0, 0, 1//192, 0, 0, 0, 0, 0, 0, 0],
	[11, 14, 11, 20, 18, 1, 1, 15, 1, 1] => QQFieldElem[0, 0, 0, 0, 0, 0, 0, 0, 0, 0, 0, 0, 0, 0, -1//2, 0],
	[11, 14, 11, 20, 16, 1, 1, 18, 1, 1] => QQFieldElem[0, 0, 0, 0, 0, 0, 0, 0, 0, 0, 0, 0, 0, 0, 0, 0],
	[11, 14, 11, 20, 17, 1, 1, 18, 1, 1] => QQFieldElem[0, 0, 0, 0, 0, 0, 0, 0, 0, 0, 0, 0, 0, 0, 1//2, 0],
	[11, 14, 11, 20, 16, 1, 1, 17, 1, 1] => QQFieldElem[0, 0, 0, 0, 0, 0, 0, 0, 0, 0, 0, 0, 0, 0, -1//2, 0],
	[11, 14, 11, 20, 18, 1, 1, 12, 1, 1] => QQFieldElem[0, 0, 0, 0, 0, 0, 3//512, 0, 0, 0, 0, 0, 0, 0, -3//512, 0],
	[11, 14, 11, 20, 17, 1, 1, 17, 1, 1] => QQFieldElem[0, 0, 0, 0, 0, 0, 0, 0, 0, 0, 0, 0, 0, 0, 0, 0],
	[11, 14, 11, 20, 11, 1, 1, 15, 1, 1] => QQFieldElem[0, 0, 0, 0, -9//4, 0, 0, 0, 0, 0, 0, 0, 0, 0, 0, 0],
	[11, 14, 11, 20, 11, 1, 1, 12, 1, 1] => QQFieldElem[0, 0, 0, 0, 0, 0, 0, 0, 0, 0, 0, 0, 0, 0, 0, 0],
	[11, 14, 11, 20, 15, 1, 1, 15, 1, 1] => QQFieldElem[0, 0, 0, 0, 0, 0, 0, 0, 0, 0, 0, 0, 0, 0, 0, 0],
	[11, 14, 11, 20, 16, 1, 1, 11, 1, 1] => QQFieldElem[-1//192, 0, 0, 0, 0, 0, 0, 0, 1//192, 0, 0, 0, 0, 0, 0, 0],
	[11, 14, 11, 20, 12, 1, 1, 18, 1, 1] => QQFieldElem[0, 0, 0, 0, 0, 0, -9//8, 0, 0, 0, 0, 0, 0, 0, 9//8, 0])