Dict(
	[11, 14, 14, 16, 6, 1, 1, 16, 1, 1] => QQFieldElem[0, 0, 0, 0, 0, -1, 0, 0, 0, 0, 0, 0, 0, 1, 0, 0],
	[11, 14, 14, 16, 9, 1, 1, 16, 1, 1] => QQFieldElem[0, 0, 0, 0, 0, 0, 0, 0, 0, 0, 0, 0, 0, 0, 0, -1//2],
	[11, 14, 14, 16, 14, 1, 2, 18, 1, 1] => QQFieldElem[-1//4, 0, 0, 0, 0, 0, 0, 0, 0, 0, 0, 0, -1//4, 0, 0, 0],
	[11, 14, 14, 16, 14, 1, 1, 18, 1, 1] => QQFieldElem[1//4, 0, 0, 0, 0, 0, 0, 0, 0, 0, 0, 0, -1//4, 0, 0, 0],
	[11, 14, 14, 16, 6, 1, 1, 18, 1, 1] => QQFieldElem[0, 0, 0, 9//8, 0, 0, 0, 0, 0, 0, 0, 0, 0, 0, 0, 0],
	[11, 14, 14, 16, 14, 1, 2, 11, 1, 1] => QQFieldElem[-1//4, 0, 0, 0, 0, 0, 0, 0, 0, 0, 0, 0, 1//4, 0, 0, 0],
	[11, 14, 14, 16, 9, 1, 1, 18, 1, 1] => QQFieldElem[0, 0, 0, 0, 0, -9//16, 0, 0, 0, 0, 0, 0, 0, 9//16, 0, 0],
	[11, 14, 14, 16, 14, 1, 1, 11, 1, 1] => QQFieldElem[1//4, 0, 0, 0, 0, 0, 0, 0, 0, 0, 0, 0, 1//4, 0, 0, 0],
	[11, 14, 14, 16, 6, 1, 1, 11, 1, 1] => QQFieldElem[0, 0, 0, 9//8, 0, 0, 0, 0, 0, 0, 0, 0, 0, 0, 0, 0],
	[11, 14, 14, 16, 9, 1, 1, 11, 1, 1] => QQFieldElem[0, 0, 0, 0, 0, 9//16, 0, 0, 0, 0, 0, 0, 0, -9//16, 0, 0],
	[11, 14, 14, 16, 14, 1, 2, 12, 1, 1] => QQFieldElem[1//4, 0, 0, 0, 0, 0, 0, 0, 0, 0, 0, 0, -1//4, 0, 0, 0],
	[11, 14, 14, 16, 14, 1, 1, 12, 1, 1] => QQFieldElem[-1//4, 0, 0, 0, 0, 0, 0, 0, 0, 0, 0, 0, -1//4, 0, 0, 0],
	[11, 14, 14, 16, 14, 1, 2, 16, 1, 1] => QQFieldElem[0, 0, -2//9, 0, 0, 0, -2//9, 0, 0, 0, 2//9, 0, 0, 0, 0, 0],
	[11, 14, 14, 16, 14, 1, 1, 16, 1, 1] => QQFieldElem[0, 0, 2//9, 0, 0, 0, -2//9, 0, 0, 0, -2//9, 0, 0, 0, 0, 0],
	[11, 14, 14, 16, 6, 1, 1, 12, 1, 1] => QQFieldElem[0, 0, 0, 9//8, 0, 0, 0, 0, 0, 0, 0, 0, 0, 0, 0, 0],
	[11, 14, 14, 16, 9, 1, 1, 12, 1, 1] => QQFieldElem[0, 0, 0, 0, 0, 9//16, 0, 0, 0, 0, 0, 0, 0, -9//16, 0, 0])