Dict(
	[11, 12, 10, 15, 21, 1, 1, 19, 1, 1] => QQFieldElem[0, 1//3, 0, 0, 0, 0, 0, 0, 0, -1//3, 0, 0, -1//3, 0, 0, 0],
	[11, 12, 10, 15, 19, 1, 1, 20, 1, 1] => QQFieldElem[0, -1//3, 0, 0, 0, 0, 0, 0, 0, 0, 0, 0, -1//3, 0, 0, 0],
	[11, 12, 10, 15, 21, 1, 1, 21, 1, 1] => QQFieldElem[0, -1//3, 0, 0, 0, 0, 0, 0, 0, 0, 0, 0, -1//3, 0, 0, 0],
	[11, 12, 10, 15, 21, 1, 1, 9, 1, 1] => QQFieldElem[0, 0, 0, 0, 0, 0, 0, 0, 0, 0, 1//128, 0, 0, 0, 0, 0],
	[11, 12, 10, 15, 14, 1, 1, 19, 1, 1] => QQFieldElem[0, 0, 0, 0, 0, 0, 0, 0, 0, 0, 0, 0, 64, 0, 0, 0],
	[11, 12, 10, 15, 14, 1, 1, 21, 1, 1] => QQFieldElem[0, 0, 0, 0, -64, 0, 0, 0, 0, 0, 0, 0, 0, 0, 0, 0],
	[11, 12, 10, 15, 20, 1, 1, 19, 1, 1] => QQFieldElem[0, -1//3, 0, 0, 0, 0, 0, 0, 0, 0, 0, 0, -1//3, 0, 0, 0],
	[11, 12, 10, 15, 14, 1, 1, 9, 1, 1] => QQFieldElem[0, 0, 0, 0, 0, 0, 0, 0, 0, 0, 0, 0, 0, 0, 0, 0],
	[11, 12, 10, 15, 21, 1, 1, 20, 1, 1] => QQFieldElem[0, 0, 0, 0, 0, 0, 0, 0, 0, 1//3, 0, 0, -1//3, 0, 0, 0],
	[11, 12, 10, 15, 20, 1, 1, 21, 1, 1] => QQFieldElem[0, 0, 0, 0, 0, 0, 0, 0, 0, 1//3, 0, 0, -1//3, 0, 0, 0],
	[11, 12, 10, 15, 20, 1, 1, 9, 1, 1] => QQFieldElem[0, 0, -1//128, 0, 0, 0, 0, 0, 0, 0, 0, 0, 0, 0, 0, 0],
	[11, 12, 10, 15, 14, 1, 1, 20, 1, 1] => QQFieldElem[0, 0, 0, 0, 64, 0, 0, 0, 0, 0, 0, 0, -64, 0, 0, 0],
	[11, 12, 10, 15, 20, 1, 1, 20, 1, 1] => QQFieldElem[0, 1//3, 0, 0, 0, 0, 0, 0, 0, -1//3, 0, 0, -1//3, 0, 0, 0],
	[11, 12, 10, 15, 19, 1, 1, 19, 1, 1] => QQFieldElem[0, 0, 0, 0, 0, 0, 0, 0, 0, 1//3, 0, 0, -1//3, 0, 0, 0],
	[11, 12, 10, 15, 19, 1, 1, 21, 1, 1] => QQFieldElem[0, 1//3, 0, 0, 0, 0, 0, 0, 0, -1//3, 0, 0, -1//3, 0, 0, 0],
	[11, 12, 10, 15, 19, 1, 1, 9, 1, 1] => QQFieldElem[0, 0, 1//128, 0, 0, 0, 0, 0, 0, 0, -1//128, 0, 0, 0, 0, 0])