Dict(
	[11, 12, 12, 18, 6, 1, 1, 20, 1, 1] => QQFieldElem[0, 0, 0, 0, -64, 0, 0, 0, 0, 0, 0, 0, 64, 0, 0, 0],
	[11, 12, 12, 18, 19, 1, 1, 19, 1, 1] => QQFieldElem[0, 0, 0, 0, 0, -1//3, 0, 0, 0, 0, 0, 0, -1//3, 1//3, 0, 0],
	[11, 12, 12, 18, 19, 1, 1, 21, 1, 1] => QQFieldElem[0, 0, 0, 0, 0, 1//3, 0, 0, 0, 0, 0, 0, -1//3, 0, 0, 0],
	[11, 12, 12, 18, 19, 1, 1, 9, 1, 1] => QQFieldElem[0, 0, -1//192, 0, 0, 0, 0, 0, 0, 0, 1//192, 0, 0, 0, 0, 0],
	[11, 12, 12, 18, 21, 1, 1, 19, 1, 1] => QQFieldElem[0, 0, 0, 0, 0, 1//3, 0, 0, 0, 0, 0, 0, -1//3, 0, 0, 0],
	[11, 12, 12, 18, 19, 1, 1, 20, 1, 1] => QQFieldElem[0, 0, 0, 0, 0, 0, 0, 0, 0, 0, 0, 0, -1//3, -1//3, 0, 0],
	[11, 12, 12, 18, 21, 1, 1, 21, 1, 1] => QQFieldElem[0, 0, 0, 0, 0, 0, 0, 0, 0, 0, 0, 0, -1//3, -1//3, 0, 0],
	[11, 12, 12, 18, 21, 1, 1, 9, 1, 1] => QQFieldElem[0, 0, 0, 0, 0, 0, 0, 0, 0, 0, -1//192, 0, 0, 0, 0, 0],
	[11, 12, 12, 18, 20, 1, 1, 19, 1, 1] => QQFieldElem[0, 0, 0, 0, 0, 0, 0, 0, 0, 0, 0, 0, -1//3, -1//3, 0, 0],
	[11, 12, 12, 18, 6, 1, 1, 19, 1, 1] => QQFieldElem[0, 0, 0, 0, 0, 0, 0, 0, 0, 0, 0, 0, -64, 0, 0, 0],
	[11, 12, 12, 18, 21, 1, 1, 20, 1, 1] => QQFieldElem[0, 0, 0, 0, 0, -1//3, 0, 0, 0, 0, 0, 0, -1//3, 1//3, 0, 0],
	[11, 12, 12, 18, 20, 1, 1, 21, 1, 1] => QQFieldElem[0, 0, 0, 0, 0, -1//3, 0, 0, 0, 0, 0, 0, -1//3, 1//3, 0, 0],
	[11, 12, 12, 18, 6, 1, 1, 21, 1, 1] => QQFieldElem[0, 0, 0, 0, 64, 0, 0, 0, 0, 0, 0, 0, 0, 0, 0, 0],
	[11, 12, 12, 18, 20, 1, 1, 9, 1, 1] => QQFieldElem[0, 0, 1//192, 0, 0, 0, 0, 0, 0, 0, 0, 0, 0, 0, 0, 0],
	[11, 12, 12, 18, 6, 1, 1, 9, 1, 1] => QQFieldElem[0, 0, 0, 0, 0, 0, 0, 0, 0, 0, 0, 0, 0, 0, 0, 0],
	[11, 12, 12, 18, 20, 1, 1, 20, 1, 1] => QQFieldElem[0, 0, 0, 0, 0, 1//3, 0, 0, 0, 0, 0, 0, -1//3, 0, 0, 0])