Dict(
	[11, 10, 12, 11, 21, 1, 1, 14, 1, 1] => QQFieldElem[0, 0, 0, 0, 0, 0, 0, 0, 0, 0, 0, 0, 0, 0, 0, 0],
	[11, 10, 12, 11, 19, 1, 1, 19, 1, 1] => QQFieldElem[0, 0, 0, 0, 0, 0, 0, 0, 0, 0, 0, 0, 0, 0, 0, 0],
	[11, 10, 12, 11, 19, 1, 1, 21, 1, 1] => QQFieldElem[-4//9, 0, 0, 0, 0, 0, 0, 0, 8//9, 0, 0, 0, 0, 0, 0, 0],
	[11, 10, 12, 11, 14, 1, 1, 14, 1, 1] => QQFieldElem[0, 0, 0, 0, 0, 0, 0, 0, 0, 0, 0, 0, 256//9, 0, 0, 0],
	[11, 10, 12, 11, 3, 1, 1, 20, 1, 1] => QQFieldElem[9//8, 0, 0, 0, 0, 0, 0, 0, 0, 0, 0, 0, 0, 0, 0, 0],
	[11, 10, 12, 11, 20, 1, 1, 14, 1, 1] => QQFieldElem[0, 0, 0, 0, 0, 0, 0, 0, 0, 0, 0, 0, 0, 0, 0, 0],
	[11, 10, 12, 11, 21, 1, 1, 3, 1, 1] => QQFieldElem[1//72, 0, 0, 0, 0, 0, 0, 0, 0, 0, 0, 0, 0, 0, 0, 0],
	[11, 10, 12, 11, 19, 1, 1, 20, 1, 1] => QQFieldElem[4//9, 0, 0, 0, 0, 0, 0, 0, -8//9, 0, 0, 0, 0, 0, 0, 0],
	[11, 10, 12, 11, 21, 1, 1, 19, 1, 1] => QQFieldElem[-4//9, 0, 0, 0, 0, 0, 0, 0, 8//9, 0, 0, 0, 0, 0, 0, 0],
	[11, 10, 12, 11, 21, 1, 1, 21, 1, 1] => QQFieldElem[4//9, 0, 0, 0, 0, 0, 0, 0, -8//9, 0, 0, 0, 0, 0, 0, 0],
	[11, 10, 12, 11, 14, 1, 1, 3, 1, 1] => QQFieldElem[0, 0, 0, 0, 0, 0, 0, 0, 0, 0, 0, 0, 0, 0, 0, 0],
	[11, 10, 12, 11, 14, 1, 1, 19, 1, 1] => QQFieldElem[0, 0, 0, 0, 0, 0, 0, 0, 0, 0, 0, 0, 0, 0, 0, 0],
	[11, 10, 12, 11, 14, 1, 1, 21, 1, 1] => QQFieldElem[0, 0, 0, 0, 0, 0, 0, 0, 0, 0, 0, 0, 0, 0, 0, 0],
	[11, 10, 12, 11, 20, 1, 1, 3, 1, 1] => QQFieldElem[1//72, 0, 0, 0, 0, 0, 0, 0, 0, 0, 0, 0, 0, 0, 0, 0],
	[11, 10, 12, 11, 3, 1, 1, 14, 1, 1] => QQFieldElem[0, 0, 0, 0, 0, 0, 0, 0, 0, 0, 0, 0, 0, 0, 0, 0],
	[11, 10, 12, 11, 20, 1, 1, 19, 1, 1] => QQFieldElem[4//9, 0, 0, 0, 0, 0, 0, 0, -8//9, 0, 0, 0, 0, 0, 0, 0],
	[11, 10, 12, 11, 21, 1, 1, 20, 1, 1] => QQFieldElem[0, 0, 0, 0, 0, 0, 0, 0, 0, 0, 0, 0, 0, 0, 0, 0],
	[11, 10, 12, 11, 20, 1, 1, 21, 1, 1] => QQFieldElem[0, 0, 0, 0, 0, 0, 0, 0, 0, 0, 0, 0, 0, 0, 0, 0],
	[11, 10, 12, 11, 19, 1, 1, 14, 1, 1] => QQFieldElem[0, 0, 0, 0, 0, 0, 0, 0, 0, 0, 0, 0, 0, 0, 0, 0],
	[11, 10, 12, 11, 14, 1, 1, 20, 1, 1] => QQFieldElem[0, 0, 0, 0, 0, 0, 0, 0, 0, 0, 0, 0, 0, 0, 0, 0],
	[11, 10, 12, 11, 3, 1, 1, 3, 1, 1] => QQFieldElem[0, 0, 0, 0, 0, 0, 0, 0, 0, 0, 0, 0, 0, 0, 0, 0],
	[11, 10, 12, 11, 3, 1, 1, 19, 1, 1] => QQFieldElem[9//8, 0, 0, 0, 0, 0, 0, 0, 0, 0, 0, 0, 0, 0, 0, 0],
	[11, 10, 12, 11, 20, 1, 1, 20, 1, 1] => QQFieldElem[-4//9, 0, 0, 0, 0, 0, 0, 0, 8//9, 0, 0, 0, 0, 0, 0, 0],
	[11, 10, 12, 11, 3, 1, 1, 21, 1, 1] => QQFieldElem[9//8, 0, 0, 0, 0, 0, 0, 0, 0, 0, 0, 0, 0, 0, 0, 0],
	[11, 10, 12, 11, 19, 1, 1, 3, 1, 1] => QQFieldElem[1//72, 0, 0, 0, 0, 0, 0, 0, 0, 0, 0, 0, 0, 0, 0, 0])