Dict(
	[11, 16, 13, 11, 21, 1, 1, 19, 1, 1] => QQFieldElem[0, 0, 0, 0, 0, 4//9, 0, 0, 0, 0, 0, 0, 4//9, 0, 0, 0],
	[11, 16, 13, 11, 21, 1, 1, 21, 1, 1] => QQFieldElem[0, 0, 0, 0, 0, 0, 0, 0, 0, 0, 0, 0, 4//9, -4//9, 0, 0],
	[11, 16, 13, 11, 19, 1, 1, 8, 1, 1] => QQFieldElem[0, 0, 0, 0, 0, 0, 0, 0, 0, 0, 0, 0, -16//81, 0, 0, 0],
	[11, 16, 13, 11, 14, 1, 1, 19, 1, 1] => QQFieldElem[0, 0, 1024//9, 0, 0, 0, 0, 0, 0, 0, -1024//9, 0, 0, 0, 0, 0],
	[11, 16, 13, 11, 14, 1, 1, 21, 1, 1] => QQFieldElem[0, 0, 0, 0, 0, 0, 0, 0, 0, 0, 1024//9, 0, 0, 0, 0, 0],
	[11, 16, 13, 11, 20, 1, 1, 19, 1, 1] => QQFieldElem[0, 0, 0, 0, 0, 0, 0, 0, 0, 0, 0, 0, 4//9, -4//9, 0, 0],
	[11, 16, 13, 11, 20, 1, 1, 21, 1, 1] => QQFieldElem[0, 0, 0, 0, 0, -4//9, 0, 0, 0, 0, 0, 0, 4//9, 4//9, 0, 0],
	[11, 16, 13, 11, 21, 1, 1, 20, 1, 1] => QQFieldElem[0, 0, 0, 0, 0, -4//9, 0, 0, 0, 0, 0, 0, 4//9, 4//9, 0, 0],
	[11, 16, 13, 11, 21, 1, 1, 8, 1, 1] => QQFieldElem[0, 0, 0, 0, 16//81, 0, 0, 0, 0, 0, 0, 0, 0, 0, 0, 0],
	[11, 16, 13, 11, 14, 1, 1, 20, 1, 1] => QQFieldElem[0, 0, -1024//9, 0, 0, 0, 0, 0, 0, 0, 0, 0, 0, 0, 0, 0],
	[11, 16, 13, 11, 14, 1, 1, 8, 1, 1] => QQFieldElem[0, 0, 0, 0, 0, 0, 0, 0, 0, 0, 0, 0, 0, 0, 0, 0],
	[11, 16, 13, 11, 20, 1, 1, 20, 1, 1] => QQFieldElem[0, 0, 0, 0, 0, 4//9, 0, 0, 0, 0, 0, 0, 4//9, 0, 0, 0],
	[11, 16, 13, 11, 20, 1, 1, 8, 1, 1] => QQFieldElem[0, 0, 0, 0, -16//81, 0, 0, 0, 0, 0, 0, 0, 16//81, 0, 0, 0],
	[11, 16, 13, 11, 19, 1, 1, 19, 1, 1] => QQFieldElem[0, 0, 0, 0, 0, -4//9, 0, 0, 0, 0, 0, 0, 4//9, 4//9, 0, 0],
	[11, 16, 13, 11, 19, 1, 1, 21, 1, 1] => QQFieldElem[0, 0, 0, 0, 0, 4//9, 0, 0, 0, 0, 0, 0, 4//9, 0, 0, 0],
	[11, 16, 13, 11, 19, 1, 1, 20, 1, 1] => QQFieldElem[0, 0, 0, 0, 0, 0, 0, 0, 0, 0, 0, 0, 4//9, -4//9, 0, 0])