Dict(
	[11, 10, 21, 14, 16, 1, 1, 20, 1, 1] => QQFieldElem[0, 0, 0, 0, 0, 1//3, 1//3, 0, 0, 0, 0, 0, 1//3, 0, -1//3, 1//3],
	[11, 10, 21, 14, 15, 1, 1, 19, 1, 2] => QQFieldElem[0, 0, 0, 0, 8//27, 0, 0, 0, 0, 0, 0, 0, -8//27, 0, 0, 0],
	[11, 10, 21, 14, 10, 1, 1, 19, 1, 1] => QQFieldElem[0, 0, 0, 0, 0, 0, 0, 0, 0, 0, 0, 0, -8//27, 0, 0, 0],
	[11, 10, 21, 14, 17, 1, 1, 20, 1, 1] => QQFieldElem[0, 0, 0, 0, 0, 0, -1//3, -1//3, 0, 0, 0, 0, 1//3, -1//3, 0, 0],
	[11, 10, 21, 14, 15, 1, 1, 21, 1, 2] => QQFieldElem[0, 0, 0, 0, 0, 0, 0, 0, 0, -1//3, 0, 1//3, -1//3, 0, -1//3, 0],
	[11, 10, 21, 14, 10, 1, 1, 21, 1, 1] => QQFieldElem[0, 1//3, 0, -1//3, 0, 0, -1//3, 0, 0, -1//3, 0, 0, 1//3, 0, 1//3, 0],
	[11, 10, 21, 14, 13, 1, 1, 20, 1, 2] => QQFieldElem[0, -1//3, 0, -1//3, 0, 0, 1//3, 0, 0, 0, 0, 1//3, -1//3, 0, 0, 0],
	[11, 10, 21, 14, 18, 1, 1, 20, 1, 2] => QQFieldElem[0, 0, 0, 0, 0, 1//3, 0, 1//3, 0, 0, 0, 0, -1//3, -1//3, 1//3, -1//3],
	[11, 10, 21, 14, 13, 1, 1, 19, 1, 1] => QQFieldElem[0, 0, 0, 0, 8//27, 0, 0, 0, 0, 0, 0, 0, 0, 0, 0, 0],
	[11, 10, 21, 14, 18, 1, 1, 19, 1, 1] => QQFieldElem[0, 0, 0, 0, 1//256, 0, 0, 0, 0, 0, 0, 0, 0, 0, 0, 0],
	[11, 10, 21, 14, 16, 1, 1, 19, 1, 2] => QQFieldElem[0, 0, 0, 0, 1//256, 0, 0, 0, 0, 0, 0, 0, 0, 0, 0, 0],
	[11, 10, 21, 14, 13, 1, 1, 21, 1, 1] => QQFieldElem[0, -1//3, 0, 1//3, 0, 0, 1//3, 0, 0, 0, 0, -1//3, 1//3, 0, 0, 0],
	[11, 10, 21, 14, 18, 1, 1, 21, 1, 1] => QQFieldElem[0, 0, 0, 0, 0, 1//3, 0, -1//3, 0, 0, 0, 0, 1//3, -1//3, 1//3, 1//3],
	[11, 10, 21, 14, 17, 1, 1, 19, 1, 2] => QQFieldElem[0, 0, 0, 0, 1//256, 0, 0, 0, 0, 0, 0, 0, 0, 0, 0, 0],
	[11, 10, 21, 14, 16, 1, 1, 21, 1, 2] => QQFieldElem[0, 0, 0, 0, 0, 1//3, 1//3, 0, 0, 0, 0, 0, -1//3, 0, -1//3, -1//3],
	[11, 10, 21, 14, 15, 1, 1, 20, 1, 2] => QQFieldElem[0, 0, 0, 0, 0, 0, 0, 0, 0, 1//3, 0, -1//3, -1//3, 0, -1//3, 0],
	[11, 10, 21, 14, 10, 1, 1, 20, 1, 1] => QQFieldElem[0, -1//3, 0, 1//3, 0, 0, -1//3, 0, 0, 1//3, 0, 0, 1//3, 0, 1//3, 0],
	[11, 10, 21, 14, 17, 1, 1, 21, 1, 2] => QQFieldElem[0, 0, 0, 0, 0, 0, -1//3, 1//3, 0, 0, 0, 0, -1//3, -1//3, 0, 0],
	[11, 10, 21, 14, 15, 1, 1, 19, 1, 1] => QQFieldElem[0, 0, 0, 0, -8//27, 0, 0, 0, 0, 0, 0, 0, 8//27, 0, 0, 0],
	[11, 10, 21, 14, 15, 1, 1, 21, 1, 1] => QQFieldElem[0, 0, 0, 0, 0, 0, 0, 0, 0, 1//3, 0, 1//3, 1//3, 0, -1//3, 0],
	[11, 10, 21, 14, 13, 1, 1, 20, 1, 1] => QQFieldElem[0, 1//3, 0, -1//3, 0, 0, 1//3, 0, 0, 0, 0, 1//3, 1//3, 0, 0, 0],
	[11, 10, 21, 14, 18, 1, 1, 20, 1, 1] => QQFieldElem[0, 0, 0, 0, 0, -1//3, 0, 1//3, 0, 0, 0, 0, 1//3, 1//3, 1//3, -1//3],
	[11, 10, 21, 14, 16, 1, 1, 20, 1, 2] => QQFieldElem[0, 0, 0, 0, 0, -1//3, 1//3, 0, 0, 0, 0, 0, -1//3, 0, -1//3, 1//3],
	[11, 10, 21, 14, 17, 1, 1, 20, 1, 2] => QQFieldElem[0, 0, 0, 0, 0, 0, -1//3, -1//3, 0, 0, 0, 0, -1//3, 1//3, 0, 0],
	[11, 10, 21, 14, 10, 1, 1, 19, 1, 2] => QQFieldElem[0, 0, 0, 0, 0, 0, 0, 0, 0, 0, 0, 0, 8//27, 0, 0, 0],
	[11, 10, 21, 14, 16, 1, 1, 19, 1, 1] => QQFieldElem[0, 0, 0, 0, 1//256, 0, 0, 0, 0, 0, 0, 0, 0, 0, 0, 0],
	[11, 10, 21, 14, 10, 1, 1, 21, 1, 2] => QQFieldElem[0, -1//3, 0, -1//3, 0, 0, -1//3, 0, 0, 1//3, 0, 0, -1//3, 0, 1//3, 0],
	[11, 10, 21, 14, 17, 1, 1, 19, 1, 1] => QQFieldElem[0, 0, 0, 0, 1//256, 0, 0, 0, 0, 0, 0, 0, 0, 0, 0, 0],
	[11, 10, 21, 14, 15, 1, 1, 20, 1, 1] => QQFieldElem[0, 0, 0, 0, 0, 0, 0, 0, 0, -1//3, 0, -1//3, 1//3, 0, -1//3, 0],
	[11, 10, 21, 14, 16, 1, 1, 21, 1, 1] => QQFieldElem[0, 0, 0, 0, 0, -1//3, 1//3, 0, 0, 0, 0, 0, 1//3, 0, -1//3, -1//3],
	[11, 10, 21, 14, 17, 1, 1, 21, 1, 1] => QQFieldElem[0, 0, 0, 0, 0, 0, -1//3, 1//3, 0, 0, 0, 0, 1//3, 1//3, 0, 0],
	[11, 10, 21, 14, 13, 1, 1, 19, 1, 2] => QQFieldElem[0, 0, 0, 0, -8//27, 0, 0, 0, 0, 0, 0, 0, 0, 0, 0, 0],
	[11, 10, 21, 14, 18, 1, 1, 19, 1, 2] => QQFieldElem[0, 0, 0, 0, 1//256, 0, 0, 0, 0, 0, 0, 0, 0, 0, 0, 0],
	[11, 10, 21, 14, 13, 1, 1, 21, 1, 2] => QQFieldElem[0, 1//3, 0, 1//3, 0, 0, 1//3, 0, 0, 0, 0, -1//3, -1//3, 0, 0, 0],
	[11, 10, 21, 14, 18, 1, 1, 21, 1, 2] => QQFieldElem[0, 0, 0, 0, 0, -1//3, 0, -1//3, 0, 0, 0, 0, -1//3, 1//3, 1//3, 1//3],
	[11, 10, 21, 14, 10, 1, 1, 20, 1, 2] => QQFieldElem[0, 1//3, 0, 1//3, 0, 0, -1//3, 0, 0, -1//3, 0, 0, -1//3, 0, 1//3, 0])