Dict(
	[11, 10, 16, 18, 6, 1, 1, 21, 1, 1] => QQFieldElem[-27//16, 0, 0, 0, 0, 0, 0, 0, 0, 0, 0, 0, 0, 0, 0, 0],
	[11, 10, 16, 18, 9, 1, 1, 21, 1, 1] => QQFieldElem[0, 0, 0, 0, 0, 0, 0, 0, 0, 0, 0, 0, 0, 0, 0, 0],
	[11, 10, 16, 18, 19, 1, 1, 14, 1, 1] => QQFieldElem[0, 0, 0, 0, 0, 0, 0, 0, 0, 0, 0, 0, 0, 0, 0, 0],
	[11, 10, 16, 18, 14, 1, 1, 20, 1, 1] => QQFieldElem[0, 0, 0, 0, 0, 0, 0, 0, 0, 0, 0, 0, 0, 0, 0, 0],
	[11, 10, 16, 18, 19, 1, 1, 4, 1, 1] => QQFieldElem[0, 0, 0, 0, 0, 0, 0, 0, 0, -1//6, 0, 0, -1//6, 0, 0, -1//6],
	[11, 10, 16, 18, 20, 1, 1, 20, 1, 1] => QQFieldElem[-1//3, 0, 1//3, -1//3, 0, -1//3, 1//3, 0, 0, 0, -1//3, 1//3, 0, 0, 0, 0],
	[11, 10, 16, 18, 6, 1, 1, 20, 1, 1] => QQFieldElem[-27//16, 0, 0, 0, 0, 0, 0, 0, 0, 0, 0, 0, 0, 0, 0, 0],
	[11, 10, 16, 18, 9, 1, 1, 20, 1, 1] => QQFieldElem[0, 0, 0, 0, 0, 0, 0, 0, 0, 0, 0, 0, 0, 0, 0, 0],
	[11, 10, 16, 18, 19, 1, 1, 3, 1, 1] => QQFieldElem[0, 0, 0, 0, 0, 0, 0, 0, 0, 1//6, 0, 0, 1//6, 0, 0, 1//6],
	[11, 10, 16, 18, 21, 1, 1, 14, 1, 1] => QQFieldElem[0, 0, 0, 0, 0, 0, 0, 0, 0, 0, 0, 0, 0, 0, 0, 0],
	[11, 10, 16, 18, 19, 1, 1, 19, 1, 1] => QQFieldElem[2//3, 0, 1//3, 1//3, 0, 1//3, 1//3, 0, 0, 0, -1//3, 0, 0, -1//3, 0, 0],
	[11, 10, 16, 18, 19, 1, 1, 21, 1, 1] => QQFieldElem[-1//3, 0, -1//3, -1//3, 0, -1//3, -1//3, 0, 0, 0, 0, 1//3, 0, 0, 1//3, 0],
	[11, 10, 16, 18, 21, 1, 1, 4, 1, 1] => QQFieldElem[0, -1//6, 0, 0, 0, 0, 0, 1//6, 0, 1//6, 0, 0, -1//6, 0, 0, 0],
	[11, 10, 16, 18, 14, 1, 1, 14, 1, 1] => QQFieldElem[0, 0, 0, 0, 0, 9//8, 0, 0, 0, 0, 0, 0, 0, -9//8, 0, 0],
	[11, 10, 16, 18, 14, 1, 1, 4, 1, 1] => QQFieldElem[0, 0, 0, 0, 0, -9//16, 0, 0, 0, 0, 0, 0, 0, 9//16, 0, 0],
	[11, 10, 16, 18, 20, 1, 1, 14, 1, 1] => QQFieldElem[0, 0, 0, 0, 0, 0, 0, 0, 0, 0, 0, 0, 0, 0, 0, 0],
	[11, 10, 16, 18, 21, 1, 1, 3, 1, 1] => QQFieldElem[0, 1//6, 0, 0, 0, 0, 0, -1//6, 0, -1//6, 0, 0, 1//6, 0, 0, 0],
	[11, 10, 16, 18, 6, 1, 1, 14, 1, 1] => QQFieldElem[0, 0, 0, 0, 0, 0, 0, 0, 0, 0, 0, 0, 0, 0, 0, 0],
	[11, 10, 16, 18, 21, 1, 1, 19, 1, 1] => QQFieldElem[2//3, 0, 0, -1//3, 0, -1//3, 0, 0, 0, 0, 1//3, 1//3, 0, 0, -1//3, 0],
	[11, 10, 16, 18, 9, 1, 1, 14, 1, 1] => QQFieldElem[-9//16, 0, 0, 0, 0, 0, 0, 0, 0, 0, 0, 0, 0, 0, 0, 0],
	[11, 10, 16, 18, 19, 1, 1, 20, 1, 1] => QQFieldElem[-1//3, 0, 0, 0, 0, 0, 0, 0, 0, 0, 1//3, -1//3, 0, 1//3, -1//3, 0],
	[11, 10, 16, 18, 20, 1, 1, 4, 1, 1] => QQFieldElem[0, 1//6, 0, 0, 0, 0, 0, -1//6, 0, 0, 0, 0, -1//6, 0, 0, 1//6],
	[11, 10, 16, 18, 21, 1, 1, 21, 1, 1] => QQFieldElem[-1//3, 0, 1//3, 0, 0, 0, 1//3, 0, 0, 0, -1//3, -1//3, 0, 1//3, 0, 0],
	[11, 10, 16, 18, 6, 1, 1, 4, 1, 1] => QQFieldElem[0, 0, 0, 0, 0, 0, 0, 0, 0, 0, 0, 0, 0, 0, 0, 0],
	[11, 10, 16, 18, 9, 1, 1, 4, 1, 1] => QQFieldElem[-9//32, 0, 0, 0, 0, 0, 0, 0, 0, 0, 0, 0, 0, 0, 0, 0],
	[11, 10, 16, 18, 14, 1, 1, 3, 1, 1] => QQFieldElem[0, 0, 0, 0, 0, -9//16, 0, 0, 0, 0, 0, 0, 0, 9//16, 0, 0],
	[11, 10, 16, 18, 14, 1, 1, 19, 1, 1] => QQFieldElem[0, 0, 0, 0, 0, 0, 0, 0, 0, 0, 0, 0, 0, 0, 0, 0],
	[11, 10, 16, 18, 14, 1, 1, 21, 1, 1] => QQFieldElem[0, 0, 0, 0, 0, 0, 0, 0, 0, 0, 0, 0, 0, 0, 0, 0],
	[11, 10, 16, 18, 20, 1, 1, 3, 1, 1] => QQFieldElem[0, -1//6, 0, 0, 0, 0, 0, 1//6, 0, 0, 0, 0, 1//6, 0, 0, -1//6],
	[11, 10, 16, 18, 20, 1, 1, 19, 1, 1] => QQFieldElem[2//3, 0, -1//3, 0, 0, 0, -1//3, 0, 0, 0, 0, -1//3, 0, 1//3, 1//3, 0],
	[11, 10, 16, 18, 6, 1, 1, 3, 1, 1] => QQFieldElem[0, 0, 0, 0, 0, 0, 0, 0, 0, 0, 0, 0, 0, 0, 0, 0],
	[11, 10, 16, 18, 9, 1, 1, 3, 1, 1] => QQFieldElem[-9//32, 0, 0, 0, 0, 0, 0, 0, 0, 0, 0, 0, 0, 0, 0, 0],
	[11, 10, 16, 18, 6, 1, 1, 19, 1, 1] => QQFieldElem[-27//16, 0, 0, 0, 0, 0, 0, 0, 0, 0, 0, 0, 0, 0, 0, 0],
	[11, 10, 16, 18, 20, 1, 1, 21, 1, 1] => QQFieldElem[-1//3, 0, 0, 1//3, 0, 1//3, 0, 0, 0, 0, 1//3, 0, 0, -1//3, -1//3, 0],
	[11, 10, 16, 18, 21, 1, 1, 20, 1, 1] => QQFieldElem[-1//3, 0, -1//3, 1//3, 0, 1//3, -1//3, 0, 0, 0, 0, 0, 0, -1//3, 1//3, 0],
	[11, 10, 16, 18, 9, 1, 1, 19, 1, 1] => QQFieldElem[0, 0, 0, 0, 0, 0, 0, 0, 0, 0, 0, 0, 0, 0, 0, 0])