Dict(
	[11, 10, 18, 13, 20, 1, 1, 19, 1, 1] => QQFieldElem[0, 0, 0, 0, 0, 0, 0, 0, 0, 0, 0, -4//9, -4//9, 0, 0, 0],
	[11, 10, 18, 13, 6, 1, 1, 19, 1, 1] => QQFieldElem[0, 0, 0, 0, 0, 0, 0, 0, 0, 0, 0, 0, 3//2, 0, 0, 0],
	[11, 10, 18, 13, 21, 1, 1, 20, 1, 1] => QQFieldElem[0, 0, 0, 4//9, 0, 0, 0, 0, 0, 0, 0, 0, -4//9, 0, 0, 0],
	[11, 10, 18, 13, 20, 1, 1, 21, 1, 1] => QQFieldElem[0, 0, 0, 4//9, 0, 0, 0, 0, 0, 0, 0, 0, -4//9, 0, 0, 0],
	[11, 10, 18, 13, 6, 1, 1, 21, 1, 1] => QQFieldElem[0, 0, 0, 0, 3//2, 0, 0, 0, 0, 0, 0, 0, -3//2, 0, 0, 0],
	[11, 10, 18, 13, 19, 1, 1, 14, 1, 1] => QQFieldElem[0, 0, 0, 0, 0, 0, 0, 0, 0, 0, 0, 0, 2//9, 0, 0, 0],
	[11, 10, 18, 13, 20, 1, 1, 20, 1, 1] => QQFieldElem[0, 0, 0, -4//9, 0, 0, 0, 0, 0, 0, 0, 4//9, -4//9, 0, 0, 0],
	[11, 10, 18, 13, 6, 1, 1, 20, 1, 1] => QQFieldElem[0, 0, 0, 0, -3//2, 0, 0, 0, 0, 0, 0, 0, 0, 0, 0, 0],
	[11, 10, 18, 13, 21, 1, 1, 14, 1, 1] => QQFieldElem[0, 0, 0, 0, 2//9, 0, 0, 0, 0, 0, 0, 0, -2//9, 0, 0, 0],
	[11, 10, 18, 13, 19, 1, 1, 19, 1, 1] => QQFieldElem[0, 0, 0, 4//9, 0, 0, 0, 0, 0, 0, 0, 0, -4//9, 0, 0, 0],
	[11, 10, 18, 13, 19, 1, 1, 21, 1, 1] => QQFieldElem[0, 0, 0, -4//9, 0, 0, 0, 0, 0, 0, 0, 4//9, -4//9, 0, 0, 0],
	[11, 10, 18, 13, 20, 1, 1, 14, 1, 1] => QQFieldElem[0, 0, 0, 0, -2//9, 0, 0, 0, 0, 0, 0, 0, 0, 0, 0, 0],
	[11, 10, 18, 13, 6, 1, 1, 14, 1, 1] => QQFieldElem[0, 0, 0, 0, 0, 0, 0, 0, 0, 0, 0, 0, 0, 0, 0, 0],
	[11, 10, 18, 13, 19, 1, 1, 20, 1, 1] => QQFieldElem[0, 0, 0, 0, 0, 0, 0, 0, 0, 0, 0, -4//9, -4//9, 0, 0, 0],
	[11, 10, 18, 13, 21, 1, 1, 19, 1, 1] => QQFieldElem[0, 0, 0, -4//9, 0, 0, 0, 0, 0, 0, 0, 4//9, -4//9, 0, 0, 0],
	[11, 10, 18, 13, 21, 1, 1, 21, 1, 1] => QQFieldElem[0, 0, 0, 0, 0, 0, 0, 0, 0, 0, 0, -4//9, -4//9, 0, 0, 0])