Dict(
	[11, 14, 17, 21, 17, 1, 1, 17, 1, 1] => QQFieldElem[1//4, -1//4, 0, 0, 0, -1//4, -1//4, 0, 0, 1//4, 1//4, 0, -1//4, 0, 1//4, 0],
	[11, 14, 17, 21, 11, 1, 1, 12, 1, 1] => QQFieldElem[0, 0, 0, 0, -9//16, 0, 0, 0, 0, 0, 0, 0, 0, 0, 0, 0],
	[11, 14, 17, 21, 15, 1, 1, 15, 1, 1] => QQFieldElem[0, 0, 0, -1//4, 0, 1//4, 0, 0, 0, 0, 0, 1//4, -1//4, 0, 0, 0],
	[11, 14, 17, 21, 12, 1, 1, 18, 1, 1] => QQFieldElem[1//4, 1//4, 0, 0, 0, -1//4, 1//4, 0, 0, -1//4, 1//4, 0, -1//4, 0, -1//4, 0],
	[11, 14, 17, 21, 13, 1, 1, 16, 1, 1] => QQFieldElem[0, 0, 0, 0, 0, 1//4, 0, 1//4, 0, 0, 0, 0, 1//4, 0, 0, 0],
	[11, 14, 17, 21, 17, 1, 1, 11, 1, 1] => QQFieldElem[0, 0, 0, 0, 0, -1//4, 0, 1//4, 0, 0, 0, 0, -1//4, 0, 0, 0],
	[11, 14, 17, 21, 15, 1, 1, 12, 1, 1] => QQFieldElem[0, 0, 0, 1//4, 0, -1//4, 0, 0, 0, 0, 0, -1//4, 1//4, 0, 0, 0],
	[11, 14, 17, 21, 12, 1, 1, 17, 1, 1] => QQFieldElem[-1//4, -1//4, 0, 0, 0, -1//4, 1//4, 0, 0, 1//4, -1//4, 0, -1//4, 0, -1//4, 0],
	[11, 14, 17, 21, 11, 1, 1, 16, 1, 1] => QQFieldElem[0, 0, 0, 0, 9//16, 0, 0, 0, 0, 0, 0, 0, 0, 0, 0, 0],
	[11, 14, 17, 21, 10, 1, 1, 18, 1, 1] => QQFieldElem[0, 0, 0, 0, 0, 0, 0, 0, 0, 0, 0, 0, 0, 0, 0, 0],
	[11, 14, 17, 21, 15, 1, 1, 16, 1, 1] => QQFieldElem[0, 0, 0, 0, 0, 0, 0, 0, 0, 0, 0, 0, 0, 0, 0, 0],
	[11, 14, 17, 21, 12, 1, 1, 11, 1, 1] => QQFieldElem[0, 0, 0, 0, 0, 0, 0, 0, 0, 0, 0, 0, 0, 0, 0, 0],
	[11, 14, 17, 21, 17, 1, 1, 15, 1, 1] => QQFieldElem[0, 0, 0, 0, 0, 0, 0, 0, 0, 0, 0, 0, 0, 0, 0, 0],
	[11, 14, 17, 21, 10, 1, 1, 17, 1, 1] => QQFieldElem[0, 0, 0, 0, 0, 0, 0, 0, 0, 0, 0, 0, 0, 0, 0, 0],
	[11, 14, 17, 21, 13, 1, 1, 18, 1, 1] => QQFieldElem[-1//4, 1//4, 0, 0, 0, -1//4, -1//4, 0, 0, -1//4, -1//4, 0, -1//4, 0, 1//4, 0],
	[11, 14, 17, 21, 17, 1, 1, 12, 1, 1] => QQFieldElem[0, 0, 0, 0, 0, 0, 0, 0, 0, 0, 0, 0, 0, 0, 0, 0],
	[11, 14, 17, 21, 10, 1, 1, 11, 1, 1] => QQFieldElem[0, 0, 0, 0, 0, 0, 0, 0, 0, 0, 9//8, 0, 0, 0, 0, 0],
	[11, 14, 17, 21, 13, 1, 1, 17, 1, 1] => QQFieldElem[1//4, 1//4, 0, 0, 0, 1//4, 1//4, 0, 0, -1//4, -1//4, 0, -1//4, 0, -1//4, 0],
	[11, 14, 17, 21, 11, 1, 1, 18, 1, 1] => QQFieldElem[0, 0, 0, 0, 0, 0, 0, 0, 0, 0, 0, 0, 0, 0, 0, 0],
	[11, 14, 17, 21, 12, 1, 1, 15, 1, 1] => QQFieldElem[0, 0, 0, 1//4, 0, 1//4, 0, 0, 0, 0, 0, -1//4, -1//4, 0, 0, 0],
	[11, 14, 17, 21, 17, 1, 1, 16, 1, 1] => QQFieldElem[0, 0, 0, 0, 0, 1//4, 0, -1//4, 0, 0, 0, 0, 1//4, 0, 0, 0],
	[11, 14, 17, 21, 11, 1, 1, 17, 1, 1] => QQFieldElem[0, 0, 0, 0, 0, 0, 0, 0, 0, 0, 0, 0, 0, 0, 0, 0],
	[11, 14, 17, 21, 13, 1, 1, 11, 1, 1] => QQFieldElem[0, 0, 0, 0, 0, -1//4, 0, -1//4, 0, 0, 0, 0, -1//4, 0, 0, 0],
	[11, 14, 17, 21, 12, 1, 1, 12, 1, 1] => QQFieldElem[0, 0, 0, -1//4, 0, -1//4, 0, 0, 0, 0, 0, 1//4, 1//4, 0, 0, 0],
	[11, 14, 17, 21, 10, 1, 1, 15, 1, 1] => QQFieldElem[0, 0, 0, 0, 0, 0, 0, 0, 0, 0, 9//8, 0, 0, 0, 0, 0],
	[11, 14, 17, 21, 15, 1, 1, 18, 1, 1] => QQFieldElem[1//4, -1//4, 0, 0, 0, 1//4, -1//4, 0, 0, 1//4, -1//4, 0, -1//4, 0, 1//4, 0],
	[11, 14, 17, 21, 15, 1, 1, 17, 1, 1] => QQFieldElem[-1//4, 1//4, 0, 0, 0, 1//4, -1//4, 0, 0, -1//4, 1//4, 0, -1//4, 0, 1//4, 0],
	[11, 14, 17, 21, 11, 1, 1, 11, 1, 1] => QQFieldElem[0, 0, 0, 0, 9//16, 0, 0, 0, 0, 0, 0, 0, 0, 0, 0, 0],
	[11, 14, 17, 21, 10, 1, 1, 12, 1, 1] => QQFieldElem[0, 0, 0, 0, 0, 0, 0, 0, 0, 0, 9//8, 0, 0, 0, 0, 0],
	[11, 14, 17, 21, 12, 1, 1, 16, 1, 1] => QQFieldElem[0, 0, 0, 0, 0, 0, 0, 0, 0, 0, 0, 0, 0, 0, 0, 0],
	[11, 14, 17, 21, 15, 1, 1, 11, 1, 1] => QQFieldElem[0, 0, 0, 0, 0, 0, 0, 0, 0, 0, 0, 0, 0, 0, 0, 0],
	[11, 14, 17, 21, 13, 1, 1, 15, 1, 1] => QQFieldElem[0, 0, 0, 0, 0, 0, 0, 0, 0, 0, 0, 0, 0, 0, 0, 0],
	[11, 14, 17, 21, 17, 1, 1, 18, 1, 1] => QQFieldElem[-1//4, -1//4, 0, 0, 0, 1//4, 1//4, 0, 0, 1//4, 1//4, 0, -1//4, 0, -1//4, 0],
	[11, 14, 17, 21, 10, 1, 1, 16, 1, 1] => QQFieldElem[0, 0, 0, 0, 0, 0, 0, 0, 0, 0, 9//8, 0, 0, 0, 0, 0],
	[11, 14, 17, 21, 13, 1, 1, 12, 1, 1] => QQFieldElem[0, 0, 0, 0, 0, 0, 0, 0, 0, 0, 0, 0, 0, 0, 0, 0],
	[11, 14, 17, 21, 11, 1, 1, 15, 1, 1] => QQFieldElem[0, 0, 0, 0, -9//16, 0, 0, 0, 0, 0, 0, 0, 0, 0, 0, 0])