Dict(
	[11, 10, 17, 17, 19, 1, 1, 1, 1, 1] => QQFieldElem[0, 0, 0, -1//6, 0, -1//6, 0, 0, 0, 0, 0, 0, 1//6, 1//6, 0, 0],
	[11, 10, 17, 17, 20, 1, 1, 20, 1, 1] => QQFieldElem[1//3, 1//3, -1//3, 0, 0, 0, -1//3, -1//3, 0, -1//3, 1//3, 0, 0, 0, 0, 0],
	[11, 10, 17, 17, 8, 1, 1, 14, 1, 1] => QQFieldElem[-9//16, 0, 0, 0, 0, 0, 0, 0, 0, 0, 0, 0, 0, 0, 0, 0],
	[11, 10, 17, 17, 7, 1, 1, 1, 1, 1] => QQFieldElem[128//3, 0, 0, 0, 0, 0, 0, 0, 0, 0, 0, 0, 0, 0, 0, 0],
	[11, 10, 17, 17, 19, 1, 1, 3, 1, 1] => QQFieldElem[0, 0, 0, 1//6, 0, 1//6, 0, 0, 0, 0, 0, 0, -1//6, -1//6, 0, 0],
	[11, 10, 17, 17, 21, 1, 1, 14, 1, 1] => QQFieldElem[0, 0, 0, 0, 0, 0, 0, 0, 0, 0, 0, 0, 0, 0, 0, 0],
	[11, 10, 17, 17, 19, 1, 1, 19, 1, 1] => QQFieldElem[-2//3, 0, -1//3, 0, 0, 0, -1//3, 0, 0, 1//3, 1//3, 0, 0, 0, 0, 1//3],
	[11, 10, 17, 17, 7, 1, 1, 3, 1, 1] => QQFieldElem[128//3, 0, 0, 0, 0, 0, 0, 0, 0, 0, 0, 0, 0, 0, 0, 0],
	[11, 10, 17, 17, 8, 1, 1, 1, 1, 1] => QQFieldElem[-9//32, 0, 0, 0, 0, 0, 0, 0, 0, 0, 0, 0, 0, 0, 0, 0],
	[11, 10, 17, 17, 7, 1, 1, 19, 1, 1] => QQFieldElem[512//3, 0, 0, 0, 0, 0, 0, 0, 0, 0, 0, 0, 0, 0, 0, 0],
	[11, 10, 17, 17, 19, 1, 1, 21, 1, 1] => QQFieldElem[1//3, 1//3, 1//3, 0, 0, 0, 1//3, -1//3, 0, -1//3, 0, 0, 0, 0, -1//3, 0],
	[11, 10, 17, 17, 14, 1, 1, 14, 1, 1] => QQFieldElem[0, 0, 0, 0, 0, 0, 0, 0, 0, 9//8, 0, 0, 0, 0, 0, 0],
	[11, 10, 17, 17, 7, 1, 1, 21, 1, 1] => QQFieldElem[512//3, 0, 0, 0, 0, 0, 0, 0, 0, 0, 0, 0, 0, 0, 0, 0],
	[11, 10, 17, 17, 8, 1, 1, 3, 1, 1] => QQFieldElem[-9//32, 0, 0, 0, 0, 0, 0, 0, 0, 0, 0, 0, 0, 0, 0, 0],
	[11, 10, 17, 17, 21, 1, 1, 1, 1, 1] => QQFieldElem[0, 0, 0, 1//6, 0, 1//6, 0, 0, 0, 0, 0, -1//6, 1//6, 0, 0, 0],
	[11, 10, 17, 17, 8, 1, 1, 19, 1, 1] => QQFieldElem[9//16, 0, 0, 0, 0, 0, 0, 0, 0, 0, 0, 0, 0, 0, 0, 0],
	[11, 10, 17, 17, 8, 1, 1, 21, 1, 1] => QQFieldElem[9//16, 0, 0, 0, 0, 0, 0, 0, 0, 0, 0, 0, 0, 0, 0, 0],
	[11, 10, 17, 17, 20, 1, 1, 14, 1, 1] => QQFieldElem[0, 0, 0, 0, 0, 0, 0, 0, 0, 0, 0, 0, 0, 0, 0, 0],
	[11, 10, 17, 17, 21, 1, 1, 3, 1, 1] => QQFieldElem[0, 0, 0, -1//6, 0, -1//6, 0, 0, 0, 0, 0, 1//6, -1//6, 0, 0, 0],
	[11, 10, 17, 17, 14, 1, 1, 1, 1, 1] => QQFieldElem[0, 0, 0, 0, 0, 0, 0, 0, 0, -9//16, 0, 0, 0, 0, 0, 0],
	[11, 10, 17, 17, 21, 1, 1, 19, 1, 1] => QQFieldElem[-2//3, 1//3, 0, 0, 0, 0, 0, -1//3, 0, -1//3, -1//3, 0, 0, 0, 1//3, 0],
	[11, 10, 17, 17, 19, 1, 1, 20, 1, 1] => QQFieldElem[1//3, -1//3, 0, 0, 0, 0, 0, 1//3, 0, 0, -1//3, 0, 0, 0, 1//3, -1//3],
	[11, 10, 17, 17, 21, 1, 1, 21, 1, 1] => QQFieldElem[1//3, -1//3, -1//3, 0, 0, 0, -1//3, 1//3, 0, 0, 1//3, 0, 0, 0, 0, -1//3],
	[11, 10, 17, 17, 7, 1, 1, 20, 1, 1] => QQFieldElem[512//3, 0, 0, 0, 0, 0, 0, 0, 0, 0, 0, 0, 0, 0, 0, 0],
	[11, 10, 17, 17, 14, 1, 1, 3, 1, 1] => QQFieldElem[0, 0, 0, 0, 0, 0, 0, 0, 0, -9//16, 0, 0, 0, 0, 0, 0],
	[11, 10, 17, 17, 20, 1, 1, 1, 1, 1] => QQFieldElem[0, 0, 0, 0, 0, 0, 0, 0, 0, 0, 0, 1//6, 1//6, -1//6, 0, 0],
	[11, 10, 17, 17, 14, 1, 1, 19, 1, 1] => QQFieldElem[0, 0, 0, 0, 0, 0, 0, 0, 0, 0, 0, 0, 0, 0, 0, 0],
	[11, 10, 17, 17, 14, 1, 1, 21, 1, 1] => QQFieldElem[0, 0, 0, 0, 0, 0, 0, 0, 0, 0, 0, 0, 0, 0, 0, 0],
	[11, 10, 17, 17, 8, 1, 1, 20, 1, 1] => QQFieldElem[9//16, 0, 0, 0, 0, 0, 0, 0, 0, 0, 0, 0, 0, 0, 0, 0],
	[11, 10, 17, 17, 20, 1, 1, 3, 1, 1] => QQFieldElem[0, 0, 0, 0, 0, 0, 0, 0, 0, 0, 0, -1//6, -1//6, 1//6, 0, 0],
	[11, 10, 17, 17, 20, 1, 1, 19, 1, 1] => QQFieldElem[-2//3, -1//3, 1//3, 0, 0, 0, 1//3, 1//3, 0, 0, 0, 0, 0, 0, -1//3, -1//3],
	[11, 10, 17, 17, 21, 1, 1, 20, 1, 1] => QQFieldElem[1//3, 0, 1//3, 0, 0, 0, 1//3, 0, 0, 1//3, 0, 0, 0, 0, -1//3, 1//3],
	[11, 10, 17, 17, 20, 1, 1, 21, 1, 1] => QQFieldElem[1//3, 0, 0, 0, 0, 0, 0, 0, 0, 1//3, -1//3, 0, 0, 0, 1//3, 1//3],
	[11, 10, 17, 17, 19, 1, 1, 14, 1, 1] => QQFieldElem[0, 0, 0, 0, 0, 0, 0, 0, 0, 0, 0, 0, 0, 0, 0, 0],
	[11, 10, 17, 17, 7, 1, 1, 14, 1, 1] => QQFieldElem[256//3, 0, 0, 0, 0, 0, 0, 0, 0, 0, 0, 0, 0, 0, 0, 0],
	[11, 10, 17, 17, 14, 1, 1, 20, 1, 1] => QQFieldElem[0, 0, 0, 0, 0, 0, 0, 0, 0, 0, 0, 0, 0, 0, 0, 0])