Dict(
	[11, 15, 15, 12, 14, 1, 1, 19, 1, 1] => QQFieldElem[0, 0, 0, 0, 0, 0, 0, 0, 0, 0, 0, 0, 0, 0, 0, 0],
	[11, 15, 15, 12, 21, 1, 1, 9, 1, 1] => QQFieldElem[0, 0, 0, 0, 0, 0, 0, 0, 0, 0, 0, 0, 0, 0, 0, 0],
	[11, 15, 15, 12, 14, 1, 1, 21, 1, 1] => QQFieldElem[0, 0, 0, 0, 0, 0, 0, 0, 0, 0, 0, 0, 0, 0, 0, 0],
	[11, 15, 15, 12, 3, 1, 1, 14, 1, 1] => QQFieldElem[0, 0, 0, 0, 0, 0, 0, 0, 0, 4//9, 0, 0, 0, 0, 0, 0],
	[11, 15, 15, 12, 20, 1, 1, 19, 1, 1] => QQFieldElem[0, -2//3, 1//3, -1//3, 2//3, -1//3, 1//3, -2//3, 0, 1//3, 0, 1//3, -1//3, 0, -1//3, 1//3],
	[11, 15, 15, 12, 14, 1, 1, 9, 1, 1] => QQFieldElem[1//32, 0, 0, 0, 0, 0, 0, 0, 0, 0, 0, 0, 0, 0, 0, 0],
	[11, 15, 15, 12, 21, 1, 1, 20, 1, 1] => QQFieldElem[0, 0, 0, 0, 0, 0, 0, 0, 0, 0, -1//3, -1//3, 0, 1//3, 1//3, 0],
	[11, 15, 15, 12, 5, 1, 1, 14, 1, 1] => QQFieldElem[0, 0, 0, 0, 0, 0, 0, 0, 0, -4//9, 0, 0, 0, 0, 0, 0],
	[11, 15, 15, 12, 20, 1, 1, 21, 1, 1] => QQFieldElem[0, 0, 1//3, -1//3, 0, -1//3, 1//3, 0, 0, 0, 0, 1//3, 0, 0, -1//3, 0],
	[11, 15, 15, 12, 19, 1, 1, 14, 1, 1] => QQFieldElem[0, 0, 0, 0, 0, 0, 0, 0, 0, 0, 0, 0, 0, 0, 0, 0],
	[11, 15, 15, 12, 20, 1, 1, 9, 1, 1] => QQFieldElem[0, 0, 0, 0, 0, 0, 0, 0, 0, 0, 0, 0, 0, 0, 0, 0],
	[11, 15, 15, 12, 21, 1, 1, 6, 1, 1] => QQFieldElem[1//144, 0, 0, 0, 0, 0, 0, 0, 0, 0, 0, 0, 0, 0, 0, 0],
	[11, 15, 15, 12, 14, 1, 1, 20, 1, 1] => QQFieldElem[0, 0, 0, 0, 0, 0, 0, 0, 0, 0, 0, 0, 0, 0, 0, 0],
	[11, 15, 15, 12, 3, 1, 1, 19, 1, 1] => QQFieldElem[0, 0, 1, 0, 0, 0, -1, 0, 0, 1, -1, 0, -1, 0, 0, 1],
	[11, 15, 15, 12, 14, 1, 1, 6, 1, 1] => QQFieldElem[0, 0, 0, 0, 0, 0, 0, 0, 0, 0, 0, 0, 0, 0, 0, 0],
	[11, 15, 15, 12, 20, 1, 1, 20, 1, 1] => QQFieldElem[-1//2, -1//3, -1//6, 1//6, 1//3, 1//6, -1//6, -1//3, 0, 1//6, 1//2, 1//3, -1//6, -1//2, -1//3, 1//6],
	[11, 15, 15, 12, 3, 1, 1, 21, 1, 1] => QQFieldElem[-1//2, 0, -1//2, 1//2, 0, -1//2, 1//2, 0, 1, -1//2, 1//2, -1, 1//2, -1//2, 0, -1//2],
	[11, 15, 15, 12, 5, 1, 1, 19, 1, 1] => QQFieldElem[0, 0, 1, 0, 0, 0, -1, 0, 0, 1, -1, 0, -1, 0, 0, 1],
	[11, 15, 15, 12, 3, 1, 1, 9, 1, 1] => QQFieldElem[-1//32, 0, 0, 0, 0, 0, 0, 0, 0, 0, 0, 0, 0, 0, 0, 0],
	[11, 15, 15, 12, 20, 1, 1, 6, 1, 1] => QQFieldElem[1//144, 0, 0, 0, 0, 0, 0, 0, 0, 0, 0, 0, 0, 0, 0, 0],
	[11, 15, 15, 12, 21, 1, 1, 14, 1, 1] => QQFieldElem[0, 0, 0, 0, 0, 0, 0, 0, 0, 0, 0, 0, 0, 0, 0, 0],
	[11, 15, 15, 12, 5, 1, 1, 21, 1, 1] => QQFieldElem[-1//2, 0, -1//2, 1//2, 0, -1//2, 1//2, 0, 1, -1//2, 1//2, -1, 1//2, -1//2, 0, -1//2],
	[11, 15, 15, 12, 19, 1, 1, 19, 1, 1] => QQFieldElem[0, 0, -1//3, 1//3, 0, 1//3, -1//3, 0, 0, 0, 1//3, 0, 0, -1//3, 0, 0],
	[11, 15, 15, 12, 19, 1, 1, 21, 1, 1] => QQFieldElem[1//2, -1//3, 1//6, -1//6, 1//3, -1//6, 1//6, -1//3, 0, 1//6, -1//6, 0, -1//6, 1//6, 0, 1//6],
	[11, 15, 15, 12, 5, 1, 1, 9, 1, 1] => QQFieldElem[1//32, 0, 0, 0, 0, 0, 0, 0, 0, 0, 0, 0, 0, 0, 0, 0],
	[11, 15, 15, 12, 19, 1, 1, 9, 1, 1] => QQFieldElem[0, 0, 0, 0, 0, 0, 0, 0, 0, 0, 0, 0, 0, 0, 0, 0],
	[11, 15, 15, 12, 14, 1, 1, 14, 1, 1] => QQFieldElem[0, 0, 0, 0, 0, 0, 0, 0, 0, 4//9, 0, 0, 0, 0, 0, 0],
	[11, 15, 15, 12, 3, 1, 1, 20, 1, 1] => QQFieldElem[1//2, 0, -1//2, -1//2, 0, 1//2, 1//2, 0, -1, -1//2, 1//2, 1, 1//2, 1//2, 0, -1//2],
	[11, 15, 15, 12, 20, 1, 1, 14, 1, 1] => QQFieldElem[0, 0, 0, 0, 0, 0, 0, 0, 0, 0, 0, 0, 0, 0, 0, 0],
	[11, 15, 15, 12, 3, 1, 1, 6, 1, 1] => QQFieldElem[0, 0, 0, 0, 0, 0, 0, 0, 0, 0, 0, 0, 0, 0, 0, 0],
	[11, 15, 15, 12, 5, 1, 1, 20, 1, 1] => QQFieldElem[1//2, 0, -1//2, -1//2, 0, 1//2, 1//2, 0, -1, -1//2, 1//2, 1, 1//2, 1//2, 0, -1//2],
	[11, 15, 15, 12, 21, 1, 1, 19, 1, 1] => QQFieldElem[0, 2//3, 0, 0, -2//3, 0, 0, 2//3, 0, -1//3, -1//3, -1//3, 1//3, 1//3, 1//3, -1//3],
	[11, 15, 15, 12, 19, 1, 1, 20, 1, 1] => QQFieldElem[1//2, 1//3, 1//6, -1//6, -1//3, -1//6, 1//6, 1//3, 0, -1//6, -1//6, 0, 1//6, 1//6, 0, -1//6],
	[11, 15, 15, 12, 5, 1, 1, 6, 1, 1] => QQFieldElem[0, 0, 0, 0, 0, 0, 0, 0, 0, 0, 0, 0, 0, 0, 0, 0],
	[11, 15, 15, 12, 21, 1, 1, 21, 1, 1] => QQFieldElem[-1//2, 1//3, -1//2, 1//2, -1//3, 1//2, -1//2, 1//3, 0, -1//6, 1//6, -1//3, 1//6, -1//6, 1//3, -1//6],
	[11, 15, 15, 12, 19, 1, 1, 6, 1, 1] => QQFieldElem[1//144, 0, 0, 0, 0, 0, 0, 0, 0, 0, 0, 0, 0, 0, 0, 0])