Dict(
	[12, 16, 10, 10, 20, 1, 1, 19, 1, 1] => QQFieldElem[0, 0, 0, 0, 0, 0, 0, 0, 0, 0, 0, 0, 1//3, -1//3, 0, 0],
	[12, 16, 10, 10, 6, 1, 1, 19, 1, 1] => QQFieldElem[0, 0, -128//3, 0, 0, 0, 0, 0, 0, 0, 128//3, 0, 0, 0, 0, 0],
	[12, 16, 10, 10, 21, 1, 1, 20, 1, 1] => QQFieldElem[0, 0, 0, 0, 0, -1//3, 0, 0, 0, 0, 0, 0, 1//3, 1//3, 0, 0],
	[12, 16, 10, 10, 20, 1, 1, 21, 1, 1] => QQFieldElem[0, 0, 0, 0, 0, -1//3, 0, 0, 0, 0, 0, 0, 1//3, 1//3, 0, 0],
	[12, 16, 10, 10, 6, 1, 1, 21, 1, 1] => QQFieldElem[0, 0, 0, 0, 0, 0, 0, 0, 0, 0, -128//3, 0, 0, 0, 0, 0],
	[12, 16, 10, 10, 19, 1, 1, 14, 1, 1] => QQFieldElem[0, 0, -1//12, 0, 0, 0, 0, 0, 0, 0, 1//12, 0, 0, 0, 0, 0],
	[12, 16, 10, 10, 20, 1, 1, 20, 1, 1] => QQFieldElem[0, 0, 0, 0, 0, 1//3, 0, 0, 0, 0, 0, 0, 1//3, 0, 0, 0],
	[12, 16, 10, 10, 6, 1, 1, 20, 1, 1] => QQFieldElem[0, 0, 128//3, 0, 0, 0, 0, 0, 0, 0, 0, 0, 0, 0, 0, 0],
	[12, 16, 10, 10, 21, 1, 1, 14, 1, 1] => QQFieldElem[0, 0, 0, 0, 0, 0, 0, 0, 0, 0, -1//12, 0, 0, 0, 0, 0],
	[12, 16, 10, 10, 19, 1, 1, 19, 1, 1] => QQFieldElem[0, 0, 0, 0, 0, -1//3, 0, 0, 0, 0, 0, 0, 1//3, 1//3, 0, 0],
	[12, 16, 10, 10, 19, 1, 1, 21, 1, 1] => QQFieldElem[0, 0, 0, 0, 0, 1//3, 0, 0, 0, 0, 0, 0, 1//3, 0, 0, 0],
	[12, 16, 10, 10, 20, 1, 1, 14, 1, 1] => QQFieldElem[0, 0, 1//12, 0, 0, 0, 0, 0, 0, 0, 0, 0, 0, 0, 0, 0],
	[12, 16, 10, 10, 6, 1, 1, 14, 1, 1] => QQFieldElem[0, 0, 0, 0, 0, 0, 0, 0, 0, 0, 0, 0, 0, 0, 0, 0],
	[12, 16, 10, 10, 19, 1, 1, 20, 1, 1] => QQFieldElem[0, 0, 0, 0, 0, 0, 0, 0, 0, 0, 0, 0, 1//3, -1//3, 0, 0],
	[12, 16, 10, 10, 21, 1, 1, 19, 1, 1] => QQFieldElem[0, 0, 0, 0, 0, 1//3, 0, 0, 0, 0, 0, 0, 1//3, 0, 0, 0],
	[12, 16, 10, 10, 21, 1, 1, 21, 1, 1] => QQFieldElem[0, 0, 0, 0, 0, 0, 0, 0, 0, 0, 0, 0, 1//3, -1//3, 0, 0])