Dict(
	[12, 10, 15, 15, 7, 1, 1, 5, 1, 1] => QQFieldElem[0, 0, 0, 0, 0, 0, 0, 0, 0, 0, 0, 0, 0, 0, 0, 0],
	[12, 10, 15, 15, 19, 1, 1, 3, 1, 1] => QQFieldElem[0, 0, 0, -1//6, 0, -1//6, 0, 0, 0, 0, 0, 0, -1//6, 1//6, 0, 0],
	[12, 10, 15, 15, 21, 1, 1, 14, 1, 1] => QQFieldElem[0, 0, 0, 0, 0, 0, 0, 0, 0, 0, 0, 0, 0, 0, 0, 0],
	[12, 10, 15, 15, 19, 1, 1, 19, 1, 1] => QQFieldElem[0, 0, 1//3, 0, 0, 0, -1//3, 0, 0, 1//3, -1//3, 0, 0, 0, 0, -1//3],
	[12, 10, 15, 15, 7, 1, 1, 3, 1, 1] => QQFieldElem[0, 0, 0, 0, 0, 0, 0, 0, 0, 0, 0, 0, 0, 0, 0, 0],
	[12, 10, 15, 15, 7, 1, 1, 19, 1, 1] => QQFieldElem[9//8, 0, 0, 0, 0, 0, 0, 0, 0, 0, 0, 0, 0, 0, 0, 0],
	[12, 10, 15, 15, 19, 1, 1, 21, 1, 1] => QQFieldElem[1//3, 1//3, -1//3, 0, 0, 0, 1//3, 1//3, -2//3, -1//3, 0, 0, 0, 0, -1//3, 0],
	[12, 10, 15, 15, 8, 1, 1, 5, 1, 1] => QQFieldElem[9//16, 0, 0, 0, 0, 0, 0, 0, 0, 0, 0, 0, 0, 0, 0, 0],
	[12, 10, 15, 15, 7, 1, 1, 21, 1, 1] => QQFieldElem[9//8, 0, 0, 0, 0, 0, 0, 0, 0, 0, 0, 0, 0, 0, 0, 0],
	[12, 10, 15, 15, 14, 1, 1, 14, 1, 1] => QQFieldElem[0, 0, 0, 0, 0, 0, 0, 0, 0, 0, 0, 0, 0, 0, 0, 128//3],
	[12, 10, 15, 15, 8, 1, 1, 3, 1, 1] => QQFieldElem[9//16, 0, 0, 0, 0, 0, 0, 0, 0, 0, 0, 0, 0, 0, 0, 0],
	[12, 10, 15, 15, 8, 1, 1, 19, 1, 1] => QQFieldElem[0, 0, 0, 0, 0, 0, 0, 0, 0, 0, 0, 0, 0, 0, 0, 0],
	[12, 10, 15, 15, 21, 1, 1, 5, 1, 1] => QQFieldElem[0, 0, 0, -1//6, 0, -1//6, 0, 0, 0, 0, 0, 1//6, 1//6, 0, 0, 0],
	[12, 10, 15, 15, 8, 1, 1, 21, 1, 1] => QQFieldElem[0, 0, 0, 0, 0, 0, 0, 0, 0, 0, 0, 0, 0, 0, 0, 0],
	[12, 10, 15, 15, 20, 1, 1, 14, 1, 1] => QQFieldElem[0, 0, 0, 0, 0, 0, 0, 0, 0, 0, 0, 0, 0, 0, 0, 0],
	[12, 10, 15, 15, 21, 1, 1, 3, 1, 1] => QQFieldElem[0, 0, 0, 1//6, 0, 1//6, 0, 0, 0, 0, 0, -1//6, -1//6, 0, 0, 0],
	[12, 10, 15, 15, 19, 1, 1, 20, 1, 1] => QQFieldElem[-1//3, -1//3, 0, 0, 0, 0, 0, -1//3, 2//3, 0, 1//3, 0, 0, 0, 1//3, 1//3],
	[12, 10, 15, 15, 14, 1, 1, 5, 1, 1] => QQFieldElem[0, 0, 0, 0, 0, 0, 0, 0, 0, 0, 0, 0, 0, 0, 0, -64//3],
	[12, 10, 15, 15, 21, 1, 1, 19, 1, 1] => QQFieldElem[0, 1//3, 0, 0, 0, 0, 0, 1//3, 0, -1//3, 1//3, 0, 0, 0, 1//3, 0],
	[12, 10, 15, 15, 21, 1, 1, 21, 1, 1] => QQFieldElem[1//3, -1//3, 1//3, 0, 0, 0, -1//3, -1//3, -2//3, 0, -1//3, 0, 0, 0, 0, 1//3],
	[12, 10, 15, 15, 7, 1, 1, 20, 1, 1] => QQFieldElem[9//8, 0, 0, 0, 0, 0, 0, 0, 0, 0, 0, 0, 0, 0, 0, 0],
	[12, 10, 15, 15, 14, 1, 1, 3, 1, 1] => QQFieldElem[0, 0, 0, 0, 0, 0, 0, 0, 0, 0, 0, 0, 0, 0, 0, -64//3],
	[12, 10, 15, 15, 14, 1, 1, 19, 1, 1] => QQFieldElem[0, 0, 0, 0, 0, 0, 0, 0, 0, 0, 0, 0, 0, 0, 0, 0],
	[12, 10, 15, 15, 20, 1, 1, 5, 1, 1] => QQFieldElem[0, 0, 0, 0, 0, 0, 0, 0, 0, 0, 0, -1//6, 1//6, 1//6, 0, 0],
	[12, 10, 15, 15, 14, 1, 1, 21, 1, 1] => QQFieldElem[0, 0, 0, 0, 0, 0, 0, 0, 0, 0, 0, 0, 0, 0, 0, 0],
	[12, 10, 15, 15, 8, 1, 1, 20, 1, 1] => QQFieldElem[0, 0, 0, 0, 0, 0, 0, 0, 0, 0, 0, 0, 0, 0, 0, 0],
	[12, 10, 15, 15, 20, 1, 1, 3, 1, 1] => QQFieldElem[0, 0, 0, 0, 0, 0, 0, 0, 0, 0, 0, 1//6, -1//6, -1//6, 0, 0],
	[12, 10, 15, 15, 20, 1, 1, 19, 1, 1] => QQFieldElem[0, -1//3, -1//3, 0, 0, 0, 1//3, -1//3, 0, 0, 0, 0, 0, 0, -1//3, 1//3],
	[12, 10, 15, 15, 20, 1, 1, 21, 1, 1] => QQFieldElem[1//3, 0, 0, 0, 0, 0, 0, 0, -2//3, 1//3, 1//3, 0, 0, 0, 1//3, -1//3],
	[12, 10, 15, 15, 21, 1, 1, 20, 1, 1] => QQFieldElem[-1//3, 0, -1//3, 0, 0, 0, 1//3, 0, 2//3, 1//3, 0, 0, 0, 0, -1//3, -1//3],
	[12, 10, 15, 15, 19, 1, 1, 14, 1, 1] => QQFieldElem[0, 0, 0, 0, 0, 0, 0, 0, 0, 0, 0, 0, 0, 0, 0, 0],
	[12, 10, 15, 15, 7, 1, 1, 14, 1, 1] => QQFieldElem[0, 0, 0, 0, 0, 0, 0, 0, 0, 0, 0, 0, 0, 0, 0, 0],
	[12, 10, 15, 15, 14, 1, 1, 20, 1, 1] => QQFieldElem[0, 0, 0, 0, 0, 0, 0, 0, 0, 0, 0, 0, 0, 0, 0, 0],
	[12, 10, 15, 15, 8, 1, 1, 14, 1, 1] => QQFieldElem[9//8, 0, 0, 0, 0, 0, 0, 0, 0, 0, 0, 0, 0, 0, 0, 0],
	[12, 10, 15, 15, 20, 1, 1, 20, 1, 1] => QQFieldElem[-1//3, 1//3, 1//3, 0, 0, 0, -1//3, 1//3, 2//3, -1//3, -1//3, 0, 0, 0, 0, 0],
	[12, 10, 15, 15, 19, 1, 1, 5, 1, 1] => QQFieldElem[0, 0, 0, 1//6, 0, 1//6, 0, 0, 0, 0, 0, 0, 1//6, -1//6, 0, 0])