Dict(
	[12, 10, 16, 13, 19, 1, 1, 21, 1, 1] => QQFieldElem[0, 0, 0, -1//3, 0, 0, 0, 0, 0, 0, 0, 1//3, -1//3, 0, 0, 0],
	[12, 10, 16, 13, 20, 1, 1, 14, 1, 1] => QQFieldElem[0, 0, 0, 0, -4//27, 0, 0, 0, 0, 0, 0, 0, 0, 0, 0, 0],
	[12, 10, 16, 13, 21, 1, 1, 19, 1, 1] => QQFieldElem[0, 0, 0, -1//3, 0, 0, 0, 0, 0, 0, 0, 1//3, -1//3, 0, 0, 0],
	[12, 10, 16, 13, 9, 1, 1, 14, 1, 1] => QQFieldElem[0, 0, 0, 0, 0, 0, 0, 0, 0, 0, 0, 0, 0, 0, 0, 0],
	[12, 10, 16, 13, 19, 1, 1, 20, 1, 1] => QQFieldElem[0, 0, 0, 0, 0, 0, 0, 0, 0, 0, 0, -1//3, -1//3, 0, 0, 0],
	[12, 10, 16, 13, 21, 1, 1, 21, 1, 1] => QQFieldElem[0, 0, 0, 0, 0, 0, 0, 0, 0, 0, 0, -1//3, -1//3, 0, 0, 0],
	[12, 10, 16, 13, 20, 1, 1, 19, 1, 1] => QQFieldElem[0, 0, 0, 0, 0, 0, 0, 0, 0, 0, 0, -1//3, -1//3, 0, 0, 0],
	[12, 10, 16, 13, 21, 1, 1, 20, 1, 1] => QQFieldElem[0, 0, 0, 1//3, 0, 0, 0, 0, 0, 0, 0, 0, -1//3, 0, 0, 0],
	[12, 10, 16, 13, 9, 1, 1, 19, 1, 1] => QQFieldElem[0, 0, 0, 0, 0, 0, 128//3, 0, 0, 0, 0, 0, 0, 0, 0, 0],
	[12, 10, 16, 13, 20, 1, 1, 21, 1, 1] => QQFieldElem[0, 0, 0, 1//3, 0, 0, 0, 0, 0, 0, 0, 0, -1//3, 0, 0, 0],
	[12, 10, 16, 13, 19, 1, 1, 14, 1, 1] => QQFieldElem[0, 0, 0, 0, 0, 0, 0, 0, 0, 0, 0, 0, 4//27, 0, 0, 0],
	[12, 10, 16, 13, 9, 1, 1, 21, 1, 1] => QQFieldElem[0, 0, 0, 0, 0, 0, 0, 0, 0, 0, 0, 0, 0, 0, -128//3, 0],
	[12, 10, 16, 13, 20, 1, 1, 20, 1, 1] => QQFieldElem[0, 0, 0, -1//3, 0, 0, 0, 0, 0, 0, 0, 1//3, -1//3, 0, 0, 0],
	[12, 10, 16, 13, 9, 1, 1, 20, 1, 1] => QQFieldElem[0, 0, 0, 0, 0, 0, -128//3, 0, 0, 0, 0, 0, 0, 0, 128//3, 0],
	[12, 10, 16, 13, 21, 1, 1, 14, 1, 1] => QQFieldElem[0, 0, 0, 0, 4//27, 0, 0, 0, 0, 0, 0, 0, -4//27, 0, 0, 0],
	[12, 10, 16, 13, 19, 1, 1, 19, 1, 1] => QQFieldElem[0, 0, 0, 1//3, 0, 0, 0, 0, 0, 0, 0, 0, -1//3, 0, 0, 0])