Dict(
	[12, 12, 20, 21, 18, 1, 1, 7, 1, 1] => QQFieldElem[0, 0, 0, 0, 0, 0, 0, 0, 0, 0, 0, 0, -1//6, 0, 0, 0],
	[12, 12, 20, 21, 13, 1, 1, 5, 1, 1] => QQFieldElem[0, 0, 0, 0, 64//3, 0, 64//3, 0, 0, 0, 0, 0, 0, 0, -64//3, 0],
	[12, 12, 20, 21, 13, 1, 1, 19, 1, 1] => QQFieldElem[0, 0, 0, 0, 0, 0, 0, -1//3, 0, 1//3, 0, 0, 0, 0, 0, 1//3],
	[12, 12, 20, 21, 10, 1, 1, 20, 1, 1] => QQFieldElem[9//8, 0, 0, 0, 0, 0, 0, 0, 9//32, 0, 0, 0, 0, 0, 0, 0],
	[12, 12, 20, 21, 11, 1, 1, 21, 1, 1] => QQFieldElem[0, 0, 0, 0, 0, 0, 0, 0, -9//32, 0, 0, 0, 0, 0, 0, 0],
	[12, 12, 20, 21, 10, 1, 1, 6, 1, 1] => QQFieldElem[27//64, 0, 0, 0, 0, 0, 0, 0, -9//64, 0, 0, 0, 0, 0, 0, 0],
	[12, 12, 20, 21, 15, 1, 1, 21, 1, 1] => QQFieldElem[0, 0, 0, 1//3, 0, 0, 0, 0, 0, 0, 0, -1//3, 0, -1//3, 0, 0],
	[12, 12, 20, 21, 18, 1, 1, 20, 1, 1] => QQFieldElem[0, -1//3, 0, 0, 0, 0, 0, 0, 0, 1//3, 0, 0, 0, 0, 0, 1//3],
	[12, 12, 20, 21, 16, 1, 1, 5, 1, 1] => QQFieldElem[-1//2, 0, 0, 0, 0, 0, 0, 0, 1//2, 0, 0, 0, -1//6, 0, 0, 0],
	[12, 12, 20, 21, 10, 1, 1, 19, 1, 2] => QQFieldElem[0, 0, 0, 0, 0, 0, 0, 0, -9//32, 0, 0, 0, 0, 0, 0, 0],
	[12, 12, 20, 21, 18, 1, 1, 6, 1, 1] => QQFieldElem[0, 0, 0, 0, 0, 0, 0, 0, 0, 0, 0, 0, 1//6, 0, 0, 0],
	[12, 12, 20, 21, 16, 1, 1, 19, 1, 1] => QQFieldElem[0, 0, 128//3, 0, 0, 0, 0, 0, -128//3, 0, 0, 0, 0, 0, 0, 0],
	[12, 12, 20, 21, 17, 1, 1, 21, 1, 1] => QQFieldElem[0, 0, 0, 0, 0, -1//3, 0, 0, 0, 0, 0, 1//3, 0, 1//3, 0, 0],
	[12, 12, 20, 21, 12, 1, 1, 5, 1, 1] => QQFieldElem[0, 0, 0, 0, 64//3, 0, -64//3, 0, 0, 0, 0, 0, 0, 0, 64//3, 0],
	[12, 12, 20, 21, 10, 1, 1, 4, 1, 1] => QQFieldElem[27//64, 0, 0, 0, 0, 0, 0, 0, -9//64, 0, 0, 0, 0, 0, 0, 0],
	[12, 12, 20, 21, 18, 1, 1, 19, 1, 2] => QQFieldElem[0, 0, 0, 1//3, 0, -1//3, 0, 0, 0, 0, 0, 0, 0, 0, 0, 0],
	[12, 12, 20, 21, 12, 1, 1, 19, 1, 1] => QQFieldElem[0, -1//3, 0, 0, 0, 0, 0, 1//3, 0, 0, 0, 0, 0, 0, 0, 0],
	[12, 12, 20, 21, 18, 1, 1, 4, 1, 1] => QQFieldElem[0, 0, 0, 0, 0, 0, 0, 0, 0, 0, 0, 0, 1//6, 0, 0, 0],
	[12, 12, 20, 21, 11, 1, 1, 7, 1, 1] => QQFieldElem[9//64, 0, 0, 0, 0, 0, 0, 0, 9//64, 0, 0, 0, 0, 0, 0, 0],
	[12, 12, 20, 21, 15, 1, 1, 7, 1, 1] => QQFieldElem[-1//2, 0, 0, 0, 0, 0, 0, 0, 1//2, 0, 0, 0, -1//6, 0, 0, 0],
	[12, 12, 20, 21, 13, 1, 1, 21, 1, 1] => QQFieldElem[0, 0, 128//3, 0, 0, 0, 0, 0, 128//3, 0, 0, 0, 0, 0, 0, 0],
	[12, 12, 20, 21, 17, 1, 1, 7, 1, 1] => QQFieldElem[0, 0, 0, 0, 0, 0, 0, 0, 0, 0, 0, 0, -1//6, 0, 0, 0],
	[12, 12, 20, 21, 11, 1, 1, 20, 1, 1] => QQFieldElem[0, 0, 0, 0, 0, 0, 0, 0, -9//32, 0, 0, 0, 0, 0, 0, 0],
	[12, 12, 20, 21, 15, 1, 1, 20, 1, 1] => QQFieldElem[0, 1//3, 0, 0, 0, 0, 0, -1//3, 0, 0, 0, 0, 0, 0, 0, 0],
	[12, 12, 20, 21, 11, 1, 1, 6, 1, 1] => QQFieldElem[9//64, 0, 0, 0, 0, 0, 0, 0, 9//64, 0, 0, 0, 0, 0, 0, 0],
	[12, 12, 20, 21, 16, 1, 1, 21, 1, 1] => QQFieldElem[0, 0, 0, 1//3, 0, 0, 0, 0, 0, 0, 0, -1//3, 0, -1//3, 0, 0],
	[12, 12, 20, 21, 15, 1, 1, 6, 1, 1] => QQFieldElem[-1//2, 0, 0, 0, 0, 0, 0, 0, 1//2, 0, 0, 0, 1//6, 0, 0, 0],
	[12, 12, 20, 21, 10, 1, 1, 5, 1, 1] => QQFieldElem[27//64, 0, 0, 0, 0, 0, 0, 0, -9//64, 0, 0, 0, 0, 0, 0, 0],
	[12, 12, 20, 21, 11, 1, 1, 19, 1, 2] => QQFieldElem[0, 0, -128//3, 0, 0, 0, 0, 0, -128//3, 0, 0, 0, 0, 0, 0, 0],
	[12, 12, 20, 21, 12, 1, 1, 21, 1, 1] => QQFieldElem[0, 0, 128//3, 0, 0, 0, 0, 0, -128//3, 0, 0, 0, 0, 0, 0, 0],
	[12, 12, 20, 21, 15, 1, 1, 19, 1, 2] => QQFieldElem[0, 0, 0, 0, 0, 0, 0, 0, -9//32, 0, 0, 0, 0, 0, 0, 0],
	[12, 12, 20, 21, 13, 1, 1, 7, 1, 1] => QQFieldElem[0, 0, 0, 0, -64//3, 0, -64//3, 0, 0, 0, 0, 0, 0, 0, 64//3, 0],
	[12, 12, 20, 21, 10, 1, 1, 19, 1, 1] => QQFieldElem[9//8, 0, 0, 0, 0, 0, 0, 0, 9//32, 0, 0, 0, 0, 0, 0, 0],
	[12, 12, 20, 21, 17, 1, 1, 20, 1, 1] => QQFieldElem[0, 0, 0, 0, 0, 0, 0, 1//3, 0, -1//3, 0, 0, 0, 0, 0, -1//3],
	[12, 12, 20, 21, 11, 1, 1, 4, 1, 1] => QQFieldElem[9//64, 0, 0, 0, 0, 0, 0, 0, 9//64, 0, 0, 0, 0, 0, 0, 0],
	[12, 12, 20, 21, 17, 1, 1, 6, 1, 1] => QQFieldElem[0, 0, 0, 0, 0, 0, 0, 0, 0, 0, 0, 0, 1//6, 0, 0, 0],
	[12, 12, 20, 21, 18, 1, 1, 5, 1, 1] => QQFieldElem[0, 0, 0, 0, 0, 0, 0, 0, 0, 0, 0, 0, -1//6, 0, 0, 0],
	[12, 12, 20, 21, 15, 1, 1, 4, 1, 1] => QQFieldElem[1//2, 0, 0, 0, 0, 0, 0, 0, -1//2, 0, 0, 0, 1//6, 0, 0, 0],
	[12, 12, 20, 21, 18, 1, 1, 19, 1, 1] => QQFieldElem[0, 0, 0, 0, 0, 1//3, 0, 0, 0, 0, 0, -1//3, 0, -1//3, 0, 0],
	[12, 12, 20, 21, 17, 1, 1, 19, 1, 2] => QQFieldElem[0, 0, 0, -1//3, 0, 0, 0, 0, 0, 0, 0, 1//3, 0, 1//3, 0, 0],
	[12, 12, 20, 21, 17, 1, 1, 4, 1, 1] => QQFieldElem[0, 0, 0, 0, 0, 0, 0, 0, 0, 0, 0, 0, 1//6, 0, 0, 0],
	[12, 12, 20, 21, 16, 1, 1, 7, 1, 1] => QQFieldElem[1//2, 0, 0, 0, 0, 0, 0, 0, -1//2, 0, 0, 0, -1//6, 0, 0, 0],
	[12, 12, 20, 21, 13, 1, 1, 20, 1, 1] => QQFieldElem[0, 0, -128//3, 0, 0, 0, 0, 0, -128//3, 0, 0, 0, 0, 0, 0, 0],
	[12, 12, 20, 21, 13, 1, 1, 6, 1, 1] => QQFieldElem[0, 0, 0, 0, 64//3, 0, 64//3, 0, 0, 0, 0, 0, 0, 0, -64//3, 0],
	[12, 12, 20, 21, 12, 1, 1, 7, 1, 1] => QQFieldElem[0, 0, 0, 0, -64//3, 0, 64//3, 0, 0, 0, 0, 0, 0, 0, -64//3, 0],
	[12, 12, 20, 21, 13, 1, 1, 19, 1, 2] => QQFieldElem[0, 1//3, 0, 0, 0, 0, 0, 0, 0, -1//3, 0, 0, 0, 0, 0, -1//3],
	[12, 12, 20, 21, 16, 1, 1, 20, 1, 1] => QQFieldElem[0, 1//3, 0, 0, 0, 0, 0, -1//3, 0, 0, 0, 0, 0, 0, 0, 0],
	[12, 12, 20, 21, 13, 1, 1, 4, 1, 1] => QQFieldElem[0, 0, 0, 0, -64//3, 0, -64//3, 0, 0, 0, 0, 0, 0, 0, 64//3, 0],
	[12, 12, 20, 21, 16, 1, 1, 6, 1, 1] => QQFieldElem[1//2, 0, 0, 0, 0, 0, 0, 0, -1//2, 0, 0, 0, 1//6, 0, 0, 0],
	[12, 12, 20, 21, 10, 1, 1, 21, 1, 1] => QQFieldElem[9//8, 0, 0, 0, 0, 0, 0, 0, 9//32, 0, 0, 0, 0, 0, 0, 0],
	[12, 12, 20, 21, 12, 1, 1, 20, 1, 1] => QQFieldElem[0, 0, -128//3, 0, 0, 0, 0, 0, 128//3, 0, 0, 0, 0, 0, 0, 0],
	[12, 12, 20, 21, 11, 1, 1, 5, 1, 1] => QQFieldElem[9//64, 0, 0, 0, 0, 0, 0, 0, 9//64, 0, 0, 0, 0, 0, 0, 0],
	[12, 12, 20, 21, 16, 1, 1, 19, 1, 2] => QQFieldElem[0, 0, 128//3, 0, 0, 0, 0, 0, 128//3, 0, 0, 0, 0, 0, 0, 0],
	[12, 12, 20, 21, 18, 1, 1, 21, 1, 1] => QQFieldElem[0, 0, 0, -1//3, 0, 1//3, 0, 0, 0, 0, 0, 0, 0, 0, 0, 0],
	[12, 12, 20, 21, 12, 1, 1, 6, 1, 1] => QQFieldElem[0, 0, 0, 0, 64//3, 0, -64//3, 0, 0, 0, 0, 0, 0, 0, 64//3, 0],
	[12, 12, 20, 21, 11, 1, 1, 19, 1, 1] => QQFieldElem[0, 0, -128//3, 0, 0, 0, 0, 0, 128//3, 0, 0, 0, 0, 0, 0, 0],
	[12, 12, 20, 21, 15, 1, 1, 5, 1, 1] => QQFieldElem[1//2, 0, 0, 0, 0, 0, 0, 0, -1//2, 0, 0, 0, -1//6, 0, 0, 0],
	[12, 12, 20, 21, 15, 1, 1, 19, 1, 1] => QQFieldElem[9//8, 0, 0, 0, 0, 0, 0, 0, 9//32, 0, 0, 0, 0, 0, 0, 0],
	[12, 12, 20, 21, 16, 1, 1, 4, 1, 1] => QQFieldElem[-1//2, 0, 0, 0, 0, 0, 0, 0, 1//2, 0, 0, 0, 1//6, 0, 0, 0],
	[12, 12, 20, 21, 12, 1, 1, 19, 1, 2] => QQFieldElem[0, -1//3, 0, 0, 0, 0, 0, 1//3, 0, 0, 0, 0, 0, 0, 0, 0],
	[12, 12, 20, 21, 17, 1, 1, 5, 1, 1] => QQFieldElem[0, 0, 0, 0, 0, 0, 0, 0, 0, 0, 0, 0, -1//6, 0, 0, 0],
	[12, 12, 20, 21, 12, 1, 1, 4, 1, 1] => QQFieldElem[0, 0, 0, 0, -64//3, 0, 64//3, 0, 0, 0, 0, 0, 0, 0, -64//3, 0],
	[12, 12, 20, 21, 17, 1, 1, 19, 1, 1] => QQFieldElem[0, 0, 0, -1//3, 0, 0, 0, 0, 0, 0, 0, 1//3, 0, 1//3, 0, 0],
	[12, 12, 20, 21, 10, 1, 1, 7, 1, 1] => QQFieldElem[27//64, 0, 0, 0, 0, 0, 0, 0, -9//64, 0, 0, 0, 0, 0, 0, 0])