Dict(
	[12, 19, 10, 14, 15, 1, 1, 15, 1, 1] => QQFieldElem[0, 0, -1//2, 0, 0, 0, 0, 0, 0, 0, 1//2, 0, 0, 0, 0, 0],
	[12, 19, 10, 14, 16, 1, 1, 11, 1, 1] => QQFieldElem[0, 0, 0, 0, 0, 0, 0, 0, 0, 0, 0, 0, 3//512, 0, 0, 0],
	[12, 19, 10, 14, 13, 1, 1, 16, 1, 1] => QQFieldElem[0, 0, 0, 0, 0, 0, -128//3, 0, 0, 0, 0, 0, 0, 0, 0, 0],
	[12, 19, 10, 14, 18, 1, 1, 16, 1, 1] => QQFieldElem[0, 0, -1//2, 0, 0, 0, 0, 0, 0, 0, 1//2, 0, 0, 0, 0, 0],
	[12, 19, 10, 14, 17, 1, 1, 11, 1, 1] => QQFieldElem[0, 0, 0, 0, 0, 0, 0, 0, 0, 0, 0, 0, 3//512, 0, 0, 0],
	[12, 19, 10, 14, 15, 1, 1, 12, 1, 1] => QQFieldElem[0, 0, 0, 0, 0, 0, -1//16, 0, 0, 0, 0, 0, 0, 0, 0, 0],
	[12, 19, 10, 14, 10, 1, 1, 18, 1, 1] => QQFieldElem[0, 0, 0, 0, 0, 0, 0, 0, 0, 0, 0, 0, -3//2, 0, 0, 0],
	[12, 19, 10, 14, 15, 1, 1, 16, 1, 1] => QQFieldElem[0, 0, 0, 0, 0, 0, 0, 0, 0, 0, 0, 0, 0, 0, 0, 0],
	[12, 19, 10, 14, 10, 1, 1, 17, 1, 1] => QQFieldElem[0, 0, 0, 0, 0, 0, 0, 0, 0, 0, 0, 0, -3//2, 0, 0, 0],
	[12, 19, 10, 14, 17, 1, 1, 15, 1, 1] => QQFieldElem[0, 0, 1//2, 0, 0, 0, 0, 0, 0, 0, -1//2, 0, 0, 0, 0, 0],
	[12, 19, 10, 14, 16, 1, 1, 15, 1, 1] => QQFieldElem[0, 0, 0, 0, 0, 0, 0, 0, 0, 0, 0, 0, 0, 0, 0, 0],
	[12, 19, 10, 14, 16, 1, 1, 12, 1, 1] => QQFieldElem[0, 0, 0, 0, 0, 0, 1//16, 0, 0, 0, 0, 0, 0, 0, 0, 0],
	[12, 19, 10, 14, 13, 1, 1, 18, 1, 1] => QQFieldElem[0, 0, 0, 0, 0, 0, -128//3, 0, 0, 0, 0, 0, 0, 0, 0, 0],
	[12, 19, 10, 14, 18, 1, 1, 18, 1, 1] => QQFieldElem[0, 0, 1//2, 0, 0, 0, 0, 0, 0, 0, -1//2, 0, 0, 0, 0, 0],
	[12, 19, 10, 14, 10, 1, 1, 11, 1, 1] => QQFieldElem[0, 0, 0, 0, 0, 0, 0, 0, 0, 0, 0, 0, 0, 0, 0, 0],
	[12, 19, 10, 14, 17, 1, 1, 12, 1, 1] => QQFieldElem[0, 0, 0, 0, 0, 0, -1//16, 0, 0, 0, 0, 0, 0, 0, 0, 0],
	[12, 19, 10, 14, 13, 1, 1, 17, 1, 1] => QQFieldElem[0, 0, 0, 0, 0, 0, 128//3, 0, 0, 0, 0, 0, 0, 0, 0, 0],
	[12, 19, 10, 14, 18, 1, 1, 17, 1, 1] => QQFieldElem[0, 0, 0, 0, 0, 0, 0, 0, 0, 0, 0, 0, 0, 0, 0, 0],
	[12, 19, 10, 14, 16, 1, 1, 16, 1, 1] => QQFieldElem[0, 0, 1//2, 0, 0, 0, 0, 0, 0, 0, -1//2, 0, 0, 0, 0, 0],
	[12, 19, 10, 14, 17, 1, 1, 16, 1, 1] => QQFieldElem[0, 0, 0, 0, 0, 0, 0, 0, 0, 0, 0, 0, 0, 0, 0, 0],
	[12, 19, 10, 14, 15, 1, 1, 18, 1, 1] => QQFieldElem[0, 0, 0, 0, 0, 0, 0, 0, 0, 0, 0, 0, 0, 0, 0, 0],
	[12, 19, 10, 14, 13, 1, 1, 11, 1, 1] => QQFieldElem[0, 0, 0, 0, 0, 0, 0, 0, 0, 0, 0, 0, 0, 0, 0, 0],
	[12, 19, 10, 14, 18, 1, 1, 11, 1, 1] => QQFieldElem[0, 0, 0, 0, 0, 0, 0, 0, 0, 0, 0, 0, 3//512, 0, 0, 0],
	[12, 19, 10, 14, 10, 1, 1, 15, 1, 1] => QQFieldElem[0, 0, 0, 0, 0, 0, 0, 0, 0, 0, 0, 0, -3//2, 0, 0, 0],
	[12, 19, 10, 14, 15, 1, 1, 17, 1, 1] => QQFieldElem[0, 0, 1//2, 0, 0, 0, 0, 0, 0, 0, -1//2, 0, 0, 0, 0, 0],
	[12, 19, 10, 14, 10, 1, 1, 12, 1, 1] => QQFieldElem[0, 0, 0, 0, 0, 0, 0, 0, 0, 0, 0, 0, 0, 0, 0, 0],
	[12, 19, 10, 14, 15, 1, 1, 11, 1, 1] => QQFieldElem[0, 0, 0, 0, 0, 0, 0, 0, 0, 0, 0, 0, 3//512, 0, 0, 0],
	[12, 19, 10, 14, 13, 1, 1, 15, 1, 1] => QQFieldElem[0, 0, 0, 0, 0, 0, 128//3, 0, 0, 0, 0, 0, 0, 0, 0, 0],
	[12, 19, 10, 14, 16, 1, 1, 18, 1, 1] => QQFieldElem[0, 0, -1//2, 0, 0, 0, 0, 0, 0, 0, 1//2, 0, 0, 0, 0, 0],
	[12, 19, 10, 14, 18, 1, 1, 15, 1, 1] => QQFieldElem[0, 0, 0, 0, 0, 0, 0, 0, 0, 0, 0, 0, 0, 0, 0, 0],
	[12, 19, 10, 14, 17, 1, 1, 18, 1, 1] => QQFieldElem[0, 0, 0, 0, 0, 0, 0, 0, 0, 0, 0, 0, 0, 0, 0, 0],
	[12, 19, 10, 14, 10, 1, 1, 16, 1, 1] => QQFieldElem[0, 0, 0, 0, 0, 0, 0, 0, 0, 0, 0, 0, -3//2, 0, 0, 0],
	[12, 19, 10, 14, 13, 1, 1, 12, 1, 1] => QQFieldElem[0, 0, 0, 0, 0, 0, 0, 0, 0, 0, 0, 0, 0, 0, 0, 0],
	[12, 19, 10, 14, 18, 1, 1, 12, 1, 1] => QQFieldElem[0, 0, 0, 0, 0, 0, 1//16, 0, 0, 0, 0, 0, 0, 0, 0, 0],
	[12, 19, 10, 14, 16, 1, 1, 17, 1, 1] => QQFieldElem[0, 0, 0, 0, 0, 0, 0, 0, 0, 0, 0, 0, 0, 0, 0, 0],
	[12, 19, 10, 14, 17, 1, 1, 17, 1, 1] => QQFieldElem[0, 0, -1//2, 0, 0, 0, 0, 0, 0, 0, 1//2, 0, 0, 0, 0, 0])