Dict(
	[12, 18, 18, 11, 19, 1, 1, 7, 1, 1] => QQFieldElem[-1//144, 0, 0, 0, 0, 0, 0, 0, 0, 0, 0, 0, 0, 0, 0, 0],
	[12, 18, 18, 11, 3, 1, 1, 19, 1, 1] => QQFieldElem[0, 0, -1, 1, 0, -1, 1, 0, 0, 0, 1, 0, -1, 1, 0, 0],
	[12, 18, 18, 11, 20, 1, 1, 20, 1, 1] => QQFieldElem[1//2, -1//3, -1//6, 1//6, -1//3, 1//6, -1//6, -1//3, 0, -1//6, 1//2, -1//3, 1//6, 1//6, -1//3, 1//2],
	[12, 18, 18, 11, 14, 1, 1, 8, 1, 1] => QQFieldElem[-1//32, 0, 0, 0, 0, 0, 0, 0, 0, 0, 0, 0, 0, 0, 0, 0],
	[12, 18, 18, 11, 3, 1, 1, 21, 1, 1] => QQFieldElem[-1//2, 1, 1//2, -1//2, 0, 1//2, -1//2, -1, 1, -1//2, -1//2, 0, 1//2, -1//2, 0, 1//2],
	[12, 18, 18, 11, 5, 1, 1, 19, 1, 1] => QQFieldElem[0, 0, -1, 1, 0, -1, 1, 0, 0, 0, 1, 0, -1, 1, 0, 0],
	[12, 18, 18, 11, 20, 1, 1, 8, 1, 1] => QQFieldElem[0, 0, 0, 0, 0, 0, 0, 0, 0, 0, 0, 0, 0, 0, 0, 0],
	[12, 18, 18, 11, 5, 1, 1, 21, 1, 1] => QQFieldElem[-1//2, 1, 1//2, -1//2, 0, 1//2, -1//2, -1, 1, -1//2, -1//2, 0, 1//2, -1//2, 0, 1//2],
	[12, 18, 18, 11, 21, 1, 1, 14, 1, 1] => QQFieldElem[0, 0, 0, 0, 0, 0, 0, 0, 0, 0, 0, 0, 0, 0, 0, 0],
	[12, 18, 18, 11, 19, 1, 1, 19, 1, 1] => QQFieldElem[0, 0, -1//3, 0, 0, 0, -1//3, 0, 0, -1//3, 1//3, 0, 0, 0, 0, 1//3],
	[12, 18, 18, 11, 19, 1, 1, 21, 1, 1] => QQFieldElem[-1//2, 0, 1//6, 1//6, -1//3, 1//6, 1//6, 0, 0, 1//6, -1//6, -1//3, 1//6, 1//6, 0, -1//6],
	[12, 18, 18, 11, 14, 1, 1, 14, 1, 1] => QQFieldElem[0, 0, 0, 0, 0, 2//9, 0, 0, 0, 0, 0, 0, 0, -2//9, 0, 0],
	[12, 18, 18, 11, 21, 1, 1, 7, 1, 1] => QQFieldElem[-1//144, 0, 0, 0, 0, 0, 0, 0, 0, 0, 0, 0, 0, 0, 0, 0],
	[12, 18, 18, 11, 3, 1, 1, 20, 1, 1] => QQFieldElem[1//2, -1, 1//2, -1//2, 0, 1//2, -1//2, 1, -1, 1//2, -1//2, 0, 1//2, -1//2, 0, -1//2],
	[12, 18, 18, 11, 14, 1, 1, 7, 1, 1] => QQFieldElem[0, 0, 0, 0, 0, 0, 0, 0, 0, 0, 0, 0, 0, 0, 0, 0],
	[12, 18, 18, 11, 20, 1, 1, 14, 1, 1] => QQFieldElem[0, 0, 0, 0, 0, 0, 0, 0, 0, 0, 0, 0, 0, 0, 0, 0],
	[12, 18, 18, 11, 3, 1, 1, 8, 1, 1] => QQFieldElem[1//32, 0, 0, 0, 0, 0, 0, 0, 0, 0, 0, 0, 0, 0, 0, 0],
	[12, 18, 18, 11, 5, 1, 1, 20, 1, 1] => QQFieldElem[1//2, -1, 1//2, -1//2, 0, 1//2, -1//2, 1, -1, 1//2, -1//2, 0, 1//2, -1//2, 0, -1//2],
	[12, 18, 18, 11, 21, 1, 1, 19, 1, 1] => QQFieldElem[0, 1//3, 0, -1//3, 2//3, -1//3, 0, 1//3, 0, 0, -1//3, 2//3, -1//3, -1//3, 1//3, -1//3],
	[12, 18, 18, 11, 19, 1, 1, 20, 1, 1] => QQFieldElem[-1//2, 0, 1//6, -1//6, 1//3, -1//6, 1//6, 0, 0, 1//6, -1//6, 1//3, -1//6, -1//6, 0, -1//6],
	[12, 18, 18, 11, 21, 1, 1, 21, 1, 1] => QQFieldElem[1//2, 1//3, -1//2, -1//6, 1//3, -1//6, -1//2, 1//3, 0, -1//2, 1//6, 1//3, -1//6, -1//6, 1//3, 1//6],
	[12, 18, 18, 11, 5, 1, 1, 8, 1, 1] => QQFieldElem[-1//32, 0, 0, 0, 0, 0, 0, 0, 0, 0, 0, 0, 0, 0, 0, 0],
	[12, 18, 18, 11, 20, 1, 1, 7, 1, 1] => QQFieldElem[-1//144, 0, 0, 0, 0, 0, 0, 0, 0, 0, 0, 0, 0, 0, 0, 0],
	[12, 18, 18, 11, 14, 1, 1, 19, 1, 1] => QQFieldElem[0, 0, 0, 0, 0, 0, 0, 0, 0, 0, 0, 0, 0, 0, 0, 0],
	[12, 18, 18, 11, 19, 1, 1, 8, 1, 1] => QQFieldElem[0, 0, 0, 0, 0, 0, 0, 0, 0, 0, 0, 0, 0, 0, 0, 0],
	[12, 18, 18, 11, 14, 1, 1, 21, 1, 1] => QQFieldElem[0, 0, 0, 0, 0, 0, 0, 0, 0, 0, 0, 0, 0, 0, 0, 0],
	[12, 18, 18, 11, 3, 1, 1, 14, 1, 1] => QQFieldElem[0, 0, 0, 0, 0, 2//9, 0, 0, 0, 0, 0, 0, 0, -2//9, 0, 0],
	[12, 18, 18, 11, 20, 1, 1, 19, 1, 1] => QQFieldElem[0, -1//3, 1//3, 1//3, -2//3, 1//3, 1//3, -1//3, 0, 1//3, 0, -2//3, 1//3, 1//3, -1//3, 0],
	[12, 18, 18, 11, 21, 1, 1, 20, 1, 1] => QQFieldElem[0, 1//3, 0, 0, 0, 0, 0, 1//3, 0, 0, -1//3, 0, 0, 0, 1//3, -1//3],
	[12, 18, 18, 11, 5, 1, 1, 14, 1, 1] => QQFieldElem[0, 0, 0, 0, 0, -2//9, 0, 0, 0, 0, 0, 0, 0, 2//9, 0, 0],
	[12, 18, 18, 11, 20, 1, 1, 21, 1, 1] => QQFieldElem[0, -1//3, 1//3, 0, 0, 0, 1//3, -1//3, 0, 1//3, 0, 0, 0, 0, -1//3, 0],
	[12, 18, 18, 11, 3, 1, 1, 7, 1, 1] => QQFieldElem[0, 0, 0, 0, 0, 0, 0, 0, 0, 0, 0, 0, 0, 0, 0, 0],
	[12, 18, 18, 11, 19, 1, 1, 14, 1, 1] => QQFieldElem[0, 0, 0, 0, 0, 0, 0, 0, 0, 0, 0, 0, 0, 0, 0, 0],
	[12, 18, 18, 11, 14, 1, 1, 20, 1, 1] => QQFieldElem[0, 0, 0, 0, 0, 0, 0, 0, 0, 0, 0, 0, 0, 0, 0, 0],
	[12, 18, 18, 11, 5, 1, 1, 7, 1, 1] => QQFieldElem[0, 0, 0, 0, 0, 0, 0, 0, 0, 0, 0, 0, 0, 0, 0, 0],
	[12, 18, 18, 11, 21, 1, 1, 8, 1, 1] => QQFieldElem[0, 0, 0, 0, 0, 0, 0, 0, 0, 0, 0, 0, 0, 0, 0, 0])