Dict(
	[12, 12, 17, 10, 6, 1, 1, 7, 1, 1] => QQFieldElem[0, 0, 0, 0, 0, 0, 0, 0, 0, 0, 0, 0, 0, 0, 0, 0],
	[12, 12, 17, 10, 20, 1, 1, 19, 1, 1] => QQFieldElem[0, 0, 0, 0, 0, 0, 0, 1//3, 0, 0, 0, 0, 1//3, 0, 0, -1//3],
	[12, 12, 17, 10, 6, 1, 1, 19, 1, 1] => QQFieldElem[0, 0, 0, 0, 0, 0, -256//3, 0, 0, 0, 0, 0, 0, 0, 0, 0],
	[12, 12, 17, 10, 20, 1, 1, 21, 1, 1] => QQFieldElem[0, 0, 0, 0, 0, 0, 0, 0, 0, 0, 0, 0, 1//3, 0, 0, 1//3],
	[12, 12, 17, 10, 21, 1, 1, 20, 1, 1] => QQFieldElem[0, 0, 0, 0, 0, 0, 0, 0, 0, 0, 0, 0, 1//3, 0, 0, 1//3],
	[12, 12, 17, 10, 6, 1, 1, 21, 1, 1] => QQFieldElem[0, 0, 0, 0, 0, 0, 0, 0, 0, 0, 0, 0, 0, 0, 256//3, 0],
	[12, 12, 17, 10, 19, 1, 1, 7, 1, 1] => QQFieldElem[0, 0, 0, 0, 0, 0, 0, 0, 0, 0, 0, 0, 1//12, 0, 0, 0],
	[12, 12, 17, 10, 20, 1, 1, 20, 1, 1] => QQFieldElem[0, 0, 0, 0, 0, 0, 0, -1//3, 0, 0, 0, 0, 1//3, 0, 0, 0],
	[12, 12, 17, 10, 6, 1, 1, 20, 1, 1] => QQFieldElem[0, 0, 0, 0, 0, 0, 256//3, 0, 0, 0, 0, 0, 0, 0, -256//3, 0],
	[12, 12, 17, 10, 19, 1, 1, 19, 1, 1] => QQFieldElem[0, 0, 0, 0, 0, 0, 0, 0, 0, 0, 0, 0, 1//3, 0, 0, 1//3],
	[12, 12, 17, 10, 19, 1, 1, 21, 1, 1] => QQFieldElem[0, 0, 0, 0, 0, 0, 0, -1//3, 0, 0, 0, 0, 1//3, 0, 0, 0],
	[12, 12, 17, 10, 21, 1, 1, 7, 1, 1] => QQFieldElem[0, 0, 0, 0, 1//12, 0, 0, 0, 0, 0, 0, 0, -1//12, 0, 0, 0],
	[12, 12, 17, 10, 21, 1, 1, 19, 1, 1] => QQFieldElem[0, 0, 0, 0, 0, 0, 0, -1//3, 0, 0, 0, 0, 1//3, 0, 0, 0],
	[12, 12, 17, 10, 19, 1, 1, 20, 1, 1] => QQFieldElem[0, 0, 0, 0, 0, 0, 0, 1//3, 0, 0, 0, 0, 1//3, 0, 0, -1//3],
	[12, 12, 17, 10, 21, 1, 1, 21, 1, 1] => QQFieldElem[0, 0, 0, 0, 0, 0, 0, 1//3, 0, 0, 0, 0, 1//3, 0, 0, -1//3],
	[12, 12, 17, 10, 20, 1, 1, 7, 1, 1] => QQFieldElem[0, 0, 0, 0, -1//12, 0, 0, 0, 0, 0, 0, 0, 0, 0, 0, 0])