Dict(
	[12, 13, 12, 12, 20, 1, 1, 19, 1, 1] => QQFieldElem[-1//4, 0, 0, 0, 0, 0, 0, 0, 0, 0, 0, 0, 0, 0, 0, 0],
	[12, 13, 12, 12, 21, 1, 1, 20, 1, 1] => QQFieldElem[1//2, 0, 0, 0, 0, 0, 0, 0, 0, 0, 0, 0, 0, 0, 0, 0],
	[12, 13, 12, 12, 1, 1, 1, 1, 1, 1] => QQFieldElem[1//6, 0, 0, 0, 0, 0, 0, 0, 0, 0, 0, 0, 0, 0, 0, 0],
	[12, 13, 12, 12, 14, 1, 1, 20, 1, 1] => QQFieldElem[0, 0, 0, 0, 0, 0, 0, 0, 0, 0, 0, 0, 0, 0, 0, 0],
	[12, 13, 12, 12, 4, 1, 1, 1, 1, 1] => QQFieldElem[-9//4096, 0, 0, 0, 0, 0, 0, 0, 0, 0, 0, 0, 0, 0, 0, 0],
	[12, 13, 12, 12, 1, 1, 1, 21, 1, 1] => QQFieldElem[256//3, 0, 0, 0, 0, 0, 0, 0, 0, 0, 0, 0, 0, 0, 0, 0],
	[12, 13, 12, 12, 4, 1, 1, 21, 1, 1] => QQFieldElem[0, 0, 0, 0, 0, 0, 0, 0, 0, 0, 0, 0, 0, 0, 0, 0],
	[12, 13, 12, 12, 21, 1, 1, 14, 1, 1] => QQFieldElem[0, 0, 0, 0, 0, 0, 0, 0, 0, 0, 0, 0, 0, 0, 0, 0],
	[12, 13, 12, 12, 21, 1, 1, 4, 1, 1] => QQFieldElem[0, 0, 0, 0, 0, 0, 0, 0, 0, 0, 0, 0, 0, 0, 0, 0],
	[12, 13, 12, 12, 14, 1, 1, 14, 1, 1] => QQFieldElem[0, 0, 0, 0, 0, 0, 0, 0, 0, 0, 0, 0, 0, 0, 0, 0],
	[12, 13, 12, 12, 3, 1, 1, 20, 1, 1] => QQFieldElem[9//16, 0, 0, 0, 0, 0, 0, 0, 0, 0, 0, 0, 0, 0, 0, 0],
	[12, 13, 12, 12, 14, 1, 1, 4, 1, 1] => QQFieldElem[0, 0, 0, 0, 0, 0, 0, 0, 0, 0, 0, 0, -9, 0, 0, 0],
	[12, 13, 12, 12, 21, 1, 1, 3, 1, 1] => QQFieldElem[-1//192, 0, 0, 0, 0, 0, 0, 0, 0, 0, 0, 0, 0, 0, 0, 0],
	[12, 13, 12, 12, 19, 1, 1, 20, 1, 1] => QQFieldElem[-1//4, 0, 0, 0, 0, 0, 0, 0, 0, 0, 0, 0, 0, 0, 0, 0],
	[12, 13, 12, 12, 14, 1, 1, 3, 1, 1] => QQFieldElem[0, 0, 0, 0, 0, 0, 0, 0, 0, 0, 0, 0, 6, 0, 0, 0],
	[12, 13, 12, 12, 20, 1, 1, 1, 1, 1] => QQFieldElem[1//512, 0, 0, 0, 0, 0, 0, 0, 0, 0, 0, 0, 0, 0, 0, 0],
	[12, 13, 12, 12, 3, 1, 1, 14, 1, 1] => QQFieldElem[1//512, 0, 0, 0, 0, 0, 0, 0, 0, 0, 0, 0, 0, 0, 0, 0],
	[12, 13, 12, 12, 20, 1, 1, 21, 1, 1] => QQFieldElem[1//2, 0, 0, 0, 0, 0, 0, 0, 0, 0, 0, 0, 0, 0, 0, 0],
	[12, 13, 12, 12, 3, 1, 1, 4, 1, 1] => QQFieldElem[-9//512, 0, 0, 0, 0, 0, 0, 0, 0, 0, 0, 0, 0, 0, 0, 0],
	[12, 13, 12, 12, 19, 1, 1, 14, 1, 1] => QQFieldElem[0, 0, 0, 0, 0, 0, 0, 0, 0, 0, 0, 0, 0, 0, 0, 0],
	[12, 13, 12, 12, 19, 1, 1, 4, 1, 1] => QQFieldElem[0, 0, 0, 0, 0, 0, 0, 0, 0, 0, 0, 0, 0, 0, 0, 0],
	[12, 13, 12, 12, 3, 1, 1, 3, 1, 1] => QQFieldElem[-3//256, 0, 0, 0, 0, 0, 0, 0, 0, 0, 0, 0, 0, 0, 0, 0],
	[12, 13, 12, 12, 19, 1, 1, 3, 1, 1] => QQFieldElem[-1//192, 0, 0, 0, 0, 0, 0, 0, 0, 0, 0, 0, 0, 0, 0, 0],
	[12, 13, 12, 12, 1, 1, 1, 20, 1, 1] => QQFieldElem[256//3, 0, 0, 0, 0, 0, 0, 0, 0, 0, 0, 0, 0, 0, 0, 0],
	[12, 13, 12, 12, 4, 1, 1, 20, 1, 1] => QQFieldElem[0, 0, 0, 0, 0, 0, 0, 0, 0, 0, 0, 0, 0, 0, 0, 0],
	[12, 13, 12, 12, 21, 1, 1, 19, 1, 1] => QQFieldElem[-1//4, 0, 0, 0, 0, 0, 0, 0, 0, 0, 0, 0, 0, 0, 0, 0],
	[12, 13, 12, 12, 14, 1, 1, 19, 1, 1] => QQFieldElem[0, 0, 0, 0, 0, 0, 0, 0, 0, 0, 0, 0, 0, 0, 0, 0],
	[12, 13, 12, 12, 1, 1, 1, 14, 1, 1] => QQFieldElem[-4//27, 0, 0, 0, 0, 0, 0, 0, 0, 0, 0, 0, 0, 0, 0, 0],
	[12, 13, 12, 12, 1, 1, 1, 4, 1, 1] => QQFieldElem[4//3, 0, 0, 0, 0, 0, 0, 0, 0, 0, 0, 0, 0, 0, 0, 0],
	[12, 13, 12, 12, 4, 1, 1, 14, 1, 1] => QQFieldElem[-1//512, 0, 0, 0, 0, 0, 0, 0, 0, 0, 0, 0, 0, 0, 0, 0],
	[12, 13, 12, 12, 4, 1, 1, 4, 1, 1] => QQFieldElem[-9//512, 0, 0, 0, 0, 0, 0, 0, 0, 0, 0, 0, 0, 0, 0, 0],
	[12, 13, 12, 12, 1, 1, 1, 3, 1, 1] => QQFieldElem[8//9, 0, 0, 0, 0, 0, 0, 0, 0, 0, 0, 0, 0, 0, 0, 0],
	[12, 13, 12, 12, 3, 1, 1, 19, 1, 1] => QQFieldElem[9//16, 0, 0, 0, 0, 0, 0, 0, 0, 0, 0, 0, 0, 0, 0, 0],
	[12, 13, 12, 12, 4, 1, 1, 3, 1, 1] => QQFieldElem[-3//256, 0, 0, 0, 0, 0, 0, 0, 0, 0, 0, 0, 0, 0, 0, 0],
	[12, 13, 12, 12, 20, 1, 1, 20, 1, 1] => QQFieldElem[-1//4, 0, 0, 0, 0, 0, 0, 0, 0, 0, 0, 0, 0, 0, 0, 0],
	[12, 13, 12, 12, 19, 1, 1, 19, 1, 1] => QQFieldElem[1//2, 0, 0, 0, 0, 0, 0, 0, 0, 0, 0, 0, 0, 0, 0, 0],
	[12, 13, 12, 12, 21, 1, 1, 1, 1, 1] => QQFieldElem[1//512, 0, 0, 0, 0, 0, 0, 0, 0, 0, 0, 0, 0, 0, 0, 0],
	[12, 13, 12, 12, 20, 1, 1, 14, 1, 1] => QQFieldElem[0, 0, 0, 0, 0, 0, 0, 0, 0, 0, 0, 0, 0, 0, 0, 0],
	[12, 13, 12, 12, 14, 1, 1, 1, 1, 1] => QQFieldElem[0, 0, 0, 0, 0, 0, 0, 0, 0, 0, 0, 0, 9//8, 0, 0, 0],
	[12, 13, 12, 12, 20, 1, 1, 4, 1, 1] => QQFieldElem[0, 0, 0, 0, 0, 0, 0, 0, 0, 0, 0, 0, 0, 0, 0, 0],
	[12, 13, 12, 12, 21, 1, 1, 21, 1, 1] => QQFieldElem[-1//4, 0, 0, 0, 0, 0, 0, 0, 0, 0, 0, 0, 0, 0, 0, 0],
	[12, 13, 12, 12, 14, 1, 1, 21, 1, 1] => QQFieldElem[0, 0, 0, 0, 0, 0, 0, 0, 0, 0, 0, 0, 0, 0, 0, 0],
	[12, 13, 12, 12, 20, 1, 1, 3, 1, 1] => QQFieldElem[-1//192, 0, 0, 0, 0, 0, 0, 0, 0, 0, 0, 0, 0, 0, 0, 0],
	[12, 13, 12, 12, 3, 1, 1, 1, 1, 1] => QQFieldElem[-9//4096, 0, 0, 0, 0, 0, 0, 0, 0, 0, 0, 0, 0, 0, 0, 0],
	[12, 13, 12, 12, 1, 1, 1, 19, 1, 1] => QQFieldElem[256//3, 0, 0, 0, 0, 0, 0, 0, 0, 0, 0, 0, 0, 0, 0, 0],
	[12, 13, 12, 12, 19, 1, 1, 1, 1, 1] => QQFieldElem[1//512, 0, 0, 0, 0, 0, 0, 0, 0, 0, 0, 0, 0, 0, 0, 0],
	[12, 13, 12, 12, 4, 1, 1, 19, 1, 1] => QQFieldElem[0, 0, 0, 0, 0, 0, 0, 0, 0, 0, 0, 0, 0, 0, 0, 0],
	[12, 13, 12, 12, 3, 1, 1, 21, 1, 1] => QQFieldElem[9//16, 0, 0, 0, 0, 0, 0, 0, 0, 0, 0, 0, 0, 0, 0, 0],
	[12, 13, 12, 12, 19, 1, 1, 21, 1, 1] => QQFieldElem[-1//4, 0, 0, 0, 0, 0, 0, 0, 0, 0, 0, 0, 0, 0, 0, 0])