Dict(
	[12, 13, 12, 13, 4, 1, 1, 20, 1, 1] => QQFieldElem[27//32, 0, 0, 0, 0, 0, 0, 0, 0, 0, 0, 0, 0, 0, 0, 0],
	[12, 13, 12, 13, 21, 1, 1, 19, 1, 1] => QQFieldElem[-1//4, 0, 0, 0, 0, 0, 0, 0, 0, 0, 0, 0, 0, 0, 0, 0],
	[12, 13, 12, 13, 19, 1, 1, 20, 1, 1] => QQFieldElem[-1//4, 0, 0, 0, 0, 0, 0, 0, 0, 0, 0, 0, 0, 0, 0, 0],
	[12, 13, 12, 13, 20, 1, 1, 4, 1, 1] => QQFieldElem[-1//96, 0, 0, 0, 0, 0, 0, 0, 0, 0, 0, 0, 0, 0, 0, 0],
	[12, 13, 12, 13, 21, 1, 1, 21, 1, 1] => QQFieldElem[-1//4, 0, 0, 0, 0, 0, 0, 0, 0, 0, 0, 0, 0, 0, 0, 0],
	[12, 13, 12, 13, 20, 1, 1, 19, 1, 1] => QQFieldElem[-1//4, 0, 0, 0, 0, 0, 0, 0, 0, 0, 0, 0, 0, 0, 0, 0],
	[12, 13, 12, 13, 21, 1, 1, 20, 1, 1] => QQFieldElem[1//2, 0, 0, 0, 0, 0, 0, 0, 0, 0, 0, 0, 0, 0, 0, 0],
	[12, 13, 12, 13, 20, 1, 1, 21, 1, 1] => QQFieldElem[1//2, 0, 0, 0, 0, 0, 0, 0, 0, 0, 0, 0, 0, 0, 0, 0],
	[12, 13, 12, 13, 4, 1, 1, 4, 1, 1] => QQFieldElem[0, 0, 0, 0, 0, 0, 0, 0, 0, 0, 0, 0, 0, 0, 0, 0],
	[12, 13, 12, 13, 19, 1, 1, 4, 1, 1] => QQFieldElem[-1//96, 0, 0, 0, 0, 0, 0, 0, 0, 0, 0, 0, 0, 0, 0, 0],
	[12, 13, 12, 13, 20, 1, 1, 20, 1, 1] => QQFieldElem[-1//4, 0, 0, 0, 0, 0, 0, 0, 0, 0, 0, 0, 0, 0, 0, 0],
	[12, 13, 12, 13, 4, 1, 1, 19, 1, 1] => QQFieldElem[27//32, 0, 0, 0, 0, 0, 0, 0, 0, 0, 0, 0, 0, 0, 0, 0],
	[12, 13, 12, 13, 4, 1, 1, 21, 1, 1] => QQFieldElem[27//32, 0, 0, 0, 0, 0, 0, 0, 0, 0, 0, 0, 0, 0, 0, 0],
	[12, 13, 12, 13, 19, 1, 1, 19, 1, 1] => QQFieldElem[1//2, 0, 0, 0, 0, 0, 0, 0, 0, 0, 0, 0, 0, 0, 0, 0],
	[12, 13, 12, 13, 19, 1, 1, 21, 1, 1] => QQFieldElem[-1//4, 0, 0, 0, 0, 0, 0, 0, 0, 0, 0, 0, 0, 0, 0, 0],
	[12, 13, 12, 13, 21, 1, 1, 4, 1, 1] => QQFieldElem[-1//96, 0, 0, 0, 0, 0, 0, 0, 0, 0, 0, 0, 0, 0, 0, 0])