Dict(
	[12, 13, 17, 17, 14, 1, 1, 1, 1, 1] => QQFieldElem[0, 0, 0, 0, 0, 0, 0, 0, 0, -2, 0, 0, 0, 0, 0, 0],
	[12, 13, 17, 17, 21, 1, 1, 19, 1, 1] => QQFieldElem[1//2, -1//4, 0, 0, 0, 0, 0, 1//4, 0, 1//4, 1//4, 0, 0, 0, -1//4, 0],
	[12, 13, 17, 17, 19, 1, 1, 20, 1, 1] => QQFieldElem[-1//4, 1//4, 0, 0, 0, 0, 0, -1//4, 0, 0, 1//4, 0, 0, 0, -1//4, 1//4],
	[12, 13, 17, 17, 21, 1, 1, 21, 1, 1] => QQFieldElem[-1//4, 1//4, 1//4, 0, 0, 0, 1//4, -1//4, 0, 0, -1//4, 0, 0, 0, 0, 1//4],
	[12, 13, 17, 17, 7, 1, 1, 20, 1, 1] => QQFieldElem[512//3, 0, 0, 0, 0, 0, 0, 0, 0, 0, 0, 0, 0, 0, 0, 0],
	[12, 13, 17, 17, 14, 1, 1, 3, 1, 1] => QQFieldElem[0, 0, 0, 0, 0, 0, 0, 0, 0, 3//2, 0, 0, 0, 0, 0, 0],
	[12, 13, 17, 17, 20, 1, 1, 1, 1, 1] => QQFieldElem[0, 0, 0, 0, 0, 0, 0, 0, 0, 0, 0, -1//6, -1//6, 1//6, 0, 0],
	[12, 13, 17, 17, 14, 1, 1, 19, 1, 1] => QQFieldElem[0, 0, 0, 0, 0, 0, 0, 0, 0, 0, 0, 0, 0, 0, 0, 0],
	[12, 13, 17, 17, 14, 1, 1, 21, 1, 1] => QQFieldElem[0, 0, 0, 0, 0, 0, 0, 0, 0, 0, 0, 0, 0, 0, 0, 0],
	[12, 13, 17, 17, 8, 1, 1, 20, 1, 1] => QQFieldElem[-9//16, 0, 0, 0, 0, 0, 0, 0, 0, 0, 0, 0, 0, 0, 0, 0],
	[12, 13, 17, 17, 20, 1, 1, 3, 1, 1] => QQFieldElem[0, 0, 0, 0, 0, 0, 0, 0, 0, 0, 0, -1//8, -1//8, 1//8, 0, 0],
	[12, 13, 17, 17, 20, 1, 1, 19, 1, 1] => QQFieldElem[1//2, 1//4, -1//4, 0, 0, 0, -1//4, -1//4, 0, 0, 0, 0, 0, 0, 1//4, 1//4],
	[12, 13, 17, 17, 21, 1, 1, 20, 1, 1] => QQFieldElem[-1//4, 0, -1//4, 0, 0, 0, -1//4, 0, 0, -1//4, 0, 0, 0, 0, 1//4, -1//4],
	[12, 13, 17, 17, 20, 1, 1, 21, 1, 1] => QQFieldElem[-1//4, 0, 0, 0, 0, 0, 0, 0, 0, -1//4, 1//4, 0, 0, 0, -1//4, -1//4],
	[12, 13, 17, 17, 19, 1, 1, 14, 1, 1] => QQFieldElem[0, 0, 0, 0, 0, 0, 0, 0, 0, 0, 0, 0, 0, 0, 0, 0],
	[12, 13, 17, 17, 14, 1, 1, 20, 1, 1] => QQFieldElem[0, 0, 0, 0, 0, 0, 0, 0, 0, 0, 0, 0, 0, 0, 0, 0],
	[12, 13, 17, 17, 7, 1, 1, 14, 1, 1] => QQFieldElem[256//3, 0, 0, 0, 0, 0, 0, 0, 0, 0, 0, 0, 0, 0, 0, 0],
	[12, 13, 17, 17, 19, 1, 1, 1, 1, 1] => QQFieldElem[0, 0, 0, 1//6, 0, 1//6, 0, 0, 0, 0, 0, 0, -1//6, -1//6, 0, 0],
	[12, 13, 17, 17, 20, 1, 1, 20, 1, 1] => QQFieldElem[-1//4, -1//4, 1//4, 0, 0, 0, 1//4, 1//4, 0, 1//4, -1//4, 0, 0, 0, 0, 0],
	[12, 13, 17, 17, 8, 1, 1, 14, 1, 1] => QQFieldElem[9//16, 0, 0, 0, 0, 0, 0, 0, 0, 0, 0, 0, 0, 0, 0, 0],
	[12, 13, 17, 17, 7, 1, 1, 1, 1, 1] => QQFieldElem[-512//9, 0, 0, 0, 0, 0, 0, 0, 0, 0, 0, 0, 0, 0, 0, 0],
	[12, 13, 17, 17, 19, 1, 1, 3, 1, 1] => QQFieldElem[0, 0, 0, 1//8, 0, 1//8, 0, 0, 0, 0, 0, 0, -1//8, -1//8, 0, 0],
	[12, 13, 17, 17, 21, 1, 1, 14, 1, 1] => QQFieldElem[0, 0, 0, 0, 0, 0, 0, 0, 0, 0, 0, 0, 0, 0, 0, 0],
	[12, 13, 17, 17, 19, 1, 1, 19, 1, 1] => QQFieldElem[1//2, 0, 1//4, 0, 0, 0, 1//4, 0, 0, -1//4, -1//4, 0, 0, 0, 0, -1//4],
	[12, 13, 17, 17, 7, 1, 1, 3, 1, 1] => QQFieldElem[128//3, 0, 0, 0, 0, 0, 0, 0, 0, 0, 0, 0, 0, 0, 0, 0],
	[12, 13, 17, 17, 8, 1, 1, 1, 1, 1] => QQFieldElem[-3//8, 0, 0, 0, 0, 0, 0, 0, 0, 0, 0, 0, 0, 0, 0, 0],
	[12, 13, 17, 17, 7, 1, 1, 19, 1, 1] => QQFieldElem[512//3, 0, 0, 0, 0, 0, 0, 0, 0, 0, 0, 0, 0, 0, 0, 0],
	[12, 13, 17, 17, 19, 1, 1, 21, 1, 1] => QQFieldElem[-1//4, -1//4, -1//4, 0, 0, 0, -1//4, 1//4, 0, 1//4, 0, 0, 0, 0, 1//4, 0],
	[12, 13, 17, 17, 14, 1, 1, 14, 1, 1] => QQFieldElem[0, 0, 0, 0, 0, 0, 0, 0, 0, -3, 0, 0, 0, 0, 0, 0],
	[12, 13, 17, 17, 7, 1, 1, 21, 1, 1] => QQFieldElem[512//3, 0, 0, 0, 0, 0, 0, 0, 0, 0, 0, 0, 0, 0, 0, 0],
	[12, 13, 17, 17, 8, 1, 1, 3, 1, 1] => QQFieldElem[9//32, 0, 0, 0, 0, 0, 0, 0, 0, 0, 0, 0, 0, 0, 0, 0],
	[12, 13, 17, 17, 21, 1, 1, 1, 1, 1] => QQFieldElem[0, 0, 0, -1//6, 0, -1//6, 0, 0, 0, 0, 0, 1//6, -1//6, 0, 0, 0],
	[12, 13, 17, 17, 8, 1, 1, 19, 1, 1] => QQFieldElem[-9//16, 0, 0, 0, 0, 0, 0, 0, 0, 0, 0, 0, 0, 0, 0, 0],
	[12, 13, 17, 17, 8, 1, 1, 21, 1, 1] => QQFieldElem[-9//16, 0, 0, 0, 0, 0, 0, 0, 0, 0, 0, 0, 0, 0, 0, 0],
	[12, 13, 17, 17, 20, 1, 1, 14, 1, 1] => QQFieldElem[0, 0, 0, 0, 0, 0, 0, 0, 0, 0, 0, 0, 0, 0, 0, 0],
	[12, 13, 17, 17, 21, 1, 1, 3, 1, 1] => QQFieldElem[0, 0, 0, -1//8, 0, -1//8, 0, 0, 0, 0, 0, 1//8, -1//8, 0, 0, 0])