Dict(
	[12, 13, 19, 20, 17, 1, 1, 3, 1, 1] => QQFieldElem[3//8, 0, 0, 0, 0, 0, 0, 0, -3//8, 0, 0, 0, -1//8, 0, 0, 0],
	[12, 13, 19, 20, 13, 1, 1, 14, 1, 1] => QQFieldElem[-3//8, 0, 0, 0, 0, 0, 0, 0, 3//8, 0, 0, 0, -1//8, 0, 0, 0],
	[12, 13, 19, 20, 16, 1, 1, 20, 1, 1] => QQFieldElem[0, 0, 0, -1//4, 0, -1//4, 0, 0, 0, 0, 0, 0, 0, 0, 0, 0],
	[12, 13, 19, 20, 11, 1, 1, 21, 1, 2] => QQFieldElem[0, 0, 0, 0, 0, 0, -3, 0, 0, 0, 0, 0, 0, 0, 3, 0],
	[12, 13, 19, 20, 13, 1, 1, 4, 1, 1] => QQFieldElem[0, 0, 0, 0, 2, 0, 0, 0, 0, 0, 0, 0, -2, 0, 0, 0],
	[12, 13, 19, 20, 15, 1, 1, 21, 1, 2] => QQFieldElem[9//16, 0, 0, 0, 0, 0, 0, 0, -27//32, 0, 0, 0, 0, 0, 0, 0],
	[12, 13, 19, 20, 10, 1, 1, 21, 1, 1] => QQFieldElem[0, 0, 0, 0, 0, 0, 0, 0, 27//32, 0, 0, 0, 0, 0, 0, 0],
	[12, 13, 19, 20, 13, 1, 1, 3, 1, 1] => QQFieldElem[0, 0, 0, 0, 3//2, 0, 0, 0, 0, 0, 0, 0, -3//2, 0, 0, 0],
	[12, 13, 19, 20, 12, 1, 1, 20, 1, 1] => QQFieldElem[0, 0, 0, 0, 0, 0, 3, 0, 0, 0, 0, 0, 0, 0, -3, 0],
	[12, 13, 19, 20, 18, 1, 1, 21, 1, 1] => QQFieldElem[0, 0, 0, -1//4, 0, 0, 0, 0, 0, 0, 0, 1//4, 0, -1//4, 0, 0],
	[12, 13, 19, 20, 10, 1, 1, 14, 1, 2] => QQFieldElem[27//64, 0, 0, 0, 0, 0, 0, 0, -9//64, 0, 0, 0, 0, 0, 0, 0],
	[12, 13, 19, 20, 11, 1, 1, 19, 1, 1] => QQFieldElem[9//16, 0, 0, 0, 0, 0, 0, 0, -27//32, 0, 0, 0, 0, 0, 0, 0],
	[12, 13, 19, 20, 16, 1, 1, 14, 1, 1] => QQFieldElem[0, 0, 0, 0, 2, 0, 0, 0, 0, 0, 0, 0, -2, 0, 0, 0],
	[12, 13, 19, 20, 17, 1, 1, 21, 1, 2] => QQFieldElem[0, 0, 0, 1//4, 0, 1//4, 0, 0, 0, 0, 0, 0, 0, 0, 0, 0],
	[12, 13, 19, 20, 15, 1, 1, 19, 1, 1] => QQFieldElem[0, 0, 0, 0, 0, 0, 0, 1//4, 0, 1//4, 0, 0, 0, 0, 0, -1//4],
	[12, 13, 19, 20, 16, 1, 1, 4, 1, 1] => QQFieldElem[0, 0, 0, 0, 0, 0, 0, 0, 0, 0, 0, 0, -1//6, 0, 0, 0],
	[12, 13, 19, 20, 18, 1, 1, 14, 1, 2] => QQFieldElem[-1//2, 0, 0, 0, 0, 0, 0, 0, 1//2, 0, 0, 0, -1//6, 0, 0, 0],
	[12, 13, 19, 20, 12, 1, 1, 14, 1, 1] => QQFieldElem[0, 0, 0, 0, 0, 0, 0, 0, 0, 0, 0, 0, -1//8, 0, 0, 0],
	[12, 13, 19, 20, 16, 1, 1, 3, 1, 1] => QQFieldElem[0, 0, 0, 0, 0, 0, 0, 0, 0, 0, 0, 0, -1//8, 0, 0, 0],
	[12, 13, 19, 20, 12, 1, 1, 4, 1, 1] => QQFieldElem[0, 0, 0, 0, -2, 0, 0, 0, 0, 0, 0, 0, 2, 0, 0, 0],
	[12, 13, 19, 20, 17, 1, 1, 19, 1, 1] => QQFieldElem[0, -1//4, 0, 0, 0, 0, 0, -1//4, 0, 0, 0, 0, 0, 0, 0, 0],
	[12, 13, 19, 20, 12, 1, 1, 3, 1, 1] => QQFieldElem[0, 0, 0, 0, -3//2, 0, 0, 0, 0, 0, 0, 0, 3//2, 0, 0, 0],
	[12, 13, 19, 20, 13, 1, 1, 21, 1, 2] => QQFieldElem[0, 1//4, 0, 0, 0, 0, 0, 1//4, 0, 0, 0, 0, 0, 0, 0, 0],
	[12, 13, 19, 20, 13, 1, 1, 19, 1, 1] => QQFieldElem[0, 0, 0, 0, 0, 0, -3, 0, 0, 0, 0, 0, 0, 0, 3, 0],
	[12, 13, 19, 20, 16, 1, 1, 21, 1, 2] => QQFieldElem[0, 0, 0, 0, 0, 0, 3, 0, 0, 0, 0, 0, 0, 0, -3, 0],
	[12, 13, 19, 20, 10, 1, 1, 20, 1, 1] => QQFieldElem[0, 0, 0, 0, 0, 0, 0, 0, 27//32, 0, 0, 0, 0, 0, 0, 0],
	[12, 13, 19, 20, 11, 1, 1, 21, 1, 1] => QQFieldElem[0, 0, 0, 0, 0, 0, -3, 0, 0, 0, 0, 0, 0, 0, 3, 0],
	[12, 13, 19, 20, 15, 1, 1, 21, 1, 1] => QQFieldElem[0, 0, 0, 0, 0, 0, 0, 0, 27//32, 0, 0, 0, 0, 0, 0, 0],
	[12, 13, 19, 20, 12, 1, 1, 21, 1, 2] => QQFieldElem[0, -1//4, 0, 0, 0, 0, 0, 0, 0, 1//4, 0, 0, 0, 0, 0, -1//4],
	[12, 13, 19, 20, 18, 1, 1, 20, 1, 1] => QQFieldElem[0, 0, 0, 1//4, 0, 0, 0, 0, 0, 0, 0, -1//4, 0, 1//4, 0, 0],
	[12, 13, 19, 20, 11, 1, 1, 14, 1, 2] => QQFieldElem[0, 0, 0, 0, -3//2, 0, 0, 0, 0, 0, 0, 0, 3//2, 0, 0, 0],
	[12, 13, 19, 20, 16, 1, 1, 19, 1, 1] => QQFieldElem[0, 1//4, 0, 0, 0, 0, 0, 0, 0, -1//4, 0, 0, 0, 0, 0, 1//4],
	[12, 13, 19, 20, 15, 1, 1, 14, 1, 2] => QQFieldElem[-9//16, 0, 0, 0, 0, 0, 0, 0, 3//16, 0, 0, 0, 0, 0, 0, 0],
	[12, 13, 19, 20, 10, 1, 1, 14, 1, 1] => QQFieldElem[27//64, 0, 0, 0, 0, 0, 0, 0, -27//64, 0, 0, 0, 0, 0, 0, 0],
	[12, 13, 19, 20, 17, 1, 1, 21, 1, 1] => QQFieldElem[0, 0, 0, 0, 0, -1//4, 0, 0, 0, 0, 0, -1//4, 0, 1//4, 0, 0],
	[12, 13, 19, 20, 10, 1, 1, 4, 1, 1] => QQFieldElem[-9//16, 0, 0, 0, 0, 0, 0, 0, 9//16, 0, 0, 0, 0, 0, 0, 0],
	[12, 13, 19, 20, 12, 1, 1, 19, 1, 1] => QQFieldElem[0, 0, 0, 0, 0, 0, -3, 0, 0, 0, 0, 0, 0, 0, 3, 0],
	[12, 13, 19, 20, 18, 1, 1, 14, 1, 1] => QQFieldElem[1//2, 0, 0, 0, 0, 0, 0, 0, -1//2, 0, 0, 0, -1//6, 0, 0, 0],
	[12, 13, 19, 20, 17, 1, 1, 14, 1, 2] => QQFieldElem[0, 0, 0, 0, 0, 0, 0, 0, 0, 0, 0, 0, -1//6, 0, 0, 0],
	[12, 13, 19, 20, 10, 1, 1, 3, 1, 1] => QQFieldElem[27//64, 0, 0, 0, 0, 0, 0, 0, -27//64, 0, 0, 0, 0, 0, 0, 0],
	[12, 13, 19, 20, 18, 1, 1, 4, 1, 1] => QQFieldElem[1//2, 0, 0, 0, 0, 0, 0, 0, -1//2, 0, 0, 0, -1//6, 0, 0, 0],
	[12, 13, 19, 20, 18, 1, 1, 3, 1, 1] => QQFieldElem[-3//8, 0, 0, 0, 0, 0, 0, 0, 3//8, 0, 0, 0, -1//8, 0, 0, 0],
	[12, 13, 19, 20, 13, 1, 1, 21, 1, 1] => QQFieldElem[0, 1//4, 0, 0, 0, 0, 0, 1//4, 0, 0, 0, 0, 0, 0, 0, 0],
	[12, 13, 19, 20, 13, 1, 1, 14, 1, 2] => QQFieldElem[3//8, 0, 0, 0, 0, 0, 0, 0, -3//8, 0, 0, 0, -1//8, 0, 0, 0],
	[12, 13, 19, 20, 11, 1, 1, 20, 1, 1] => QQFieldElem[9//16, 0, 0, 0, 0, 0, 0, 0, -27//32, 0, 0, 0, 0, 0, 0, 0],
	[12, 13, 19, 20, 10, 1, 1, 21, 1, 2] => QQFieldElem[9//16, 0, 0, 0, 0, 0, 0, 0, -27//32, 0, 0, 0, 0, 0, 0, 0],
	[12, 13, 19, 20, 15, 1, 1, 20, 1, 1] => QQFieldElem[0, 0, 0, 0, 0, 1//4, 0, 0, 0, 0, 0, 1//4, 0, -1//4, 0, 0],
	[12, 13, 19, 20, 16, 1, 1, 21, 1, 1] => QQFieldElem[0, 0, 0, 0, 0, 0, 3, 0, 0, 0, 0, 0, 0, 0, -3, 0],
	[12, 13, 19, 20, 18, 1, 1, 21, 1, 2] => QQFieldElem[0, 0, 0, -1//4, 0, 0, 0, 0, 0, 0, 0, 1//4, 0, -1//4, 0, 0],
	[12, 13, 19, 20, 16, 1, 1, 14, 1, 2] => QQFieldElem[0, 0, 0, 0, -2, 0, 0, 0, 0, 0, 0, 0, 2, 0, 0, 0],
	[12, 13, 19, 20, 12, 1, 1, 21, 1, 1] => QQFieldElem[0, 0, 0, 0, 0, 0, 0, -1//4, 0, -1//4, 0, 0, 0, 0, 0, 1//4],
	[12, 13, 19, 20, 11, 1, 1, 14, 1, 1] => QQFieldElem[0, 0, 0, 0, 3//2, 0, 0, 0, 0, 0, 0, 0, -3//2, 0, 0, 0],
	[12, 13, 19, 20, 10, 1, 1, 19, 1, 1] => QQFieldElem[0, 0, 0, 0, 0, 0, 0, 0, 27//32, 0, 0, 0, 0, 0, 0, 0],
	[12, 13, 19, 20, 17, 1, 1, 20, 1, 1] => QQFieldElem[0, 0, 0, 1//4, 0, 0, 0, 0, 0, 0, 0, -1//4, 0, 1//4, 0, 0],
	[12, 13, 19, 20, 15, 1, 1, 14, 1, 1] => QQFieldElem[-9//16, 0, 0, 0, 0, 0, 0, 0, 9//16, 0, 0, 0, 0, 0, 0, 0],
	[12, 13, 19, 20, 11, 1, 1, 4, 1, 1] => QQFieldElem[-9//16, 0, 0, 0, 0, 0, 0, 0, 3//16, 0, 0, 0, 0, 0, 0, 0],
	[12, 13, 19, 20, 12, 1, 1, 14, 1, 2] => QQFieldElem[0, 0, 0, 0, 0, 0, 0, 0, 0, 0, 0, 0, -1//8, 0, 0, 0],
	[12, 13, 19, 20, 15, 1, 1, 4, 1, 1] => QQFieldElem[0, 0, 0, 0, 0, 0, 0, 0, 0, 0, 0, 0, -1//6, 0, 0, 0],
	[12, 13, 19, 20, 18, 1, 1, 19, 1, 1] => QQFieldElem[0, -1//4, 0, 0, 0, 0, 0, -1//4, 0, 0, 0, 0, 0, 0, 0, 0],
	[12, 13, 19, 20, 11, 1, 1, 3, 1, 1] => QQFieldElem[27//64, 0, 0, 0, 0, 0, 0, 0, -9//64, 0, 0, 0, 0, 0, 0, 0],
	[12, 13, 19, 20, 15, 1, 1, 3, 1, 1] => QQFieldElem[0, 0, 0, 0, 0, 0, 0, 0, 0, 0, 0, 0, -1//8, 0, 0, 0],
	[12, 13, 19, 20, 17, 1, 1, 14, 1, 1] => QQFieldElem[0, 0, 0, 0, 0, 0, 0, 0, 0, 0, 0, 0, -1//6, 0, 0, 0],
	[12, 13, 19, 20, 17, 1, 1, 4, 1, 1] => QQFieldElem[-1//2, 0, 0, 0, 0, 0, 0, 0, 1//2, 0, 0, 0, -1//6, 0, 0, 0],
	[12, 13, 19, 20, 13, 1, 1, 20, 1, 1] => QQFieldElem[0, 0, 0, 0, 0, 0, 3, 0, 0, 0, 0, 0, 0, 0, -3, 0])