Dict(
	[12, 10, 14, 20, 16, 1, 1, 19, 1, 1] => QQFieldElem[0, 0, 0, 0, 0, 0, 0, 0, 0, 0, 0, 0, 1//6, 0, 0, 0],
	[12, 10, 14, 20, 10, 1, 1, 21, 1, 2] => QQFieldElem[0, 0, 0, 0, 0, 1//3, 0, 1//3, 0, 0, -1//3, 0, 1//3, -1//3, 0, -1//3],
	[12, 10, 14, 20, 17, 1, 1, 19, 1, 1] => QQFieldElem[0, 0, 0, 0, 1//6, 0, 0, 0, 0, 0, 0, 0, -1//6, 0, 0, 0],
	[12, 10, 14, 20, 15, 1, 1, 20, 1, 1] => QQFieldElem[3//8, 0, -3//8, 3//8, 0, 0, 0, 0, 0, 0, 3//8, -3//8, 0, -3//8, 0, 0],
	[12, 10, 14, 20, 16, 1, 1, 21, 1, 1] => QQFieldElem[-3//8, -3//8, 3//8, 0, 0, 0, 0, 0, 3//8, 3//8, -3//8, 0, 0, 0, 0, 3//8],
	[12, 10, 14, 20, 17, 1, 1, 21, 1, 1] => QQFieldElem[0, 0, 3//8, 0, 0, 0, 0, 3//8, -3//8, -3//8, -3//8, 0, 0, 0, 0, -3//8],
	[12, 10, 14, 20, 13, 1, 1, 19, 1, 2] => QQFieldElem[0, 0, 0, 0, 2//9, 0, 0, 0, 0, 0, 0, 0, -2//9, 0, 0, 0],
	[12, 10, 14, 20, 18, 1, 1, 19, 1, 2] => QQFieldElem[0, 0, 0, 0, -4//27, 0, 0, 0, 0, 0, 0, 0, 0, 0, 0, 0],
	[12, 10, 14, 20, 13, 1, 1, 21, 1, 2] => QQFieldElem[0, 0, 1//3, 0, 0, -1//3, 0, 0, 0, 0, 0, 0, 1//3, 0, 0, 1//3],
	[12, 10, 14, 20, 18, 1, 1, 21, 1, 2] => QQFieldElem[0, 1//3, 1//3, 1//3, 0, 0, 0, 0, 0, 0, -1//3, -1//3, 1//3, 0, 0, 0],
	[12, 10, 14, 20, 10, 1, 1, 20, 1, 2] => QQFieldElem[0, 0, 0, 0, 0, -1//3, 0, -1//3, 0, 0, -1//3, 0, 1//3, 1//3, 0, 1//3],
	[12, 10, 14, 20, 16, 1, 1, 20, 1, 1] => QQFieldElem[-3//8, 3//8, 3//8, 0, 0, 0, 0, 0, 3//8, -3//8, -3//8, 0, 0, 0, 0, -3//8],
	[12, 10, 14, 20, 15, 1, 1, 19, 1, 2] => QQFieldElem[0, 0, 0, 0, -2//9, 0, 0, 0, 0, 0, 0, 0, 0, 0, 0, 0],
	[12, 10, 14, 20, 10, 1, 1, 19, 1, 1] => QQFieldElem[-1//4, 0, 0, 0, 0, 0, 0, 0, 1//4, 0, 0, 0, 0, 0, 0, 0],
	[12, 10, 14, 20, 17, 1, 1, 20, 1, 1] => QQFieldElem[0, 0, 3//8, 0, 0, 0, 0, -3//8, -3//8, 3//8, -3//8, 0, 0, 0, 0, 3//8],
	[12, 10, 14, 20, 15, 1, 1, 21, 1, 2] => QQFieldElem[0, 0, -1//3, 0, 0, 0, 0, -1//3, 0, 0, 1//3, 0, 1//3, 1//3, 0, 0],
	[12, 10, 14, 20, 10, 1, 1, 21, 1, 1] => QQFieldElem[-3//8, 0, -3//8, 3//8, 0, -3//8, 0, 0, 3//8, 0, 3//8, 0, 0, 0, 0, 0],
	[12, 10, 14, 20, 13, 1, 1, 20, 1, 2] => QQFieldElem[0, 0, 1//3, 0, 0, 1//3, 0, 0, 0, 0, 0, 0, 1//3, 0, 0, -1//3],
	[12, 10, 14, 20, 18, 1, 1, 20, 1, 2] => QQFieldElem[0, -1//3, 1//3, -1//3, 0, 0, 0, 0, 0, 0, -1//3, 1//3, 1//3, 0, 0, 0],
	[12, 10, 14, 20, 13, 1, 1, 19, 1, 1] => QQFieldElem[-1//4, 0, 0, 0, 0, 0, 0, 0, 1//4, 0, 0, 0, 0, 0, 0, 0],
	[12, 10, 14, 20, 18, 1, 1, 19, 1, 1] => QQFieldElem[0, 0, 0, 0, -1//6, 0, 0, 0, 0, 0, 0, 0, 0, 0, 0, 0],
	[12, 10, 14, 20, 16, 1, 1, 19, 1, 2] => QQFieldElem[0, 0, 0, 0, -4//27, 0, 0, 0, 0, 0, 0, 0, 0, 0, 0, 0],
	[12, 10, 14, 20, 13, 1, 1, 21, 1, 1] => QQFieldElem[0, 0, -3//8, 0, 0, 3//8, 0, 0, -3//8, 0, 3//8, -3//8, 0, -3//8, 0, 0],
	[12, 10, 14, 20, 17, 1, 1, 19, 1, 2] => QQFieldElem[0, 0, 0, 0, -4//27, 0, 0, 0, 0, 0, 0, 0, 0, 0, 0, 0],
	[12, 10, 14, 20, 18, 1, 1, 21, 1, 1] => QQFieldElem[3//8, 3//8, 3//8, 0, 0, 0, 0, -3//8, 0, 0, -3//8, 0, 0, 0, 0, 0],
	[12, 10, 14, 20, 15, 1, 1, 20, 1, 2] => QQFieldElem[0, 0, -1//3, 0, 0, 0, 0, 1//3, 0, 0, 1//3, 0, 1//3, -1//3, 0, 0],
	[12, 10, 14, 20, 10, 1, 1, 20, 1, 1] => QQFieldElem[-3//8, 0, -3//8, -3//8, 0, 3//8, 0, 0, 3//8, 0, 3//8, 0, 0, 0, 0, 0],
	[12, 10, 14, 20, 17, 1, 1, 21, 1, 2] => QQFieldElem[0, -1//3, -1//3, -1//3, 0, 0, 0, 0, 0, 1//3, 0, 0, 1//3, 0, 0, 0],
	[12, 10, 14, 20, 16, 1, 1, 21, 1, 2] => QQFieldElem[0, 0, 0, 0, 0, 0, 0, 0, 0, -1//3, 1//3, 1//3, 1//3, 0, 0, 0],
	[12, 10, 14, 20, 15, 1, 1, 19, 1, 1] => QQFieldElem[-1//4, 0, 0, 0, 0, 0, 0, 0, 1//4, 0, 0, 0, 0, 0, 0, 0],
	[12, 10, 14, 20, 15, 1, 1, 21, 1, 1] => QQFieldElem[3//8, 0, -3//8, -3//8, 0, 0, 0, 0, 0, 0, 3//8, 3//8, 0, 3//8, 0, 0],
	[12, 10, 14, 20, 13, 1, 1, 20, 1, 1] => QQFieldElem[0, 0, -3//8, 0, 0, -3//8, 0, 0, -3//8, 0, 3//8, 3//8, 0, 3//8, 0, 0],
	[12, 10, 14, 20, 18, 1, 1, 20, 1, 1] => QQFieldElem[3//8, -3//8, 3//8, 0, 0, 0, 0, 3//8, 0, 0, -3//8, 0, 0, 0, 0, 0],
	[12, 10, 14, 20, 16, 1, 1, 20, 1, 2] => QQFieldElem[0, 0, 0, 0, 0, 0, 0, 0, 0, 1//3, 1//3, -1//3, 1//3, 0, 0, 0],
	[12, 10, 14, 20, 17, 1, 1, 20, 1, 2] => QQFieldElem[0, 1//3, -1//3, 1//3, 0, 0, 0, 0, 0, -1//3, 0, 0, 1//3, 0, 0, 0],
	[12, 10, 14, 20, 10, 1, 1, 19, 1, 2] => QQFieldElem[0, 0, 0, 0, 0, 0, 0, 0, 0, 0, 0, 0, 2//9, 0, 0, 0])