Dict(
	[12, 15, 11, 18, 9, 1, 1, 9, 1, 1] => QQFieldElem[0, 0, 0, 0, 0, 0, 1//4, 0, 0, 0, 0, 0, -1//4, 0, 0, 0],
	[12, 15, 11, 18, 14, 1, 1, 20, 1, 1] => QQFieldElem[0, 0, 0, 0, 0, 0, 0, 0, 0, 0, 0, 0, 0, 0, 0, 0],
	[12, 15, 11, 18, 6, 1, 1, 9, 1, 1] => QQFieldElem[0, 0, 0, 0, 0, 0, -1//3, 0, 0, 0, 0, 0, 1//3, 0, 0, 0],
	[12, 15, 11, 18, 14, 1, 1, 6, 1, 1] => QQFieldElem[0, 0, 0, 0, 0, 0, 1//4, 0, 0, 0, 0, 0, 1//4, 0, 0, 0],
	[12, 15, 11, 18, 20, 1, 1, 20, 1, 1] => QQFieldElem[0, 0, -1//3, 0, -1//3, 0, 0, 0, 0, 0, 1//3, 0, 0, 0, 0, 0],
	[12, 15, 11, 18, 6, 1, 1, 20, 1, 1] => QQFieldElem[0, 0, 0, 0, 0, 0, 0, 0, 0, 0, -4//3, 0, 0, 0, 0, 0],
	[12, 15, 11, 18, 9, 1, 1, 20, 1, 1] => QQFieldElem[0, 0, 0, 0, 0, 0, 0, 0, 0, 0, -1, 0, 0, 0, 0, 0],
	[12, 15, 11, 18, 20, 1, 1, 6, 1, 1] => QQFieldElem[0, 0, 0, 0, 0, 0, 0, 0, 0, 0, -1//6, 0, 0, 0, 0, 0],
	[12, 15, 11, 18, 21, 1, 1, 14, 1, 1] => QQFieldElem[0, 0, 0, 0, 0, 0, 0, 0, 0, 0, 0, 0, 0, 0, 0, 0],
	[12, 15, 11, 18, 19, 1, 1, 19, 1, 1] => QQFieldElem[0, 0, -1//3, 0, 0, 0, 0, 0, 0, 0, 1//3, 0, 1//3, 0, 0, 0],
	[12, 15, 11, 18, 6, 1, 1, 6, 1, 1] => QQFieldElem[0, 0, 0, 0, 0, 0, 1//3, 0, 0, 0, 0, 0, -1//3, 0, 0, 0],
	[12, 15, 11, 18, 9, 1, 1, 6, 1, 1] => QQFieldElem[0, 0, 0, 0, 0, 0, -1//4, 0, 0, 0, 0, 0, 1//4, 0, 0, 0],
	[12, 15, 11, 18, 19, 1, 1, 21, 1, 1] => QQFieldElem[0, 0, -1//3, 0, -1//3, 0, 0, 0, 0, 0, 1//3, 0, 0, 0, 0, 0],
	[12, 15, 11, 18, 19, 1, 1, 9, 1, 1] => QQFieldElem[0, 0, -1//6, 0, 0, 0, 0, 0, 0, 0, 1//6, 0, 0, 0, 0, 0],
	[12, 15, 11, 18, 14, 1, 1, 14, 1, 1] => QQFieldElem[0, 0, 0, 0, 0, 0, 1//2, 0, 0, 0, 0, 0, -1//2, 0, 0, 0],
	[12, 15, 11, 18, 20, 1, 1, 14, 1, 1] => QQFieldElem[0, 0, 0, 0, 0, 0, 0, 0, 0, 0, 0, 0, 0, 0, 0, 0],
	[12, 15, 11, 18, 6, 1, 1, 14, 1, 1] => QQFieldElem[0, 0, 0, 0, 0, 0, 2//3, 0, 0, 0, 0, 0, 2//3, 0, 0, 0],
	[12, 15, 11, 18, 9, 1, 1, 14, 1, 1] => QQFieldElem[0, 0, 0, 0, 0, 0, -1//2, 0, 0, 0, 0, 0, -1//2, 0, 0, 0],
	[12, 15, 11, 18, 19, 1, 1, 20, 1, 1] => QQFieldElem[0, 0, -1//3, 0, 1//3, 0, 0, 0, 0, 0, 1//3, 0, -1//3, 0, 0, 0],
	[12, 15, 11, 18, 21, 1, 1, 19, 1, 1] => QQFieldElem[0, 0, -1//3, 0, -1//3, 0, 0, 0, 0, 0, 1//3, 0, 0, 0, 0, 0],
	[12, 15, 11, 18, 21, 1, 1, 21, 1, 1] => QQFieldElem[0, 0, -1//3, 0, 1//3, 0, 0, 0, 0, 0, 1//3, 0, -1//3, 0, 0, 0],
	[12, 15, 11, 18, 19, 1, 1, 6, 1, 1] => QQFieldElem[0, 0, -1//6, 0, 0, 0, 0, 0, 0, 0, 1//6, 0, 0, 0, 0, 0],
	[12, 15, 11, 18, 21, 1, 1, 9, 1, 1] => QQFieldElem[0, 0, 1//6, 0, 0, 0, 0, 0, 0, 0, 0, 0, 0, 0, 0, 0],
	[12, 15, 11, 18, 14, 1, 1, 19, 1, 1] => QQFieldElem[0, 0, 0, 0, 0, 0, 0, 0, 0, 0, 0, 0, 0, 0, 0, 0],
	[12, 15, 11, 18, 14, 1, 1, 21, 1, 1] => QQFieldElem[0, 0, 0, 0, 0, 0, 0, 0, 0, 0, 0, 0, 0, 0, 0, 0],
	[12, 15, 11, 18, 20, 1, 1, 19, 1, 1] => QQFieldElem[0, 0, -1//3, 0, 1//3, 0, 0, 0, 0, 0, 1//3, 0, -1//3, 0, 0, 0],
	[12, 15, 11, 18, 14, 1, 1, 9, 1, 1] => QQFieldElem[0, 0, 0, 0, 0, 0, -1//4, 0, 0, 0, 0, 0, -1//4, 0, 0, 0],
	[12, 15, 11, 18, 6, 1, 1, 19, 1, 1] => QQFieldElem[0, 0, -4//3, 0, 0, 0, 0, 0, 0, 0, 4//3, 0, 0, 0, 0, 0],
	[12, 15, 11, 18, 21, 1, 1, 20, 1, 1] => QQFieldElem[0, 0, -1//3, 0, 0, 0, 0, 0, 0, 0, 1//3, 0, 1//3, 0, 0, 0],
	[12, 15, 11, 18, 9, 1, 1, 19, 1, 1] => QQFieldElem[0, 0, -1, 0, 0, 0, 0, 0, 0, 0, 1, 0, 0, 0, 0, 0],
	[12, 15, 11, 18, 20, 1, 1, 21, 1, 1] => QQFieldElem[0, 0, -1//3, 0, 0, 0, 0, 0, 0, 0, 1//3, 0, 1//3, 0, 0, 0],
	[12, 15, 11, 18, 6, 1, 1, 21, 1, 1] => QQFieldElem[0, 0, 4//3, 0, 0, 0, 0, 0, 0, 0, 0, 0, 0, 0, 0, 0],
	[12, 15, 11, 18, 20, 1, 1, 9, 1, 1] => QQFieldElem[0, 0, 0, 0, 0, 0, 0, 0, 0, 0, -1//6, 0, 0, 0, 0, 0],
	[12, 15, 11, 18, 19, 1, 1, 14, 1, 1] => QQFieldElem[0, 0, 0, 0, 0, 0, 0, 0, 0, 0, 0, 0, 0, 0, 0, 0],
	[12, 15, 11, 18, 9, 1, 1, 21, 1, 1] => QQFieldElem[0, 0, 1, 0, 0, 0, 0, 0, 0, 0, 0, 0, 0, 0, 0, 0],
	[12, 15, 11, 18, 21, 1, 1, 6, 1, 1] => QQFieldElem[0, 0, 1//6, 0, 0, 0, 0, 0, 0, 0, 0, 0, 0, 0, 0, 0])