Dict(
	[12, 10, 19, 14, 13, 1, 1, 19, 1, 1] => QQFieldElem[0, 0, 0, 0, 0, 0, 0, 0, 0, 0, 0, 0, 1//128, 0, 0, 0],
	[12, 10, 19, 14, 18, 1, 1, 19, 1, 1] => QQFieldElem[0, 0, 0, 0, 1//12, 0, 0, 0, 0, 0, 0, 0, -1//12, 0, 0, 0],
	[12, 10, 19, 14, 16, 1, 1, 19, 1, 2] => QQFieldElem[0, 0, 0, 0, 0, 0, 0, 0, 0, 0, 0, 0, -1//12, 0, 0, 0],
	[12, 10, 19, 14, 13, 1, 1, 21, 1, 1] => QQFieldElem[0, 1//3, 0, 1//3, 0, 0, 0, 0, 0, -1//3, 0, -1//3, -1//3, 0, 1//3, 0],
	[12, 10, 19, 14, 17, 1, 1, 19, 1, 2] => QQFieldElem[0, 0, 0, 0, 1//12, 0, 0, 0, 0, 0, 0, 0, 0, 0, 0, 0],
	[12, 10, 19, 14, 18, 1, 1, 21, 1, 1] => QQFieldElem[0, 0, 0, 0, 0, 0, -1//3, -1//3, 0, 0, 0, 0, -1//3, 1//3, 1//3, 1//3],
	[12, 10, 19, 14, 15, 1, 1, 20, 1, 2] => QQFieldElem[0, -1//3, 0, 0, 0, 0, 1//3, 0, 0, 0, 0, -1//3, 1//3, 0, -1//3, 0],
	[12, 10, 19, 14, 10, 1, 1, 20, 1, 1] => QQFieldElem[0, 0, 0, 1//3, 0, 0, -1//3, 0, 0, -1//3, 0, 0, -1//3, 0, 0, 0],
	[12, 10, 19, 14, 17, 1, 1, 21, 1, 2] => QQFieldElem[0, 0, 0, 0, 0, 1//3, 0, 1//3, 0, 0, 0, 0, 1//3, 0, -1//3, 0],
	[12, 10, 19, 14, 16, 1, 1, 21, 1, 2] => QQFieldElem[0, 0, 0, 0, 0, -1//3, 1//3, 0, 0, 0, 0, 0, 1//3, 1//3, 0, -1//3],
	[12, 10, 19, 14, 15, 1, 1, 19, 1, 1] => QQFieldElem[0, 0, 0, 0, 0, 0, 0, 0, 0, 0, 0, 0, 1//128, 0, 0, 0],
	[12, 10, 19, 14, 15, 1, 1, 21, 1, 1] => QQFieldElem[0, -1//3, 0, 0, 0, 0, 1//3, 0, 0, 0, 0, 1//3, -1//3, 0, -1//3, 0],
	[12, 10, 19, 14, 13, 1, 1, 20, 1, 1] => QQFieldElem[0, -1//3, 0, -1//3, 0, 0, 0, 0, 0, 1//3, 0, 1//3, -1//3, 0, 1//3, 0],
	[12, 10, 19, 14, 18, 1, 1, 20, 1, 1] => QQFieldElem[0, 0, 0, 0, 0, 0, -1//3, 1//3, 0, 0, 0, 0, -1//3, -1//3, 1//3, -1//3],
	[12, 10, 19, 14, 16, 1, 1, 20, 1, 2] => QQFieldElem[0, 0, 0, 0, 0, 1//3, 1//3, 0, 0, 0, 0, 0, 1//3, -1//3, 0, 1//3],
	[12, 10, 19, 14, 17, 1, 1, 20, 1, 2] => QQFieldElem[0, 0, 0, 0, 0, -1//3, 0, -1//3, 0, 0, 0, 0, 1//3, 0, -1//3, 0],
	[12, 10, 19, 14, 10, 1, 1, 19, 1, 2] => QQFieldElem[0, 0, 0, 0, 0, 0, 0, 0, 0, 0, 0, 0, 1//128, 0, 0, 0],
	[12, 10, 19, 14, 16, 1, 1, 19, 1, 1] => QQFieldElem[0, 0, 0, 0, 0, 0, 0, 0, 0, 0, 0, 0, 1//12, 0, 0, 0],
	[12, 10, 19, 14, 10, 1, 1, 21, 1, 2] => QQFieldElem[0, 0, 0, -1//3, 0, 0, -1//3, 0, 0, -1//3, 0, 0, 1//3, 0, 0, 0],
	[12, 10, 19, 14, 17, 1, 1, 19, 1, 1] => QQFieldElem[0, 0, 0, 0, -1//12, 0, 0, 0, 0, 0, 0, 0, 0, 0, 0, 0],
	[12, 10, 19, 14, 15, 1, 1, 20, 1, 1] => QQFieldElem[0, 1//3, 0, 0, 0, 0, 1//3, 0, 0, 0, 0, -1//3, -1//3, 0, -1//3, 0],
	[12, 10, 19, 14, 16, 1, 1, 21, 1, 1] => QQFieldElem[0, 0, 0, 0, 0, 1//3, 1//3, 0, 0, 0, 0, 0, -1//3, -1//3, 0, -1//3],
	[12, 10, 19, 14, 17, 1, 1, 21, 1, 1] => QQFieldElem[0, 0, 0, 0, 0, -1//3, 0, 1//3, 0, 0, 0, 0, -1//3, 0, -1//3, 0],
	[12, 10, 19, 14, 13, 1, 1, 19, 1, 2] => QQFieldElem[0, 0, 0, 0, 0, 0, 0, 0, 0, 0, 0, 0, 1//128, 0, 0, 0],
	[12, 10, 19, 14, 18, 1, 1, 19, 1, 2] => QQFieldElem[0, 0, 0, 0, -1//12, 0, 0, 0, 0, 0, 0, 0, 1//12, 0, 0, 0],
	[12, 10, 19, 14, 13, 1, 1, 21, 1, 2] => QQFieldElem[0, -1//3, 0, 1//3, 0, 0, 0, 0, 0, 1//3, 0, -1//3, 1//3, 0, 1//3, 0],
	[12, 10, 19, 14, 18, 1, 1, 21, 1, 2] => QQFieldElem[0, 0, 0, 0, 0, 0, -1//3, -1//3, 0, 0, 0, 0, 1//3, -1//3, 1//3, 1//3],
	[12, 10, 19, 14, 10, 1, 1, 20, 1, 2] => QQFieldElem[0, 0, 0, 1//3, 0, 0, -1//3, 0, 0, 1//3, 0, 0, 1//3, 0, 0, 0],
	[12, 10, 19, 14, 16, 1, 1, 20, 1, 1] => QQFieldElem[0, 0, 0, 0, 0, -1//3, 1//3, 0, 0, 0, 0, 0, -1//3, 1//3, 0, 1//3],
	[12, 10, 19, 14, 15, 1, 1, 19, 1, 2] => QQFieldElem[0, 0, 0, 0, 0, 0, 0, 0, 0, 0, 0, 0, 1//128, 0, 0, 0],
	[12, 10, 19, 14, 10, 1, 1, 19, 1, 1] => QQFieldElem[0, 0, 0, 0, 0, 0, 0, 0, 0, 0, 0, 0, 1//128, 0, 0, 0],
	[12, 10, 19, 14, 17, 1, 1, 20, 1, 1] => QQFieldElem[0, 0, 0, 0, 0, 1//3, 0, -1//3, 0, 0, 0, 0, -1//3, 0, -1//3, 0],
	[12, 10, 19, 14, 15, 1, 1, 21, 1, 2] => QQFieldElem[0, 1//3, 0, 0, 0, 0, 1//3, 0, 0, 0, 0, 1//3, 1//3, 0, -1//3, 0],
	[12, 10, 19, 14, 10, 1, 1, 21, 1, 1] => QQFieldElem[0, 0, 0, -1//3, 0, 0, -1//3, 0, 0, 1//3, 0, 0, -1//3, 0, 0, 0],
	[12, 10, 19, 14, 13, 1, 1, 20, 1, 2] => QQFieldElem[0, 1//3, 0, -1//3, 0, 0, 0, 0, 0, -1//3, 0, 1//3, 1//3, 0, 1//3, 0],
	[12, 10, 19, 14, 18, 1, 1, 20, 1, 2] => QQFieldElem[0, 0, 0, 0, 0, 0, -1//3, 1//3, 0, 0, 0, 0, 1//3, 1//3, 1//3, -1//3])