Dict(
	[12, 19, 18, 14, 10, 1, 1, 18, 1, 1] => QQFieldElem[0, 0, -1//7, -1//7, 0, -1//7, 1//7, 0, 0, -2//7, 1//7, 0, 3//7, 1//7, 0, 2//7],
	[12, 19, 18, 14, 13, 1, 1, 10, 1, 1] => QQFieldElem[0, 0, 1//64, 0, 0, 0, 0, 0, 0, 0, -1//64, 0, 0, 0, 0, 0],
	[12, 19, 18, 14, 18, 1, 1, 10, 1, 1] => QQFieldElem[0, 0, 0, 0, 0, 0, 0, 0, 0, 0, 0, 0, 0, 0, 0, 0],
	[12, 19, 18, 14, 15, 1, 1, 16, 1, 1] => QQFieldElem[6//17, 0, -3//17, -9//17, 0, -4//17, 5//17, 0, 0, 1//17, 3//17, 0, 7//17, 4//17, 0, -2//17],
	[12, 19, 18, 14, 16, 1, 1, 12, 1, 1] => QQFieldElem[0, 0, 0, 0, 0, 0, 0, 0, 0, 0, 0, 0, 0, 0, 0, 0],
	[12, 19, 18, 14, 13, 1, 1, 18, 1, 1] => QQFieldElem[0, 0, 0, 0, 0, 0, 0, 0, 0, 0, 0, 0, 0, 0, 0, 0],
	[12, 19, 18, 14, 17, 1, 1, 12, 1, 1] => QQFieldElem[5//34, 0, -7//34, 1//17, 0, -13//34, 11//34, 0, 0, 1//34, 7//34, 0, -3//34, 13//34, 0, -4//17],
	[12, 19, 18, 14, 10, 1, 1, 11, 1, 1] => QQFieldElem[0, 0, 0, 0, 0, 0, 0, 0, 0, 0, 0, 0, 1//8, 0, 0, 0],
	[12, 19, 18, 14, 18, 1, 1, 18, 1, 1] => QQFieldElem[1//14, 0, -3//14, 1//7, 0, 3//14, -1//14, 0, 0, 3//14, 3//14, 0, 3//14, -3//14, 0, 0],
	[12, 19, 18, 14, 15, 1, 1, 10, 1, 1] => QQFieldElem[0, 0, 3//256, 0, 0, 0, 0, 0, 0, 0, -3//256, 0, 0, 0, 0, 0],
	[12, 19, 18, 14, 10, 1, 1, 13, 1, 1] => QQFieldElem[0, 0, 1, -1, 0, 1, -1, 0, 0, 0, -1, 0, 1, -1, 0, 0],
	[12, 19, 18, 14, 16, 1, 1, 16, 1, 1] => QQFieldElem[0, 0, 0, 0, 0, 0, 0, 0, 0, 0, 0, 0, 0, 0, 0, 0],
	[12, 19, 18, 14, 17, 1, 1, 16, 1, 1] => QQFieldElem[7//34, 0, 5//34, -1//17, 0, 1//34, 3//34, 0, 0, -13//34, -5//34, 0, 11//34, -1//34, 0, -4//17],
	[12, 19, 18, 14, 15, 1, 1, 18, 1, 1] => QQFieldElem[0, 0, 0, 0, 0, 0, 0, 0, 0, 0, 0, 0, 0, 0, 0, 0],
	[12, 19, 18, 14, 13, 1, 1, 11, 1, 1] => QQFieldElem[0, 0, 0, 0, 0, 0, 0, 0, 0, 0, 0, 0, -1//6, 0, 0, 0],
	[12, 19, 18, 14, 18, 1, 1, 11, 1, 1] => QQFieldElem[0, 0, 0, 0, 0, 0, 0, 0, 0, 0, 0, 0, 0, 0, 0, 0],
	[12, 19, 18, 14, 13, 1, 1, 13, 1, 1] => QQFieldElem[0, 0, 0, 0, 0, 0, 0, 0, 0, 0, 0, 0, 0, 0, 0, 0],
	[12, 19, 18, 14, 16, 1, 1, 10, 1, 1] => QQFieldElem[0, 0, 1//64, 0, 0, 0, 0, 0, 0, 0, -1//64, 0, 0, 0, 0, 0],
	[12, 19, 18, 14, 18, 1, 1, 13, 1, 1] => QQFieldElem[1//2, 0, -1//2, 1, 0, -1//2, 1//2, 0, 0, -1//2, 1//2, 0, -1//2, 1//2, 0, 0],
	[12, 19, 18, 14, 17, 1, 1, 10, 1, 1] => QQFieldElem[0, 0, 0, 0, 0, 0, 0, 0, 0, 0, 0, 0, 0, 0, 0, 0],
	[12, 19, 18, 14, 10, 1, 1, 12, 1, 1] => QQFieldElem[0, 0, 0, 0, 0, 0, 0, 0, 0, 0, 0, 0, 0, 0, 0, 0],
	[12, 19, 18, 14, 15, 1, 1, 11, 1, 1] => QQFieldElem[0, 0, 0, 0, 0, 0, 0, 0, 0, 0, 0, 0, -1//8, 0, 0, 0],
	[12, 19, 18, 14, 16, 1, 1, 18, 1, 1] => QQFieldElem[0, 0, 4//21, 4//21, 0, 4//21, -4//21, 0, 0, 8//21, -4//21, 0, -4//7, -4//21, 0, -8//21],
	[12, 19, 18, 14, 17, 1, 1, 18, 1, 1] => QQFieldElem[-3//14, 0, 1//14, 0, 0, -3//14, -3//14, 0, 0, 3//14, -1//14, 0, 1//14, 3//14, 0, 1//7],
	[12, 19, 18, 14, 10, 1, 1, 16, 1, 1] => QQFieldElem[0, 0, 0, 0, 0, 0, 0, 0, 0, 0, 0, 0, 0, 0, 0, 0],
	[12, 19, 18, 14, 15, 1, 1, 13, 1, 1] => QQFieldElem[0, 0, 0, 0, 0, 0, 0, 0, 0, 0, 0, 0, 0, 0, 0, 0],
	[12, 19, 18, 14, 13, 1, 1, 12, 1, 1] => QQFieldElem[8//17, 0, -20//51, -4//51, 0, -8//51, 4//17, 0, 0, -12//17, 20//51, 0, -28//51, 8//51, 0, 16//51],
	[12, 19, 18, 14, 18, 1, 1, 12, 1, 1] => QQFieldElem[3//34, 0, -11//34, 4//17, 0, -1//34, -7//34, 0, 0, -13//34, 11//34, 0, 5//34, 1//34, 0, 1//17],
	[12, 19, 18, 14, 10, 1, 1, 10, 1, 1] => QQFieldElem[0, 0, 3//256, 0, 0, 0, 0, 0, 0, 0, -3//256, 0, 0, 0, 0, 0],
	[12, 19, 18, 14, 13, 1, 1, 16, 1, 1] => QQFieldElem[-8//17, 0, 4//17, 12//17, 0, 16//51, -20//51, 0, 0, -4//51, -4//17, 0, -28//51, -16//51, 0, 8//51],
	[12, 19, 18, 14, 18, 1, 1, 16, 1, 1] => QQFieldElem[-11//34, 0, -3//34, 4//17, 0, 13//34, 5//34, 0, 0, 1//34, 3//34, 0, 7//34, -13//34, 0, -1//17],
	[12, 19, 18, 14, 17, 1, 1, 11, 1, 1] => QQFieldElem[0, 0, 0, 0, 0, 0, 0, 0, 0, 0, 0, 0, 0, 0, 0, 0],
	[12, 19, 18, 14, 16, 1, 1, 11, 1, 1] => QQFieldElem[0, 0, 0, 0, 0, 0, 0, 0, 0, 0, 0, 0, 1//6, 0, 0, 0],
	[12, 19, 18, 14, 15, 1, 1, 12, 1, 1] => QQFieldElem[-6//17, 0, 5//17, 1//17, 0, 2//17, -3//17, 0, 0, 9//17, -5//17, 0, 7//17, -2//17, 0, -4//17],
	[12, 19, 18, 14, 16, 1, 1, 13, 1, 1] => QQFieldElem[0, 0, -4//3, 4//3, 0, -4//3, 4//3, 0, 0, 0, 4//3, 0, -4//3, 4//3, 0, 0],
	[12, 19, 18, 14, 17, 1, 1, 13, 1, 1] => QQFieldElem[1//2, 0, -1//2, 0, 0, 1//2, -1//2, 0, 0, -1//2, 1//2, 0, 1//2, -1//2, 0, 1])