Dict(
	[12, 14, 14, 13, 8, 1, 1, 17, 1, 1] => QQFieldElem[0, 0, 0, 0, 0, 0, 0, 0, 0, 0, 0, 0, 0, 0, 0, 0],
	[12, 14, 14, 13, 9, 1, 1, 16, 1, 1] => QQFieldElem[-1//64, 0, 0, 0, 0, 0, 0, 0, 0, 0, 0, 0, 0, 0, 0, 0],
	[12, 14, 14, 13, 4, 1, 1, 15, 1, 1] => QQFieldElem[0, 0, -1//144, 0, 0, 0, 0, 0, 0, 0, 1//144, 0, 0, 0, 0, 0],
	[12, 14, 14, 13, 5, 1, 1, 15, 1, 1] => QQFieldElem[0, 0, 1//144, 0, 0, 0, 0, 0, 0, 0, -1//144, 0, 0, 0, 0, 0],
	[12, 14, 14, 13, 4, 1, 1, 16, 1, 1] => QQFieldElem[-1//64, 0, 0, 0, 0, 0, 0, 0, 0, 0, 0, 0, 0, 0, 0, 0],
	[12, 14, 14, 13, 8, 1, 1, 15, 1, 1] => QQFieldElem[0, 0, -1//144, 0, 0, 0, 0, 0, 0, 0, 1//144, 0, 0, 0, 0, 0],
	[12, 14, 14, 13, 5, 1, 1, 16, 1, 1] => QQFieldElem[-1//64, 0, 0, 0, 0, 0, 0, 0, 0, 0, 0, 0, 0, 0, 0, 0],
	[12, 14, 14, 13, 9, 1, 1, 18, 1, 1] => QQFieldElem[0, 0, 0, 0, 0, 0, 0, 0, 0, 0, 0, 0, 0, 0, 0, 0],
	[12, 14, 14, 13, 9, 1, 1, 17, 1, 1] => QQFieldElem[0, 0, 0, 2//9, 0, 0, 0, 0, 0, 0, 0, 0, 0, 0, 0, 0],
	[12, 14, 14, 13, 8, 1, 1, 16, 1, 1] => QQFieldElem[-1//64, 0, 0, 0, 0, 0, 0, 0, 0, 0, 0, 0, 0, 0, 0, 0],
	[12, 14, 14, 13, 4, 1, 1, 18, 1, 1] => QQFieldElem[0, 0, 0, 0, 0, 0, 0, 0, 0, 0, 0, 0, 0, 0, 0, 2//9],
	[12, 14, 14, 13, 5, 1, 1, 18, 1, 1] => QQFieldElem[0, 0, 0, 0, 0, 0, 0, 0, 0, 0, 0, 0, 0, 0, 0, 0],
	[12, 14, 14, 13, 4, 1, 1, 17, 1, 1] => QQFieldElem[0, 0, 0, 0, 0, 0, 0, 0, 0, 0, 0, 0, 0, 0, 0, 0],
	[12, 14, 14, 13, 5, 1, 1, 17, 1, 1] => QQFieldElem[0, 0, 0, -2//9, 0, 0, 0, 0, 0, 0, 0, 0, 0, 0, 0, 0],
	[12, 14, 14, 13, 9, 1, 1, 15, 1, 1] => QQFieldElem[0, 0, 1//144, 0, 0, 0, 0, 0, 0, 0, -1//144, 0, 0, 0, 0, 0],
	[12, 14, 14, 13, 8, 1, 1, 18, 1, 1] => QQFieldElem[0, 0, 0, 0, 0, 0, 0, 0, 0, 0, 0, 0, 0, 0, 0, -2//9])