Dict(
	[12, 13, 16, 10, 20, 1, 1, 19, 1, 1] => QQFieldElem[0, 0, 0, 0, 0, 0, 0, 0, 0, 0, 0, -1//4, -1//4, 0, 0, 0],
	[12, 13, 16, 10, 6, 1, 1, 19, 1, 1] => QQFieldElem[0, 0, 0, 0, 0, 0, 0, 0, 0, 0, 0, 0, -3, 0, 0, 0],
	[12, 13, 16, 10, 21, 1, 1, 20, 1, 1] => QQFieldElem[0, 0, 0, 1//4, 0, 0, 0, 0, 0, 0, 0, 0, -1//4, 0, 0, 0],
	[12, 13, 16, 10, 20, 1, 1, 21, 1, 1] => QQFieldElem[0, 0, 0, 1//4, 0, 0, 0, 0, 0, 0, 0, 0, -1//4, 0, 0, 0],
	[12, 13, 16, 10, 6, 1, 1, 21, 1, 1] => QQFieldElem[0, 0, 0, 0, -3, 0, 0, 0, 0, 0, 0, 0, 3, 0, 0, 0],
	[12, 13, 16, 10, 19, 1, 1, 14, 1, 1] => QQFieldElem[0, 0, 0, 0, 0, 0, 0, 0, 0, 0, 0, 0, 1//12, 0, 0, 0],
	[12, 13, 16, 10, 20, 1, 1, 20, 1, 1] => QQFieldElem[0, 0, 0, -1//4, 0, 0, 0, 0, 0, 0, 0, 1//4, -1//4, 0, 0, 0],
	[12, 13, 16, 10, 6, 1, 1, 20, 1, 1] => QQFieldElem[0, 0, 0, 0, 3, 0, 0, 0, 0, 0, 0, 0, 0, 0, 0, 0],
	[12, 13, 16, 10, 21, 1, 1, 14, 1, 1] => QQFieldElem[0, 0, 0, 0, 1//12, 0, 0, 0, 0, 0, 0, 0, -1//12, 0, 0, 0],
	[12, 13, 16, 10, 19, 1, 1, 19, 1, 1] => QQFieldElem[0, 0, 0, 1//4, 0, 0, 0, 0, 0, 0, 0, 0, -1//4, 0, 0, 0],
	[12, 13, 16, 10, 19, 1, 1, 21, 1, 1] => QQFieldElem[0, 0, 0, -1//4, 0, 0, 0, 0, 0, 0, 0, 1//4, -1//4, 0, 0, 0],
	[12, 13, 16, 10, 20, 1, 1, 14, 1, 1] => QQFieldElem[0, 0, 0, 0, -1//12, 0, 0, 0, 0, 0, 0, 0, 0, 0, 0, 0],
	[12, 13, 16, 10, 6, 1, 1, 14, 1, 1] => QQFieldElem[0, 0, 0, 0, 0, 0, 0, 0, 0, 0, 0, 0, 0, 0, 0, 0],
	[12, 13, 16, 10, 21, 1, 1, 19, 1, 1] => QQFieldElem[0, 0, 0, -1//4, 0, 0, 0, 0, 0, 0, 0, 1//4, -1//4, 0, 0, 0],
	[12, 13, 16, 10, 19, 1, 1, 20, 1, 1] => QQFieldElem[0, 0, 0, 0, 0, 0, 0, 0, 0, 0, 0, -1//4, -1//4, 0, 0, 0],
	[12, 13, 16, 10, 21, 1, 1, 21, 1, 1] => QQFieldElem[0, 0, 0, 0, 0, 0, 0, 0, 0, 0, 0, -1//4, -1//4, 0, 0, 0])