Dict(
	[12, 13, 11, 17, 19, 1, 1, 14, 1, 1] => QQFieldElem[0, 0, 0, 0, 0, 0, 0, 0, 0, 0, 0, 0, -1//16, 0, 0, 0],
	[12, 13, 11, 17, 14, 1, 1, 20, 1, 1] => QQFieldElem[0, 0, 3, 0, 0, 0, 0, 0, 0, 0, 0, 0, 0, 0, 0, 0],
	[12, 13, 11, 17, 20, 1, 1, 20, 1, 1] => QQFieldElem[0, 1//4, 0, 0, 0, 0, 0, 0, 0, -1//4, 0, 0, 1//4, 0, 0, 0],
	[12, 13, 11, 17, 19, 1, 1, 19, 1, 1] => QQFieldElem[0, 0, 0, 0, 0, 0, 0, 0, 0, 1//4, 0, 0, 1//4, 0, 0, 0],
	[12, 13, 11, 17, 21, 1, 1, 14, 1, 1] => QQFieldElem[0, 0, 0, 0, 1//16, 0, 0, 0, 0, 0, 0, 0, 0, 0, 0, 0],
	[12, 13, 11, 17, 19, 1, 1, 21, 1, 1] => QQFieldElem[0, 1//4, 0, 0, 0, 0, 0, 0, 0, -1//4, 0, 0, 1//4, 0, 0, 0],
	[12, 13, 11, 17, 14, 1, 1, 14, 1, 1] => QQFieldElem[0, 0, 0, 0, 0, 0, 0, 0, 0, 0, 0, 0, 0, 0, 0, 0],
	[12, 13, 11, 17, 20, 1, 1, 14, 1, 1] => QQFieldElem[0, 0, 0, 0, -1//16, 0, 0, 0, 0, 0, 0, 0, 1//16, 0, 0, 0],
	[12, 13, 11, 17, 21, 1, 1, 19, 1, 1] => QQFieldElem[0, 1//4, 0, 0, 0, 0, 0, 0, 0, -1//4, 0, 0, 1//4, 0, 0, 0],
	[12, 13, 11, 17, 19, 1, 1, 20, 1, 1] => QQFieldElem[0, -1//4, 0, 0, 0, 0, 0, 0, 0, 0, 0, 0, 1//4, 0, 0, 0],
	[12, 13, 11, 17, 21, 1, 1, 21, 1, 1] => QQFieldElem[0, -1//4, 0, 0, 0, 0, 0, 0, 0, 0, 0, 0, 1//4, 0, 0, 0],
	[12, 13, 11, 17, 14, 1, 1, 19, 1, 1] => QQFieldElem[0, 0, -3, 0, 0, 0, 0, 0, 0, 0, 3, 0, 0, 0, 0, 0],
	[12, 13, 11, 17, 14, 1, 1, 21, 1, 1] => QQFieldElem[0, 0, 0, 0, 0, 0, 0, 0, 0, 0, -3, 0, 0, 0, 0, 0],
	[12, 13, 11, 17, 20, 1, 1, 19, 1, 1] => QQFieldElem[0, -1//4, 0, 0, 0, 0, 0, 0, 0, 0, 0, 0, 1//4, 0, 0, 0],
	[12, 13, 11, 17, 21, 1, 1, 20, 1, 1] => QQFieldElem[0, 0, 0, 0, 0, 0, 0, 0, 0, 1//4, 0, 0, 1//4, 0, 0, 0],
	[12, 13, 11, 17, 20, 1, 1, 21, 1, 1] => QQFieldElem[0, 0, 0, 0, 0, 0, 0, 0, 0, 1//4, 0, 0, 1//4, 0, 0, 0])