Dict(
	[12, 14, 21, 18, 21, 1, 2, 11, 1, 1] => QQFieldElem[0, 1//4, 1//4, 0, 0, -1//8, 1//8, 1//8, 0, -1//4, 0, 0, -1//8, 1//8, -1//8, 0],
	[12, 14, 21, 18, 19, 1, 2, 12, 1, 1] => QQFieldElem[0, 0, 0, 0, 0, 0, 0, 0, 0, 0, 0, 0, 0, 0, 9//4, 0],
	[12, 14, 21, 18, 21, 1, 1, 11, 1, 1] => QQFieldElem[-1//4, -1//4, -1//8, -1//8, 0, 0, 0, 0, 0, 3//8, 1//8, 1//8, 1//8, 0, 1//8, 0],
	[12, 14, 21, 18, 19, 1, 1, 12, 1, 1] => QQFieldElem[0, 0, -3//2, 0, 0, 0, 0, 0, 0, 0, 3//2, 0, 0, 0, 0, 0],
	[12, 14, 21, 18, 20, 1, 1, 18, 1, 1] => QQFieldElem[0, -1//8, 0, -1//8, 0, 0, -1//8, 1//8, 0, 1//8, -1//4, 0, 1//8, 0, 0, -1//4],
	[12, 14, 21, 18, 20, 1, 2, 18, 1, 1] => QQFieldElem[0, 0, -1//8, 0, 0, 0, -1//8, 1//8, 0, -1//8, 1//4, 0, 1//8, -1//8, 1//8, -1//8],
	[12, 14, 21, 18, 20, 1, 2, 17, 1, 1] => QQFieldElem[0, 0, 1//8, 0, 1//4, 0, -1//8, -1//8, 0, -1//8, -1//4, 0, -1//8, 1//8, 1//8, 3//8],
	[12, 14, 21, 18, 19, 1, 2, 16, 1, 1] => QQFieldElem[0, 0, 0, 0, 0, 0, 0, 0, 0, 0, 0, 0, 0, 0, 9//4, 0],
	[12, 14, 21, 18, 20, 1, 1, 17, 1, 1] => QQFieldElem[0, 1//8, 0, -1//8, 0, 0, 1//8, -1//8, -1//4, 1//8, 0, 0, 1//8, 0, 0, 1//4],
	[12, 14, 21, 18, 19, 1, 1, 16, 1, 1] => QQFieldElem[0, 0, 3//2, 0, 0, 0, 0, 0, 0, 0, 0, 0, 0, 0, 0, 0],
	[12, 14, 21, 18, 21, 1, 2, 15, 1, 1] => QQFieldElem[0, 1//8, -1//8, 0, 1//4, 1//8, 1//8, 0, 0, 0, 0, 0, 1//8, 0, -1//8, -1//8],
	[12, 14, 21, 18, 20, 1, 2, 11, 1, 1] => QQFieldElem[0, 1//4, 0, 0, 0, 1//8, -1//8, -1//8, 0, -1//4, 0, 0, 3//8, -1//8, 1//8, 0],
	[12, 14, 21, 18, 21, 1, 1, 15, 1, 1] => QQFieldElem[1//4, 0, 1//8, 0, 0, 0, 1//8, 1//8, -1//4, -1//8, 0, -1//8, 1//8, 0, -1//8, -1//4],
	[12, 14, 21, 18, 20, 1, 1, 11, 1, 1] => QQFieldElem[1//4, -1//4, -1//8, 1//8, 0, 0, 0, 0, 0, 1//8, -1//8, -1//8, 1//8, 0, -1//8, 0],
	[12, 14, 21, 18, 21, 1, 2, 12, 1, 1] => QQFieldElem[0, 1//4, -1//4, 0, 0, 1//8, 1//8, 1//8, 0, -1//4, 0, 0, 1//8, -1//8, -1//8, 0],
	[12, 14, 21, 18, 21, 1, 1, 12, 1, 1] => QQFieldElem[0, -1//4, 1//8, -1//8, 0, 0, 0, 0, 0, 1//8, 1//8, 1//8, 1//8, 0, -1//8, 0],
	[12, 14, 21, 18, 20, 1, 2, 15, 1, 1] => QQFieldElem[0, 1//8, -1//8, 0, -1//4, -1//8, -1//8, 1//4, 0, 0, 1//4, 0, 1//8, 0, 1//8, -3//8],
	[12, 14, 21, 18, 19, 1, 2, 18, 1, 1] => QQFieldElem[0, 0, 0, 0, 0, 0, 0, 0, 0, 0, 0, 0, 0, 0, 9//4, 0],
	[12, 14, 21, 18, 19, 1, 1, 18, 1, 1] => QQFieldElem[0, 0, 0, 0, 0, 0, 0, 0, 0, 0, -3//2, 0, 0, 0, 0, 0],
	[12, 14, 21, 18, 21, 1, 1, 16, 1, 1] => QQFieldElem[0, -1//4, -1//8, 0, 0, 0, -1//8, -1//8, 0, 1//8, 1//4, -1//8, 1//8, 0, 1//8, 1//4],
	[12, 14, 21, 18, 20, 1, 1, 15, 1, 1] => QQFieldElem[-1//4, -1//4, 1//8, 0, 0, 0, -1//8, 1//8, 1//4, 1//8, -1//4, 1//8, 1//8, 0, 1//8, -1//4],
	[12, 14, 21, 18, 21, 1, 2, 16, 1, 1] => QQFieldElem[0, 1//8, 1//8, 0, 0, -1//8, 1//8, -1//4, 0, 0, 0, 0, 1//8, 0, -1//8, 3//8],
	[12, 14, 21, 18, 19, 1, 2, 17, 1, 1] => QQFieldElem[0, 0, 0, 0, 0, 0, 0, 0, 0, 0, 0, 0, 0, 0, -9//4, 0],
	[12, 14, 21, 18, 20, 1, 2, 12, 1, 1] => QQFieldElem[0, 1//4, 0, 0, 0, -1//8, -1//8, -1//8, 0, -1//4, 0, 0, 1//8, 1//8, 1//8, 0],
	[12, 14, 21, 18, 19, 1, 1, 17, 1, 1] => QQFieldElem[0, 0, 0, 0, 0, 0, 0, 0, 0, 0, -3//2, 0, 0, 0, 0, 0],
	[12, 14, 21, 18, 20, 1, 1, 12, 1, 1] => QQFieldElem[0, -1//4, 1//8, 1//8, 0, 0, 0, 0, 0, 3//8, -1//8, -1//8, 1//8, 0, 1//8, 0],
	[12, 14, 21, 18, 19, 1, 2, 11, 1, 1] => QQFieldElem[0, 0, 0, 0, 0, 0, 0, 0, 0, 0, 0, 0, 0, 0, -9//4, 0],
	[12, 14, 21, 18, 20, 1, 2, 16, 1, 1] => QQFieldElem[0, 1//8, 1//8, 0, 0, 1//8, -1//8, 0, 0, 0, -1//4, 0, 1//8, 0, 1//8, 1//8],
	[12, 14, 21, 18, 19, 1, 1, 11, 1, 1] => QQFieldElem[0, 0, -3//2, 0, 0, 0, 0, 0, 0, 0, 3//2, 0, 0, 0, 0, 0],
	[12, 14, 21, 18, 20, 1, 1, 16, 1, 1] => QQFieldElem[0, 0, -1//8, 0, 0, 0, 1//8, -1//8, 0, -1//8, 0, 1//8, 1//8, 0, -1//8, 1//4],
	[12, 14, 21, 18, 21, 1, 2, 18, 1, 1] => QQFieldElem[0, 0, 1//8, 0, 0, 0, 1//8, 1//8, 0, -1//8, 0, 0, 1//8, 1//8, -1//8, -3//8],
	[12, 14, 21, 18, 21, 1, 1, 18, 1, 1] => QQFieldElem[0, 1//8, 0, 1//8, 0, 0, 1//8, 1//8, 0, 1//8, 0, 0, 1//8, 0, 0, -1//4],
	[12, 14, 21, 18, 21, 1, 2, 17, 1, 1] => QQFieldElem[0, 0, -1//8, 0, -1//4, 0, 1//8, -1//8, 0, -1//8, 0, 0, 3//8, -1//8, -1//8, 1//8],
	[12, 14, 21, 18, 19, 1, 2, 15, 1, 1] => QQFieldElem[0, 0, 0, 0, 0, 0, 0, 0, 0, 0, 0, 0, 0, 0, -9//4, 0],
	[12, 14, 21, 18, 21, 1, 1, 17, 1, 1] => QQFieldElem[0, -1//8, 0, 1//8, 0, 0, -1//8, -1//8, 1//4, 1//8, 1//4, 0, 1//8, 0, 0, 1//4],
	[12, 14, 21, 18, 19, 1, 1, 15, 1, 1] => QQFieldElem[0, 0, 3//2, 0, 0, 0, 0, 0, 0, 0, 0, 0, 0, 0, 0, 0])