Dict(
	[12, 15, 13, 10, 7, 1, 1, 21, 1, 1] => QQFieldElem[-128, 0, 0, 0, 0, 0, 0, 0, 128, 0, 0, 0, 0, 0, 0, 0],
	[12, 15, 13, 10, 20, 1, 1, 14, 1, 1] => QQFieldElem[0, 0, -1//12, 0, 0, 0, 0, 0, 0, 0, 0, 0, 0, 0, 0, 0],
	[12, 15, 13, 10, 19, 1, 1, 20, 1, 1] => QQFieldElem[0, 1//3, 0, 0, 0, 0, 0, 0, 0, 0, 0, 0, -1//3, 0, 0, 0],
	[12, 15, 13, 10, 21, 1, 1, 19, 1, 1] => QQFieldElem[0, -1//3, 0, 0, 0, 0, 0, 0, 0, 1//3, 0, 0, -1//3, 0, 0, 0],
	[12, 15, 13, 10, 21, 1, 1, 21, 1, 1] => QQFieldElem[0, 1//3, 0, 0, 0, 0, 0, 0, 0, 0, 0, 0, -1//3, 0, 0, 0],
	[12, 15, 13, 10, 7, 1, 1, 20, 1, 1] => QQFieldElem[0, 0, 0, 0, 0, 0, 0, 0, -128, 0, 0, 0, 0, 0, 0, 0],
	[12, 15, 13, 10, 20, 1, 1, 19, 1, 1] => QQFieldElem[0, 1//3, 0, 0, 0, 0, 0, 0, 0, 0, 0, 0, -1//3, 0, 0, 0],
	[12, 15, 13, 10, 21, 1, 1, 20, 1, 1] => QQFieldElem[0, 0, 0, 0, 0, 0, 0, 0, 0, -1//3, 0, 0, -1//3, 0, 0, 0],
	[12, 15, 13, 10, 20, 1, 1, 21, 1, 1] => QQFieldElem[0, 0, 0, 0, 0, 0, 0, 0, 0, -1//3, 0, 0, -1//3, 0, 0, 0],
	[12, 15, 13, 10, 19, 1, 1, 14, 1, 1] => QQFieldElem[0, 0, 1//12, 0, 0, 0, 0, 0, 0, 0, -1//12, 0, 0, 0, 0, 0],
	[12, 15, 13, 10, 7, 1, 1, 14, 1, 1] => QQFieldElem[0, 0, 0, 0, 0, 0, 0, 0, 0, 0, 0, 0, 0, 0, 0, 0],
	[12, 15, 13, 10, 20, 1, 1, 20, 1, 1] => QQFieldElem[0, -1//3, 0, 0, 0, 0, 0, 0, 0, 1//3, 0, 0, -1//3, 0, 0, 0],
	[12, 15, 13, 10, 21, 1, 1, 14, 1, 1] => QQFieldElem[0, 0, 0, 0, 0, 0, 0, 0, 0, 0, 1//12, 0, 0, 0, 0, 0],
	[12, 15, 13, 10, 19, 1, 1, 19, 1, 1] => QQFieldElem[0, 0, 0, 0, 0, 0, 0, 0, 0, -1//3, 0, 0, -1//3, 0, 0, 0],
	[12, 15, 13, 10, 7, 1, 1, 19, 1, 1] => QQFieldElem[128, 0, 0, 0, 0, 0, 0, 0, 0, 0, 0, 0, 0, 0, 0, 0],
	[12, 15, 13, 10, 19, 1, 1, 21, 1, 1] => QQFieldElem[0, -1//3, 0, 0, 0, 0, 0, 0, 0, 1//3, 0, 0, -1//3, 0, 0, 0])