Dict(
	[12, 12, 10, 11, 21, 1, 1, 21, 1, 1] => QQFieldElem[1//3, 0, 0, 0, 0, 0, 0, 0, 0, 0, 0, 0, 0, 0, 0, 0],
	[12, 12, 10, 11, 14, 1, 1, 21, 1, 1] => QQFieldElem[0, 0, 0, 0, 0, 0, 0, 0, 0, 0, 0, 0, 0, 0, 0, 0],
	[12, 12, 10, 11, 5, 1, 1, 7, 1, 1] => QQFieldElem[0, 0, 128//9, 0, 0, 0, 0, 0, 0, 0, -128//9, 0, 0, 0, 0, 0],
	[12, 12, 10, 11, 2, 1, 1, 20, 1, 1] => QQFieldElem[-27//32, 0, 0, 0, 0, 0, 0, 0, 0, 0, 0, 0, 0, 0, 0, 0],
	[12, 12, 10, 11, 3, 1, 1, 21, 1, 1] => QQFieldElem[9//32, 0, 0, 0, 0, 0, 0, 0, 0, 0, 0, 0, 0, 0, 0, 0],
	[12, 12, 10, 11, 2, 1, 1, 6, 1, 1] => QQFieldElem[27//1024, 0, 0, 0, 0, 0, 0, 0, 0, 0, 0, 0, 0, 0, 0, 0],
	[12, 12, 10, 11, 19, 1, 1, 21, 1, 1] => QQFieldElem[1//3, 0, 0, 0, 0, 0, 0, 0, 0, 0, 0, 0, 0, 0, 0, 0],
	[12, 12, 10, 11, 21, 1, 1, 7, 1, 1] => QQFieldElem[0, 0, 0, 0, 0, 0, 0, 0, 0, 0, 0, 0, 0, 0, 0, 0],
	[12, 12, 10, 11, 14, 1, 1, 7, 1, 1] => QQFieldElem[0, 0, -128//9, 0, 0, 0, 0, 0, 0, 0, 128//9, 0, 0, 0, 0, 0],
	[12, 12, 10, 11, 5, 1, 1, 20, 1, 1] => QQFieldElem[0, 0, 0, 0, 0, 0, 0, 0, 0, 0, 0, 0, 0, 0, 0, 0],
	[12, 12, 10, 11, 2, 1, 1, 4, 1, 1] => QQFieldElem[27//8192, 0, 0, 0, 0, 0, 0, 0, 0, 0, 0, 0, 0, 0, 0, 0],
	[12, 12, 10, 11, 5, 1, 1, 6, 1, 1] => QQFieldElem[-128//3, 0, 0, 0, 0, 0, 0, 0, 0, 0, 0, 0, 0, 0, 0, 0],
	[12, 12, 10, 11, 20, 1, 1, 5, 1, 1] => QQFieldElem[-1//144, 0, 0, 0, 0, 0, 0, 0, 0, 0, 0, 0, 0, 0, 0, 0],
	[12, 12, 10, 11, 20, 1, 1, 19, 1, 1] => QQFieldElem[1//3, 0, 0, 0, 0, 0, 0, 0, 0, 0, 0, 0, 0, 0, 0, 0],
	[12, 12, 10, 11, 21, 1, 1, 20, 1, 1] => QQFieldElem[-2//3, 0, 0, 0, 0, 0, 0, 0, 0, 0, 0, 0, 0, 0, 0, 0],
	[12, 12, 10, 11, 3, 1, 1, 7, 1, 1] => QQFieldElem[0, 0, 0, 0, 0, 0, 0, 0, 0, 0, 0, 0, 0, 0, 0, 0],
	[12, 12, 10, 11, 21, 1, 1, 6, 1, 1] => QQFieldElem[0, 0, 0, 0, 0, 0, 0, 0, 0, 0, 0, 0, 0, 0, 0, 0],
	[12, 12, 10, 11, 14, 1, 1, 20, 1, 1] => QQFieldElem[0, 0, 0, 0, 0, 0, 0, 0, 0, 0, 0, 0, 0, 0, 0, 0],
	[12, 12, 10, 11, 5, 1, 1, 4, 1, 1] => QQFieldElem[16//3, 0, 0, 0, 0, 0, 0, 0, 0, 0, 0, 0, 0, 0, 0, 0],
	[12, 12, 10, 11, 19, 1, 1, 7, 1, 1] => QQFieldElem[0, 0, 0, 0, 0, 0, 0, 0, 0, 0, 0, 0, 0, 0, 0, 0],
	[12, 12, 10, 11, 14, 1, 1, 6, 1, 1] => QQFieldElem[-128//3, 0, 0, 0, 0, 0, 0, 0, 0, 0, 0, 0, 0, 0, 0, 0],
	[12, 12, 10, 11, 21, 1, 1, 4, 1, 1] => QQFieldElem[1//384, 0, 0, 0, 0, 0, 0, 0, 0, 0, 0, 0, 0, 0, 0, 0],
	[12, 12, 10, 11, 3, 1, 1, 20, 1, 1] => QQFieldElem[9//32, 0, 0, 0, 0, 0, 0, 0, 0, 0, 0, 0, 0, 0, 0, 0],
	[12, 12, 10, 11, 14, 1, 1, 4, 1, 1] => QQFieldElem[16//3, 0, 0, 0, 0, 0, 0, 0, 0, 0, 0, 0, 0, 0, 0, 0],
	[12, 12, 10, 11, 3, 1, 1, 6, 1, 1] => QQFieldElem[9//1024, 0, 0, 0, 0, 0, 0, 0, 0, 0, 0, 0, 0, 0, 0, 0],
	[12, 12, 10, 11, 19, 1, 1, 20, 1, 1] => QQFieldElem[1//3, 0, 0, 0, 0, 0, 0, 0, 0, 0, 0, 0, 0, 0, 0, 0],
	[12, 12, 10, 11, 2, 1, 1, 5, 1, 1] => QQFieldElem[9//512, 0, 0, 0, 0, 0, 0, 0, 0, 0, 0, 0, 0, 0, 0, 0],
	[12, 12, 10, 11, 19, 1, 1, 6, 1, 1] => QQFieldElem[0, 0, 0, 0, 0, 0, 0, 0, 0, 0, 0, 0, 0, 0, 0, 0],
	[12, 12, 10, 11, 2, 1, 1, 19, 1, 1] => QQFieldElem[-27//32, 0, 0, 0, 0, 0, 0, 0, 0, 0, 0, 0, 0, 0, 0, 0],
	[12, 12, 10, 11, 3, 1, 1, 4, 1, 1] => QQFieldElem[9//8192, 0, 0, 0, 0, 0, 0, 0, 0, 0, 0, 0, 0, 0, 0, 0],
	[12, 12, 10, 11, 20, 1, 1, 21, 1, 1] => QQFieldElem[-2//3, 0, 0, 0, 0, 0, 0, 0, 0, 0, 0, 0, 0, 0, 0, 0],
	[12, 12, 10, 11, 19, 1, 1, 4, 1, 1] => QQFieldElem[1//384, 0, 0, 0, 0, 0, 0, 0, 0, 0, 0, 0, 0, 0, 0, 0],
	[12, 12, 10, 11, 5, 1, 1, 5, 1, 1] => QQFieldElem[256//9, 0, 0, 0, 0, 0, 0, 0, 0, 0, 0, 0, 0, 0, 0, 0],
	[12, 12, 10, 11, 5, 1, 1, 19, 1, 1] => QQFieldElem[0, 0, 0, 0, 0, 0, 0, 0, 0, 0, 0, 0, 0, 0, 0, 0],
	[12, 12, 10, 11, 21, 1, 1, 5, 1, 1] => QQFieldElem[-1//144, 0, 0, 0, 0, 0, 0, 0, 0, 0, 0, 0, 0, 0, 0, 0],
	[12, 12, 10, 11, 21, 1, 1, 19, 1, 1] => QQFieldElem[1//3, 0, 0, 0, 0, 0, 0, 0, 0, 0, 0, 0, 0, 0, 0, 0],
	[12, 12, 10, 11, 14, 1, 1, 5, 1, 1] => QQFieldElem[256//9, 0, 0, 0, 0, 0, 0, 0, 0, 0, 0, 0, 0, 0, 0, 0],
	[12, 12, 10, 11, 20, 1, 1, 7, 1, 1] => QQFieldElem[0, 0, 0, 0, 0, 0, 0, 0, 0, 0, 0, 0, 0, 0, 0, 0],
	[12, 12, 10, 11, 14, 1, 1, 19, 1, 1] => QQFieldElem[0, 0, 0, 0, 0, 0, 0, 0, 0, 0, 0, 0, 0, 0, 0, 0],
	[12, 12, 10, 11, 2, 1, 1, 21, 1, 1] => QQFieldElem[-27//32, 0, 0, 0, 0, 0, 0, 0, 0, 0, 0, 0, 0, 0, 0, 0],
	[12, 12, 10, 11, 3, 1, 1, 5, 1, 1] => QQFieldElem[3//512, 0, 0, 0, 0, 0, 0, 0, 0, 0, 0, 0, 0, 0, 0, 0],
	[12, 12, 10, 11, 3, 1, 1, 19, 1, 1] => QQFieldElem[9//32, 0, 0, 0, 0, 0, 0, 0, 0, 0, 0, 0, 0, 0, 0, 0],
	[12, 12, 10, 11, 20, 1, 1, 20, 1, 1] => QQFieldElem[1//3, 0, 0, 0, 0, 0, 0, 0, 0, 0, 0, 0, 0, 0, 0, 0],
	[12, 12, 10, 11, 19, 1, 1, 5, 1, 1] => QQFieldElem[-1//144, 0, 0, 0, 0, 0, 0, 0, 0, 0, 0, 0, 0, 0, 0, 0],
	[12, 12, 10, 11, 20, 1, 1, 6, 1, 1] => QQFieldElem[0, 0, 0, 0, 0, 0, 0, 0, 0, 0, 0, 0, 0, 0, 0, 0],
	[12, 12, 10, 11, 19, 1, 1, 19, 1, 1] => QQFieldElem[-2//3, 0, 0, 0, 0, 0, 0, 0, 0, 0, 0, 0, 0, 0, 0, 0],
	[12, 12, 10, 11, 5, 1, 1, 21, 1, 1] => QQFieldElem[0, 0, 0, 0, 0, 0, 0, 0, 0, 0, 0, 0, 0, 0, 0, 0],
	[12, 12, 10, 11, 2, 1, 1, 7, 1, 1] => QQFieldElem[0, 0, 0, 0, 0, 0, 0, 0, 0, 0, 0, 0, 0, 0, 0, 0],
	[12, 12, 10, 11, 20, 1, 1, 4, 1, 1] => QQFieldElem[1//384, 0, 0, 0, 0, 0, 0, 0, 0, 0, 0, 0, 0, 0, 0, 0])