Dict(
	[12, 14, 14, 12, 1, 1, 1, 12, 1, 1] => QQFieldElem[0, 0, 0, 0, 0, 0, 0, 0, 0, 0, 0, 0, -3//64, 0, 0, 0],
	[12, 14, 14, 12, 3, 1, 2, 12, 1, 1] => QQFieldElem[0, 0, 1//288, 0, 0, 0, 0, 0, 0, 0, -1//288, 0, 0, 0, 0, 0],
	[12, 14, 14, 12, 4, 1, 1, 15, 1, 1] => QQFieldElem[1//128, 0, 0, 0, 0, 0, 0, 0, 0, 0, 0, 0, 0, 0, 0, 0],
	[12, 14, 14, 12, 3, 1, 1, 12, 1, 1] => QQFieldElem[9//32, 0, 0, 0, 0, 0, 0, 0, 0, 0, 0, 0, 0, 0, 0, 0],
	[12, 14, 14, 12, 14, 1, 2, 18, 1, 1] => QQFieldElem[0, 0, 0, 0, 0, 1//18, 0, 0, 0, 0, 0, 0, 0, -1//18, 0, 0],
	[12, 14, 14, 12, 4, 1, 1, 12, 1, 1] => QQFieldElem[0, 0, -1//288, 0, 0, 0, 0, 0, 0, 0, 1//288, 0, 0, 0, 0, 0],
	[12, 14, 14, 12, 14, 1, 1, 18, 1, 1] => QQFieldElem[0, 0, 0, 0, 0, 0, 0, 0, 0, 1//18, 0, 0, 0, 0, 0, 0],
	[12, 14, 14, 12, 1, 1, 1, 16, 1, 1] => QQFieldElem[0, 0, 0, 0, 0, 0, 0, 0, 0, 0, 0, 0, 9//128, 0, 0, 0],
	[12, 14, 14, 12, 3, 1, 2, 16, 1, 1] => QQFieldElem[0, 0, 0, 0, 0, 0, 0, 0, 0, 0, 0, 0, 0, 0, 0, 0],
	[12, 14, 14, 12, 14, 1, 2, 17, 1, 1] => QQFieldElem[0, 0, 0, 0, 0, 0, 0, 0, 0, 0, 0, 0, 0, 0, 0, 4//81],
	[12, 14, 14, 12, 14, 1, 1, 17, 1, 1] => QQFieldElem[0, 0, 0, 4//81, 0, 0, 0, 0, 0, 0, 0, 0, 0, 0, 0, 0],
	[12, 14, 14, 12, 3, 1, 1, 16, 1, 1] => QQFieldElem[27//64, 0, 0, 0, 0, 0, 0, 0, 0, 0, 0, 0, 0, 0, 0, 0],
	[12, 14, 14, 12, 4, 1, 1, 16, 1, 1] => QQFieldElem[0, 0, 0, 0, 0, 0, 0, 0, 0, 0, 0, 0, 0, 0, 0, 0],
	[12, 14, 14, 12, 14, 1, 2, 11, 1, 1] => QQFieldElem[0, 0, -1//768, 0, 0, 0, 0, 0, 0, 0, 1//768, 0, 0, 0, 0, 0],
	[12, 14, 14, 12, 14, 1, 1, 11, 1, 1] => QQFieldElem[0, 0, 1//768, 0, 0, 0, 0, 0, 0, 0, -1//768, 0, 0, 0, 0, 0],
	[12, 14, 14, 12, 1, 1, 1, 18, 1, 1] => QQFieldElem[0, 0, 0, 0, 0, 0, 0, 0, 0, 0, 0, 0, 0, 0, 0, 0],
	[12, 14, 14, 12, 3, 1, 2, 18, 1, 1] => QQFieldElem[0, 0, 0, 0, 0, 0, 0, 0, 0, -1//18, 0, 0, 0, 0, 0, 0],
	[12, 14, 14, 12, 14, 1, 2, 15, 1, 1] => QQFieldElem[1//128, 0, 0, 0, 0, 0, 0, 0, 0, 0, 0, 0, 0, 0, 0, 0],
	[12, 14, 14, 12, 3, 1, 1, 18, 1, 1] => QQFieldElem[0, 0, 0, 0, 0, 0, 0, 0, 0, 0, 0, 0, 0, 0, 0, 0],
	[12, 14, 14, 12, 14, 1, 1, 15, 1, 1] => QQFieldElem[1//128, 0, 0, 0, 0, 0, 0, 0, 0, 0, 0, 0, 0, 0, 0, 0],
	[12, 14, 14, 12, 1, 1, 1, 17, 1, 1] => QQFieldElem[0, 0, 0, 0, 0, 0, 0, 0, 0, 0, 0, 0, 0, 0, 0, 0],
	[12, 14, 14, 12, 3, 1, 2, 17, 1, 1] => QQFieldElem[0, 0, 0, -4//81, 0, 0, 0, 0, 0, 0, 0, 0, 0, 0, 0, 0],
	[12, 14, 14, 12, 4, 1, 1, 18, 1, 1] => QQFieldElem[0, 0, 0, 0, 0, -1//18, 0, 0, 0, 0, 0, 0, 0, 1//18, 0, 0],
	[12, 14, 14, 12, 14, 1, 2, 12, 1, 1] => QQFieldElem[0, 0, -1//288, 0, 0, 0, 0, 0, 0, 0, 1//288, 0, 0, 0, 0, 0],
	[12, 14, 14, 12, 3, 1, 1, 17, 1, 1] => QQFieldElem[0, 0, 0, 0, 0, 0, 0, 0, 0, 0, 0, 0, 0, 0, 0, 0],
	[12, 14, 14, 12, 14, 1, 1, 12, 1, 1] => QQFieldElem[0, 0, 1//288, 0, 0, 0, 0, 0, 0, 0, -1//288, 0, 0, 0, 0, 0],
	[12, 14, 14, 12, 4, 1, 1, 17, 1, 1] => QQFieldElem[0, 0, 0, 0, 0, 0, 0, 0, 0, 0, 0, 0, 0, 0, 0, -4//81],
	[12, 14, 14, 12, 1, 1, 1, 11, 1, 1] => QQFieldElem[0, 0, 0, 0, 0, 0, 0, 0, 0, 0, 0, 0, 9//1024, 0, 0, 0],
	[12, 14, 14, 12, 3, 1, 2, 11, 1, 1] => QQFieldElem[0, 0, 1//768, 0, 0, 0, 0, 0, 0, 0, -1//768, 0, 0, 0, 0, 0],
	[12, 14, 14, 12, 3, 1, 1, 11, 1, 1] => QQFieldElem[-27//512, 0, 0, 0, 0, 0, 0, 0, 0, 0, 0, 0, 0, 0, 0, 0],
	[12, 14, 14, 12, 14, 1, 2, 16, 1, 1] => QQFieldElem[0, 0, 0, 0, 0, 0, 0, 0, 0, 0, 0, 0, 0, 0, 0, 0],
	[12, 14, 14, 12, 14, 1, 1, 16, 1, 1] => QQFieldElem[0, 0, 0, 0, 0, 0, 0, 0, 0, 0, 0, 0, 0, 0, 0, 0],
	[12, 14, 14, 12, 4, 1, 1, 11, 1, 1] => QQFieldElem[0, 0, -1//768, 0, 0, 0, 0, 0, 0, 0, 1//768, 0, 0, 0, 0, 0],
	[12, 14, 14, 12, 1, 1, 1, 15, 1, 1] => QQFieldElem[0, 0, 0, 0, 0, 0, 0, 0, 0, 0, 0, 0, 0, 0, 0, 0],
	[12, 14, 14, 12, 3, 1, 2, 15, 1, 1] => QQFieldElem[1//128, 0, 0, 0, 0, 0, 0, 0, 0, 0, 0, 0, 0, 0, 0, 0],
	[12, 14, 14, 12, 3, 1, 1, 15, 1, 1] => QQFieldElem[0, 0, 0, 0, 0, 0, 0, 0, 0, 0, 0, 0, 0, 0, 0, 0])