Dict(
	[13, 14, 19, 16, 20, 1, 1, 15, 1, 1] => QQFieldElem[1//4, 0, -1//8, 1//8, 0, 0, 0, 0, -1//4, -1//4, 1//4, -1//8, -1//8, 0, -1//8, 1//8],
	[13, 14, 19, 16, 20, 1, 2, 15, 1, 1] => QQFieldElem[0, 1//8, -1//8, 0, 1//4, 1//8, 1//8, -1//8, 0, 1//8, -1//8, 0, -1//8, 0, 0, 1//8],
	[13, 14, 19, 16, 19, 1, 1, 18, 1, 1] => QQFieldElem[0, 0, 0, 0, 0, 0, 9//4, 0, 0, 0, 0, 0, 0, 0, 0, 0],
	[13, 14, 19, 16, 21, 1, 1, 16, 1, 1] => QQFieldElem[0, 0, 1//8, -1//8, 0, 0, 0, 0, 0, -1//4, -1//4, 1//8, -1//8, 0, -1//8, -1//8],
	[13, 14, 19, 16, 19, 1, 2, 17, 1, 1] => QQFieldElem[0, 0, 0, 0, 0, 0, 0, 0, 0, 0, 3//2, 0, 0, 0, 0, 0],
	[13, 14, 19, 16, 19, 1, 1, 17, 1, 1] => QQFieldElem[0, 0, 0, 0, 0, 0, -9//4, 0, 0, 0, 0, 0, 0, 0, 0, 0],
	[13, 14, 19, 16, 21, 1, 2, 10, 1, 1] => QQFieldElem[0, 0, -1//4, 0, 0, 1//8, -1//8, 0, 0, 0, 1//4, 0, 1//8, -1//8, 0, -3//8],
	[13, 14, 19, 16, 21, 1, 1, 10, 1, 1] => QQFieldElem[1//4, 0, 1//4, 1//8, 0, 0, -1//8, 0, 0, -1//8, -1//4, 0, -1//8, 0, 0, -1//4],
	[13, 14, 19, 16, 20, 1, 2, 16, 1, 1] => QQFieldElem[0, 1//8, 1//8, 0, 0, -1//8, 1//8, -1//8, 0, 1//8, 1//8, 0, -1//8, 0, 0, -1//8],
	[13, 14, 19, 16, 20, 1, 1, 16, 1, 1] => QQFieldElem[0, -1//4, -1//8, 1//8, 0, 0, 0, 0, 0, 0, 0, -1//8, -1//8, 0, 1//8, -1//8],
	[13, 14, 19, 16, 19, 1, 2, 13, 1, 1] => QQFieldElem[0, 0, 3//2, 0, 0, 0, 0, 0, 0, 0, -3//2, 0, 0, 0, 0, 0],
	[13, 14, 19, 16, 21, 1, 2, 18, 1, 1] => QQFieldElem[0, -1//8, -1//8, 0, 0, 0, -1//8, -1//8, 0, 1//4, 1//8, 0, -1//8, -1//8, 0, 0],
	[13, 14, 19, 16, 19, 1, 1, 13, 1, 1] => QQFieldElem[0, 0, 0, 0, 0, 0, 9//4, 0, 0, 0, 0, 0, 0, 0, 0, 0],
	[13, 14, 19, 16, 21, 1, 1, 18, 1, 1] => QQFieldElem[0, 0, 1//4, 0, 0, 0, -1//8, 0, 0, -1//4, -1//8, -1//8, -1//8, 0, 1//8, -1//8],
	[13, 14, 19, 16, 21, 1, 2, 17, 1, 1] => QQFieldElem[0, -1//8, 1//8, 0, 1//4, 0, -1//8, -1//8, 0, 1//4, -1//8, 0, -3//8, 1//8, 0, 1//4],
	[13, 14, 19, 16, 20, 1, 2, 10, 1, 1] => QQFieldElem[0, 0, 0, 0, 0, -1//8, 1//8, 0, 0, 0, 0, 0, -3//8, 1//8, 0, -1//8],
	[13, 14, 19, 16, 19, 1, 2, 15, 1, 1] => QQFieldElem[0, 0, -3//2, 0, 0, 0, 0, 0, 0, 0, 0, 0, 0, 0, 0, 0],
	[13, 14, 19, 16, 21, 1, 1, 17, 1, 1] => QQFieldElem[0, 1//4, 0, 0, 0, 0, 1//8, 0, -1//4, -1//4, -1//8, -1//8, -1//8, 0, -1//8, 1//8],
	[13, 14, 19, 16, 19, 1, 1, 15, 1, 1] => QQFieldElem[0, 0, 0, 0, 0, 0, -9//4, 0, 0, 0, 0, 0, 0, 0, 0, 0],
	[13, 14, 19, 16, 20, 1, 1, 10, 1, 1] => QQFieldElem[-1//4, 0, 0, -1//8, 0, 0, 1//8, 0, 0, 1//8, 0, 0, -1//8, 0, 0, -1//4],
	[13, 14, 19, 16, 20, 1, 2, 18, 1, 1] => QQFieldElem[0, -1//8, -1//8, 0, 0, 0, 1//8, 1//8, 0, 1//4, -1//8, 0, -1//8, 1//8, 0, -1//4],
	[13, 14, 19, 16, 20, 1, 1, 18, 1, 1] => QQFieldElem[0, 1//4, 0, 0, 0, 0, 1//8, 0, 0, -1//4, 1//8, 1//8, -1//8, 0, -1//8, -1//8],
	[13, 14, 19, 16, 21, 1, 2, 13, 1, 1] => QQFieldElem[0, 0, 1//4, 0, 0, -1//8, -1//8, 0, 0, 0, -1//4, 0, -1//8, 1//8, 0, 1//8],
	[13, 14, 19, 16, 21, 1, 1, 13, 1, 1] => QQFieldElem[0, 0, 0, 1//8, 0, 0, 1//8, 0, 0, 1//8, 0, 0, -1//8, 0, 0, 1//4],
	[13, 14, 19, 16, 20, 1, 2, 17, 1, 1] => QQFieldElem[0, -1//8, 1//8, 0, -1//4, 0, 1//8, 1//8, 0, 1//4, 1//8, 0, 1//8, -1//8, 0, 0],
	[13, 14, 19, 16, 19, 1, 2, 16, 1, 1] => QQFieldElem[0, 0, -3//2, 0, 0, 0, 0, 0, 0, 0, 0, 0, 0, 0, 0, 0],
	[13, 14, 19, 16, 20, 1, 1, 17, 1, 1] => QQFieldElem[0, 0, -1//4, 0, 0, 0, -1//8, 0, 1//4, -1//4, 1//8, 1//8, -1//8, 0, 1//8, 1//8],
	[13, 14, 19, 16, 19, 1, 1, 16, 1, 1] => QQFieldElem[0, 0, 0, 0, 0, 0, 9//4, 0, 0, 0, 0, 0, 0, 0, 0, 0],
	[13, 14, 19, 16, 21, 1, 2, 15, 1, 1] => QQFieldElem[0, 1//8, 1//8, 0, -1//4, -1//8, -1//8, 1//8, 0, 1//8, -1//8, 0, -1//8, 0, 0, 1//8],
	[13, 14, 19, 16, 21, 1, 1, 15, 1, 1] => QQFieldElem[-1//4, -1//4, 1//8, -1//8, 0, 0, 0, 0, 1//4, 0, 0, 1//8, -1//8, 0, 1//8, 1//8],
	[13, 14, 19, 16, 19, 1, 2, 10, 1, 1] => QQFieldElem[0, 0, 3//2, 0, 0, 0, 0, 0, 0, 0, -3//2, 0, 0, 0, 0, 0],
	[13, 14, 19, 16, 20, 1, 2, 13, 1, 1] => QQFieldElem[0, 0, 0, 0, 0, 1//8, 1//8, 0, 0, 0, 0, 0, -1//8, -1//8, 0, 3//8],
	[13, 14, 19, 16, 19, 1, 1, 10, 1, 1] => QQFieldElem[0, 0, 0, 0, 0, 0, -9//4, 0, 0, 0, 0, 0, 0, 0, 0, 0],
	[13, 14, 19, 16, 20, 1, 1, 13, 1, 1] => QQFieldElem[0, 0, -1//4, -1//8, 0, 0, -1//8, 0, 0, -1//8, 1//4, 0, -1//8, 0, 0, 1//4],
	[13, 14, 19, 16, 19, 1, 2, 18, 1, 1] => QQFieldElem[0, 0, 0, 0, 0, 0, 0, 0, 0, 0, 3//2, 0, 0, 0, 0, 0],
	[13, 14, 19, 16, 21, 1, 2, 16, 1, 1] => QQFieldElem[0, 1//8, -1//8, 0, 0, 1//8, -1//8, 1//8, 0, 1//8, 1//8, 0, -1//8, 0, 0, -1//8])