Dict(
	[13, 14, 14, 10, 3, 1, 1, 13, 1, 1] => QQFieldElem[0, 0, 0, 0, 0, 0, 0, 0, 0, 0, 0, 0, 0, 0, 0, 0],
	[13, 14, 14, 10, 2, 1, 1, 16, 1, 1] => QQFieldElem[27//128, 0, 0, 0, 0, 0, 0, 0, 0, 0, 0, 0, 0, 0, 0, 0],
	[13, 14, 14, 10, 3, 1, 2, 15, 1, 1] => QQFieldElem[1//192, 0, 0, 0, 0, 0, 0, 0, 0, 0, 0, 0, 0, 0, 0, 0],
	[13, 14, 14, 10, 14, 1, 2, 10, 1, 1] => QQFieldElem[-1//512, 0, 0, 0, 0, 0, 0, 0, 0, 0, 0, 0, 0, 0, 0, 0],
	[13, 14, 14, 10, 3, 1, 1, 15, 1, 1] => QQFieldElem[-9//32, 0, 0, 0, 0, 0, 0, 0, 0, 0, 0, 0, 0, 0, 0, 0],
	[13, 14, 14, 10, 14, 1, 1, 10, 1, 1] => QQFieldElem[-1//512, 0, 0, 0, 0, 0, 0, 0, 0, 0, 0, 0, 0, 0, 0, 0],
	[13, 14, 14, 10, 5, 1, 1, 13, 1, 1] => QQFieldElem[0, 0, -1//144, 0, 0, 0, 0, 0, 0, 0, 1//144, 0, 0, 0, 0, 0],
	[13, 14, 14, 10, 2, 1, 1, 10, 1, 1] => QQFieldElem[27//1024, 0, 0, 0, 0, 0, 0, 0, 0, 0, 0, 0, 0, 0, 0, 0],
	[13, 14, 14, 10, 5, 1, 1, 15, 1, 1] => QQFieldElem[1//192, 0, 0, 0, 0, 0, 0, 0, 0, 0, 0, 0, 0, 0, 0, 0],
	[13, 14, 14, 10, 14, 1, 2, 18, 1, 1] => QQFieldElem[0, 0, 0, 0, 0, -1//18, 0, 0, 0, 0, 0, 0, 0, 1//18, 0, 0],
	[13, 14, 14, 10, 14, 1, 1, 18, 1, 1] => QQFieldElem[0, 0, 0, 0, 0, 0, 0, 0, 0, -1//18, 0, 0, 0, 0, 0, 0],
	[13, 14, 14, 10, 3, 1, 2, 16, 1, 1] => QQFieldElem[0, 0, 0, 0, 0, 0, 0, 0, 0, 0, 0, 0, 0, 0, 0, 0],
	[13, 14, 14, 10, 14, 1, 2, 17, 1, 1] => QQFieldElem[0, 0, 0, 0, 0, 0, 0, 0, 0, 0, 0, 0, 0, 0, 0, 4//81],
	[13, 14, 14, 10, 14, 1, 1, 17, 1, 1] => QQFieldElem[0, 0, 0, 4//81, 0, 0, 0, 0, 0, 0, 0, 0, 0, 0, 0, 0],
	[13, 14, 14, 10, 2, 1, 1, 18, 1, 1] => QQFieldElem[0, 0, 0, 0, 0, 0, 0, 0, 0, 0, 0, 0, 0, 0, 0, 0],
	[13, 14, 14, 10, 3, 1, 1, 16, 1, 1] => QQFieldElem[27//64, 0, 0, 0, 0, 0, 0, 0, 0, 0, 0, 0, 0, 0, 0, 0],
	[13, 14, 14, 10, 2, 1, 1, 17, 1, 1] => QQFieldElem[0, 0, 0, 0, 0, 0, 0, 0, 0, 0, 0, 0, 0, 0, 0, 0],
	[13, 14, 14, 10, 5, 1, 1, 16, 1, 1] => QQFieldElem[0, 0, 0, 0, 0, 0, 0, 0, 0, 0, 0, 0, 0, 0, 0, 0],
	[13, 14, 14, 10, 3, 1, 2, 10, 1, 1] => QQFieldElem[-1//512, 0, 0, 0, 0, 0, 0, 0, 0, 0, 0, 0, 0, 0, 0, 0],
	[13, 14, 14, 10, 14, 1, 2, 13, 1, 1] => QQFieldElem[0, 0, -1//144, 0, 0, 0, 0, 0, 0, 0, 1//144, 0, 0, 0, 0, 0],
	[13, 14, 14, 10, 3, 1, 1, 10, 1, 1] => QQFieldElem[-27//512, 0, 0, 0, 0, 0, 0, 0, 0, 0, 0, 0, 0, 0, 0, 0],
	[13, 14, 14, 10, 14, 1, 1, 13, 1, 1] => QQFieldElem[0, 0, 1//144, 0, 0, 0, 0, 0, 0, 0, -1//144, 0, 0, 0, 0, 0],
	[13, 14, 14, 10, 2, 1, 1, 13, 1, 1] => QQFieldElem[0, 0, 0, 0, 0, 0, 0, 0, 0, 0, 0, 0, 0, 0, 0, 0],
	[13, 14, 14, 10, 5, 1, 1, 10, 1, 1] => QQFieldElem[-1//512, 0, 0, 0, 0, 0, 0, 0, 0, 0, 0, 0, 0, 0, 0, 0],
	[13, 14, 14, 10, 14, 1, 2, 15, 1, 1] => QQFieldElem[1//192, 0, 0, 0, 0, 0, 0, 0, 0, 0, 0, 0, 0, 0, 0, 0],
	[13, 14, 14, 10, 3, 1, 1, 18, 1, 1] => QQFieldElem[0, 0, 0, 0, 0, 0, 0, 0, 0, 0, 0, 0, 0, 0, 0, 0],
	[13, 14, 14, 10, 14, 1, 1, 15, 1, 1] => QQFieldElem[1//192, 0, 0, 0, 0, 0, 0, 0, 0, 0, 0, 0, 0, 0, 0, 0],
	[13, 14, 14, 10, 3, 1, 2, 18, 1, 1] => QQFieldElem[0, 0, 0, 0, 0, 0, 0, 0, 0, 1//18, 0, 0, 0, 0, 0, 0],
	[13, 14, 14, 10, 3, 1, 2, 17, 1, 1] => QQFieldElem[0, 0, 0, -4//81, 0, 0, 0, 0, 0, 0, 0, 0, 0, 0, 0, 0],
	[13, 14, 14, 10, 3, 1, 1, 17, 1, 1] => QQFieldElem[0, 0, 0, 0, 0, 0, 0, 0, 0, 0, 0, 0, 0, 0, 0, 0],
	[13, 14, 14, 10, 5, 1, 1, 18, 1, 1] => QQFieldElem[0, 0, 0, 0, 0, 1//18, 0, 0, 0, 0, 0, 0, 0, -1//18, 0, 0],
	[13, 14, 14, 10, 2, 1, 1, 15, 1, 1] => QQFieldElem[9//64, 0, 0, 0, 0, 0, 0, 0, 0, 0, 0, 0, 0, 0, 0, 0],
	[13, 14, 14, 10, 5, 1, 1, 17, 1, 1] => QQFieldElem[0, 0, 0, 0, 0, 0, 0, 0, 0, 0, 0, 0, 0, 0, 0, -4//81],
	[13, 14, 14, 10, 14, 1, 2, 16, 1, 1] => QQFieldElem[0, 0, 0, 0, 0, 0, 0, 0, 0, 0, 0, 0, 0, 0, 0, 0],
	[13, 14, 14, 10, 3, 1, 2, 13, 1, 1] => QQFieldElem[0, 0, 1//144, 0, 0, 0, 0, 0, 0, 0, -1//144, 0, 0, 0, 0, 0],
	[13, 14, 14, 10, 14, 1, 1, 16, 1, 1] => QQFieldElem[0, 0, 0, 0, 0, 0, 0, 0, 0, 0, 0, 0, 0, 0, 0, 0])