Dict(
	[13, 18, 14, 14, 12, 1, 1, 14, 1, 2] => QQFieldElem[1//2, 0, 0, 0, 0, 0, 0, 0, 0, 0, 0, 0, -1//2, 0, 0, 0],
	[13, 18, 14, 14, 12, 1, 1, 6, 1, 1] => QQFieldElem[0, 0, 0, 0, 0, 1//8, 0, 0, 0, 0, 0, 0, 0, -1//8, 0, 0],
	[13, 18, 14, 14, 16, 1, 1, 14, 1, 1] => QQFieldElem[1//2, 0, 0, 0, 0, 0, 0, 0, 0, 0, 0, 0, -1//2, 0, 0, 0],
	[13, 18, 14, 14, 18, 1, 1, 9, 1, 1] => QQFieldElem[0, 0, 0, -1//128, 0, 0, 0, 0, 0, 0, 0, 0, 0, 0, 0, 0],
	[13, 18, 14, 14, 11, 1, 1, 9, 1, 1] => QQFieldElem[0, 0, 0, 1//128, 0, 0, 0, 0, 0, 0, 0, 0, 0, 0, 0, 0],
	[13, 18, 14, 14, 18, 1, 1, 14, 1, 2] => QQFieldElem[-1//2, 0, 0, 0, 0, 0, 0, 0, 0, 0, 0, 0, -1//2, 0, 0, 0],
	[13, 18, 14, 14, 12, 1, 1, 14, 1, 1] => QQFieldElem[0, 0, 9//16, 0, 0, 0, 9//16, 0, 0, 0, -9//16, 0, 0, 0, 0, 0],
	[13, 18, 14, 14, 11, 1, 1, 14, 1, 2] => QQFieldElem[-1//2, 0, 0, 0, 0, 0, 0, 0, 0, 0, 0, 0, -1//2, 0, 0, 0],
	[13, 18, 14, 14, 18, 1, 1, 6, 1, 1] => QQFieldElem[0, 0, 0, 0, 0, -1//8, 0, 0, 0, 0, 0, 0, 0, 1//8, 0, 0],
	[13, 18, 14, 14, 11, 1, 1, 6, 1, 1] => QQFieldElem[0, 0, 0, 0, 0, -1//8, 0, 0, 0, 0, 0, 0, 0, 1//8, 0, 0],
	[13, 18, 14, 14, 16, 1, 1, 9, 1, 1] => QQFieldElem[0, 0, 0, 0, 0, 0, 0, 0, 0, 9//1024, 0, 0, 0, 0, 0, 0],
	[13, 18, 14, 14, 18, 1, 1, 14, 1, 1] => QQFieldElem[0, 0, 9//16, 0, 0, 0, -9//16, 0, 0, 0, -9//16, 0, 0, 0, 0, 0],
	[13, 18, 14, 14, 16, 1, 1, 14, 1, 2] => QQFieldElem[1//2, 0, 0, 0, 0, 0, 0, 0, 0, 0, 0, 0, -1//2, 0, 0, 0],
	[13, 18, 14, 14, 12, 1, 1, 9, 1, 1] => QQFieldElem[0, 0, 0, -1//128, 0, 0, 0, 0, 0, 0, 0, 0, 0, 0, 0, 0],
	[13, 18, 14, 14, 11, 1, 1, 14, 1, 1] => QQFieldElem[-1//2, 0, 0, 0, 0, 0, 0, 0, 0, 0, 0, 0, -1//2, 0, 0, 0],
	[13, 18, 14, 14, 16, 1, 1, 6, 1, 1] => QQFieldElem[0, 0, 0, 9//64, 0, 0, 0, 0, 0, 0, 0, 0, 0, 0, 0, 0])