Dict(
	[13, 14, 14, 17, 14, 1, 2, 10, 1, 1] => QQFieldElem[-1//4, 0, 0, 0, 0, 0, 0, 0, 0, 0, 0, 0, 1//4, 0, 0, 0],
	[13, 14, 14, 17, 14, 1, 1, 10, 1, 1] => QQFieldElem[1//4, 0, 0, 0, 0, 0, 0, 0, 0, 0, 0, 0, 1//4, 0, 0, 0],
	[13, 14, 14, 17, 6, 1, 1, 10, 1, 1] => QQFieldElem[0, 0, 0, 0, 0, 0, 0, 0, 0, 0, 0, 0, 0, 0, 0, 9//4],
	[13, 14, 14, 17, 9, 1, 1, 10, 1, 1] => QQFieldElem[0, 0, 0, 0, 0, 0, 0, 0, 0, -3//2, 0, 0, 0, 0, 0, 0],
	[13, 14, 14, 17, 14, 1, 2, 17, 1, 1] => QQFieldElem[-1//4, 0, 0, 0, 0, 0, 0, 0, 0, 0, 0, 0, -1//4, 0, 0, 0],
	[13, 14, 14, 17, 14, 1, 1, 17, 1, 1] => QQFieldElem[1//4, 0, 0, 0, 0, 0, 0, 0, 0, 0, 0, 0, -1//4, 0, 0, 0],
	[13, 14, 14, 17, 6, 1, 1, 17, 1, 1] => QQFieldElem[0, 0, 0, 0, 0, 0, 0, 0, 0, 0, 0, 0, 0, 0, 0, 9//4],
	[13, 14, 14, 17, 14, 1, 2, 13, 1, 1] => QQFieldElem[1//4, 0, 0, 0, 0, 0, 0, 0, 0, 0, 0, 0, -1//4, 0, 0, 0],
	[13, 14, 14, 17, 14, 1, 1, 13, 1, 1] => QQFieldElem[-1//4, 0, 0, 0, 0, 0, 0, 0, 0, 0, 0, 0, -1//4, 0, 0, 0],
	[13, 14, 14, 17, 9, 1, 1, 17, 1, 1] => QQFieldElem[0, 0, 0, 0, 0, 0, 0, 0, 0, 3//2, 0, 0, 0, 0, 0, 0],
	[13, 14, 14, 17, 14, 1, 2, 15, 1, 1] => QQFieldElem[0, 0, -2//9, 0, 0, 0, -2//9, 0, 0, 0, 2//9, 0, 0, 0, 0, 0],
	[13, 14, 14, 17, 14, 1, 1, 15, 1, 1] => QQFieldElem[0, 0, 2//9, 0, 0, 0, -2//9, 0, 0, 0, -2//9, 0, 0, 0, 0, 0],
	[13, 14, 14, 17, 6, 1, 1, 13, 1, 1] => QQFieldElem[0, 0, 0, 0, 0, 0, 0, 0, 0, 0, 0, 0, 0, 0, 0, 9//4],
	[13, 14, 14, 17, 9, 1, 1, 13, 1, 1] => QQFieldElem[0, 0, 0, 0, 0, 0, 0, 0, 0, -3//2, 0, 0, 0, 0, 0, 0],
	[13, 14, 14, 17, 6, 1, 1, 15, 1, 1] => QQFieldElem[0, 0, 0, 0, 0, 0, 0, 0, 0, -2, 0, 0, 0, 0, 0, 0],
	[13, 14, 14, 17, 9, 1, 1, 15, 1, 1] => QQFieldElem[0, 0, 0, -4//3, 0, 0, 0, 0, 0, 0, 0, 0, 0, 0, 0, 0])