Dict(
	[13, 17, 11, 11, 19, 1, 1, 21, 1, 1] => QQFieldElem[0, 4//9, 0, 0, 0, 0, 0, 0, 0, -4//9, 0, 0, 4//9, 0, 0, 0],
	[13, 17, 11, 11, 20, 1, 1, 14, 1, 1] => QQFieldElem[0, 0, -4//27, 0, 0, 0, 0, 0, 0, 0, 0, 0, 0, 0, 0, 0],
	[13, 17, 11, 11, 21, 1, 1, 19, 1, 1] => QQFieldElem[0, 4//9, 0, 0, 0, 0, 0, 0, 0, -4//9, 0, 0, 4//9, 0, 0, 0],
	[13, 17, 11, 11, 9, 1, 1, 14, 1, 1] => QQFieldElem[0, 0, 0, 0, 0, 0, 0, 0, 0, 0, 0, 0, 0, 0, 0, 0],
	[13, 17, 11, 11, 19, 1, 1, 20, 1, 1] => QQFieldElem[0, -4//9, 0, 0, 0, 0, 0, 0, 0, 0, 0, 0, 4//9, 0, 0, 0],
	[13, 17, 11, 11, 21, 1, 1, 21, 1, 1] => QQFieldElem[0, -4//9, 0, 0, 0, 0, 0, 0, 0, 0, 0, 0, 4//9, 0, 0, 0],
	[13, 17, 11, 11, 20, 1, 1, 19, 1, 1] => QQFieldElem[0, -4//9, 0, 0, 0, 0, 0, 0, 0, 0, 0, 0, 4//9, 0, 0, 0],
	[13, 17, 11, 11, 21, 1, 1, 20, 1, 1] => QQFieldElem[0, 0, 0, 0, 0, 0, 0, 0, 0, 4//9, 0, 0, 4//9, 0, 0, 0],
	[13, 17, 11, 11, 9, 1, 1, 19, 1, 1] => QQFieldElem[-64, 0, 0, 0, 0, 0, 0, 0, 0, 0, 0, 0, 0, 0, 0, 0],
	[13, 17, 11, 11, 20, 1, 1, 21, 1, 1] => QQFieldElem[0, 0, 0, 0, 0, 0, 0, 0, 0, 4//9, 0, 0, 4//9, 0, 0, 0],
	[13, 17, 11, 11, 19, 1, 1, 14, 1, 1] => QQFieldElem[0, 0, 4//27, 0, 0, 0, 0, 0, 0, 0, -4//27, 0, 0, 0, 0, 0],
	[13, 17, 11, 11, 9, 1, 1, 21, 1, 1] => QQFieldElem[64, 0, 0, 0, 0, 0, 0, 0, -64, 0, 0, 0, 0, 0, 0, 0],
	[13, 17, 11, 11, 20, 1, 1, 20, 1, 1] => QQFieldElem[0, 4//9, 0, 0, 0, 0, 0, 0, 0, -4//9, 0, 0, 4//9, 0, 0, 0],
	[13, 17, 11, 11, 9, 1, 1, 20, 1, 1] => QQFieldElem[0, 0, 0, 0, 0, 0, 0, 0, 64, 0, 0, 0, 0, 0, 0, 0],
	[13, 17, 11, 11, 19, 1, 1, 19, 1, 1] => QQFieldElem[0, 0, 0, 0, 0, 0, 0, 0, 0, 4//9, 0, 0, 4//9, 0, 0, 0],
	[13, 17, 11, 11, 21, 1, 1, 14, 1, 1] => QQFieldElem[0, 0, 0, 0, 0, 0, 0, 0, 0, 0, 4//27, 0, 0, 0, 0, 0])