Dict(
	[13, 15, 12, 10, 14, 1, 1, 21, 1, 1] => QQFieldElem[0, 0, 0, 0, 0, 0, 0, 0, 0, 0, -64, 0, 0, 0, 0, 0],
	[13, 15, 12, 10, 20, 1, 1, 19, 1, 1] => QQFieldElem[0, 1//3, 0, 0, 0, 0, 0, 0, 0, 0, 0, 0, -1//3, 0, 0, 0],
	[13, 15, 12, 10, 21, 1, 1, 20, 1, 1] => QQFieldElem[0, 0, 0, 0, 0, 0, 0, 0, 0, -1//3, 0, 0, -1//3, 0, 0, 0],
	[13, 15, 12, 10, 20, 1, 1, 21, 1, 1] => QQFieldElem[0, 0, 0, 0, 0, 0, 0, 0, 0, -1//3, 0, 0, -1//3, 0, 0, 0],
	[13, 15, 12, 10, 14, 1, 1, 20, 1, 1] => QQFieldElem[0, 0, 64, 0, 0, 0, 0, 0, 0, 0, 0, 0, 0, 0, 0, 0],
	[13, 15, 12, 10, 19, 1, 1, 7, 1, 1] => QQFieldElem[0, 0, 0, 0, 0, 0, 0, 0, 0, 0, 0, 0, 2//27, 0, 0, 0],
	[13, 15, 12, 10, 20, 1, 1, 20, 1, 1] => QQFieldElem[0, -1//3, 0, 0, 0, 0, 0, 0, 0, 1//3, 0, 0, -1//3, 0, 0, 0],
	[13, 15, 12, 10, 19, 1, 1, 19, 1, 1] => QQFieldElem[0, 0, 0, 0, 0, 0, 0, 0, 0, -1//3, 0, 0, -1//3, 0, 0, 0],
	[13, 15, 12, 10, 19, 1, 1, 21, 1, 1] => QQFieldElem[0, -1//3, 0, 0, 0, 0, 0, 0, 0, 1//3, 0, 0, -1//3, 0, 0, 0],
	[13, 15, 12, 10, 21, 1, 1, 7, 1, 1] => QQFieldElem[0, 0, 0, 0, -2//27, 0, 0, 0, 0, 0, 0, 0, 0, 0, 0, 0],
	[13, 15, 12, 10, 14, 1, 1, 7, 1, 1] => QQFieldElem[0, 0, 0, 0, 0, 0, 0, 0, 0, 0, 0, 0, 0, 0, 0, 0],
	[13, 15, 12, 10, 21, 1, 1, 19, 1, 1] => QQFieldElem[0, -1//3, 0, 0, 0, 0, 0, 0, 0, 1//3, 0, 0, -1//3, 0, 0, 0],
	[13, 15, 12, 10, 19, 1, 1, 20, 1, 1] => QQFieldElem[0, 1//3, 0, 0, 0, 0, 0, 0, 0, 0, 0, 0, -1//3, 0, 0, 0],
	[13, 15, 12, 10, 20, 1, 1, 7, 1, 1] => QQFieldElem[0, 0, 0, 0, 2//27, 0, 0, 0, 0, 0, 0, 0, -2//27, 0, 0, 0],
	[13, 15, 12, 10, 21, 1, 1, 21, 1, 1] => QQFieldElem[0, 1//3, 0, 0, 0, 0, 0, 0, 0, 0, 0, 0, -1//3, 0, 0, 0],
	[13, 15, 12, 10, 14, 1, 1, 19, 1, 1] => QQFieldElem[0, 0, -64, 0, 0, 0, 0, 0, 0, 0, 64, 0, 0, 0, 0, 0])