Dict(
	[13, 11, 13, 11, 5, 1, 1, 19, 1, 1] => QQFieldElem[-3//2, 0, 0, 0, 0, 0, 0, 0, 0, 0, 0, 0, 0, 0, 0, 0],
	[13, 11, 13, 11, 19, 1, 1, 19, 1, 1] => QQFieldElem[-2//3, 0, 0, 0, 0, 0, 0, 0, 0, 0, 0, 0, 0, 0, 0, 0],
	[13, 11, 13, 11, 5, 1, 1, 21, 1, 1] => QQFieldElem[-3//2, 0, 0, 0, 0, 0, 0, 0, 0, 0, 0, 0, 0, 0, 0, 0],
	[13, 11, 13, 11, 19, 1, 1, 21, 1, 1] => QQFieldElem[1//3, 0, 0, 0, 0, 0, 0, 0, 0, 0, 0, 0, 0, 0, 0, 0],
	[13, 11, 13, 11, 21, 1, 1, 5, 1, 1] => QQFieldElem[1//96, 0, 0, 0, 0, 0, 0, 0, 0, 0, 0, 0, 0, 0, 0, 0],
	[13, 11, 13, 11, 5, 1, 1, 20, 1, 1] => QQFieldElem[-3//2, 0, 0, 0, 0, 0, 0, 0, 0, 0, 0, 0, 0, 0, 0, 0],
	[13, 11, 13, 11, 19, 1, 1, 20, 1, 1] => QQFieldElem[1//3, 0, 0, 0, 0, 0, 0, 0, 0, 0, 0, 0, 0, 0, 0, 0],
	[13, 11, 13, 11, 21, 1, 1, 19, 1, 1] => QQFieldElem[1//3, 0, 0, 0, 0, 0, 0, 0, 0, 0, 0, 0, 0, 0, 0, 0],
	[13, 11, 13, 11, 21, 1, 1, 21, 1, 1] => QQFieldElem[1//3, 0, 0, 0, 0, 0, 0, 0, 0, 0, 0, 0, 0, 0, 0, 0],
	[13, 11, 13, 11, 20, 1, 1, 5, 1, 1] => QQFieldElem[1//96, 0, 0, 0, 0, 0, 0, 0, 0, 0, 0, 0, 0, 0, 0, 0],
	[13, 11, 13, 11, 20, 1, 1, 19, 1, 1] => QQFieldElem[1//3, 0, 0, 0, 0, 0, 0, 0, 0, 0, 0, 0, 0, 0, 0, 0],
	[13, 11, 13, 11, 20, 1, 1, 21, 1, 1] => QQFieldElem[-2//3, 0, 0, 0, 0, 0, 0, 0, 0, 0, 0, 0, 0, 0, 0, 0],
	[13, 11, 13, 11, 21, 1, 1, 20, 1, 1] => QQFieldElem[-2//3, 0, 0, 0, 0, 0, 0, 0, 0, 0, 0, 0, 0, 0, 0, 0],
	[13, 11, 13, 11, 5, 1, 1, 5, 1, 1] => QQFieldElem[0, 0, 0, 0, 0, 0, 0, 0, 0, 0, 0, 0, 0, 0, 0, 0],
	[13, 11, 13, 11, 20, 1, 1, 20, 1, 1] => QQFieldElem[1//3, 0, 0, 0, 0, 0, 0, 0, 0, 0, 0, 0, 0, 0, 0, 0],
	[13, 11, 13, 11, 19, 1, 1, 5, 1, 1] => QQFieldElem[1//96, 0, 0, 0, 0, 0, 0, 0, 0, 0, 0, 0, 0, 0, 0, 0])