Dict(
	[13, 16, 11, 13, 20, 1, 1, 20, 1, 1] => QQFieldElem[0, 0, 0, 0, 0, -4//9, 0, 0, 0, 0, 0, 0, 4//9, 0, 0, 0],
	[13, 16, 11, 13, 20, 1, 1, 6, 1, 1] => QQFieldElem[0, 0, 4//27, 0, 0, 0, 0, 0, 0, 0, 0, 0, 0, 0, 0, 0],
	[13, 16, 11, 13, 19, 1, 1, 19, 1, 1] => QQFieldElem[0, 0, 0, 0, 0, 4//9, 0, 0, 0, 0, 0, 0, 4//9, -4//9, 0, 0],
	[13, 16, 11, 13, 19, 1, 1, 21, 1, 1] => QQFieldElem[0, 0, 0, 0, 0, -4//9, 0, 0, 0, 0, 0, 0, 4//9, 0, 0, 0],
	[13, 16, 11, 13, 21, 1, 1, 19, 1, 1] => QQFieldElem[0, 0, 0, 0, 0, -4//9, 0, 0, 0, 0, 0, 0, 4//9, 0, 0, 0],
	[13, 16, 11, 13, 19, 1, 1, 20, 1, 1] => QQFieldElem[0, 0, 0, 0, 0, 0, 0, 0, 0, 0, 0, 0, 4//9, 4//9, 0, 0],
	[13, 16, 11, 13, 21, 1, 1, 21, 1, 1] => QQFieldElem[0, 0, 0, 0, 0, 0, 0, 0, 0, 0, 0, 0, 4//9, 4//9, 0, 0],
	[13, 16, 11, 13, 19, 1, 1, 6, 1, 1] => QQFieldElem[0, 0, -4//27, 0, 0, 0, 0, 0, 0, 0, 4//27, 0, 0, 0, 0, 0],
	[13, 16, 11, 13, 14, 1, 1, 19, 1, 1] => QQFieldElem[0, 0, -128//3, 0, 0, 0, 0, 0, 0, 0, 128//3, 0, 0, 0, 0, 0],
	[13, 16, 11, 13, 14, 1, 1, 21, 1, 1] => QQFieldElem[0, 0, 0, 0, 0, 0, 0, 0, 0, 0, -128//3, 0, 0, 0, 0, 0],
	[13, 16, 11, 13, 20, 1, 1, 19, 1, 1] => QQFieldElem[0, 0, 0, 0, 0, 0, 0, 0, 0, 0, 0, 0, 4//9, 4//9, 0, 0],
	[13, 16, 11, 13, 21, 1, 1, 20, 1, 1] => QQFieldElem[0, 0, 0, 0, 0, 4//9, 0, 0, 0, 0, 0, 0, 4//9, -4//9, 0, 0],
	[13, 16, 11, 13, 20, 1, 1, 21, 1, 1] => QQFieldElem[0, 0, 0, 0, 0, 4//9, 0, 0, 0, 0, 0, 0, 4//9, -4//9, 0, 0],
	[13, 16, 11, 13, 21, 1, 1, 6, 1, 1] => QQFieldElem[0, 0, 0, 0, 0, 0, 0, 0, 0, 0, -4//27, 0, 0, 0, 0, 0],
	[13, 16, 11, 13, 14, 1, 1, 20, 1, 1] => QQFieldElem[0, 0, 128//3, 0, 0, 0, 0, 0, 0, 0, 0, 0, 0, 0, 0, 0],
	[13, 16, 11, 13, 14, 1, 1, 6, 1, 1] => QQFieldElem[0, 0, 0, 0, 0, 0, 0, 0, 0, 0, 0, 0, 0, 0, 0, 0])