Dict(
	[13, 10, 15, 17, 14, 1, 1, 4, 1, 1] => QQFieldElem[0, 0, 0, 0, 0, 0, 0, 0, 0, 0, 0, 0, 0, 0, 0, 0],
	[13, 10, 15, 17, 21, 1, 1, 19, 1, 1] => QQFieldElem[-2//3, -1//3, 0, 0, 0, 0, 0, -1//3, 0, 1//3, 1//3, 0, 0, 0, -1//3, 0],
	[13, 10, 15, 17, 19, 1, 1, 20, 1, 1] => QQFieldElem[1//3, 1//3, 0, 0, 0, 0, 0, 1//3, 0, 0, 1//3, 0, 0, 0, -1//3, -1//3],
	[13, 10, 15, 17, 20, 1, 1, 4, 1, 1] => QQFieldElem[0, 0, 0, 0, 0, 0, 0, 0, 0, 0, 0, 1//3, -1//3, 1//3, 0, 0],
	[13, 10, 15, 17, 21, 1, 1, 21, 1, 1] => QQFieldElem[1//3, 1//3, 1//3, 0, 0, 0, 1//3, 1//3, 0, 0, -1//3, 0, 0, 0, 0, -1//3],
	[13, 10, 15, 17, 14, 1, 1, 19, 1, 1] => QQFieldElem[9//16, 0, 0, 0, 0, 0, 0, 0, 0, 0, 0, 0, 0, 0, 0, 0],
	[13, 10, 15, 17, 14, 1, 1, 21, 1, 1] => QQFieldElem[9//16, 0, 0, 0, 0, 0, 0, 0, 0, 0, 0, 0, 0, 0, 0, 0],
	[13, 10, 15, 17, 20, 1, 1, 19, 1, 1] => QQFieldElem[-2//3, 1//3, -1//3, 0, 0, 0, -1//3, 1//3, 0, 0, 0, 0, 0, 0, 1//3, -1//3],
	[13, 10, 15, 17, 21, 1, 1, 20, 1, 1] => QQFieldElem[1//3, 0, -1//3, 0, 0, 0, -1//3, 0, 0, -1//3, 0, 0, 0, 0, 1//3, 1//3],
	[13, 10, 15, 17, 20, 1, 1, 21, 1, 1] => QQFieldElem[1//3, 0, 0, 0, 0, 0, 0, 0, 0, -1//3, 1//3, 0, 0, 0, -1//3, 1//3],
	[13, 10, 15, 17, 14, 1, 1, 20, 1, 1] => QQFieldElem[9//16, 0, 0, 0, 0, 0, 0, 0, 0, 0, 0, 0, 0, 0, 0, 0],
	[13, 10, 15, 17, 19, 1, 1, 4, 1, 1] => QQFieldElem[0, 0, 0, -1//3, 0, 1//3, 0, 0, 0, 0, 0, 0, -1//3, -1//3, 0, 0],
	[13, 10, 15, 17, 20, 1, 1, 20, 1, 1] => QQFieldElem[1//3, -1//3, 1//3, 0, 0, 0, 1//3, -1//3, 0, 1//3, -1//3, 0, 0, 0, 0, 0],
	[13, 10, 15, 17, 19, 1, 1, 19, 1, 1] => QQFieldElem[-2//3, 0, 1//3, 0, 0, 0, 1//3, 0, 0, -1//3, -1//3, 0, 0, 0, 0, 1//3],
	[13, 10, 15, 17, 19, 1, 1, 21, 1, 1] => QQFieldElem[1//3, -1//3, -1//3, 0, 0, 0, -1//3, -1//3, 0, 1//3, 0, 0, 0, 0, 1//3, 0],
	[13, 10, 15, 17, 21, 1, 1, 4, 1, 1] => QQFieldElem[0, 0, 0, 1//3, 0, -1//3, 0, 0, 0, 0, 0, -1//3, -1//3, 0, 0, 0])