Dict(
	[13, 11, 16, 16, 8, 1, 1, 14, 1, 1] => QQFieldElem[27//32, 0, 0, 0, 0, 0, 0, 0, 0, 0, 0, 0, 0, 0, 0, 0],
	[13, 11, 16, 16, 20, 1, 1, 20, 1, 1] => QQFieldElem[1//4, 0, 1//4, 1//4, 0, 1//4, -1//4, 0, -1//2, 0, -1//4, -1//4, 0, 0, 0, 0],
	[13, 11, 16, 16, 19, 1, 1, 5, 1, 1] => QQFieldElem[0, 0, 0, 0, 0, 0, 0, 0, 0, -1//8, 0, 0, 1//8, 0, 0, 1//8],
	[13, 11, 16, 16, 7, 1, 1, 5, 1, 1] => QQFieldElem[0, 0, 0, 0, 0, 0, 0, 0, 0, 0, 0, 0, 0, 0, 0, 0],
	[13, 11, 16, 16, 19, 1, 1, 3, 1, 1] => QQFieldElem[0, 0, 0, 0, 0, 0, 0, 0, 0, -1//6, 0, 0, 1//6, 0, 0, 1//6],
	[13, 11, 16, 16, 21, 1, 1, 14, 1, 1] => QQFieldElem[0, 0, 0, 0, 0, 0, 0, 0, 0, 0, 0, 0, 0, 0, 0, 0],
	[13, 11, 16, 16, 19, 1, 1, 19, 1, 1] => QQFieldElem[0, 0, 1//4, -1//4, 0, -1//4, -1//4, 0, 0, 0, -1//4, 0, 0, 1//4, 0, 0],
	[13, 11, 16, 16, 7, 1, 1, 3, 1, 1] => QQFieldElem[0, 0, 0, 0, 0, 0, 0, 0, 0, 0, 0, 0, 0, 0, 0, 0],
	[13, 11, 16, 16, 19, 1, 1, 21, 1, 1] => QQFieldElem[-1//4, 0, -1//4, 1//4, 0, 1//4, 1//4, 0, 1//2, 0, 0, -1//4, 0, 0, -1//4, 0],
	[13, 11, 16, 16, 8, 1, 1, 5, 1, 1] => QQFieldElem[27//64, 0, 0, 0, 0, 0, 0, 0, 0, 0, 0, 0, 0, 0, 0, 0],
	[13, 11, 16, 16, 7, 1, 1, 19, 1, 1] => QQFieldElem[27//32, 0, 0, 0, 0, 0, 0, 0, 0, 0, 0, 0, 0, 0, 0, 0],
	[13, 11, 16, 16, 7, 1, 1, 21, 1, 1] => QQFieldElem[27//32, 0, 0, 0, 0, 0, 0, 0, 0, 0, 0, 0, 0, 0, 0, 0],
	[13, 11, 16, 16, 14, 1, 1, 14, 1, 1] => QQFieldElem[0, 0, 0, 0, 0, 3, 0, 0, 0, 0, 0, 0, 0, -3, 0, 0],
	[13, 11, 16, 16, 8, 1, 1, 3, 1, 1] => QQFieldElem[-9//16, 0, 0, 0, 0, 0, 0, 0, 0, 0, 0, 0, 0, 0, 0, 0],
	[13, 11, 16, 16, 8, 1, 1, 19, 1, 1] => QQFieldElem[0, 0, 0, 0, 0, 0, 0, 0, 0, 0, 0, 0, 0, 0, 0, 0],
	[13, 11, 16, 16, 21, 1, 1, 5, 1, 1] => QQFieldElem[0, -1//8, 0, 0, 0, 0, 0, -1//8, 0, 1//8, 0, 0, 1//8, 0, 0, 0],
	[13, 11, 16, 16, 8, 1, 1, 21, 1, 1] => QQFieldElem[0, 0, 0, 0, 0, 0, 0, 0, 0, 0, 0, 0, 0, 0, 0, 0],
	[13, 11, 16, 16, 20, 1, 1, 14, 1, 1] => QQFieldElem[0, 0, 0, 0, 0, 0, 0, 0, 0, 0, 0, 0, 0, 0, 0, 0],
	[13, 11, 16, 16, 21, 1, 1, 3, 1, 1] => QQFieldElem[0, -1//6, 0, 0, 0, 0, 0, -1//6, 0, 1//6, 0, 0, 1//6, 0, 0, 0],
	[13, 11, 16, 16, 19, 1, 1, 20, 1, 1] => QQFieldElem[1//4, 0, 0, 0, 0, 0, 0, 0, -1//2, 0, 1//4, 1//4, 0, -1//4, 1//4, 0],
	[13, 11, 16, 16, 14, 1, 1, 5, 1, 1] => QQFieldElem[0, 0, 0, 0, 0, -3//2, 0, 0, 0, 0, 0, 0, 0, 3//2, 0, 0],
	[13, 11, 16, 16, 21, 1, 1, 19, 1, 1] => QQFieldElem[0, 0, 0, 1//4, 0, 1//4, 0, 0, 0, 0, 1//4, -1//4, 0, 0, 1//4, 0],
	[13, 11, 16, 16, 21, 1, 1, 21, 1, 1] => QQFieldElem[-1//4, 0, 1//4, 0, 0, 0, -1//4, 0, 1//2, 0, -1//4, 1//4, 0, -1//4, 0, 0],
	[13, 11, 16, 16, 7, 1, 1, 20, 1, 1] => QQFieldElem[27//32, 0, 0, 0, 0, 0, 0, 0, 0, 0, 0, 0, 0, 0, 0, 0],
	[13, 11, 16, 16, 14, 1, 1, 3, 1, 1] => QQFieldElem[0, 0, 0, 0, 0, 2, 0, 0, 0, 0, 0, 0, 0, -2, 0, 0],
	[13, 11, 16, 16, 14, 1, 1, 19, 1, 1] => QQFieldElem[0, 0, 0, 0, 0, 0, 0, 0, 0, 0, 0, 0, 0, 0, 0, 0],
	[13, 11, 16, 16, 20, 1, 1, 5, 1, 1] => QQFieldElem[0, 1//8, 0, 0, 0, 0, 0, 1//8, 0, 0, 0, 0, 1//8, 0, 0, -1//8],
	[13, 11, 16, 16, 14, 1, 1, 21, 1, 1] => QQFieldElem[0, 0, 0, 0, 0, 0, 0, 0, 0, 0, 0, 0, 0, 0, 0, 0],
	[13, 11, 16, 16, 8, 1, 1, 20, 1, 1] => QQFieldElem[0, 0, 0, 0, 0, 0, 0, 0, 0, 0, 0, 0, 0, 0, 0, 0],
	[13, 11, 16, 16, 20, 1, 1, 3, 1, 1] => QQFieldElem[0, 1//6, 0, 0, 0, 0, 0, 1//6, 0, 0, 0, 0, 1//6, 0, 0, -1//6],
	[13, 11, 16, 16, 20, 1, 1, 19, 1, 1] => QQFieldElem[0, 0, -1//4, 0, 0, 0, 1//4, 0, 0, 0, 0, 1//4, 0, -1//4, -1//4, 0],
	[13, 11, 16, 16, 21, 1, 1, 20, 1, 1] => QQFieldElem[1//4, 0, -1//4, -1//4, 0, -1//4, 1//4, 0, -1//2, 0, 0, 0, 0, 1//4, -1//4, 0],
	[13, 11, 16, 16, 20, 1, 1, 21, 1, 1] => QQFieldElem[-1//4, 0, 0, -1//4, 0, -1//4, 0, 0, 1//2, 0, 1//4, 0, 0, 1//4, 1//4, 0],
	[13, 11, 16, 16, 19, 1, 1, 14, 1, 1] => QQFieldElem[0, 0, 0, 0, 0, 0, 0, 0, 0, 0, 0, 0, 0, 0, 0, 0],
	[13, 11, 16, 16, 7, 1, 1, 14, 1, 1] => QQFieldElem[0, 0, 0, 0, 0, 0, 0, 0, 0, 0, 0, 0, 0, 0, 0, 0],
	[13, 11, 16, 16, 14, 1, 1, 20, 1, 1] => QQFieldElem[0, 0, 0, 0, 0, 0, 0, 0, 0, 0, 0, 0, 0, 0, 0, 0])