Dict(
	[13, 12, 17, 13, 14, 1, 1, 19, 1, 1] => QQFieldElem[0, 0, 0, 0, 0, 0, -256//3, 0, 0, 0, 0, 0, 0, 0, 0, 0],
	[13, 12, 17, 13, 14, 1, 1, 21, 1, 1] => QQFieldElem[0, 0, 0, 0, 0, 0, 0, 0, 0, 0, 0, 0, 0, 0, 256//3, 0],
	[13, 12, 17, 13, 20, 1, 1, 19, 1, 1] => QQFieldElem[0, 0, 0, 0, 0, 0, 0, 4//9, 0, 0, 0, 0, -4//9, 0, 0, -4//9],
	[13, 12, 17, 13, 20, 1, 1, 21, 1, 1] => QQFieldElem[0, 0, 0, 0, 0, 0, 0, 0, 0, 0, 0, 0, -4//9, 0, 0, 4//9],
	[13, 12, 17, 13, 21, 1, 1, 20, 1, 1] => QQFieldElem[0, 0, 0, 0, 0, 0, 0, 0, 0, 0, 0, 0, -4//9, 0, 0, 4//9],
	[13, 12, 17, 13, 19, 1, 1, 14, 1, 1] => QQFieldElem[0, 0, 0, 0, 0, 0, 0, 0, 0, 0, 0, 0, -4//27, 0, 0, 0],
	[13, 12, 17, 13, 14, 1, 1, 20, 1, 1] => QQFieldElem[0, 0, 0, 0, 0, 0, 256//3, 0, 0, 0, 0, 0, 0, 0, -256//3, 0],
	[13, 12, 17, 13, 20, 1, 1, 20, 1, 1] => QQFieldElem[0, 0, 0, 0, 0, 0, 0, -4//9, 0, 0, 0, 0, -4//9, 0, 0, 0],
	[13, 12, 17, 13, 21, 1, 1, 14, 1, 1] => QQFieldElem[0, 0, 0, 0, -4//27, 0, 0, 0, 0, 0, 0, 0, 4//27, 0, 0, 0],
	[13, 12, 17, 13, 19, 1, 1, 19, 1, 1] => QQFieldElem[0, 0, 0, 0, 0, 0, 0, 0, 0, 0, 0, 0, -4//9, 0, 0, 4//9],
	[13, 12, 17, 13, 19, 1, 1, 21, 1, 1] => QQFieldElem[0, 0, 0, 0, 0, 0, 0, -4//9, 0, 0, 0, 0, -4//9, 0, 0, 0],
	[13, 12, 17, 13, 14, 1, 1, 14, 1, 1] => QQFieldElem[0, 0, 0, 0, 0, 0, 0, 0, 0, 0, 0, 0, 0, 0, 0, 0],
	[13, 12, 17, 13, 20, 1, 1, 14, 1, 1] => QQFieldElem[0, 0, 0, 0, 4//27, 0, 0, 0, 0, 0, 0, 0, 0, 0, 0, 0],
	[13, 12, 17, 13, 21, 1, 1, 19, 1, 1] => QQFieldElem[0, 0, 0, 0, 0, 0, 0, -4//9, 0, 0, 0, 0, -4//9, 0, 0, 0],
	[13, 12, 17, 13, 19, 1, 1, 20, 1, 1] => QQFieldElem[0, 0, 0, 0, 0, 0, 0, 4//9, 0, 0, 0, 0, -4//9, 0, 0, -4//9],
	[13, 12, 17, 13, 21, 1, 1, 21, 1, 1] => QQFieldElem[0, 0, 0, 0, 0, 0, 0, 4//9, 0, 0, 0, 0, -4//9, 0, 0, -4//9])