Dict(
	[13, 11, 17, 16, 21, 1, 1, 20, 1, 1] => QQFieldElem[0, 0, 1//4, 0, -1//2, -1//4, 1//4, 0, 0, 0, 0, 0, 1//4, 1//4, -1//4, -1//4],
	[13, 11, 17, 16, 20, 1, 1, 21, 1, 1] => QQFieldElem[0, 0, 0, 0, 1//2, -1//4, 0, 0, 0, 0, -1//4, 0, -1//4, 1//4, 1//4, -1//4],
	[13, 11, 17, 16, 14, 1, 1, 20, 1, 1] => QQFieldElem[27//32, 0, 0, 0, 0, 0, 0, 0, 0, 0, 0, 0, 0, 0, 0, 0],
	[13, 11, 17, 16, 20, 1, 1, 20, 1, 1] => QQFieldElem[0, 0, -1//4, 0, -1//2, 1//4, -1//4, 1//4, 0, 0, 1//4, 0, 1//4, 0, 0, 0],
	[13, 11, 17, 16, 19, 1, 1, 5, 1, 1] => QQFieldElem[0, 0, 0, 1//4, 0, 0, 0, 0, 0, 1//4, 0, 0, 1//4, 0, 0, 0],
	[13, 11, 17, 16, 19, 1, 1, 19, 1, 1] => QQFieldElem[0, 0, -1//4, 0, 0, -1//4, -1//4, 0, 0, 0, 1//4, 0, 0, 1//4, 0, -1//4],
	[13, 11, 17, 16, 19, 1, 1, 21, 1, 1] => QQFieldElem[0, 0, 1//4, 0, 1//2, 1//4, 1//4, 1//4, 0, 0, 0, 0, -1//4, 0, -1//4, 0],
	[13, 11, 17, 16, 21, 1, 1, 5, 1, 1] => QQFieldElem[0, 1//4, 0, -1//4, 0, 0, 0, 0, 0, -1//4, 0, 1//4, 1//4, 0, 0, 0],
	[13, 11, 17, 16, 21, 1, 1, 19, 1, 1] => QQFieldElem[0, 0, 0, 0, 0, 1//4, 0, 1//4, 0, 0, -1//4, 0, 0, 0, 1//4, 0],
	[13, 11, 17, 16, 19, 1, 1, 20, 1, 1] => QQFieldElem[0, 0, 0, 0, -1//2, 0, 0, -1//4, 0, 0, -1//4, 0, 1//4, -1//4, 1//4, 1//4],
	[13, 11, 17, 16, 14, 1, 1, 5, 1, 1] => QQFieldElem[0, 0, 0, 0, 0, 0, 0, 0, 0, 0, 0, 0, 0, 0, 0, 0],
	[13, 11, 17, 16, 21, 1, 1, 21, 1, 1] => QQFieldElem[0, 0, -1//4, 0, 1//2, 0, -1//4, -1//4, 0, 0, 1//4, 0, -1//4, -1//4, 0, 1//4],
	[13, 11, 17, 16, 14, 1, 1, 19, 1, 1] => QQFieldElem[27//32, 0, 0, 0, 0, 0, 0, 0, 0, 0, 0, 0, 0, 0, 0, 0],
	[13, 11, 17, 16, 20, 1, 1, 5, 1, 1] => QQFieldElem[0, -1//4, 0, 0, 0, 0, 0, 0, 0, 0, 0, -1//4, 1//4, 0, 0, 0],
	[13, 11, 17, 16, 14, 1, 1, 21, 1, 1] => QQFieldElem[27//32, 0, 0, 0, 0, 0, 0, 0, 0, 0, 0, 0, 0, 0, 0, 0],
	[13, 11, 17, 16, 20, 1, 1, 19, 1, 1] => QQFieldElem[0, 0, 1//4, 0, 0, 0, 1//4, -1//4, 0, 0, 0, 0, 0, -1//4, -1//4, 1//4])