Dict(
	[13, 20, 21, 10, 5, 1, 1, 16, 1, 1] => QQFieldElem[0, 0, 0, 0, 0, 0, 0, 0, -1//4, 0, 0, 0, -1//4, 0, 0, 0],
	[13, 20, 21, 10, 21, 1, 1, 15, 1, 1] => QQFieldElem[0, 0, 0, 0, 0, 1//8, 0, 0, 0, 0, 0, -1//8, 0, 0, 0, 0],
	[13, 20, 21, 10, 20, 1, 1, 11, 1, 1] => QQFieldElem[-1//448, 0, 0, 0, 0, 0, 0, 0, 3//448, 0, 0, 0, 0, 0, 0, 0],
	[13, 20, 21, 10, 21, 1, 1, 12, 1, 1] => QQFieldElem[0, 0, 0, 0, 0, 0, 0, 0, 0, 0, 1//36, 0, 0, 0, 0, 0],
	[13, 20, 21, 10, 14, 1, 1, 15, 1, 1] => QQFieldElem[0, 0, 0, 0, 0, 0, 0, 0, 1//4, 0, 0, 0, -1//4, 0, 0, 0],
	[13, 20, 21, 10, 14, 1, 1, 12, 1, 1] => QQFieldElem[0, 0, 0, 0, 1//18, 0, 0, 0, 0, 0, 0, 0, -1//18, 0, 0, 0],
	[13, 20, 21, 10, 21, 1, 1, 16, 1, 1] => QQFieldElem[0, 0, 0, 0, 0, 1//8, 0, 0, 0, 0, 0, -1//8, 0, 0, 0, 0],
	[13, 20, 21, 10, 14, 1, 1, 16, 1, 1] => QQFieldElem[0, 0, 0, 0, 0, 0, 0, 0, -1//4, 0, 0, 0, -1//4, 0, 0, 0],
	[13, 20, 21, 10, 19, 1, 2, 11, 1, 1] => QQFieldElem[-1//448, 0, 0, 0, 0, 0, 0, 0, 3//448, 0, 0, 0, 0, 0, 0, 0],
	[13, 20, 21, 10, 5, 1, 1, 13, 1, 1] => QQFieldElem[0, 0, 0, 0, -1//18, 0, 0, 0, 0, 0, 0, 0, 1//18, 0, 0, 0],
	[13, 20, 21, 10, 14, 1, 2, 10, 1, 1] => QQFieldElem[0, 0, 0, 0, 0, 0, 0, 0, -1//96, 0, 0, 0, 0, 0, 0, 0],
	[13, 20, 21, 10, 3, 1, 1, 15, 1, 1] => QQFieldElem[0, 0, 0, 0, 0, 0, 0, 0, -1//4, 0, 0, 0, -1//4, 0, 0, 0],
	[13, 20, 21, 10, 3, 1, 1, 12, 1, 1] => QQFieldElem[0, 0, 0, 0, -1//18, 0, 0, 0, 0, 0, 0, 0, 1//18, 0, 0, 0],
	[13, 20, 21, 10, 14, 1, 2, 18, 1, 1] => QQFieldElem[0, 0, 0, 0, 0, 0, 0, 0, 0, 0, 0, 0, -1//2, 0, 0, 0],
	[13, 20, 21, 10, 20, 1, 1, 10, 1, 1] => QQFieldElem[1//192, 0, 0, 0, 0, 0, 0, 0, -1//192, 0, 0, 0, 0, 0, 0, 0],
	[13, 20, 21, 10, 19, 1, 1, 15, 1, 1] => QQFieldElem[0, 1//8, 0, 0, 0, 0, 0, 1//8, 0, -1//8, 0, 0, 0, 0, 0, -1//8],
	[13, 20, 21, 10, 14, 1, 2, 17, 1, 1] => QQFieldElem[0, 0, 0, 0, 0, 0, 0, 0, 0, 0, 0, 0, -1//2, 0, 0, 0],
	[13, 20, 21, 10, 3, 1, 1, 16, 1, 1] => QQFieldElem[0, 0, 0, 0, 0, 0, 0, 0, 1//4, 0, 0, 0, -1//4, 0, 0, 0],
	[13, 20, 21, 10, 19, 1, 1, 12, 1, 1] => QQFieldElem[0, 0, 0, 0, 0, 0, 0, 0, 0, 0, -1//36, 0, 0, 0, 0, 0],
	[13, 20, 21, 10, 20, 1, 1, 18, 1, 1] => QQFieldElem[0, 0, 0, 0, 0, 0, 0, 1//4, 0, -1//4, 0, 0, 0, 0, 0, 0],
	[13, 20, 21, 10, 21, 1, 1, 13, 1, 1] => QQFieldElem[0, 0, 0, 0, 0, 0, 0, 0, 0, 0, -1//36, 0, 0, 0, 0, 0],
	[13, 20, 21, 10, 20, 1, 1, 17, 1, 1] => QQFieldElem[0, 1//4, 0, 0, 0, 0, 0, 0, 0, 0, 0, 0, 0, 0, 0, -1//4],
	[13, 20, 21, 10, 19, 1, 1, 16, 1, 1] => QQFieldElem[0, 1//8, 0, 0, 0, 0, 0, 1//8, 0, -1//8, 0, 0, 0, 0, 0, -1//8],
	[13, 20, 21, 10, 14, 1, 1, 13, 1, 1] => QQFieldElem[0, 0, 0, 0, 1//18, 0, 0, 0, 0, 0, 0, 0, -1//18, 0, 0, 0],
	[13, 20, 21, 10, 19, 1, 2, 10, 1, 1] => QQFieldElem[1//192, 0, 0, 0, 0, 0, 0, 0, -1//192, 0, 0, 0, 0, 0, 0, 0],
	[13, 20, 21, 10, 19, 1, 2, 18, 1, 1] => QQFieldElem[0, 0, 0, 1//4, 0, 1//4, 0, 0, 0, 0, 0, -1//4, 0, -1//4, 0, 0],
	[13, 20, 21, 10, 19, 1, 2, 17, 1, 1] => QQFieldElem[0, 0, 0, -1//4, 0, 0, 0, 0, 0, 0, 0, 0, 0, 1//4, 0, 0],
	[13, 20, 21, 10, 3, 1, 1, 13, 1, 1] => QQFieldElem[0, 0, 0, 0, -1//18, 0, 0, 0, 0, 0, 0, 0, 1//18, 0, 0, 0],
	[13, 20, 21, 10, 5, 1, 1, 11, 1, 1] => QQFieldElem[-1//112, 0, 0, 0, 0, 0, 0, 0, -1//224, 0, 0, 0, 0, 0, 0, 0],
	[13, 20, 21, 10, 19, 1, 1, 13, 1, 1] => QQFieldElem[0, 0, 0, 0, 0, 0, 0, 0, 0, 0, 1//36, 0, 0, 0, 0, 0],
	[13, 20, 21, 10, 21, 1, 1, 11, 1, 1] => QQFieldElem[-1//448, 0, 0, 0, 0, 0, 0, 0, 3//448, 0, 0, 0, 0, 0, 0, 0],
	[13, 20, 21, 10, 14, 1, 1, 11, 1, 1] => QQFieldElem[1//112, 0, 0, 0, 0, 0, 0, 0, 1//224, 0, 0, 0, 0, 0, 0, 0],
	[13, 20, 21, 10, 5, 1, 1, 10, 1, 1] => QQFieldElem[0, 0, 0, 0, 0, 0, 0, 0, -1//96, 0, 0, 0, 0, 0, 0, 0],
	[13, 20, 21, 10, 14, 1, 2, 15, 1, 1] => QQFieldElem[0, 0, 0, 0, 0, 0, 0, 0, -1//4, 0, 0, 0, -1//4, 0, 0, 0],
	[13, 20, 21, 10, 14, 1, 2, 12, 1, 1] => QQFieldElem[0, 0, 0, 0, 1//18, 0, 0, 0, 0, 0, 0, 0, -1//18, 0, 0, 0],
	[13, 20, 21, 10, 5, 1, 1, 18, 1, 1] => QQFieldElem[0, 0, 0, 0, 0, 0, 0, 0, 0, 0, 0, 0, -1//2, 0, 0, 0],
	[13, 20, 21, 10, 20, 1, 1, 15, 1, 1] => QQFieldElem[0, -1//8, 0, 0, 0, 0, 0, -1//8, 0, 1//8, 0, 0, 0, 0, 0, 1//8],
	[13, 20, 21, 10, 5, 1, 1, 17, 1, 1] => QQFieldElem[0, 0, 0, 0, 0, 0, 0, 0, 0, 0, 0, 0, -1//2, 0, 0, 0],
	[13, 20, 21, 10, 3, 1, 1, 11, 1, 1] => QQFieldElem[1//112, 0, 0, 0, 0, 0, 0, 0, 1//224, 0, 0, 0, 0, 0, 0, 0],
	[13, 20, 21, 10, 20, 1, 1, 12, 1, 1] => QQFieldElem[0, 0, 0, 0, 0, 0, 0, 0, 0, 0, -1//36, 0, 0, 0, 0, 0],
	[13, 20, 21, 10, 14, 1, 2, 16, 1, 1] => QQFieldElem[0, 0, 0, 0, 0, 0, 0, 0, 1//4, 0, 0, 0, -1//4, 0, 0, 0],
	[13, 20, 21, 10, 21, 1, 1, 10, 1, 1] => QQFieldElem[1//192, 0, 0, 0, 0, 0, 0, 0, -1//192, 0, 0, 0, 0, 0, 0, 0],
	[13, 20, 21, 10, 19, 1, 1, 11, 1, 1] => QQFieldElem[-1//448, 0, 0, 0, 0, 0, 0, 0, 3//448, 0, 0, 0, 0, 0, 0, 0],
	[13, 20, 21, 10, 20, 1, 1, 16, 1, 1] => QQFieldElem[0, -1//8, 0, 0, 0, 0, 0, -1//8, 0, 1//8, 0, 0, 0, 0, 0, 1//8],
	[13, 20, 21, 10, 14, 1, 1, 10, 1, 1] => QQFieldElem[0, 0, 0, 0, 0, 0, 0, 0, 1//96, 0, 0, 0, 0, 0, 0, 0],
	[13, 20, 21, 10, 21, 1, 1, 18, 1, 1] => QQFieldElem[0, 0, 0, -1//4, 0, -1//4, 0, 0, 0, 0, 0, 1//4, 0, 1//4, 0, 0],
	[13, 20, 21, 10, 19, 1, 2, 15, 1, 1] => QQFieldElem[0, 0, 0, 0, 0, -1//8, 0, 0, 0, 0, 0, 1//8, 0, 0, 0, 0],
	[13, 20, 21, 10, 21, 1, 1, 17, 1, 1] => QQFieldElem[0, 0, 0, 1//4, 0, 0, 0, 0, 0, 0, 0, 0, 0, -1//4, 0, 0],
	[13, 20, 21, 10, 14, 1, 1, 18, 1, 1] => QQFieldElem[0, 0, 0, 0, 0, 0, 0, 0, 0, 0, 0, 0, -1//2, 0, 0, 0],
	[13, 20, 21, 10, 19, 1, 2, 12, 1, 1] => QQFieldElem[0, 0, 0, 0, 0, 0, 0, 0, 0, 0, 1//36, 0, 0, 0, 0, 0],
	[13, 20, 21, 10, 14, 1, 1, 17, 1, 1] => QQFieldElem[0, 0, 0, 0, 0, 0, 0, 0, 0, 0, 0, 0, -1//2, 0, 0, 0],
	[13, 20, 21, 10, 19, 1, 2, 16, 1, 1] => QQFieldElem[0, 0, 0, 0, 0, -1//8, 0, 0, 0, 0, 0, 1//8, 0, 0, 0, 0],
	[13, 20, 21, 10, 14, 1, 2, 13, 1, 1] => QQFieldElem[0, 0, 0, 0, 1//18, 0, 0, 0, 0, 0, 0, 0, -1//18, 0, 0, 0],
	[13, 20, 21, 10, 3, 1, 1, 10, 1, 1] => QQFieldElem[0, 0, 0, 0, 0, 0, 0, 0, 1//96, 0, 0, 0, 0, 0, 0, 0],
	[13, 20, 21, 10, 3, 1, 1, 18, 1, 1] => QQFieldElem[0, 0, 0, 0, 0, 0, 0, 0, 0, 0, 0, 0, -1//2, 0, 0, 0],
	[13, 20, 21, 10, 19, 1, 1, 10, 1, 1] => QQFieldElem[1//192, 0, 0, 0, 0, 0, 0, 0, -1//192, 0, 0, 0, 0, 0, 0, 0],
	[13, 20, 21, 10, 20, 1, 1, 13, 1, 1] => QQFieldElem[0, 0, 0, 0, 0, 0, 0, 0, 0, 0, 1//36, 0, 0, 0, 0, 0],
	[13, 20, 21, 10, 3, 1, 1, 17, 1, 1] => QQFieldElem[0, 0, 0, 0, 0, 0, 0, 0, 0, 0, 0, 0, -1//2, 0, 0, 0],
	[13, 20, 21, 10, 19, 1, 1, 18, 1, 1] => QQFieldElem[0, 0, 0, 0, 0, 0, 0, -1//4, 0, 1//4, 0, 0, 0, 0, 0, 0],
	[13, 20, 21, 10, 19, 1, 1, 17, 1, 1] => QQFieldElem[0, -1//4, 0, 0, 0, 0, 0, 0, 0, 0, 0, 0, 0, 0, 0, 1//4],
	[13, 20, 21, 10, 19, 1, 2, 13, 1, 1] => QQFieldElem[0, 0, 0, 0, 0, 0, 0, 0, 0, 0, -1//36, 0, 0, 0, 0, 0],
	[13, 20, 21, 10, 5, 1, 1, 15, 1, 1] => QQFieldElem[0, 0, 0, 0, 0, 0, 0, 0, 1//4, 0, 0, 0, -1//4, 0, 0, 0],
	[13, 20, 21, 10, 5, 1, 1, 12, 1, 1] => QQFieldElem[0, 0, 0, 0, -1//18, 0, 0, 0, 0, 0, 0, 0, 1//18, 0, 0, 0],
	[13, 20, 21, 10, 14, 1, 2, 11, 1, 1] => QQFieldElem[-1//112, 0, 0, 0, 0, 0, 0, 0, -1//224, 0, 0, 0, 0, 0, 0, 0])