Dict(
	[13, 10, 16, 17, 9, 1, 1, 20, 1, 1] => QQFieldElem[0, 0, 0, 0, 0, 0, 0, 0, 0, 0, 0, 0, -27//32, 0, 0, 0],
	[13, 10, 16, 17, 19, 1, 1, 19, 1, 1] => QQFieldElem[0, 0, -1//3, -1//3, 0, 0, 1//3, 0, 0, -1//3, 1//3, 0, 2//3, 0, 0, 0],
	[13, 10, 16, 17, 19, 1, 1, 21, 1, 1] => QQFieldElem[0, -1//3, 1//3, 1//3, 0, 0, -1//3, 0, 0, 1//3, 0, -1//3, -1//3, 0, 1//3, 0],
	[13, 10, 16, 17, 21, 1, 1, 4, 1, 1] => QQFieldElem[0, 0, 0, 0, 0, -1//6, 0, 1//6, 0, 0, 0, 0, 1//6, 0, 0, 0],
	[13, 10, 16, 17, 21, 1, 1, 7, 1, 1] => QQFieldElem[0, 0, 0, 0, 0, 0, 0, 0, 0, 0, 0, 0, 0, 0, 0, 0],
	[13, 10, 16, 17, 21, 1, 1, 5, 1, 1] => QQFieldElem[0, 0, 0, 0, 0, 1//6, 0, -1//6, 0, 0, 0, 0, -1//6, 0, 0, 0],
	[13, 10, 16, 17, 14, 1, 1, 4, 1, 1] => QQFieldElem[0, 0, 0, 64//3, 0, 0, 0, 0, 0, 0, 0, 0, 0, 0, 0, 0],
	[13, 10, 16, 17, 14, 1, 1, 7, 1, 1] => QQFieldElem[0, 0, 0, -128//3, 0, 0, 0, 0, 0, 0, 0, 0, 0, 0, 0, 0],
	[13, 10, 16, 17, 21, 1, 1, 19, 1, 1] => QQFieldElem[0, -1//3, 0, 1//3, 0, 0, 0, 0, 0, 1//3, -1//3, -1//3, 2//3, 0, -1//3, 0],
	[13, 10, 16, 17, 19, 1, 1, 20, 1, 1] => QQFieldElem[0, 1//3, 0, 0, 0, 0, 0, 0, 0, 0, -1//3, 1//3, -1//3, 0, -1//3, 0],
	[13, 10, 16, 17, 14, 1, 1, 5, 1, 1] => QQFieldElem[0, 0, 0, 64//3, 0, 0, 0, 0, 0, 0, 0, 0, 0, 0, 0, 0],
	[13, 10, 16, 17, 20, 1, 1, 4, 1, 1] => QQFieldElem[0, 0, 0, 0, 0, 0, 0, -1//6, 0, 0, 0, 0, 1//6, 1//6, 0, 1//6],
	[13, 10, 16, 17, 21, 1, 1, 21, 1, 1] => QQFieldElem[0, 1//3, -1//3, 0, 0, 0, 1//3, 0, 0, 0, 1//3, 1//3, -1//3, 0, 0, 0],
	[13, 10, 16, 17, 6, 1, 1, 4, 1, 1] => QQFieldElem[-9//128, 0, 0, 0, 0, 0, 0, 0, 0, 0, 0, 0, -27//128, 0, 0, 0],
	[13, 10, 16, 17, 9, 1, 1, 4, 1, 1] => QQFieldElem[-27//128, 0, 0, 0, 0, 0, 0, 0, 0, 0, 0, 0, 27//128, 0, 0, 0],
	[13, 10, 16, 17, 6, 1, 1, 7, 1, 1] => QQFieldElem[-9//64, 0, 0, 0, 0, 0, 0, 0, 0, 0, 0, 0, -27//64, 0, 0, 0],
	[13, 10, 16, 17, 14, 1, 1, 19, 1, 1] => QQFieldElem[0, 0, 0, 0, 0, 0, 0, 0, 0, 0, 0, 0, 0, 0, 0, 0],
	[13, 10, 16, 17, 20, 1, 1, 5, 1, 1] => QQFieldElem[0, 0, 0, 0, 0, 0, 0, 1//6, 0, 0, 0, 0, -1//6, -1//6, 0, -1//6],
	[13, 10, 16, 17, 9, 1, 1, 7, 1, 1] => QQFieldElem[-27//64, 0, 0, 0, 0, 0, 0, 0, 0, 0, 0, 0, 27//64, 0, 0, 0],
	[13, 10, 16, 17, 20, 1, 1, 7, 1, 1] => QQFieldElem[0, 0, 0, 0, 0, 0, 0, 0, 0, 0, 0, 0, 0, 0, 0, 0],
	[13, 10, 16, 17, 14, 1, 1, 21, 1, 1] => QQFieldElem[0, 0, 0, 0, 0, 0, 0, 0, 0, 0, 0, 0, 0, 0, 0, 0],
	[13, 10, 16, 17, 6, 1, 1, 5, 1, 1] => QQFieldElem[-9//128, 0, 0, 0, 0, 0, 0, 0, 0, 0, 0, 0, -27//128, 0, 0, 0],
	[13, 10, 16, 17, 9, 1, 1, 5, 1, 1] => QQFieldElem[-27//128, 0, 0, 0, 0, 0, 0, 0, 0, 0, 0, 0, 27//128, 0, 0, 0],
	[13, 10, 16, 17, 20, 1, 1, 19, 1, 1] => QQFieldElem[0, 1//3, 1//3, 0, 0, 0, -1//3, 0, 0, 0, 0, 1//3, 2//3, 0, 1//3, 0],
	[13, 10, 16, 17, 6, 1, 1, 19, 1, 1] => QQFieldElem[-9//16, 0, 0, 0, 0, 0, 0, 0, 0, 0, 0, 0, -9//32, 0, 0, 0],
	[13, 10, 16, 17, 21, 1, 1, 20, 1, 1] => QQFieldElem[0, 0, 1//3, -1//3, 0, 0, -1//3, 0, 0, -1//3, 0, 0, -1//3, 0, 1//3, 0],
	[13, 10, 16, 17, 9, 1, 1, 19, 1, 1] => QQFieldElem[0, 0, 0, 0, 0, 0, 0, 0, 0, 0, 0, 0, -27//32, 0, 0, 0],
	[13, 10, 16, 17, 20, 1, 1, 21, 1, 1] => QQFieldElem[0, 0, 0, -1//3, 0, 0, 0, 0, 0, -1//3, -1//3, 0, -1//3, 0, -1//3, 0],
	[13, 10, 16, 17, 6, 1, 1, 21, 1, 1] => QQFieldElem[-9//16, 0, 0, 0, 0, 0, 0, 0, 0, 0, 0, 0, -9//32, 0, 0, 0],
	[13, 10, 16, 17, 9, 1, 1, 21, 1, 1] => QQFieldElem[0, 0, 0, 0, 0, 0, 0, 0, 0, 0, 0, 0, -27//32, 0, 0, 0],
	[13, 10, 16, 17, 14, 1, 1, 20, 1, 1] => QQFieldElem[0, 0, 0, 0, 0, 0, 0, 0, 0, 0, 0, 0, 0, 0, 0, 0],
	[13, 10, 16, 17, 19, 1, 1, 4, 1, 1] => QQFieldElem[0, 0, 0, 0, 0, 1//6, 0, 0, 0, 0, 0, 0, 1//6, -1//6, 0, -1//6],
	[13, 10, 16, 17, 19, 1, 1, 7, 1, 1] => QQFieldElem[0, 0, 0, 0, 0, 0, 0, 0, 0, 0, 0, 0, 0, 0, 0, 0],
	[13, 10, 16, 17, 20, 1, 1, 20, 1, 1] => QQFieldElem[0, -1//3, -1//3, 1//3, 0, 0, 1//3, 0, 0, 1//3, 1//3, -1//3, -1//3, 0, 0, 0],
	[13, 10, 16, 17, 19, 1, 1, 5, 1, 1] => QQFieldElem[0, 0, 0, 0, 0, -1//6, 0, 0, 0, 0, 0, 0, -1//6, 1//6, 0, 1//6],
	[13, 10, 16, 17, 6, 1, 1, 20, 1, 1] => QQFieldElem[-9//16, 0, 0, 0, 0, 0, 0, 0, 0, 0, 0, 0, -9//32, 0, 0, 0])