Dict(
	[13, 12, 15, 12, 21, 1, 1, 14, 1, 1] => QQFieldElem[0, 0, 0, 0, 1//12, 0, 0, 0, 0, 0, 0, 0, -1//12, 0, 0, 0],
	[13, 12, 15, 12, 19, 1, 1, 19, 1, 1] => QQFieldElem[0, 0, 0, 0, 0, 0, 0, 0, 0, 0, 0, 0, -1//3, 0, 0, 1//3],
	[13, 12, 15, 12, 19, 1, 1, 21, 1, 1] => QQFieldElem[0, 0, 0, 0, 0, 0, 0, -1//3, 0, 0, 0, 0, -1//3, 0, 0, 0],
	[13, 12, 15, 12, 20, 1, 1, 14, 1, 1] => QQFieldElem[0, 0, 0, 0, -1//12, 0, 0, 0, 0, 0, 0, 0, 0, 0, 0, 0],
	[13, 12, 15, 12, 6, 1, 1, 14, 1, 1] => QQFieldElem[0, 0, 0, 0, 0, 0, 0, 0, 0, 0, 0, 0, 0, 0, 0, 0],
	[13, 12, 15, 12, 21, 1, 1, 19, 1, 1] => QQFieldElem[0, 0, 0, 0, 0, 0, 0, -1//3, 0, 0, 0, 0, -1//3, 0, 0, 0],
	[13, 12, 15, 12, 19, 1, 1, 20, 1, 1] => QQFieldElem[0, 0, 0, 0, 0, 0, 0, 1//3, 0, 0, 0, 0, -1//3, 0, 0, -1//3],
	[13, 12, 15, 12, 21, 1, 1, 21, 1, 1] => QQFieldElem[0, 0, 0, 0, 0, 0, 0, 1//3, 0, 0, 0, 0, -1//3, 0, 0, -1//3],
	[13, 12, 15, 12, 20, 1, 1, 19, 1, 1] => QQFieldElem[0, 0, 0, 0, 0, 0, 0, 1//3, 0, 0, 0, 0, -1//3, 0, 0, -1//3],
	[13, 12, 15, 12, 6, 1, 1, 19, 1, 1] => QQFieldElem[0, 0, 0, 0, 0, 0, 64, 0, 0, 0, 0, 0, 0, 0, 0, 0],
	[13, 12, 15, 12, 20, 1, 1, 21, 1, 1] => QQFieldElem[0, 0, 0, 0, 0, 0, 0, 0, 0, 0, 0, 0, -1//3, 0, 0, 1//3],
	[13, 12, 15, 12, 21, 1, 1, 20, 1, 1] => QQFieldElem[0, 0, 0, 0, 0, 0, 0, 0, 0, 0, 0, 0, -1//3, 0, 0, 1//3],
	[13, 12, 15, 12, 6, 1, 1, 21, 1, 1] => QQFieldElem[0, 0, 0, 0, 0, 0, 0, 0, 0, 0, 0, 0, 0, 0, -64, 0],
	[13, 12, 15, 12, 19, 1, 1, 14, 1, 1] => QQFieldElem[0, 0, 0, 0, 0, 0, 0, 0, 0, 0, 0, 0, 1//12, 0, 0, 0],
	[13, 12, 15, 12, 20, 1, 1, 20, 1, 1] => QQFieldElem[0, 0, 0, 0, 0, 0, 0, -1//3, 0, 0, 0, 0, -1//3, 0, 0, 0],
	[13, 12, 15, 12, 6, 1, 1, 20, 1, 1] => QQFieldElem[0, 0, 0, 0, 0, 0, -64, 0, 0, 0, 0, 0, 0, 0, 64, 0])