Dict(
	[13, 11, 13, 13, 21, 1, 1, 20, 1, 1] => QQFieldElem[0, 0, 0, 0, 0, 0, 0, 0, 0, 0, 0, 0, 0, 0, 0, 0],
	[13, 11, 13, 13, 20, 1, 1, 21, 1, 1] => QQFieldElem[0, 0, 0, 0, 0, 0, 0, 0, 0, 0, 0, 0, 0, 0, 0, 0],
	[13, 11, 13, 13, 19, 1, 1, 14, 1, 1] => QQFieldElem[0, 0, 0, 0, 0, 0, 0, 0, 0, 0, 0, 0, 0, 0, 0, 0],
	[13, 11, 13, 13, 14, 1, 1, 20, 1, 1] => QQFieldElem[0, 0, 0, 0, 0, 0, 0, 0, 0, 0, 0, 0, 0, 0, 0, 0],
	[13, 11, 13, 13, 3, 1, 1, 3, 1, 1] => QQFieldElem[0, 0, 0, 0, 0, 0, 0, 0, 0, 0, 0, 0, 0, 0, 0, 0],
	[13, 11, 13, 13, 3, 1, 1, 19, 1, 1] => QQFieldElem[-3//2, 0, 0, 0, 0, 0, 0, 0, 0, 0, 0, 0, 0, 0, 0, 0],
	[13, 11, 13, 13, 20, 1, 1, 20, 1, 1] => QQFieldElem[1//3, 0, 0, 0, 0, 0, 0, 0, -2//3, 0, 0, 0, 0, 0, 0, 0],
	[13, 11, 13, 13, 3, 1, 1, 21, 1, 1] => QQFieldElem[-3//2, 0, 0, 0, 0, 0, 0, 0, 0, 0, 0, 0, 0, 0, 0, 0],
	[13, 11, 13, 13, 19, 1, 1, 3, 1, 1] => QQFieldElem[1//96, 0, 0, 0, 0, 0, 0, 0, 0, 0, 0, 0, 0, 0, 0, 0],
	[13, 11, 13, 13, 21, 1, 1, 14, 1, 1] => QQFieldElem[0, 0, 0, 0, 0, 0, 0, 0, 0, 0, 0, 0, 0, 0, 0, 0],
	[13, 11, 13, 13, 19, 1, 1, 19, 1, 1] => QQFieldElem[0, 0, 0, 0, 0, 0, 0, 0, 0, 0, 0, 0, 0, 0, 0, 0],
	[13, 11, 13, 13, 19, 1, 1, 21, 1, 1] => QQFieldElem[1//3, 0, 0, 0, 0, 0, 0, 0, -2//3, 0, 0, 0, 0, 0, 0, 0],
	[13, 11, 13, 13, 14, 1, 1, 14, 1, 1] => QQFieldElem[4//3, 0, 0, 0, 0, 0, 0, 0, 0, 0, 0, 0, 0, 0, 0, 0],
	[13, 11, 13, 13, 3, 1, 1, 20, 1, 1] => QQFieldElem[-3//2, 0, 0, 0, 0, 0, 0, 0, 0, 0, 0, 0, 0, 0, 0, 0],
	[13, 11, 13, 13, 20, 1, 1, 14, 1, 1] => QQFieldElem[0, 0, 0, 0, 0, 0, 0, 0, 0, 0, 0, 0, 0, 0, 0, 0],
	[13, 11, 13, 13, 21, 1, 1, 3, 1, 1] => QQFieldElem[1//96, 0, 0, 0, 0, 0, 0, 0, 0, 0, 0, 0, 0, 0, 0, 0],
	[13, 11, 13, 13, 21, 1, 1, 19, 1, 1] => QQFieldElem[1//3, 0, 0, 0, 0, 0, 0, 0, -2//3, 0, 0, 0, 0, 0, 0, 0],
	[13, 11, 13, 13, 19, 1, 1, 20, 1, 1] => QQFieldElem[-1//3, 0, 0, 0, 0, 0, 0, 0, 2//3, 0, 0, 0, 0, 0, 0, 0],
	[13, 11, 13, 13, 21, 1, 1, 21, 1, 1] => QQFieldElem[-1//3, 0, 0, 0, 0, 0, 0, 0, 2//3, 0, 0, 0, 0, 0, 0, 0],
	[13, 11, 13, 13, 14, 1, 1, 3, 1, 1] => QQFieldElem[0, 0, 0, 0, 0, 0, 0, 0, 0, 0, 0, 0, 0, 0, 0, 0],
	[13, 11, 13, 13, 14, 1, 1, 19, 1, 1] => QQFieldElem[0, 0, 0, 0, 0, 0, 0, 0, 0, 0, 0, 0, 0, 0, 0, 0],
	[13, 11, 13, 13, 14, 1, 1, 21, 1, 1] => QQFieldElem[0, 0, 0, 0, 0, 0, 0, 0, 0, 0, 0, 0, 0, 0, 0, 0],
	[13, 11, 13, 13, 20, 1, 1, 3, 1, 1] => QQFieldElem[1//96, 0, 0, 0, 0, 0, 0, 0, 0, 0, 0, 0, 0, 0, 0, 0],
	[13, 11, 13, 13, 3, 1, 1, 14, 1, 1] => QQFieldElem[0, 0, 0, 0, 0, 0, 0, 0, 0, 0, 0, 0, 0, 0, 0, 0],
	[13, 11, 13, 13, 20, 1, 1, 19, 1, 1] => QQFieldElem[-1//3, 0, 0, 0, 0, 0, 0, 0, 2//3, 0, 0, 0, 0, 0, 0, 0])