Dict(
	[13, 10, 13, 12, 6, 1, 1, 19, 1, 1] => QQFieldElem[0, 0, 0, 0, 0, 0, 0, 0, 0, 0, 0, 0, 0, 0, 0, 0],
	[13, 10, 13, 12, 20, 1, 1, 21, 1, 1] => QQFieldElem[0, 0, 0, 0, 0, 0, 0, 0, 0, 0, 0, 0, 0, 0, 0, 0],
	[13, 10, 13, 12, 4, 1, 1, 7, 1, 1] => QQFieldElem[0, 0, 0, 0, 0, 0, -9//4096, 0, 0, 0, 0, 0, 0, 0, 0, 0],
	[13, 10, 13, 12, 19, 1, 1, 4, 1, 1] => QQFieldElem[-1//96, 0, 0, 0, 0, 0, 0, 0, 0, 0, 0, 0, 0, 0, 0, 0],
	[13, 10, 13, 12, 5, 1, 1, 5, 1, 1] => QQFieldElem[0, 0, 0, 0, 0, 0, 0, 0, 0, 0, 0, 0, 0, 0, 0, 0],
	[13, 10, 13, 12, 7, 1, 1, 5, 1, 1] => QQFieldElem[512//9, 0, 0, 0, 0, 0, 0, 0, 0, 0, 0, 0, 0, 0, 0, 0],
	[13, 10, 13, 12, 5, 1, 1, 19, 1, 1] => QQFieldElem[3//4, 0, 0, 0, 0, 0, 0, 0, 0, 0, 0, 0, 0, 0, 0, 0],
	[13, 10, 13, 12, 7, 1, 1, 19, 1, 1] => QQFieldElem[0, 0, 0, 0, 0, 0, 0, 0, 0, 0, 0, 0, 0, 0, 0, 0],
	[13, 10, 13, 12, 21, 1, 1, 5, 1, 1] => QQFieldElem[-1//96, 0, 0, 0, 0, 0, 0, 0, 0, 0, 0, 0, 0, 0, 0, 0],
	[13, 10, 13, 12, 4, 1, 1, 20, 1, 1] => QQFieldElem[3//4, 0, 0, 0, 0, 0, 0, 0, 0, 0, 0, 0, 0, 0, 0, 0],
	[13, 10, 13, 12, 21, 1, 1, 19, 1, 1] => QQFieldElem[-1//3, 0, 0, 0, 0, 0, 0, 0, 2//3, 0, 0, 0, 0, 0, 0, 0],
	[13, 10, 13, 12, 4, 1, 1, 6, 1, 1] => QQFieldElem[0, 0, 0, 0, 0, 0, 9//4096, 0, 0, 0, 0, 0, 0, 0, 0, 0],
	[13, 10, 13, 12, 20, 1, 1, 7, 1, 1] => QQFieldElem[0, 0, 0, 0, 0, 0, 0, 0, 0, 0, 0, 0, 0, 0, 0, 0],
	[13, 10, 13, 12, 6, 1, 1, 21, 1, 1] => QQFieldElem[0, 0, 0, 0, 0, 0, 0, 0, 0, 0, 0, 0, 0, 0, 0, 0],
	[13, 10, 13, 12, 4, 1, 1, 4, 1, 1] => QQFieldElem[0, 0, 0, 0, 0, 0, 0, 0, 0, 0, 0, 0, 0, 0, 0, 0],
	[13, 10, 13, 12, 20, 1, 1, 20, 1, 1] => QQFieldElem[-1//3, 0, 0, 0, 0, 0, 0, 0, 2//3, 0, 0, 0, 0, 0, 0, 0],
	[13, 10, 13, 12, 19, 1, 1, 5, 1, 1] => QQFieldElem[-1//96, 0, 0, 0, 0, 0, 0, 0, 0, 0, 0, 0, 0, 0, 0, 0],
	[13, 10, 13, 12, 20, 1, 1, 6, 1, 1] => QQFieldElem[0, 0, 0, 0, 0, 0, 0, 0, 0, 0, 0, 0, 0, 0, 0, 0],
	[13, 10, 13, 12, 19, 1, 1, 19, 1, 1] => QQFieldElem[0, 0, 0, 0, 0, 0, 0, 0, 0, 0, 0, 0, 0, 0, 0, 0],
	[13, 10, 13, 12, 5, 1, 1, 21, 1, 1] => QQFieldElem[3//4, 0, 0, 0, 0, 0, 0, 0, 0, 0, 0, 0, 0, 0, 0, 0],
	[13, 10, 13, 12, 7, 1, 1, 21, 1, 1] => QQFieldElem[0, 0, 0, 0, 0, 0, 0, 0, 0, 0, 0, 0, 0, 0, 0, 0],
	[13, 10, 13, 12, 20, 1, 1, 4, 1, 1] => QQFieldElem[-1//96, 0, 0, 0, 0, 0, 0, 0, 0, 0, 0, 0, 0, 0, 0, 0],
	[13, 10, 13, 12, 21, 1, 1, 21, 1, 1] => QQFieldElem[1//3, 0, 0, 0, 0, 0, 0, 0, -2//3, 0, 0, 0, 0, 0, 0, 0],
	[13, 10, 13, 12, 6, 1, 1, 7, 1, 1] => QQFieldElem[0, 0, 16//3, 0, 0, 0, 0, 0, 0, 0, -16//3, 0, 0, 0, 0, 0],
	[13, 10, 13, 12, 5, 1, 1, 7, 1, 1] => QQFieldElem[0, 0, 0, 0, 0, 0, 9//4096, 0, 0, 0, 0, 0, 0, 0, 0, 0],
	[13, 10, 13, 12, 4, 1, 1, 5, 1, 1] => QQFieldElem[0, 0, 0, 0, 0, 0, 0, 0, 0, 0, 0, 0, 0, 0, 0, 0],
	[13, 10, 13, 12, 7, 1, 1, 7, 1, 1] => QQFieldElem[0, 0, -16//3, 0, 0, 0, 0, 0, 0, 0, 16//3, 0, 0, 0, 0, 0],
	[13, 10, 13, 12, 4, 1, 1, 19, 1, 1] => QQFieldElem[3//4, 0, 0, 0, 0, 0, 0, 0, 0, 0, 0, 0, 0, 0, 0, 0],
	[13, 10, 13, 12, 6, 1, 1, 20, 1, 1] => QQFieldElem[0, 0, 0, 0, 0, 0, 0, 0, 0, 0, 0, 0, 0, 0, 0, 0],
	[13, 10, 13, 12, 6, 1, 1, 6, 1, 1] => QQFieldElem[0, 0, 16//3, 0, 0, 0, 0, 0, 0, 0, -16//3, 0, 0, 0, 0, 0],
	[13, 10, 13, 12, 19, 1, 1, 21, 1, 1] => QQFieldElem[-1//3, 0, 0, 0, 0, 0, 0, 0, 2//3, 0, 0, 0, 0, 0, 0, 0],
	[13, 10, 13, 12, 21, 1, 1, 7, 1, 1] => QQFieldElem[0, 0, 0, 0, 0, 0, 0, 0, 0, 0, 0, 0, 0, 0, 0, 0],
	[13, 10, 13, 12, 5, 1, 1, 20, 1, 1] => QQFieldElem[3//4, 0, 0, 0, 0, 0, 0, 0, 0, 0, 0, 0, 0, 0, 0, 0],
	[13, 10, 13, 12, 5, 1, 1, 6, 1, 1] => QQFieldElem[0, 0, 0, 0, 0, 0, -9//4096, 0, 0, 0, 0, 0, 0, 0, 0, 0],
	[13, 10, 13, 12, 6, 1, 1, 4, 1, 1] => QQFieldElem[-512//9, 0, 0, 0, 0, 0, 0, 0, 0, 0, 0, 0, 0, 0, 0, 0],
	[13, 10, 13, 12, 7, 1, 1, 20, 1, 1] => QQFieldElem[0, 0, 0, 0, 0, 0, 0, 0, 0, 0, 0, 0, 0, 0, 0, 0],
	[13, 10, 13, 12, 20, 1, 1, 5, 1, 1] => QQFieldElem[-1//96, 0, 0, 0, 0, 0, 0, 0, 0, 0, 0, 0, 0, 0, 0, 0],
	[13, 10, 13, 12, 7, 1, 1, 6, 1, 1] => QQFieldElem[0, 0, -16//3, 0, 0, 0, 0, 0, 0, 0, 16//3, 0, 0, 0, 0, 0],
	[13, 10, 13, 12, 20, 1, 1, 19, 1, 1] => QQFieldElem[1//3, 0, 0, 0, 0, 0, 0, 0, -2//3, 0, 0, 0, 0, 0, 0, 0],
	[13, 10, 13, 12, 21, 1, 1, 20, 1, 1] => QQFieldElem[0, 0, 0, 0, 0, 0, 0, 0, 0, 0, 0, 0, 0, 0, 0, 0],
	[13, 10, 13, 12, 5, 1, 1, 4, 1, 1] => QQFieldElem[0, 0, 0, 0, 0, 0, 0, 0, 0, 0, 0, 0, 0, 0, 0, 0],
	[13, 10, 13, 12, 21, 1, 1, 6, 1, 1] => QQFieldElem[0, 0, 0, 0, 0, 0, 0, 0, 0, 0, 0, 0, 0, 0, 0, 0],
	[13, 10, 13, 12, 19, 1, 1, 7, 1, 1] => QQFieldElem[0, 0, 0, 0, 0, 0, 0, 0, 0, 0, 0, 0, 0, 0, 0, 0],
	[13, 10, 13, 12, 7, 1, 1, 4, 1, 1] => QQFieldElem[-512//9, 0, 0, 0, 0, 0, 0, 0, 0, 0, 0, 0, 0, 0, 0, 0],
	[13, 10, 13, 12, 4, 1, 1, 21, 1, 1] => QQFieldElem[3//4, 0, 0, 0, 0, 0, 0, 0, 0, 0, 0, 0, 0, 0, 0, 0],
	[13, 10, 13, 12, 21, 1, 1, 4, 1, 1] => QQFieldElem[-1//96, 0, 0, 0, 0, 0, 0, 0, 0, 0, 0, 0, 0, 0, 0, 0],
	[13, 10, 13, 12, 19, 1, 1, 20, 1, 1] => QQFieldElem[1//3, 0, 0, 0, 0, 0, 0, 0, -2//3, 0, 0, 0, 0, 0, 0, 0],
	[13, 10, 13, 12, 19, 1, 1, 6, 1, 1] => QQFieldElem[0, 0, 0, 0, 0, 0, 0, 0, 0, 0, 0, 0, 0, 0, 0, 0],
	[13, 10, 13, 12, 6, 1, 1, 5, 1, 1] => QQFieldElem[512//9, 0, 0, 0, 0, 0, 0, 0, 0, 0, 0, 0, 0, 0, 0, 0])