Dict(
	[13, 16, 13, 11, 19, 1, 1, 20, 1, 1] => QQFieldElem[0, 0, 0, 0, 0, 0, 0, 0, 0, 0, 0, 0, 4//9, -4//9, 0, 0],
	[13, 16, 13, 11, 21, 1, 1, 19, 1, 1] => QQFieldElem[0, 0, 0, 0, 0, 4//9, 0, 0, 0, 0, 0, 0, 4//9, 0, 0, 0],
	[13, 16, 13, 11, 21, 1, 1, 21, 1, 1] => QQFieldElem[0, 0, 0, 0, 0, 0, 0, 0, 0, 0, 0, 0, 4//9, -4//9, 0, 0],
	[13, 16, 13, 11, 21, 1, 1, 9, 1, 1] => QQFieldElem[0, 0, 0, 0, 0, 0, 0, 0, 0, 0, -4//27, 0, 0, 0, 0, 0],
	[13, 16, 13, 11, 20, 1, 1, 19, 1, 1] => QQFieldElem[0, 0, 0, 0, 0, 0, 0, 0, 0, 0, 0, 0, 4//9, -4//9, 0, 0],
	[13, 16, 13, 11, 20, 1, 1, 21, 1, 1] => QQFieldElem[0, 0, 0, 0, 0, -4//9, 0, 0, 0, 0, 0, 0, 4//9, 4//9, 0, 0],
	[13, 16, 13, 11, 21, 1, 1, 20, 1, 1] => QQFieldElem[0, 0, 0, 0, 0, -4//9, 0, 0, 0, 0, 0, 0, 4//9, 4//9, 0, 0],
	[13, 16, 13, 11, 9, 1, 1, 19, 1, 1] => QQFieldElem[0, 0, 1024//9, 0, 0, 0, 0, 0, 0, 0, -1024//9, 0, 0, 0, 0, 0],
	[13, 16, 13, 11, 9, 1, 1, 21, 1, 1] => QQFieldElem[0, 0, 0, 0, 0, 0, 0, 0, 0, 0, 1024//9, 0, 0, 0, 0, 0],
	[13, 16, 13, 11, 20, 1, 1, 9, 1, 1] => QQFieldElem[0, 0, 4//27, 0, 0, 0, 0, 0, 0, 0, 0, 0, 0, 0, 0, 0],
	[13, 16, 13, 11, 9, 1, 1, 9, 1, 1] => QQFieldElem[0, 0, 0, 0, 0, 0, 0, 0, 0, 0, 0, 0, 0, 0, 0, 0],
	[13, 16, 13, 11, 20, 1, 1, 20, 1, 1] => QQFieldElem[0, 0, 0, 0, 0, 4//9, 0, 0, 0, 0, 0, 0, 4//9, 0, 0, 0],
	[13, 16, 13, 11, 9, 1, 1, 20, 1, 1] => QQFieldElem[0, 0, -1024//9, 0, 0, 0, 0, 0, 0, 0, 0, 0, 0, 0, 0, 0],
	[13, 16, 13, 11, 19, 1, 1, 19, 1, 1] => QQFieldElem[0, 0, 0, 0, 0, -4//9, 0, 0, 0, 0, 0, 0, 4//9, 4//9, 0, 0],
	[13, 16, 13, 11, 19, 1, 1, 21, 1, 1] => QQFieldElem[0, 0, 0, 0, 0, 4//9, 0, 0, 0, 0, 0, 0, 4//9, 0, 0, 0],
	[13, 16, 13, 11, 19, 1, 1, 9, 1, 1] => QQFieldElem[0, 0, -4//27, 0, 0, 0, 0, 0, 0, 0, 4//27, 0, 0, 0, 0, 0])