Dict(
	[13, 10, 10, 11, 21, 1, 1, 20, 1, 1] => QQFieldElem[0, 0, 0, 0, 0, 0, 0, 0, 0, 0, 0, 0, 0, 0, 0, 0],
	[13, 10, 10, 11, 9, 1, 1, 19, 1, 1] => QQFieldElem[0, 0, 0, 0, 0, 0, 0, 0, 0, 0, 0, 0, 0, 0, 0, 0],
	[13, 10, 10, 11, 5, 1, 1, 4, 1, 1] => QQFieldElem[0, 0, 0, 0, 0, 0, 0, 0, 0, 0, 0, 0, 0, 0, 0, 0],
	[13, 10, 10, 11, 21, 1, 1, 6, 1, 1] => QQFieldElem[0, 0, 0, 0, 0, 0, 0, 0, 0, 0, 0, 0, 0, 0, 0, 0],
	[13, 10, 10, 11, 19, 1, 1, 7, 1, 1] => QQFieldElem[0, 0, 0, 0, 0, 0, 0, 0, 0, 0, 0, 0, 0, 0, 0, 0],
	[13, 10, 10, 11, 4, 1, 1, 21, 1, 1] => QQFieldElem[9//16, 0, 0, 0, 0, 0, 0, 0, 0, 0, 0, 0, 0, 0, 0, 0],
	[13, 10, 10, 11, 8, 1, 1, 7, 1, 1] => QQFieldElem[0, 0, 64//9, 0, 0, 0, 0, 0, 0, 0, -64//9, 0, 0, 0, 0, 0],
	[13, 10, 10, 11, 21, 1, 1, 4, 1, 1] => QQFieldElem[1//72, 0, 0, 0, 0, 0, 0, 0, 0, 0, 0, 0, 0, 0, 0, 0],
	[13, 10, 10, 11, 19, 1, 1, 20, 1, 1] => QQFieldElem[4//9, 0, 0, 0, 0, 0, 0, 0, -8//9, 0, 0, 0, 0, 0, 0, 0],
	[13, 10, 10, 11, 19, 1, 1, 6, 1, 1] => QQFieldElem[0, 0, 0, 0, 0, 0, 0, 0, 0, 0, 0, 0, 0, 0, 0, 0],
	[13, 10, 10, 11, 8, 1, 1, 20, 1, 1] => QQFieldElem[0, 0, 0, 0, 0, 0, 0, 0, 0, 0, 0, 0, 0, 0, 0, 0],
	[13, 10, 10, 11, 8, 1, 1, 6, 1, 1] => QQFieldElem[0, 0, 64//9, 0, 0, 0, 0, 0, 0, 0, -64//9, 0, 0, 0, 0, 0],
	[13, 10, 10, 11, 20, 1, 1, 21, 1, 1] => QQFieldElem[0, 0, 0, 0, 0, 0, 0, 0, 0, 0, 0, 0, 0, 0, 0, 0],
	[13, 10, 10, 11, 9, 1, 1, 21, 1, 1] => QQFieldElem[0, 0, 0, 0, 0, 0, 0, 0, 0, 0, 0, 0, 0, 0, 0, 0],
	[13, 10, 10, 11, 4, 1, 1, 7, 1, 1] => QQFieldElem[0, 0, 0, 0, 0, 0, -9//2048, 0, 0, 0, 0, 0, 0, 0, 0, 0],
	[13, 10, 10, 11, 19, 1, 1, 4, 1, 1] => QQFieldElem[1//72, 0, 0, 0, 0, 0, 0, 0, 0, 0, 0, 0, 0, 0, 0, 0],
	[13, 10, 10, 11, 5, 1, 1, 5, 1, 1] => QQFieldElem[0, 0, 0, 0, 0, 0, 0, 0, 0, 0, 0, 0, 0, 0, 0, 0],
	[13, 10, 10, 11, 5, 1, 1, 19, 1, 1] => QQFieldElem[9//16, 0, 0, 0, 0, 0, 0, 0, 0, 0, 0, 0, 0, 0, 0, 0],
	[13, 10, 10, 11, 8, 1, 1, 4, 1, 1] => QQFieldElem[256//9, 0, 0, 0, 0, 0, 0, 0, 0, 0, 0, 0, 0, 0, 0, 0],
	[13, 10, 10, 11, 21, 1, 1, 5, 1, 1] => QQFieldElem[1//72, 0, 0, 0, 0, 0, 0, 0, 0, 0, 0, 0, 0, 0, 0, 0],
	[13, 10, 10, 11, 4, 1, 1, 20, 1, 1] => QQFieldElem[9//16, 0, 0, 0, 0, 0, 0, 0, 0, 0, 0, 0, 0, 0, 0, 0],
	[13, 10, 10, 11, 21, 1, 1, 19, 1, 1] => QQFieldElem[-4//9, 0, 0, 0, 0, 0, 0, 0, 8//9, 0, 0, 0, 0, 0, 0, 0],
	[13, 10, 10, 11, 4, 1, 1, 6, 1, 1] => QQFieldElem[0, 0, 0, 0, 0, 0, 9//2048, 0, 0, 0, 0, 0, 0, 0, 0, 0],
	[13, 10, 10, 11, 20, 1, 1, 7, 1, 1] => QQFieldElem[0, 0, 0, 0, 0, 0, 0, 0, 0, 0, 0, 0, 0, 0, 0, 0],
	[13, 10, 10, 11, 9, 1, 1, 7, 1, 1] => QQFieldElem[0, 0, -64//9, 0, 0, 0, 0, 0, 0, 0, 64//9, 0, 0, 0, 0, 0],
	[13, 10, 10, 11, 4, 1, 1, 4, 1, 1] => QQFieldElem[0, 0, 0, 0, 0, 0, 0, 0, 0, 0, 0, 0, 0, 0, 0, 0],
	[13, 10, 10, 11, 20, 1, 1, 20, 1, 1] => QQFieldElem[-4//9, 0, 0, 0, 0, 0, 0, 0, 8//9, 0, 0, 0, 0, 0, 0, 0],
	[13, 10, 10, 11, 19, 1, 1, 5, 1, 1] => QQFieldElem[1//72, 0, 0, 0, 0, 0, 0, 0, 0, 0, 0, 0, 0, 0, 0, 0],
	[13, 10, 10, 11, 9, 1, 1, 20, 1, 1] => QQFieldElem[0, 0, 0, 0, 0, 0, 0, 0, 0, 0, 0, 0, 0, 0, 0, 0],
	[13, 10, 10, 11, 20, 1, 1, 6, 1, 1] => QQFieldElem[0, 0, 0, 0, 0, 0, 0, 0, 0, 0, 0, 0, 0, 0, 0, 0],
	[13, 10, 10, 11, 19, 1, 1, 19, 1, 1] => QQFieldElem[0, 0, 0, 0, 0, 0, 0, 0, 0, 0, 0, 0, 0, 0, 0, 0],
	[13, 10, 10, 11, 5, 1, 1, 21, 1, 1] => QQFieldElem[9//16, 0, 0, 0, 0, 0, 0, 0, 0, 0, 0, 0, 0, 0, 0, 0],
	[13, 10, 10, 11, 9, 1, 1, 6, 1, 1] => QQFieldElem[0, 0, -64//9, 0, 0, 0, 0, 0, 0, 0, 64//9, 0, 0, 0, 0, 0],
	[13, 10, 10, 11, 8, 1, 1, 5, 1, 1] => QQFieldElem[-256//9, 0, 0, 0, 0, 0, 0, 0, 0, 0, 0, 0, 0, 0, 0, 0],
	[13, 10, 10, 11, 8, 1, 1, 19, 1, 1] => QQFieldElem[0, 0, 0, 0, 0, 0, 0, 0, 0, 0, 0, 0, 0, 0, 0, 0],
	[13, 10, 10, 11, 20, 1, 1, 4, 1, 1] => QQFieldElem[1//72, 0, 0, 0, 0, 0, 0, 0, 0, 0, 0, 0, 0, 0, 0, 0],
	[13, 10, 10, 11, 21, 1, 1, 21, 1, 1] => QQFieldElem[4//9, 0, 0, 0, 0, 0, 0, 0, -8//9, 0, 0, 0, 0, 0, 0, 0],
	[13, 10, 10, 11, 9, 1, 1, 4, 1, 1] => QQFieldElem[256//9, 0, 0, 0, 0, 0, 0, 0, 0, 0, 0, 0, 0, 0, 0, 0],
	[13, 10, 10, 11, 5, 1, 1, 7, 1, 1] => QQFieldElem[0, 0, 0, 0, 0, 0, 9//2048, 0, 0, 0, 0, 0, 0, 0, 0, 0],
	[13, 10, 10, 11, 4, 1, 1, 5, 1, 1] => QQFieldElem[0, 0, 0, 0, 0, 0, 0, 0, 0, 0, 0, 0, 0, 0, 0, 0],
	[13, 10, 10, 11, 4, 1, 1, 19, 1, 1] => QQFieldElem[9//16, 0, 0, 0, 0, 0, 0, 0, 0, 0, 0, 0, 0, 0, 0, 0],
	[13, 10, 10, 11, 19, 1, 1, 21, 1, 1] => QQFieldElem[-4//9, 0, 0, 0, 0, 0, 0, 0, 8//9, 0, 0, 0, 0, 0, 0, 0],
	[13, 10, 10, 11, 21, 1, 1, 7, 1, 1] => QQFieldElem[0, 0, 0, 0, 0, 0, 0, 0, 0, 0, 0, 0, 0, 0, 0, 0],
	[13, 10, 10, 11, 8, 1, 1, 21, 1, 1] => QQFieldElem[0, 0, 0, 0, 0, 0, 0, 0, 0, 0, 0, 0, 0, 0, 0, 0],
	[13, 10, 10, 11, 5, 1, 1, 20, 1, 1] => QQFieldElem[9//16, 0, 0, 0, 0, 0, 0, 0, 0, 0, 0, 0, 0, 0, 0, 0],
	[13, 10, 10, 11, 5, 1, 1, 6, 1, 1] => QQFieldElem[0, 0, 0, 0, 0, 0, -9//2048, 0, 0, 0, 0, 0, 0, 0, 0, 0],
	[13, 10, 10, 11, 20, 1, 1, 5, 1, 1] => QQFieldElem[1//72, 0, 0, 0, 0, 0, 0, 0, 0, 0, 0, 0, 0, 0, 0, 0],
	[13, 10, 10, 11, 9, 1, 1, 5, 1, 1] => QQFieldElem[-256//9, 0, 0, 0, 0, 0, 0, 0, 0, 0, 0, 0, 0, 0, 0, 0],
	[13, 10, 10, 11, 20, 1, 1, 19, 1, 1] => QQFieldElem[4//9, 0, 0, 0, 0, 0, 0, 0, -8//9, 0, 0, 0, 0, 0, 0, 0])