Dict(
	[13, 20, 12, 14, 15, 1, 1, 13, 1, 1] => QQFieldElem[0, 0, 0, 0, 1//256, 0, 0, 0, 0, 0, 0, 0, 0, 0, 0, 0],
	[13, 20, 12, 14, 12, 1, 1, 10, 1, 1] => QQFieldElem[0, 0, 0, 0, 0, 0, 0, 0, 0, 0, 0, 0, 0, 0, 0, 0],
	[13, 20, 12, 14, 16, 1, 1, 17, 1, 1] => QQFieldElem[0, 0, 0, 0, 0, 0, 0, 0, 0, 0, 0, 0, 0, 0, 0, 0],
	[13, 20, 12, 14, 11, 1, 1, 15, 1, 1] => QQFieldElem[0, 0, 0, 0, 3//2, 0, 0, 0, 0, 0, 0, 0, 0, 0, 0, 0],
	[13, 20, 12, 14, 17, 1, 1, 17, 1, 1] => QQFieldElem[0, 0, 1//2, 0, 0, 0, 0, 0, 0, 0, 0, 0, 0, 0, 0, 0],
	[13, 20, 12, 14, 15, 1, 1, 15, 1, 1] => QQFieldElem[0, 0, 1//2, 0, 0, 0, 0, 0, 0, 0, 0, 0, 0, 0, 0, 0],
	[13, 20, 12, 14, 12, 1, 1, 18, 1, 1] => QQFieldElem[0, 0, 0, 0, 0, 0, 64, 0, 0, 0, 0, 0, 0, 0, -64, 0],
	[13, 20, 12, 14, 18, 1, 1, 16, 1, 1] => QQFieldElem[0, 0, 1//2, 0, 0, 0, 0, 0, 0, 0, 0, 0, 0, 0, 0, 0],
	[13, 20, 12, 14, 16, 1, 1, 13, 1, 1] => QQFieldElem[0, 0, 0, 0, 1//256, 0, 0, 0, 0, 0, 0, 0, 0, 0, 0, 0],
	[13, 20, 12, 14, 12, 1, 1, 17, 1, 1] => QQFieldElem[0, 0, 0, 0, 0, 0, -64, 0, 0, 0, 0, 0, 0, 0, 64, 0],
	[13, 20, 12, 14, 17, 1, 1, 13, 1, 1] => QQFieldElem[0, 0, 0, 0, 1//256, 0, 0, 0, 0, 0, 0, 0, 0, 0, 0, 0],
	[13, 20, 12, 14, 11, 1, 1, 16, 1, 1] => QQFieldElem[0, 0, 0, 0, 3//2, 0, 0, 0, 0, 0, 0, 0, 0, 0, 0, 0],
	[13, 20, 12, 14, 18, 1, 1, 10, 1, 1] => QQFieldElem[0, 0, 0, 0, 0, 0, 1//16, 0, 0, 0, 0, 0, 0, 0, -1//16, 0],
	[13, 20, 12, 14, 15, 1, 1, 16, 1, 1] => QQFieldElem[0, 0, 0, 0, 0, 0, 0, 0, 0, 0, 0, 0, 0, 0, 0, 0],
	[13, 20, 12, 14, 16, 1, 1, 15, 1, 1] => QQFieldElem[0, 0, 0, 0, 0, 0, 0, 0, 0, 0, 0, 0, 0, 0, 0, 0],
	[13, 20, 12, 14, 17, 1, 1, 15, 1, 1] => QQFieldElem[0, 0, -1//2, 0, 0, 0, 0, 0, 0, 0, 0, 0, 0, 0, 0, 0],
	[13, 20, 12, 14, 11, 1, 1, 10, 1, 1] => QQFieldElem[0, 0, 0, 0, 0, 0, 0, 0, 0, 0, 0, 0, 0, 0, 0, 0],
	[13, 20, 12, 14, 12, 1, 1, 13, 1, 1] => QQFieldElem[0, 0, 0, 0, 0, 0, 0, 0, 0, 0, 0, 0, 0, 0, 0, 0],
	[13, 20, 12, 14, 18, 1, 1, 18, 1, 1] => QQFieldElem[0, 0, -1//2, 0, 0, 0, 0, 0, 0, 0, 0, 0, 0, 0, 0, 0],
	[13, 20, 12, 14, 15, 1, 1, 10, 1, 1] => QQFieldElem[0, 0, 0, 0, 0, 0, -1//16, 0, 0, 0, 0, 0, 0, 0, 1//16, 0],
	[13, 20, 12, 14, 11, 1, 1, 18, 1, 1] => QQFieldElem[0, 0, 0, 0, 3//2, 0, 0, 0, 0, 0, 0, 0, 0, 0, 0, 0],
	[13, 20, 12, 14, 18, 1, 1, 17, 1, 1] => QQFieldElem[0, 0, 0, 0, 0, 0, 0, 0, 0, 0, 0, 0, 0, 0, 0, 0],
	[13, 20, 12, 14, 16, 1, 1, 16, 1, 1] => QQFieldElem[0, 0, -1//2, 0, 0, 0, 0, 0, 0, 0, 0, 0, 0, 0, 0, 0],
	[13, 20, 12, 14, 12, 1, 1, 15, 1, 1] => QQFieldElem[0, 0, 0, 0, 0, 0, -64, 0, 0, 0, 0, 0, 0, 0, 64, 0],
	[13, 20, 12, 14, 17, 1, 1, 16, 1, 1] => QQFieldElem[0, 0, 0, 0, 0, 0, 0, 0, 0, 0, 0, 0, 0, 0, 0, 0],
	[13, 20, 12, 14, 11, 1, 1, 17, 1, 1] => QQFieldElem[0, 0, 0, 0, 3//2, 0, 0, 0, 0, 0, 0, 0, 0, 0, 0, 0],
	[13, 20, 12, 14, 15, 1, 1, 18, 1, 1] => QQFieldElem[0, 0, 0, 0, 0, 0, 0, 0, 0, 0, 0, 0, 0, 0, 0, 0],
	[13, 20, 12, 14, 15, 1, 1, 17, 1, 1] => QQFieldElem[0, 0, -1//2, 0, 0, 0, 0, 0, 0, 0, 0, 0, 0, 0, 0, 0],
	[13, 20, 12, 14, 16, 1, 1, 10, 1, 1] => QQFieldElem[0, 0, 0, 0, 0, 0, 1//16, 0, 0, 0, 0, 0, 0, 0, -1//16, 0],
	[13, 20, 12, 14, 18, 1, 1, 13, 1, 1] => QQFieldElem[0, 0, 0, 0, 1//256, 0, 0, 0, 0, 0, 0, 0, 0, 0, 0, 0],
	[13, 20, 12, 14, 17, 1, 1, 10, 1, 1] => QQFieldElem[0, 0, 0, 0, 0, 0, -1//16, 0, 0, 0, 0, 0, 0, 0, 1//16, 0],
	[13, 20, 12, 14, 12, 1, 1, 16, 1, 1] => QQFieldElem[0, 0, 0, 0, 0, 0, 64, 0, 0, 0, 0, 0, 0, 0, -64, 0],
	[13, 20, 12, 14, 11, 1, 1, 13, 1, 1] => QQFieldElem[0, 0, 0, 0, 0, 0, 0, 0, 0, 0, 0, 0, 0, 0, 0, 0],
	[13, 20, 12, 14, 18, 1, 1, 15, 1, 1] => QQFieldElem[0, 0, 0, 0, 0, 0, 0, 0, 0, 0, 0, 0, 0, 0, 0, 0],
	[13, 20, 12, 14, 16, 1, 1, 18, 1, 1] => QQFieldElem[0, 0, 1//2, 0, 0, 0, 0, 0, 0, 0, 0, 0, 0, 0, 0, 0],
	[13, 20, 12, 14, 17, 1, 1, 18, 1, 1] => QQFieldElem[0, 0, 0, 0, 0, 0, 0, 0, 0, 0, 0, 0, 0, 0, 0, 0])