Dict(
	[13, 14, 14, 11, 5, 1, 1, 17, 1, 1] => QQFieldElem[0, 0, 0, 0, 0, 0, 0, 0, 0, 0, 0, 0, 0, 0, 0, 0],
	[13, 14, 14, 11, 9, 1, 1, 15, 1, 1] => QQFieldElem[0, 0, -1//72, 0, 0, 0, 0, 0, 0, 0, 1//72, 0, 0, 0, 0, 0],
	[13, 14, 14, 11, 8, 1, 1, 18, 1, 1] => QQFieldElem[0, 0, 0, 0, 0, 0, 0, 0, 0, 0, 0, 0, 0, 0, 0, 0],
	[13, 14, 14, 11, 8, 1, 1, 17, 1, 1] => QQFieldElem[0, 0, 0, 0, 0, 0, 0, 0, 0, 0, 0, 0, 0, 0, 0, -2//9],
	[13, 14, 14, 11, 9, 1, 1, 16, 1, 1] => QQFieldElem[1//96, 0, 0, 0, 0, 0, 0, 0, 0, 0, 0, 0, 0, 0, 0, 0],
	[13, 14, 14, 11, 4, 1, 1, 15, 1, 1] => QQFieldElem[0, 0, 1//72, 0, 0, 0, 0, 0, 0, 0, -1//72, 0, 0, 0, 0, 0],
	[13, 14, 14, 11, 5, 1, 1, 15, 1, 1] => QQFieldElem[0, 0, -1//72, 0, 0, 0, 0, 0, 0, 0, 1//72, 0, 0, 0, 0, 0],
	[13, 14, 14, 11, 4, 1, 1, 16, 1, 1] => QQFieldElem[1//96, 0, 0, 0, 0, 0, 0, 0, 0, 0, 0, 0, 0, 0, 0, 0],
	[13, 14, 14, 11, 8, 1, 1, 15, 1, 1] => QQFieldElem[0, 0, 1//72, 0, 0, 0, 0, 0, 0, 0, -1//72, 0, 0, 0, 0, 0],
	[13, 14, 14, 11, 5, 1, 1, 16, 1, 1] => QQFieldElem[1//96, 0, 0, 0, 0, 0, 0, 0, 0, 0, 0, 0, 0, 0, 0, 0],
	[13, 14, 14, 11, 9, 1, 1, 18, 1, 1] => QQFieldElem[0, 0, 0, 2//9, 0, 0, 0, 0, 0, 0, 0, 0, 0, 0, 0, 0],
	[13, 14, 14, 11, 9, 1, 1, 17, 1, 1] => QQFieldElem[0, 0, 0, 0, 0, 0, 0, 0, 0, 0, 0, 0, 0, 0, 0, 0],
	[13, 14, 14, 11, 8, 1, 1, 16, 1, 1] => QQFieldElem[1//96, 0, 0, 0, 0, 0, 0, 0, 0, 0, 0, 0, 0, 0, 0, 0],
	[13, 14, 14, 11, 4, 1, 1, 18, 1, 1] => QQFieldElem[0, 0, 0, 0, 0, 0, 0, 0, 0, 0, 0, 0, 0, 0, 0, 0],
	[13, 14, 14, 11, 5, 1, 1, 18, 1, 1] => QQFieldElem[0, 0, 0, -2//9, 0, 0, 0, 0, 0, 0, 0, 0, 0, 0, 0, 0],
	[13, 14, 14, 11, 4, 1, 1, 17, 1, 1] => QQFieldElem[0, 0, 0, 0, 0, 0, 0, 0, 0, 0, 0, 0, 0, 0, 0, 2//9])