Dict(
	[13, 17, 10, 18, 19, 1, 1, 8, 1, 1] => QQFieldElem[0, 0, 1//6, 0, 0, 0, 0, 0, 0, 0, -1//6, 0, 0, 0, 0, 0],
	[13, 17, 10, 18, 14, 1, 1, 19, 1, 1] => QQFieldElem[0, 0, 0, 0, 0, 0, 0, 0, 0, 0, 0, 0, 0, 0, 0, 0],
	[13, 17, 10, 18, 7, 1, 1, 8, 1, 1] => QQFieldElem[0, 0, 0, 0, 0, 0, -1//4, 0, 0, 0, 0, 0, -1//4, 0, 0, 0],
	[13, 17, 10, 18, 14, 1, 1, 21, 1, 1] => QQFieldElem[0, 0, 0, 0, 0, 0, 0, 0, 0, 0, 0, 0, 0, 0, 0, 0],
	[13, 17, 10, 18, 8, 1, 1, 20, 1, 1] => QQFieldElem[0, 0, 0, 0, 0, 0, 0, 0, 0, 0, 1, 0, 0, 0, 0, 0],
	[13, 17, 10, 18, 20, 1, 1, 19, 1, 1] => QQFieldElem[0, 0, 1//3, 0, 1//3, 0, 0, 0, 0, 0, -1//3, 0, -1//3, 0, 0, 0],
	[13, 17, 10, 18, 8, 1, 1, 8, 1, 1] => QQFieldElem[0, 0, 0, 0, 0, 0, -1//4, 0, 0, 0, 0, 0, -1//4, 0, 0, 0],
	[13, 17, 10, 18, 21, 1, 1, 20, 1, 1] => QQFieldElem[0, 0, 1//3, 0, 0, 0, 0, 0, 0, 0, -1//3, 0, 1//3, 0, 0, 0],
	[13, 17, 10, 18, 20, 1, 1, 21, 1, 1] => QQFieldElem[0, 0, 1//3, 0, 0, 0, 0, 0, 0, 0, -1//3, 0, 1//3, 0, 0, 0],
	[13, 17, 10, 18, 19, 1, 1, 14, 1, 1] => QQFieldElem[0, 0, 0, 0, 0, 0, 0, 0, 0, 0, 0, 0, 0, 0, 0, 0],
	[13, 17, 10, 18, 7, 1, 1, 14, 1, 1] => QQFieldElem[0, 0, 0, 0, 0, 0, 1//2, 0, 0, 0, 0, 0, -1//2, 0, 0, 0],
	[13, 17, 10, 18, 14, 1, 1, 20, 1, 1] => QQFieldElem[0, 0, 0, 0, 0, 0, 0, 0, 0, 0, 0, 0, 0, 0, 0, 0],
	[13, 17, 10, 18, 21, 1, 1, 8, 1, 1] => QQFieldElem[0, 0, -1//6, 0, 0, 0, 0, 0, 0, 0, 0, 0, 0, 0, 0, 0],
	[13, 17, 10, 18, 19, 1, 1, 7, 1, 1] => QQFieldElem[0, 0, 1//6, 0, 0, 0, 0, 0, 0, 0, -1//6, 0, 0, 0, 0, 0],
	[13, 17, 10, 18, 8, 1, 1, 14, 1, 1] => QQFieldElem[0, 0, 0, 0, 0, 0, 1//2, 0, 0, 0, 0, 0, -1//2, 0, 0, 0],
	[13, 17, 10, 18, 7, 1, 1, 7, 1, 1] => QQFieldElem[0, 0, 0, 0, 0, 0, 1//4, 0, 0, 0, 0, 0, 1//4, 0, 0, 0],
	[13, 17, 10, 18, 20, 1, 1, 20, 1, 1] => QQFieldElem[0, 0, 1//3, 0, -1//3, 0, 0, 0, 0, 0, -1//3, 0, 0, 0, 0, 0],
	[13, 17, 10, 18, 14, 1, 1, 8, 1, 1] => QQFieldElem[0, 0, 0, 0, 0, 0, 1//4, 0, 0, 0, 0, 0, -1//4, 0, 0, 0],
	[13, 17, 10, 18, 20, 1, 1, 8, 1, 1] => QQFieldElem[0, 0, 0, 0, 0, 0, 0, 0, 0, 0, 1//6, 0, 0, 0, 0, 0],
	[13, 17, 10, 18, 21, 1, 1, 14, 1, 1] => QQFieldElem[0, 0, 0, 0, 0, 0, 0, 0, 0, 0, 0, 0, 0, 0, 0, 0],
	[13, 17, 10, 18, 19, 1, 1, 19, 1, 1] => QQFieldElem[0, 0, 1//3, 0, 0, 0, 0, 0, 0, 0, -1//3, 0, 1//3, 0, 0, 0],
	[13, 17, 10, 18, 8, 1, 1, 7, 1, 1] => QQFieldElem[0, 0, 0, 0, 0, 0, 1//4, 0, 0, 0, 0, 0, 1//4, 0, 0, 0],
	[13, 17, 10, 18, 7, 1, 1, 19, 1, 1] => QQFieldElem[0, 0, -1, 0, 0, 0, 0, 0, 0, 0, 1, 0, 0, 0, 0, 0],
	[13, 17, 10, 18, 19, 1, 1, 21, 1, 1] => QQFieldElem[0, 0, 1//3, 0, -1//3, 0, 0, 0, 0, 0, -1//3, 0, 0, 0, 0, 0],
	[13, 17, 10, 18, 7, 1, 1, 21, 1, 1] => QQFieldElem[0, 0, 1, 0, 0, 0, 0, 0, 0, 0, 0, 0, 0, 0, 0, 0],
	[13, 17, 10, 18, 21, 1, 1, 7, 1, 1] => QQFieldElem[0, 0, -1//6, 0, 0, 0, 0, 0, 0, 0, 0, 0, 0, 0, 0, 0],
	[13, 17, 10, 18, 14, 1, 1, 14, 1, 1] => QQFieldElem[0, 0, 0, 0, 0, 0, -1//2, 0, 0, 0, 0, 0, -1//2, 0, 0, 0],
	[13, 17, 10, 18, 8, 1, 1, 19, 1, 1] => QQFieldElem[0, 0, 1, 0, 0, 0, 0, 0, 0, 0, -1, 0, 0, 0, 0, 0],
	[13, 17, 10, 18, 8, 1, 1, 21, 1, 1] => QQFieldElem[0, 0, -1, 0, 0, 0, 0, 0, 0, 0, 0, 0, 0, 0, 0, 0],
	[13, 17, 10, 18, 14, 1, 1, 7, 1, 1] => QQFieldElem[0, 0, 0, 0, 0, 0, -1//4, 0, 0, 0, 0, 0, 1//4, 0, 0, 0],
	[13, 17, 10, 18, 20, 1, 1, 14, 1, 1] => QQFieldElem[0, 0, 0, 0, 0, 0, 0, 0, 0, 0, 0, 0, 0, 0, 0, 0],
	[13, 17, 10, 18, 19, 1, 1, 20, 1, 1] => QQFieldElem[0, 0, 1//3, 0, 1//3, 0, 0, 0, 0, 0, -1//3, 0, -1//3, 0, 0, 0],
	[13, 17, 10, 18, 21, 1, 1, 19, 1, 1] => QQFieldElem[0, 0, 1//3, 0, -1//3, 0, 0, 0, 0, 0, -1//3, 0, 0, 0, 0, 0],
	[13, 17, 10, 18, 20, 1, 1, 7, 1, 1] => QQFieldElem[0, 0, 0, 0, 0, 0, 0, 0, 0, 0, 1//6, 0, 0, 0, 0, 0],
	[13, 17, 10, 18, 21, 1, 1, 21, 1, 1] => QQFieldElem[0, 0, 1//3, 0, 1//3, 0, 0, 0, 0, 0, -1//3, 0, -1//3, 0, 0, 0],
	[13, 17, 10, 18, 7, 1, 1, 20, 1, 1] => QQFieldElem[0, 0, 0, 0, 0, 0, 0, 0, 0, 0, -1, 0, 0, 0, 0, 0])