Dict(
	[13, 15, 14, 19, 11, 1, 1, 19, 1, 2] => QQFieldElem[0, -1//6, 0, 1//6, 0, 0, 0, 0, 0, 0, 0, 0, -1//6, 0, -1//6, 0],
	[13, 15, 14, 19, 10, 1, 1, 20, 1, 2] => QQFieldElem[0, 0, 0, 1//6, 0, 0, -1//6, 0, 0, -1//6, 0, 0, -1//6, 0, 0, 0],
	[13, 15, 14, 19, 12, 1, 1, 21, 1, 1] => QQFieldElem[0, 0, 0, 0, 0, -3//8, 0, 3//8, 0, 0, 0, 0, 0, 0, 0, 0],
	[13, 15, 14, 19, 11, 1, 1, 21, 1, 2] => QQFieldElem[0, 0, 0, -1//3, 0, -1//3, 0, 0, 0, 0, 0, 1//3, 0, 0, 0, 0],
	[13, 15, 14, 19, 15, 1, 1, 19, 1, 2] => QQFieldElem[0, 1//6, 0, 1//6, 0, 0, 0, 0, 0, 0, 0, 0, 1//6, 0, -1//6, 0],
	[13, 15, 14, 19, 10, 1, 1, 19, 1, 1] => QQFieldElem[0, 0, 3//16, 0, 0, 0, 0, 0, 0, 3//16, -3//16, 0, -3//16, 0, 0, -3//16],
	[13, 15, 14, 19, 17, 1, 1, 20, 1, 1] => QQFieldElem[0, 0, -3//16, 0, -3//16, 0, 0, -3//16, 0, 3//16, 3//16, 0, 0, 0, 0, 3//16],
	[13, 15, 14, 19, 15, 1, 1, 21, 1, 2] => QQFieldElem[0, 0, 0, -1//3, 0, 1//3, 0, 0, 0, 0, 0, 1//3, 0, 0, 0, 0],
	[13, 15, 14, 19, 10, 1, 1, 21, 1, 1] => QQFieldElem[0, 0, 0, 0, 0, 3//8, 0, 0, 0, 0, 0, 0, 0, -3//8, 0, -3//8],
	[13, 15, 14, 19, 13, 1, 1, 20, 1, 2] => QQFieldElem[0, 0, 0, 1//6, 0, 0, -1//6, 0, 0, 1//6, 0, 0, 1//6, 0, 0, 0],
	[13, 15, 14, 19, 12, 1, 1, 20, 1, 1] => QQFieldElem[0, 0, -3//16, 0, 3//16, 0, 0, -3//16, 0, -3//16, 3//16, 0, 0, 0, 0, 3//16],
	[13, 15, 14, 19, 13, 1, 1, 19, 1, 1] => QQFieldElem[0, 0, 3//16, 0, 0, 0, 0, 0, 0, -3//16, -3//16, 0, 3//16, 0, 0, -3//16],
	[13, 15, 14, 19, 11, 1, 1, 20, 1, 2] => QQFieldElem[0, 1//6, 0, 1//6, 0, 0, 0, 0, 0, 0, 0, 0, -1//6, 0, 1//6, 0],
	[13, 15, 14, 19, 13, 1, 1, 21, 1, 1] => QQFieldElem[0, 0, 0, 0, 0, -3//8, 0, 0, 0, 0, 0, 0, 0, 3//8, 0, -3//8],
	[13, 15, 14, 19, 17, 1, 1, 19, 1, 2] => QQFieldElem[0, -1//6, 0, 1//6, 0, 0, -1//6, 0, 0, 1//6, 0, 0, 1//6, 0, 1//6, 0],
	[13, 15, 14, 19, 11, 1, 1, 19, 1, 1] => QQFieldElem[0, 0, 3//16, 0, -3//16, 0, 0, 3//16, 0, 3//16, -3//16, 0, 3//16, 0, 0, 0],
	[13, 15, 14, 19, 15, 1, 1, 20, 1, 2] => QQFieldElem[0, -1//6, 0, 1//6, 0, 0, 0, 0, 0, 0, 0, 0, 1//6, 0, 1//6, 0],
	[13, 15, 14, 19, 10, 1, 1, 20, 1, 1] => QQFieldElem[0, 0, -3//16, 0, 0, 0, 0, 0, 0, -3//16, 3//16, 0, -3//16, 0, 0, -3//16],
	[13, 15, 14, 19, 17, 1, 1, 21, 1, 2] => QQFieldElem[0, 0, 0, 0, 0, 0, 0, 0, 0, 0, 0, -1//3, 0, -1//3, 0, 0],
	[13, 15, 14, 19, 11, 1, 1, 21, 1, 1] => QQFieldElem[0, 0, 0, 0, 0, 0, 0, -3//8, 0, 0, 0, 0, 0, 3//8, 0, 3//8],
	[13, 15, 14, 19, 15, 1, 1, 19, 1, 1] => QQFieldElem[0, 0, 3//16, 0, 3//16, 0, 0, 3//16, 0, -3//16, -3//16, 0, -3//16, 0, 0, 0],
	[13, 15, 14, 19, 12, 1, 1, 19, 1, 2] => QQFieldElem[0, 1//6, 0, 1//6, 0, 0, -1//6, 0, 0, -1//6, 0, 0, -1//6, 0, 1//6, 0],
	[13, 15, 14, 19, 15, 1, 1, 21, 1, 1] => QQFieldElem[0, 0, 0, 0, 0, 0, 0, -3//8, 0, 0, 0, 0, 0, -3//8, 0, 3//8],
	[13, 15, 14, 19, 13, 1, 1, 20, 1, 1] => QQFieldElem[0, 0, -3//16, 0, 0, 0, 0, 0, 0, 3//16, 3//16, 0, 3//16, 0, 0, -3//16],
	[13, 15, 14, 19, 12, 1, 1, 21, 1, 2] => QQFieldElem[0, 0, 0, 0, 0, 0, 0, 0, 0, 0, 0, -1//3, 0, 1//3, 0, 0],
	[13, 15, 14, 19, 17, 1, 1, 20, 1, 2] => QQFieldElem[0, 1//6, 0, 1//6, 0, 0, 1//6, 0, 0, -1//6, 0, 0, 1//6, 0, -1//6, 0],
	[13, 15, 14, 19, 10, 1, 1, 19, 1, 2] => QQFieldElem[0, 0, 0, 1//6, 0, 0, 1//6, 0, 0, 1//6, 0, 0, -1//6, 0, 0, 0],
	[13, 15, 14, 19, 11, 1, 1, 20, 1, 1] => QQFieldElem[0, 0, -3//16, 0, -3//16, 0, 0, 3//16, 0, -3//16, 3//16, 0, 3//16, 0, 0, 0],
	[13, 15, 14, 19, 10, 1, 1, 21, 1, 2] => QQFieldElem[0, 0, 0, 1//3, 0, 1//3, 0, 0, 0, 0, 0, 0, 0, -1//3, 0, 0],
	[13, 15, 14, 19, 17, 1, 1, 19, 1, 1] => QQFieldElem[0, 0, 3//16, 0, -3//16, 0, 0, -3//16, 0, -3//16, -3//16, 0, 0, 0, 0, 3//16],
	[13, 15, 14, 19, 15, 1, 1, 20, 1, 1] => QQFieldElem[0, 0, -3//16, 0, 3//16, 0, 0, 3//16, 0, 3//16, 3//16, 0, -3//16, 0, 0, 0],
	[13, 15, 14, 19, 17, 1, 1, 21, 1, 1] => QQFieldElem[0, 0, 0, 0, 0, 3//8, 0, 3//8, 0, 0, 0, 0, 0, 0, 0, 0],
	[13, 15, 14, 19, 12, 1, 1, 20, 1, 2] => QQFieldElem[0, -1//6, 0, 1//6, 0, 0, 1//6, 0, 0, 1//6, 0, 0, -1//6, 0, -1//6, 0],
	[13, 15, 14, 19, 13, 1, 1, 19, 1, 2] => QQFieldElem[0, 0, 0, 1//6, 0, 0, 1//6, 0, 0, -1//6, 0, 0, 1//6, 0, 0, 0],
	[13, 15, 14, 19, 13, 1, 1, 21, 1, 2] => QQFieldElem[0, 0, 0, 1//3, 0, -1//3, 0, 0, 0, 0, 0, 0, 0, 1//3, 0, 0],
	[13, 15, 14, 19, 12, 1, 1, 19, 1, 1] => QQFieldElem[0, 0, 3//16, 0, 3//16, 0, 0, -3//16, 0, 3//16, -3//16, 0, 0, 0, 0, 3//16])