Dict(
	[13, 14, 12, 21, 16, 1, 1, 13, 1, 1] => QQFieldElem[0, 0, 0, 0, 0, 0, 0, 0, 1//384, 0, 0, 0, 0, 0, 0, 0],
	[13, 14, 12, 21, 12, 1, 1, 17, 1, 1] => QQFieldElem[0, 0, 0, 0, 0, 0, 0, 0, 0, 0, 0, 0, 0, 0, -3, 0],
	[13, 14, 12, 21, 17, 1, 1, 13, 1, 1] => QQFieldElem[0, 0, 0, 0, 0, 0, 0, 0, 1//384, 0, 0, 0, 0, 0, 0, 0],
	[13, 14, 12, 21, 11, 1, 1, 16, 1, 1] => QQFieldElem[0, 0, 0, 0, 9//2, 0, 0, 0, 0, 0, 0, 0, -9//2, 0, 0, 0],
	[13, 14, 12, 21, 18, 1, 1, 10, 1, 1] => QQFieldElem[0, 0, 0, 0, 0, 0, 0, 0, 0, 0, 0, 0, 0, 0, -1//256, 0],
	[13, 14, 12, 21, 15, 1, 1, 16, 1, 1] => QQFieldElem[0, 0, 0, 0, 0, 0, 0, 0, 0, 0, 0, 0, 0, 0, 0, 0],
	[13, 14, 12, 21, 16, 1, 1, 15, 1, 1] => QQFieldElem[0, 0, 0, 0, 0, 0, 0, 0, 0, 0, 0, 0, 0, 0, 0, 0],
	[13, 14, 12, 21, 17, 1, 1, 15, 1, 1] => QQFieldElem[0, 0, 0, 0, 0, 0, 0, 0, 0, 0, 1//2, 0, 0, 0, 0, 0],
	[13, 14, 12, 21, 11, 1, 1, 10, 1, 1] => QQFieldElem[0, 0, 0, 0, 0, 0, 0, 0, 0, 0, 0, 0, 0, 0, 0, 0],
	[13, 14, 12, 21, 12, 1, 1, 13, 1, 1] => QQFieldElem[0, 0, 0, 0, 0, 0, 0, 0, 0, 0, 0, 0, 0, 0, 0, 0],
	[13, 14, 12, 21, 18, 1, 1, 18, 1, 1] => QQFieldElem[0, 0, 0, 0, 0, 0, 0, 0, 0, 0, 1//2, 0, 0, 0, 0, 0],
	[13, 14, 12, 21, 15, 1, 1, 10, 1, 1] => QQFieldElem[0, 0, 0, 0, 0, 0, 0, 0, 0, 0, 0, 0, 0, 0, 1//256, 0],
	[13, 14, 12, 21, 18, 1, 1, 17, 1, 1] => QQFieldElem[0, 0, 0, 0, 0, 0, 0, 0, 0, 0, 0, 0, 0, 0, 0, 0],
	[13, 14, 12, 21, 12, 1, 1, 15, 1, 1] => QQFieldElem[0, 0, 0, 0, 0, 0, 0, 0, 0, 0, 0, 0, 0, 0, -3, 0],
	[13, 14, 12, 21, 16, 1, 1, 16, 1, 1] => QQFieldElem[0, 0, 0, 0, 0, 0, 0, 0, 0, 0, 1//2, 0, 0, 0, 0, 0],
	[13, 14, 12, 21, 11, 1, 1, 18, 1, 1] => QQFieldElem[0, 0, 0, 0, 9//2, 0, 0, 0, 0, 0, 0, 0, -9//2, 0, 0, 0],
	[13, 14, 12, 21, 17, 1, 1, 16, 1, 1] => QQFieldElem[0, 0, 0, 0, 0, 0, 0, 0, 0, 0, 0, 0, 0, 0, 0, 0],
	[13, 14, 12, 21, 11, 1, 1, 17, 1, 1] => QQFieldElem[0, 0, 0, 0, 9//2, 0, 0, 0, 0, 0, 0, 0, -9//2, 0, 0, 0],
	[13, 14, 12, 21, 15, 1, 1, 18, 1, 1] => QQFieldElem[0, 0, 0, 0, 0, 0, 0, 0, 0, 0, 0, 0, 0, 0, 0, 0],
	[13, 14, 12, 21, 15, 1, 1, 17, 1, 1] => QQFieldElem[0, 0, 0, 0, 0, 0, 0, 0, 0, 0, 1//2, 0, 0, 0, 0, 0],
	[13, 14, 12, 21, 16, 1, 1, 10, 1, 1] => QQFieldElem[0, 0, 0, 0, 0, 0, 0, 0, 0, 0, 0, 0, 0, 0, -1//256, 0],
	[13, 14, 12, 21, 18, 1, 1, 13, 1, 1] => QQFieldElem[0, 0, 0, 0, 0, 0, 0, 0, 1//384, 0, 0, 0, 0, 0, 0, 0],
	[13, 14, 12, 21, 17, 1, 1, 10, 1, 1] => QQFieldElem[0, 0, 0, 0, 0, 0, 0, 0, 0, 0, 0, 0, 0, 0, 1//256, 0],
	[13, 14, 12, 21, 12, 1, 1, 16, 1, 1] => QQFieldElem[0, 0, 0, 0, 0, 0, 0, 0, 0, 0, 0, 0, 0, 0, 3, 0],
	[13, 14, 12, 21, 11, 1, 1, 13, 1, 1] => QQFieldElem[0, 0, 0, 0, 0, 0, 0, 0, 0, 0, 0, 0, 0, 0, 0, 0],
	[13, 14, 12, 21, 18, 1, 1, 15, 1, 1] => QQFieldElem[0, 0, 0, 0, 0, 0, 0, 0, 0, 0, 0, 0, 0, 0, 0, 0],
	[13, 14, 12, 21, 16, 1, 1, 18, 1, 1] => QQFieldElem[0, 0, 0, 0, 0, 0, 0, 0, 0, 0, -1//2, 0, 0, 0, 0, 0],
	[13, 14, 12, 21, 17, 1, 1, 18, 1, 1] => QQFieldElem[0, 0, 0, 0, 0, 0, 0, 0, 0, 0, 0, 0, 0, 0, 0, 0],
	[13, 14, 12, 21, 15, 1, 1, 13, 1, 1] => QQFieldElem[0, 0, 0, 0, 0, 0, 0, 0, 1//384, 0, 0, 0, 0, 0, 0, 0],
	[13, 14, 12, 21, 12, 1, 1, 10, 1, 1] => QQFieldElem[0, 0, 0, 0, 0, 0, 0, 0, 0, 0, 0, 0, 0, 0, 0, 0],
	[13, 14, 12, 21, 16, 1, 1, 17, 1, 1] => QQFieldElem[0, 0, 0, 0, 0, 0, 0, 0, 0, 0, 0, 0, 0, 0, 0, 0],
	[13, 14, 12, 21, 11, 1, 1, 15, 1, 1] => QQFieldElem[0, 0, 0, 0, 9//2, 0, 0, 0, 0, 0, 0, 0, -9//2, 0, 0, 0],
	[13, 14, 12, 21, 17, 1, 1, 17, 1, 1] => QQFieldElem[0, 0, 0, 0, 0, 0, 0, 0, 0, 0, -1//2, 0, 0, 0, 0, 0],
	[13, 14, 12, 21, 15, 1, 1, 15, 1, 1] => QQFieldElem[0, 0, 0, 0, 0, 0, 0, 0, 0, 0, -1//2, 0, 0, 0, 0, 0],
	[13, 14, 12, 21, 12, 1, 1, 18, 1, 1] => QQFieldElem[0, 0, 0, 0, 0, 0, 0, 0, 0, 0, 0, 0, 0, 0, 3, 0],
	[13, 14, 12, 21, 18, 1, 1, 16, 1, 1] => QQFieldElem[0, 0, 0, 0, 0, 0, 0, 0, 0, 0, -1//2, 0, 0, 0, 0, 0])