Dict(
	[13, 11, 16, 18, 8, 1, 1, 20, 1, 1] => QQFieldElem[27//32, 0, 0, 0, 0, 0, 0, 0, 0, 0, 0, 0, 0, 0, 0, 0],
	[13, 11, 16, 18, 20, 1, 1, 19, 1, 1] => QQFieldElem[0, 0, -1//4, 0, 0, 0, 1//4, 0, 0, 0, 0, 1//4, 0, 1//4, -1//4, 0],
	[13, 11, 16, 18, 21, 1, 1, 20, 1, 1] => QQFieldElem[-1//4, 0, -1//4, -1//4, 0, 1//4, 1//4, 0, 1//2, 0, 0, 0, 0, -1//4, -1//4, 0],
	[13, 11, 16, 18, 14, 1, 1, 2, 1, 1] => QQFieldElem[0, 0, 0, 0, 0, -2, 0, 0, 0, 0, 0, 0, 0, 2, 0, 0],
	[13, 11, 16, 18, 20, 1, 1, 21, 1, 1] => QQFieldElem[1//4, 0, 0, -1//4, 0, 1//4, 0, 0, -1//2, 0, 1//4, 0, 0, -1//4, 1//4, 0],
	[13, 11, 16, 18, 19, 1, 1, 14, 1, 1] => QQFieldElem[0, 0, 0, 0, 0, 0, 0, 0, 0, 0, 0, 0, 0, 0, 0, 0],
	[13, 11, 16, 18, 7, 1, 1, 14, 1, 1] => QQFieldElem[0, 0, -256//3, 256//3, 0, -256//3, 256//3, 0, 0, -256//3, 256//3, 0, -256//3, 256//3, 0, -256//3],
	[13, 11, 16, 18, 20, 1, 1, 2, 1, 1] => QQFieldElem[0, -1//6, 0, 0, 0, 0, 0, 1//6, 0, 0, 0, 0, 1//6, 0, 0, -1//6],
	[13, 11, 16, 18, 14, 1, 1, 20, 1, 1] => QQFieldElem[0, 0, 0, 0, 0, 0, 0, 0, 0, 0, 0, 0, 0, 0, 0, 0],
	[13, 11, 16, 18, 8, 1, 1, 14, 1, 1] => QQFieldElem[27//32, 0, 0, 0, 0, 0, 0, 0, 0, 0, 0, 0, 0, 0, 0, 0],
	[13, 11, 16, 18, 20, 1, 1, 20, 1, 1] => QQFieldElem[-1//4, 0, 1//4, 1//4, 0, -1//4, -1//4, 0, 1//2, 0, -1//4, -1//4, 0, 0, 0, 0],
	[13, 11, 16, 18, 19, 1, 1, 3, 1, 1] => QQFieldElem[0, 0, 0, 0, 0, 0, 0, 0, 0, 1//8, 0, 0, 1//8, 0, 0, 1//8],
	[13, 11, 16, 18, 21, 1, 1, 14, 1, 1] => QQFieldElem[0, 0, 0, 0, 0, 0, 0, 0, 0, 0, 0, 0, 0, 0, 0, 0],
	[13, 11, 16, 18, 19, 1, 1, 19, 1, 1] => QQFieldElem[0, 0, 1//4, -1//4, 0, 1//4, -1//4, 0, 0, 0, -1//4, 0, 0, -1//4, 0, 0],
	[13, 11, 16, 18, 7, 1, 1, 3, 1, 1] => QQFieldElem[0, 0, -128//3, 128//3, 0, -128//3, 128//3, 0, 0, -128//3, 128//3, 0, -128//3, 128//3, 0, -128//3],
	[13, 11, 16, 18, 19, 1, 1, 21, 1, 1] => QQFieldElem[1//4, 0, -1//4, 1//4, 0, -1//4, 1//4, 0, -1//2, 0, 0, -1//4, 0, 0, -1//4, 0],
	[13, 11, 16, 18, 7, 1, 1, 19, 1, 1] => QQFieldElem[0, 0, 512//3, -512//3, 0, 512//3, -512//3, 0, 0, 512//3, -512//3, 0, 512//3, -512//3, 0, 512//3],
	[13, 11, 16, 18, 7, 1, 1, 21, 1, 1] => QQFieldElem[0, 0, 512//3, -512//3, 0, 512//3, -512//3, 0, 0, 512//3, -512//3, 0, 512//3, -512//3, 0, 512//3],
	[13, 11, 16, 18, 14, 1, 1, 14, 1, 1] => QQFieldElem[0, 0, 0, 0, 0, -3, 0, 0, 0, 0, 0, 0, 0, 3, 0, 0],
	[13, 11, 16, 18, 8, 1, 1, 3, 1, 1] => QQFieldElem[27//64, 0, 0, 0, 0, 0, 0, 0, 0, 0, 0, 0, 0, 0, 0, 0],
	[13, 11, 16, 18, 8, 1, 1, 19, 1, 1] => QQFieldElem[27//32, 0, 0, 0, 0, 0, 0, 0, 0, 0, 0, 0, 0, 0, 0, 0],
	[13, 11, 16, 18, 19, 1, 1, 2, 1, 1] => QQFieldElem[0, 0, 0, 0, 0, 0, 0, 0, 0, 1//6, 0, 0, 1//6, 0, 0, 1//6],
	[13, 11, 16, 18, 20, 1, 1, 14, 1, 1] => QQFieldElem[0, 0, 0, 0, 0, 0, 0, 0, 0, 0, 0, 0, 0, 0, 0, 0],
	[13, 11, 16, 18, 7, 1, 1, 2, 1, 1] => QQFieldElem[0, 0, 512//9, -512//9, 0, 512//9, -512//9, 0, 0, 512//9, -512//9, 0, 512//9, -512//9, 0, 512//9],
	[13, 11, 16, 18, 21, 1, 1, 3, 1, 1] => QQFieldElem[0, 1//8, 0, 0, 0, 0, 0, -1//8, 0, -1//8, 0, 0, 1//8, 0, 0, 0],
	[13, 11, 16, 18, 8, 1, 1, 21, 1, 1] => QQFieldElem[27//32, 0, 0, 0, 0, 0, 0, 0, 0, 0, 0, 0, 0, 0, 0, 0],
	[13, 11, 16, 18, 19, 1, 1, 20, 1, 1] => QQFieldElem[-1//4, 0, 0, 0, 0, 0, 0, 0, 1//2, 0, 1//4, 1//4, 0, 1//4, 1//4, 0],
	[13, 11, 16, 18, 21, 1, 1, 19, 1, 1] => QQFieldElem[0, 0, 0, 1//4, 0, -1//4, 0, 0, 0, 0, 1//4, -1//4, 0, 0, 1//4, 0],
	[13, 11, 16, 18, 21, 1, 1, 21, 1, 1] => QQFieldElem[1//4, 0, 1//4, 0, 0, 0, -1//4, 0, -1//2, 0, -1//4, 1//4, 0, 1//4, 0, 0],
	[13, 11, 16, 18, 8, 1, 1, 2, 1, 1] => QQFieldElem[-9//16, 0, 0, 0, 0, 0, 0, 0, 0, 0, 0, 0, 0, 0, 0, 0],
	[13, 11, 16, 18, 14, 1, 1, 3, 1, 1] => QQFieldElem[0, 0, 0, 0, 0, 3//2, 0, 0, 0, 0, 0, 0, 0, -3//2, 0, 0],
	[13, 11, 16, 18, 7, 1, 1, 20, 1, 1] => QQFieldElem[0, 0, 512//3, -512//3, 0, 512//3, -512//3, 0, 0, 512//3, -512//3, 0, 512//3, -512//3, 0, 512//3],
	[13, 11, 16, 18, 14, 1, 1, 19, 1, 1] => QQFieldElem[0, 0, 0, 0, 0, 0, 0, 0, 0, 0, 0, 0, 0, 0, 0, 0],
	[13, 11, 16, 18, 14, 1, 1, 21, 1, 1] => QQFieldElem[0, 0, 0, 0, 0, 0, 0, 0, 0, 0, 0, 0, 0, 0, 0, 0],
	[13, 11, 16, 18, 21, 1, 1, 2, 1, 1] => QQFieldElem[0, 1//6, 0, 0, 0, 0, 0, -1//6, 0, -1//6, 0, 0, 1//6, 0, 0, 0],
	[13, 11, 16, 18, 20, 1, 1, 3, 1, 1] => QQFieldElem[0, -1//8, 0, 0, 0, 0, 0, 1//8, 0, 0, 0, 0, 1//8, 0, 0, -1//8])