Dict(
	[13, 12, 13, 13, 4, 1, 1, 1, 1, 1] => QQFieldElem[3//1024, 0, 0, 0, 0, 0, 0, 0, 0, 0, 0, 0, 0, 0, 0, 0],
	[13, 12, 13, 13, 1, 1, 1, 21, 1, 1] => QQFieldElem[-1024//9, 0, 0, 0, 0, 0, 0, 0, 0, 0, 0, 0, 0, 0, 0, 0],
	[13, 12, 13, 13, 4, 1, 1, 21, 1, 1] => QQFieldElem[0, 0, 0, 0, 0, 0, 0, 0, 0, 0, 0, 0, 0, 0, 0, 0],
	[13, 12, 13, 13, 21, 1, 1, 14, 1, 1] => QQFieldElem[0, 0, 0, 0, 0, 0, 0, 0, 0, 0, 0, 0, 0, 0, 0, 0],
	[13, 12, 13, 13, 21, 1, 1, 4, 1, 1] => QQFieldElem[0, 0, 0, 0, 0, 0, 0, 0, 0, 0, 0, 0, 0, 0, 0, 0],
	[13, 12, 13, 13, 14, 1, 1, 14, 1, 1] => QQFieldElem[0, 0, 0, 0, 0, 0, 0, 0, 0, 0, 0, 0, 0, 0, 0, 0],
	[13, 12, 13, 13, 3, 1, 1, 20, 1, 1] => QQFieldElem[1, 0, 0, 0, 0, 0, 0, 0, 0, 0, 0, 0, 0, 0, 0, 0],
	[13, 12, 13, 13, 14, 1, 1, 4, 1, 1] => QQFieldElem[-512//3, 0, 0, 0, 0, 0, 0, 0, 0, 0, 0, 0, 0, 0, 0, 0],
	[13, 12, 13, 13, 21, 1, 1, 3, 1, 1] => QQFieldElem[1//144, 0, 0, 0, 0, 0, 0, 0, 0, 0, 0, 0, 0, 0, 0, 0],
	[13, 12, 13, 13, 19, 1, 1, 20, 1, 1] => QQFieldElem[4//9, 0, 0, 0, 0, 0, 0, 0, 0, 0, 0, 0, 0, 0, 0, 0],
	[13, 12, 13, 13, 14, 1, 1, 3, 1, 1] => QQFieldElem[1024//9, 0, 0, 0, 0, 0, 0, 0, 0, 0, 0, 0, 0, 0, 0, 0],
	[13, 12, 13, 13, 20, 1, 1, 1, 1, 1] => QQFieldElem[1//384, 0, 0, 0, 0, 0, 0, 0, 0, 0, 0, 0, 0, 0, 0, 0],
	[13, 12, 13, 13, 3, 1, 1, 14, 1, 1] => QQFieldElem[-1//12, 0, 0, 0, 0, 0, 0, 0, 0, 0, 0, 0, 0, 0, 0, 0],
	[13, 12, 13, 13, 3, 1, 1, 4, 1, 1] => QQFieldElem[-3//128, 0, 0, 0, 0, 0, 0, 0, 0, 0, 0, 0, 0, 0, 0, 0],
	[13, 12, 13, 13, 20, 1, 1, 21, 1, 1] => QQFieldElem[-8//9, 0, 0, 0, 0, 0, 0, 0, 0, 0, 0, 0, 0, 0, 0, 0],
	[13, 12, 13, 13, 19, 1, 1, 14, 1, 1] => QQFieldElem[0, 0, 0, 0, 0, 0, 0, 0, 0, 0, 0, 0, 0, 0, 0, 0],
	[13, 12, 13, 13, 19, 1, 1, 4, 1, 1] => QQFieldElem[0, 0, 0, 0, 0, 0, 0, 0, 0, 0, 0, 0, 0, 0, 0, 0],
	[13, 12, 13, 13, 3, 1, 1, 3, 1, 1] => QQFieldElem[-1//64, 0, 0, 0, 0, 0, 0, 0, 0, 0, 0, 0, 0, 0, 0, 0],
	[13, 12, 13, 13, 19, 1, 1, 3, 1, 1] => QQFieldElem[1//144, 0, 0, 0, 0, 0, 0, 0, 0, 0, 0, 0, 0, 0, 0, 0],
	[13, 12, 13, 13, 1, 1, 1, 20, 1, 1] => QQFieldElem[-1024//9, 0, 0, 0, 0, 0, 0, 0, 0, 0, 0, 0, 0, 0, 0, 0],
	[13, 12, 13, 13, 4, 1, 1, 20, 1, 1] => QQFieldElem[0, 0, 0, 0, 0, 0, 0, 0, 0, 0, 0, 0, 0, 0, 0, 0],
	[13, 12, 13, 13, 21, 1, 1, 19, 1, 1] => QQFieldElem[4//9, 0, 0, 0, 0, 0, 0, 0, 0, 0, 0, 0, 0, 0, 0, 0],
	[13, 12, 13, 13, 14, 1, 1, 19, 1, 1] => QQFieldElem[0, 0, 0, 0, 0, 0, 0, 0, 0, 0, 0, 0, 0, 0, 0, 0],
	[13, 12, 13, 13, 1, 1, 1, 14, 1, 1] => QQFieldElem[-128//27, 0, 0, 0, 0, 0, 0, 0, 0, 0, 0, 0, 0, 0, 0, 0],
	[13, 12, 13, 13, 1, 1, 1, 4, 1, 1] => QQFieldElem[-4//3, 0, 0, 0, 0, 0, 0, 0, 0, 0, 0, 0, 0, 0, 0, 0],
	[13, 12, 13, 13, 4, 1, 1, 14, 1, 1] => QQFieldElem[1//12, 0, 0, 0, 0, 0, 0, 0, 0, 0, 0, 0, 0, 0, 0, 0],
	[13, 12, 13, 13, 4, 1, 1, 4, 1, 1] => QQFieldElem[-3//128, 0, 0, 0, 0, 0, 0, 0, 0, 0, 0, 0, 0, 0, 0, 0],
	[13, 12, 13, 13, 1, 1, 1, 3, 1, 1] => QQFieldElem[-8//9, 0, 0, 0, 0, 0, 0, 0, 0, 0, 0, 0, 0, 0, 0, 0],
	[13, 12, 13, 13, 3, 1, 1, 19, 1, 1] => QQFieldElem[1, 0, 0, 0, 0, 0, 0, 0, 0, 0, 0, 0, 0, 0, 0, 0],
	[13, 12, 13, 13, 20, 1, 1, 20, 1, 1] => QQFieldElem[4//9, 0, 0, 0, 0, 0, 0, 0, 0, 0, 0, 0, 0, 0, 0, 0],
	[13, 12, 13, 13, 4, 1, 1, 3, 1, 1] => QQFieldElem[-1//64, 0, 0, 0, 0, 0, 0, 0, 0, 0, 0, 0, 0, 0, 0, 0],
	[13, 12, 13, 13, 19, 1, 1, 19, 1, 1] => QQFieldElem[-8//9, 0, 0, 0, 0, 0, 0, 0, 0, 0, 0, 0, 0, 0, 0, 0],
	[13, 12, 13, 13, 21, 1, 1, 1, 1, 1] => QQFieldElem[1//384, 0, 0, 0, 0, 0, 0, 0, 0, 0, 0, 0, 0, 0, 0, 0],
	[13, 12, 13, 13, 20, 1, 1, 14, 1, 1] => QQFieldElem[0, 0, 0, 0, 0, 0, 0, 0, 0, 0, 0, 0, 0, 0, 0, 0],
	[13, 12, 13, 13, 14, 1, 1, 1, 1, 1] => QQFieldElem[-64//3, 0, 0, 0, 0, 0, 0, 0, 0, 0, 0, 0, 0, 0, 0, 0],
	[13, 12, 13, 13, 20, 1, 1, 4, 1, 1] => QQFieldElem[0, 0, 0, 0, 0, 0, 0, 0, 0, 0, 0, 0, 0, 0, 0, 0],
	[13, 12, 13, 13, 21, 1, 1, 21, 1, 1] => QQFieldElem[4//9, 0, 0, 0, 0, 0, 0, 0, 0, 0, 0, 0, 0, 0, 0, 0],
	[13, 12, 13, 13, 14, 1, 1, 21, 1, 1] => QQFieldElem[0, 0, 0, 0, 0, 0, 0, 0, 0, 0, 0, 0, 0, 0, 0, 0],
	[13, 12, 13, 13, 20, 1, 1, 3, 1, 1] => QQFieldElem[1//144, 0, 0, 0, 0, 0, 0, 0, 0, 0, 0, 0, 0, 0, 0, 0],
	[13, 12, 13, 13, 3, 1, 1, 1, 1, 1] => QQFieldElem[3//1024, 0, 0, 0, 0, 0, 0, 0, 0, 0, 0, 0, 0, 0, 0, 0],
	[13, 12, 13, 13, 1, 1, 1, 19, 1, 1] => QQFieldElem[-1024//9, 0, 0, 0, 0, 0, 0, 0, 0, 0, 0, 0, 0, 0, 0, 0],
	[13, 12, 13, 13, 19, 1, 1, 1, 1, 1] => QQFieldElem[1//384, 0, 0, 0, 0, 0, 0, 0, 0, 0, 0, 0, 0, 0, 0, 0],
	[13, 12, 13, 13, 4, 1, 1, 19, 1, 1] => QQFieldElem[0, 0, 0, 0, 0, 0, 0, 0, 0, 0, 0, 0, 0, 0, 0, 0],
	[13, 12, 13, 13, 3, 1, 1, 21, 1, 1] => QQFieldElem[1, 0, 0, 0, 0, 0, 0, 0, 0, 0, 0, 0, 0, 0, 0, 0],
	[13, 12, 13, 13, 19, 1, 1, 21, 1, 1] => QQFieldElem[4//9, 0, 0, 0, 0, 0, 0, 0, 0, 0, 0, 0, 0, 0, 0, 0],
	[13, 12, 13, 13, 20, 1, 1, 19, 1, 1] => QQFieldElem[4//9, 0, 0, 0, 0, 0, 0, 0, 0, 0, 0, 0, 0, 0, 0, 0],
	[13, 12, 13, 13, 21, 1, 1, 20, 1, 1] => QQFieldElem[-8//9, 0, 0, 0, 0, 0, 0, 0, 0, 0, 0, 0, 0, 0, 0, 0],
	[13, 12, 13, 13, 1, 1, 1, 1, 1, 1] => QQFieldElem[1//6, 0, 0, 0, 0, 0, 0, 0, 0, 0, 0, 0, 0, 0, 0, 0],
	[13, 12, 13, 13, 14, 1, 1, 20, 1, 1] => QQFieldElem[0, 0, 0, 0, 0, 0, 0, 0, 0, 0, 0, 0, 0, 0, 0, 0])