Dict(
	[13, 12, 17, 16, 19, 1, 1, 4, 1, 1] => QQFieldElem[0, 0, 0, -1//3, 0, 0, 0, 0, 0, -1//3, 0, 0, -1//3, 0, 0, 0],
	[13, 12, 17, 16, 20, 1, 1, 20, 1, 1] => QQFieldElem[0, 0, -1//3, 0, 0, 1//3, 1//3, -1//3, 0, 0, 1//3, 0, -1//3, 0, 0, 0],
	[13, 12, 17, 16, 19, 1, 1, 19, 1, 1] => QQFieldElem[0, 0, -1//3, 0, 0, -1//3, 1//3, 0, 0, 0, 1//3, 0, 2//3, 1//3, 0, 1//3],
	[13, 12, 17, 16, 19, 1, 1, 21, 1, 1] => QQFieldElem[0, 0, 1//3, 0, 0, 1//3, -1//3, -1//3, 0, 0, 0, 0, -1//3, 0, 1//3, 0],
	[13, 12, 17, 16, 21, 1, 1, 4, 1, 1] => QQFieldElem[0, -1//3, 0, 1//3, 0, 0, 0, 0, 0, 1//3, 0, -1//3, -1//3, 0, 0, 0],
	[13, 12, 17, 16, 14, 1, 1, 4, 1, 1] => QQFieldElem[0, 0, 0, 0, 0, 0, 0, 0, 0, 0, 0, 0, 0, 0, 0, 0],
	[13, 12, 17, 16, 21, 1, 1, 19, 1, 1] => QQFieldElem[0, 0, 0, 0, 0, 1//3, 0, -1//3, 0, 0, -1//3, 0, 2//3, 0, -1//3, 0],
	[13, 12, 17, 16, 19, 1, 1, 20, 1, 1] => QQFieldElem[0, 0, 0, 0, 0, 0, 0, 1//3, 0, 0, -1//3, 0, -1//3, -1//3, -1//3, -1//3],
	[13, 12, 17, 16, 20, 1, 1, 4, 1, 1] => QQFieldElem[0, 1//3, 0, 0, 0, 0, 0, 0, 0, 0, 0, 1//3, -1//3, 0, 0, 0],
	[13, 12, 17, 16, 21, 1, 1, 21, 1, 1] => QQFieldElem[0, 0, -1//3, 0, 0, 0, 1//3, 1//3, 0, 0, 1//3, 0, -1//3, -1//3, 0, -1//3],
	[13, 12, 17, 16, 14, 1, 1, 19, 1, 1] => QQFieldElem[-9//16, 0, 0, 0, 0, 0, 0, 0, 0, 0, 0, 0, -9//8, 0, 0, 0],
	[13, 12, 17, 16, 14, 1, 1, 21, 1, 1] => QQFieldElem[-9//16, 0, 0, 0, 0, 0, 0, 0, 0, 0, 0, 0, -9//8, 0, 0, 0],
	[13, 12, 17, 16, 20, 1, 1, 19, 1, 1] => QQFieldElem[0, 0, 1//3, 0, 0, 0, -1//3, 1//3, 0, 0, 0, 0, 2//3, -1//3, 1//3, -1//3],
	[13, 12, 17, 16, 21, 1, 1, 20, 1, 1] => QQFieldElem[0, 0, 1//3, 0, 0, -1//3, -1//3, 0, 0, 0, 0, 0, -1//3, 1//3, 1//3, 1//3],
	[13, 12, 17, 16, 20, 1, 1, 21, 1, 1] => QQFieldElem[0, 0, 0, 0, 0, -1//3, 0, 0, 0, 0, -1//3, 0, -1//3, 1//3, -1//3, 1//3],
	[13, 12, 17, 16, 14, 1, 1, 20, 1, 1] => QQFieldElem[-9//16, 0, 0, 0, 0, 0, 0, 0, 0, 0, 0, 0, -9//8, 0, 0, 0])