Dict(
	[14, 3, 19, 19, 20, 2, 1, 14, 1, 1] => QQFieldElem[-32//3, 0, 0, 0, -32//3, 0, 0, 0, -32//3, 0, 0, 0, -32//3, 0, 0, 0],
	[14, 3, 19, 19, 20, 1, 1, 14, 2, 1] => QQFieldElem[-128//9, 0, 0, 0, 0, 0, 0, 0, 0, 0, 0, 0, 0, 0, 0, 0],
	[14, 3, 19, 19, 20, 2, 1, 14, 2, 1] => QQFieldElem[-128//9, 0, 0, 0, 0, 0, 0, 0, 256//9, 0, 0, 0, 0, 0, 0, 0],
	[14, 3, 19, 19, 21, 1, 1, 14, 1, 2] => QQFieldElem[64//3, 0, 0, 0, -32//3, 0, 0, 0, -32//3, 0, 0, 0, 64//3, 0, 0, 0],
	[14, 3, 19, 19, 21, 2, 1, 14, 1, 2] => QQFieldElem[-64//3, 0, 0, 0, -32//3, 0, 0, 0, 32//3, 0, 0, 0, 64//3, 0, 0, 0],
	[14, 3, 19, 19, 21, 1, 1, 14, 2, 2] => QQFieldElem[128//9, 0, 0, 0, 0, 0, 0, 0, -256//9, 0, 0, 0, 0, 0, 0, 0],
	[14, 3, 19, 19, 20, 1, 1, 14, 1, 2] => QQFieldElem[32//3, 0, 0, 0, 32//3, 0, 0, 0, 32//3, 0, 0, 0, 32//3, 0, 0, 0],
	[14, 3, 19, 19, 21, 2, 1, 14, 2, 2] => QQFieldElem[-128//9, 0, 0, 0, 0, 0, 0, 0, 0, 0, 0, 0, 0, 0, 0, 0],
	[14, 3, 19, 19, 20, 2, 1, 14, 1, 2] => QQFieldElem[-32//3, 0, 0, 0, 32//3, 0, 0, 0, -32//3, 0, 0, 0, 32//3, 0, 0, 0],
	[14, 3, 19, 19, 21, 1, 1, 14, 1, 1] => QQFieldElem[64//3, 0, 0, 0, 32//3, 0, 0, 0, -32//3, 0, 0, 0, -64//3, 0, 0, 0],
	[14, 3, 19, 19, 20, 1, 1, 14, 2, 2] => QQFieldElem[-128//9, 0, 0, 0, 0, 0, 0, 0, 256//9, 0, 0, 0, 0, 0, 0, 0],
	[14, 3, 19, 19, 21, 2, 1, 14, 1, 1] => QQFieldElem[-64//3, 0, 0, 0, 32//3, 0, 0, 0, 32//3, 0, 0, 0, -64//3, 0, 0, 0],
	[14, 3, 19, 19, 20, 2, 1, 14, 2, 2] => QQFieldElem[-128//9, 0, 0, 0, 0, 0, 0, 0, 0, 0, 0, 0, 0, 0, 0, 0],
	[14, 3, 19, 19, 21, 1, 1, 14, 2, 1] => QQFieldElem[-128//9, 0, 0, 0, 0, 0, 0, 0, 0, 0, 0, 0, 0, 0, 0, 0],
	[14, 3, 19, 19, 20, 1, 1, 14, 1, 1] => QQFieldElem[32//3, 0, 0, 0, -32//3, 0, 0, 0, 32//3, 0, 0, 0, -32//3, 0, 0, 0],
	[14, 3, 19, 19, 21, 2, 1, 14, 2, 1] => QQFieldElem[128//9, 0, 0, 0, 0, 0, 0, 0, -256//9, 0, 0, 0, 0, 0, 0, 0])