Dict(
	[14, 9, 19, 21, 19, 2, 1, 14, 1, 2] => QQFieldElem[0, 0, 1//4, 0, 0, 0, 1//4, 0, 0, 0, 0, 0, 0, 0, -1//4, 0],
	[14, 9, 19, 21, 19, 1, 1, 6, 1, 1] => QQFieldElem[9//32, 0, 0, 0, 0, 0, 0, 0, -27//32, 0, -63//64, 0, -63//64, 0, -63//64, 0],
	[14, 9, 19, 21, 21, 1, 1, 9, 1, 1] => QQFieldElem[-1//4, 0, 0, 0, 0, 0, 0, 0, 1, 0, 1, 0, 3//4, 0, 1//2, 0],
	[14, 9, 19, 21, 20, 1, 1, 5, 1, 1] => QQFieldElem[-1//6, 0, 1//6, 0, 0, 0, -1//6, 0, 1//3, 0, -1//6, 0, -1//6, 0, 0, 0],
	[14, 9, 19, 21, 20, 2, 1, 4, 1, 1] => QQFieldElem[3//8, 0, -1//8, 0, -1//4, 0, -1//8, 0, 0, 0, 3//8, 0, 1//8, 0, -1//4, 0],
	[14, 9, 19, 21, 19, 2, 1, 6, 1, 1] => QQFieldElem[9//32, 0, 0, 0, 0, 0, 0, 0, -9//32, 0, -9//64, 0, -9//64, 0, -9//64, 0],
	[14, 9, 19, 21, 21, 2, 1, 9, 1, 1] => QQFieldElem[-3//4, 0, -1//2, 0, -1//2, 0, -1//2, 0, 1//2, 0, 1//2, 0, 3//4, 0, 1//2, 0],
	[14, 9, 19, 21, 20, 2, 1, 5, 1, 1] => QQFieldElem[-3//8, 0, -1//8, 0, 1//2, 0, -3//8, 0, 1//4, 0, -3//8, 0, 1//8, 0, 1//2, 0],
	[14, 9, 19, 21, 21, 1, 1, 14, 1, 2] => QQFieldElem[0, 0, 3//4, 0, -1//2, 0, -3//4, 0, 1//2, 0, -1//2, 0, -1//2, 0, 5//4, 0],
	[14, 9, 19, 21, 20, 1, 1, 9, 1, 1] => QQFieldElem[-1//3, 0, 0, 0, 0, 0, 0, 0, 2//3, 0, 2//3, 0, 1//3, 0, 2//3, 0],
	[14, 9, 19, 21, 19, 1, 1, 14, 1, 1] => QQFieldElem[-45//64, 0, 63//64, 0, 0, 0, -63//64, 0, 9//8, 0, 0, 0, -63//64, 0, 63//64, 0],
	[14, 9, 19, 21, 21, 2, 1, 14, 1, 2] => QQFieldElem[0, 0, 3//4, 0, -1//2, 0, -1//4, 0, 1//2, 0, -1//2, 0, 0, 0, 3//4, 0],
	[14, 9, 19, 21, 21, 1, 1, 6, 1, 1] => QQFieldElem[-1//4, 0, -1//2, 0, -1//2, 0, -1//2, 0, -1//2, 0, 0, 0, -1//4, 0, 0, 0],
	[14, 9, 19, 21, 20, 2, 1, 9, 1, 1] => QQFieldElem[1//4, 0, 1, 0, 1, 0, 1, 0, 1//2, 0, 0, 0, 1//4, 0, 0, 0],
	[14, 9, 19, 21, 19, 1, 1, 4, 1, 1] => QQFieldElem[-27//128, 0, 63//128, 0, 0, 0, -63//128, 0, 9//64, 0, -63//128, 0, 63//128, 0, 0, 0],
	[14, 9, 19, 21, 19, 2, 1, 14, 1, 1] => QQFieldElem[9//64, 0, 9//64, 0, 0, 0, -9//64, 0, 0, 0, 0, 0, -9//64, 0, 9//64, 0],
	[14, 9, 19, 21, 21, 2, 1, 6, 1, 1] => QQFieldElem[-3//4, 0, 0, 0, 0, 0, 0, 0, 1, 0, 1//2, 0, 3//4, 0, 1, 0],
	[14, 9, 19, 21, 20, 1, 1, 14, 1, 2] => QQFieldElem[27//64, 0, -27//64, 0, 9//32, 0, 9//64, 0, -9//32, 0, 9//32, 0, 9//64, 0, -27//64, 0],
	[14, 9, 19, 21, 19, 2, 1, 4, 1, 1] => QQFieldElem[27//128, 0, 9//128, 0, 0, 0, -9//128, 0, -9//64, 0, -9//128, 0, 9//128, 0, 0, 0],
	[14, 9, 19, 21, 19, 1, 1, 5, 1, 1] => QQFieldElem[63//128, 0, -9//128, 0, -9//64, 0, 27//128, 0, 0, 0, 27//128, 0, -9//128, 0, -9//64, 0],
	[14, 9, 19, 21, 20, 2, 1, 14, 1, 2] => QQFieldElem[9//64, 0, 27//64, 0, -9//32, 0, -9//64, 0, 9//32, 0, -9//32, 0, -9//64, 0, 27//64, 0],
	[14, 9, 19, 21, 20, 1, 1, 6, 1, 1] => QQFieldElem[-1//3, 0, 2//3, 0, 2//3, 0, 2//3, 0, 4//3, 0, 2//3, 0, 1//3, 0, 0, 0],
	[14, 9, 19, 21, 19, 2, 1, 5, 1, 1] => QQFieldElem[9//128, 0, 9//128, 0, 9//64, 0, -27//128, 0, 0, 0, -27//128, 0, 9//128, 0, 9//64, 0],
	[14, 9, 19, 21, 21, 1, 1, 14, 1, 1] => QQFieldElem[0, 0, 1//3, 0, 0, 0, -1//3, 0, 0, 0, 0, 0, -2//3, 0, 1//3, 0],
	[14, 9, 19, 21, 20, 2, 1, 6, 1, 1] => QQFieldElem[-3//4, 0, -1//2, 0, -1//2, 0, -1//2, 0, 0, 0, 0, 0, 1//4, 0, 1//2, 0],
	[14, 9, 19, 21, 21, 2, 1, 14, 1, 1] => QQFieldElem[1//2, 0, 1//4, 0, 0, 0, -1//4, 0, 0, 0, 0, 0, 0, 0, 1//4, 0],
	[14, 9, 19, 21, 21, 1, 1, 4, 1, 1] => QQFieldElem[1//8, 0, 3//8, 0, -1//2, 0, 1//8, 0, 1//4, 0, 1//8, 0, 1//8, 0, -1//2, 0],
	[14, 9, 19, 21, 19, 1, 1, 9, 1, 1] => QQFieldElem[9//16, 0, 9//32, 0, 9//32, 0, 9//32, 0, 9//32, 0, 9//64, 0, 9//64, 0, 9//64, 0],
	[14, 9, 19, 21, 21, 2, 1, 4, 1, 1] => QQFieldElem[1//8, 0, -3//8, 0, 1//4, 0, -3//8, 0, 0, 0, 1//8, 0, -1//8, 0, 1//4, 0],
	[14, 9, 19, 21, 21, 1, 1, 5, 1, 1] => QQFieldElem[-1//8, 0, 3//8, 0, -1//4, 0, 3//8, 0, 0, 0, -1//8, 0, 1//8, 0, -1//4, 0],
	[14, 9, 19, 21, 19, 2, 1, 9, 1, 1] => QQFieldElem[0, 0, -9//32, 0, -9//32, 0, -9//32, 0, -9//32, 0, -9//64, 0, -9//64, 0, -9//64, 0],
	[14, 9, 19, 21, 20, 1, 1, 14, 1, 1] => QQFieldElem[1//2, 0, -1//4, 0, -1//2, 0, 3//4, 0, -1//2, 0, -1//2, 0, 1//2, 0, -1//4, 0],
	[14, 9, 19, 21, 19, 1, 1, 14, 1, 2] => QQFieldElem[2//3, 0, 5//3, 0, -4//3, 0, -1, 0, 4//3, 0, -4//3, 0, -2//3, 0, 7//3, 0],
	[14, 9, 19, 21, 21, 2, 1, 5, 1, 1] => QQFieldElem[3//8, 0, 1//8, 0, -1//2, 0, 3//8, 0, -1//4, 0, 3//8, 0, 3//8, 0, -1//2, 0],
	[14, 9, 19, 21, 20, 1, 1, 4, 1, 1] => QQFieldElem[1//6, 0, 1//6, 0, -1//3, 0, 5//6, 0, -2//3, 0, 1//6, 0, -1//6, 0, -1//3, 0],
	[14, 9, 19, 21, 20, 2, 1, 14, 1, 1] => QQFieldElem[-1//2, 0, 3//4, 0, 1//2, 0, -3//4, 0, 1//2, 0, 1//2, 0, -1, 0, 1//4, 0])