Dict(
	[14, 17, 14, 15, 12, 1, 1, 15, 1, 1] => QQFieldElem[0, 0, 0, 0, 0, 0, 0, 0, 0, 0, 0, 0, 0, 0, 0, 0],
	[14, 17, 14, 15, 10, 1, 1, 13, 1, 1] => QQFieldElem[0, 0, 0, 0, 0, 0, 0, 0, 0, 0, 0, 0, 0, 0, 0, 0],
	[14, 17, 14, 15, 11, 1, 1, 17, 1, 1] => QQFieldElem[0, 0, 0, 0, 0, 0, 0, 0, 0, 0, 0, 0, 0, 0, 0, 0],
	[14, 17, 14, 15, 13, 1, 1, 11, 1, 1] => QQFieldElem[0, 0, 0, 0, 0, 0, 2//3, 0, 0, 0, 0, 0, 2//3, 0, 0, 0],
	[14, 17, 14, 15, 12, 1, 1, 12, 1, 1] => QQFieldElem[0, 0, 0, 0, 0, 0, 0, 0, 0, 0, 0, 0, 0, 0, 0, 0],
	[14, 17, 14, 15, 10, 1, 1, 15, 1, 1] => QQFieldElem[0, 0, 0, 0, 0, 0, 0, 0, 0, 0, 0, 0, 0, 0, 0, 0],
	[14, 17, 14, 15, 15, 1, 1, 17, 1, 1] => QQFieldElem[0, 0, 0, 0, 0, 0, 0, 0, 0, 0, 0, 0, 0, 0, 0, 0],
	[14, 17, 14, 15, 13, 1, 1, 13, 1, 1] => QQFieldElem[0, 0, 0, 0, 0, 0, 0, 0, 0, 0, 0, 0, 0, 0, 0, 0],
	[14, 17, 14, 15, 11, 1, 1, 11, 1, 1] => QQFieldElem[0, 0, 0, 0, 0, 0, 0, 0, 0, 0, 0, 0, 0, 0, 0, 0],
	[14, 17, 14, 15, 17, 1, 1, 10, 1, 1] => QQFieldElem[0, 0, 0, 0, 0, 0, 0, 0, 0, 0, 0, 0, 0, 0, 0, 0],
	[14, 17, 14, 15, 10, 1, 1, 12, 1, 1] => QQFieldElem[0, 0, 0, 0, 0, 0, 1//2, 0, 0, 0, 0, 0, 1//2, 0, 0, 0],
	[14, 17, 14, 15, 11, 1, 1, 13, 1, 1] => QQFieldElem[0, 0, 0, 0, 0, 0, 2//3, 0, 0, 0, 0, 0, 2//3, 0, 0, 0],
	[14, 17, 14, 15, 15, 1, 1, 11, 1, 1] => QQFieldElem[0, 0, 0, 0, 0, 0, 0, 0, 0, 0, 0, 0, 0, 0, 0, 0],
	[14, 17, 14, 15, 13, 1, 1, 15, 1, 1] => QQFieldElem[0, 0, 0, 0, 0, 0, 0, 0, 0, 0, 0, 0, 0, 0, 0, 0],
	[14, 17, 14, 15, 15, 1, 1, 13, 1, 1] => QQFieldElem[0, 0, 0, 0, 0, 0, 0, 0, 0, 0, 0, 0, 0, 0, 0, 0],
	[14, 17, 14, 15, 12, 1, 1, 10, 1, 1] => QQFieldElem[0, 0, 0, 0, 0, 0, 1//2, 0, 0, 0, 0, 0, 1//2, 0, 0, 0],
	[14, 17, 14, 15, 11, 1, 1, 15, 1, 1] => QQFieldElem[0, 0, 0, 0, 0, 0, 0, 0, 0, 0, 0, 0, 0, 0, 0, 0],
	[14, 17, 14, 15, 13, 1, 1, 12, 1, 1] => QQFieldElem[0, 0, 0, 0, 0, 0, 2//3, 0, 0, 0, 0, 0, -2//3, 0, 0, 0],
	[14, 17, 14, 15, 17, 1, 1, 17, 1, 1] => QQFieldElem[0, 0, 0, 0, 0, 0, 0, 0, 0, 0, 0, 0, 1, 0, 0, 0],
	[14, 17, 14, 15, 11, 1, 1, 12, 1, 1] => QQFieldElem[0, 0, 0, 0, 0, 0, 0, 0, 0, 0, 0, 0, 0, 0, 0, 0],
	[14, 17, 14, 15, 15, 1, 1, 15, 1, 1] => QQFieldElem[0, 0, 0, 0, 0, 0, 0, 0, 0, 0, 0, 0, 1, 0, 0, 0],
	[14, 17, 14, 15, 10, 1, 1, 10, 1, 1] => QQFieldElem[0, 0, 0, 0, 0, 0, 0, 0, 0, 0, 0, 0, 0, 0, 0, 0],
	[14, 17, 14, 15, 17, 1, 1, 11, 1, 1] => QQFieldElem[0, 0, 0, 0, 0, 0, 0, 0, 0, 0, 0, 0, 0, 0, 0, 0],
	[14, 17, 14, 15, 15, 1, 1, 12, 1, 1] => QQFieldElem[0, 0, 0, 0, 0, 0, 0, 0, 0, 0, 0, 0, 0, 0, 0, 0],
	[14, 17, 14, 15, 12, 1, 1, 17, 1, 1] => QQFieldElem[0, 0, 0, 0, 0, 0, 0, 0, 0, 0, 0, 0, 0, 0, 0, 0],
	[14, 17, 14, 15, 17, 1, 1, 13, 1, 1] => QQFieldElem[0, 0, 0, 0, 0, 0, 0, 0, 0, 0, 0, 0, 0, 0, 0, 0],
	[14, 17, 14, 15, 13, 1, 1, 10, 1, 1] => QQFieldElem[0, 0, 0, 0, 0, 0, 0, 0, 0, 0, 0, 0, 0, 0, 0, 0],
	[14, 17, 14, 15, 12, 1, 1, 11, 1, 1] => QQFieldElem[0, 0, 0, 0, 0, 0, 0, 0, 0, 0, 0, 0, 0, 0, 0, 0],
	[14, 17, 14, 15, 10, 1, 1, 17, 1, 1] => QQFieldElem[0, 0, 0, 0, 0, 0, 0, 0, 0, 0, 0, 0, 0, 0, 0, 0],
	[14, 17, 14, 15, 17, 1, 1, 15, 1, 1] => QQFieldElem[0, 0, 0, 0, 0, 0, 0, 0, 0, 0, 0, 0, 0, 0, 0, 0],
	[14, 17, 14, 15, 12, 1, 1, 13, 1, 1] => QQFieldElem[0, 0, 0, 0, 0, 0, 1//2, 0, 0, 0, 0, 0, -1//2, 0, 0, 0],
	[14, 17, 14, 15, 11, 1, 1, 10, 1, 1] => QQFieldElem[0, 0, 0, 0, 0, 0, 2//3, 0, 0, 0, 0, 0, -2//3, 0, 0, 0],
	[14, 17, 14, 15, 17, 1, 1, 12, 1, 1] => QQFieldElem[0, 0, 0, 0, 0, 0, 0, 0, 0, 0, 0, 0, 0, 0, 0, 0],
	[14, 17, 14, 15, 10, 1, 1, 11, 1, 1] => QQFieldElem[0, 0, 0, 0, 0, 0, 1//2, 0, 0, 0, 0, 0, -1//2, 0, 0, 0],
	[14, 17, 14, 15, 15, 1, 1, 10, 1, 1] => QQFieldElem[0, 0, 0, 0, 0, 0, 0, 0, 0, 0, 0, 0, 0, 0, 0, 0],
	[14, 17, 14, 15, 13, 1, 1, 17, 1, 1] => QQFieldElem[0, 0, 0, 0, 0, 0, 0, 0, 0, 0, 0, 0, 0, 0, 0, 0])