Dict(
	[14, 7, 6, 14, 14, 1, 1, 14, 1, 1] => QQFieldElem[0, 0, 0, 0, 0, 0, 0, 0, 0, 0, 0, 0, 3//8, 0, 0, 0],
	[14, 7, 6, 14, 2, 1, 1, 14, 1, 1] => QQFieldElem[-3//8, 0, 0, 0, 0, 0, 0, 0, 0, 0, 0, 0, 0, 0, 0, 0],
	[14, 7, 6, 14, 14, 2, 1, 14, 1, 1] => QQFieldElem[0, 0, 0, 0, 0, 0, 0, 0, 0, 0, 0, 0, 0, 0, 0, 0],
	[14, 7, 6, 14, 14, 1, 1, 4, 1, 1] => QQFieldElem[0, 0, 1//512, 0, 0, 0, 0, 0, 0, 0, -1//512, 0, 0, 0, 0, 0],
	[14, 7, 6, 14, 14, 1, 1, 7, 1, 1] => QQFieldElem[3//256, 0, 0, 0, 0, 0, 0, 0, 0, 0, 0, 0, 0, 0, 0, 0],
	[14, 7, 6, 14, 3, 1, 1, 8, 1, 1] => QQFieldElem[0, 0, -1//3, 0, 0, 0, 0, 0, 0, 0, 1//3, 0, 0, 0, 0, 0],
	[14, 7, 6, 14, 2, 1, 1, 4, 1, 1] => QQFieldElem[0, 0, 1//512, 0, 0, 0, 0, 0, 0, 0, -1//512, 0, 0, 0, 0, 0],
	[14, 7, 6, 14, 14, 2, 1, 4, 1, 1] => QQFieldElem[0, 0, -1//512, 0, 0, 0, 0, 0, 0, 0, 1//512, 0, 0, 0, 0, 0],
	[14, 7, 6, 14, 14, 1, 1, 5, 1, 1] => QQFieldElem[0, 0, 1//192, 0, 0, 0, 0, 0, 0, 0, -1//192, 0, 0, 0, 0, 0],
	[14, 7, 6, 14, 14, 2, 1, 7, 1, 1] => QQFieldElem[3//256, 0, 0, 0, 0, 0, 0, 0, 0, 0, 0, 0, 0, 0, 0, 0],
	[14, 7, 6, 14, 2, 1, 1, 7, 1, 1] => QQFieldElem[0, 0, 0, 0, 0, 0, 0, 0, 0, 0, 0, 0, 0, 0, 0, 0],
	[14, 7, 6, 14, 3, 2, 1, 8, 1, 1] => QQFieldElem[0, 0, 0, 0, 0, 0, 4//9, 0, 0, 0, 0, 0, 0, 0, 0, 0],
	[14, 7, 6, 14, 2, 1, 1, 5, 1, 1] => QQFieldElem[0, 0, -1//96, 0, 0, 0, 0, 0, 0, 0, 1//96, 0, 0, 0, 0, 0],
	[14, 7, 6, 14, 14, 2, 1, 5, 1, 1] => QQFieldElem[0, 0, -1//192, 0, 0, 0, 0, 0, 0, 0, 1//192, 0, 0, 0, 0, 0],
	[14, 7, 6, 14, 3, 1, 1, 14, 1, 1] => QQFieldElem[-3//8, 0, 0, 0, 0, 0, 0, 0, 0, 0, 0, 0, 0, 0, 0, 0],
	[14, 7, 6, 14, 3, 1, 1, 4, 1, 1] => QQFieldElem[0, 0, -1//512, 0, 0, 0, 0, 0, 0, 0, 1//512, 0, 0, 0, 0, 0],
	[14, 7, 6, 14, 3, 2, 1, 14, 1, 1] => QQFieldElem[0, 0, 0, 0, 0, 0, 0, 0, 0, 0, 0, 0, -1//2, 0, 0, 0],
	[14, 7, 6, 14, 3, 1, 1, 7, 1, 1] => QQFieldElem[0, 0, 0, 0, 0, 0, 0, 0, 0, 0, 0, 0, 0, 0, 0, 0],
	[14, 7, 6, 14, 3, 2, 1, 4, 1, 1] => QQFieldElem[0, 0, 1//384, 0, 0, 0, 0, 0, 0, 0, -1//384, 0, 0, 0, 0, 0],
	[14, 7, 6, 14, 3, 1, 1, 5, 1, 1] => QQFieldElem[0, 0, 1//96, 0, 0, 0, 0, 0, 0, 0, -1//96, 0, 0, 0, 0, 0],
	[14, 7, 6, 14, 3, 2, 1, 7, 1, 1] => QQFieldElem[1//64, 0, 0, 0, 0, 0, 0, 0, 0, 0, 0, 0, 0, 0, 0, 0],
	[14, 7, 6, 14, 3, 2, 1, 5, 1, 1] => QQFieldElem[0, 0, 1//144, 0, 0, 0, 0, 0, 0, 0, -1//144, 0, 0, 0, 0, 0],
	[14, 7, 6, 14, 14, 1, 1, 8, 1, 1] => QQFieldElem[0, 0, 0, 0, 0, 0, -1//3, 0, 0, 0, 0, 0, 0, 0, 0, 0],
	[14, 7, 6, 14, 2, 1, 1, 8, 1, 1] => QQFieldElem[0, 0, -1//3, 0, 0, 0, 0, 0, 0, 0, 1//3, 0, 0, 0, 0, 0],
	[14, 7, 6, 14, 14, 2, 1, 8, 1, 1] => QQFieldElem[0, 0, 0, 0, 0, 0, 0, 0, 0, 0, 0, 0, 0, 0, 0, 0])