Dict(
	[14, 18, 14, 11, 12, 1, 1, 12, 1, 1] => QQFieldElem[0, 0, 0, 0, 0, 0, 0, 0, 0, 0, 0, 0, 0, 0, 0, 0],
	[14, 18, 14, 11, 18, 1, 1, 11, 1, 1] => QQFieldElem[0, 0, 0, 0, 0, 0, 0, 0, 0, -1//96, 0, 0, 0, 0, 0, 0],
	[14, 18, 14, 11, 11, 1, 1, 11, 1, 1] => QQFieldElem[0, 0, 0, 0, 0, 0, 0, 0, 0, 0, 0, 0, 0, 0, 0, 0],
	[14, 18, 14, 11, 12, 1, 1, 16, 1, 1] => QQFieldElem[0, 0, 0, 9//4, 0, 0, 0, 0, 0, 0, 0, 0, 0, 0, 0, 0],
	[14, 18, 14, 11, 16, 1, 1, 18, 1, 1] => QQFieldElem[0, 0, 0, 0, 0, 0, 0, 0, 0, 0, 0, 0, 0, 0, 0, 0],
	[14, 18, 14, 11, 18, 1, 1, 12, 1, 1] => QQFieldElem[0, 0, 0, 1//128, 0, 0, 0, 0, 0, 0, 0, 0, 0, 0, 0, 0],
	[14, 18, 14, 11, 11, 1, 1, 12, 1, 1] => QQFieldElem[0, 0, 0, 0, 0, 0, 0, 0, 0, 0, 0, 0, 0, 0, 0, 0],
	[14, 18, 14, 11, 12, 1, 1, 18, 1, 1] => QQFieldElem[0, 0, 0, 9//4, 0, 0, 0, 0, 0, 0, 0, 0, 0, 0, 0, 0],
	[14, 18, 14, 11, 16, 1, 1, 11, 1, 1] => QQFieldElem[0, 0, 0, 0, 0, 0, 0, 0, 0, 1//96, 0, 0, 0, 0, 0, 0],
	[14, 18, 14, 11, 18, 1, 1, 16, 1, 1] => QQFieldElem[0, 0, 0, 0, 0, 0, 0, 0, 0, 0, 0, 0, 0, 0, 0, 0],
	[14, 18, 14, 11, 11, 1, 1, 16, 1, 1] => QQFieldElem[0, 0, 0, 0, 0, -9//4, 0, 0, 0, 0, 0, 0, 0, 9//4, 0, 0],
	[14, 18, 14, 11, 12, 1, 1, 11, 1, 1] => QQFieldElem[0, 0, 0, 0, 0, 0, 0, 0, 0, 0, 0, 0, 0, 0, 0, 0],
	[14, 18, 14, 11, 16, 1, 1, 12, 1, 1] => QQFieldElem[0, 0, 0, 1//128, 0, 0, 0, 0, 0, 0, 0, 0, 0, 0, 0, 0],
	[14, 18, 14, 11, 18, 1, 1, 18, 1, 1] => QQFieldElem[0, 0, 0, 0, 0, 0, 0, 0, 0, 0, 0, 0, 0, 0, 0, 0],
	[14, 18, 14, 11, 11, 1, 1, 18, 1, 1] => QQFieldElem[0, 0, 0, 0, 0, 9//4, 0, 0, 0, 0, 0, 0, 0, -9//4, 0, 0],
	[14, 18, 14, 11, 16, 1, 1, 16, 1, 1] => QQFieldElem[0, 0, 0, 0, 0, 0, 0, 0, 0, 0, 0, 0, 0, 0, 0, 0])