Dict(
	[14, 15, 14, 16, 13, 1, 1, 13, 1, 1] => QQFieldElem[0, 0, 2//3, 0, 0, 0, 0, 0, 0, 0, -2//3, 0, 2//3, 0, 0, 0],
	[14, 15, 14, 16, 11, 1, 1, 11, 1, 1] => QQFieldElem[0, 0, 2//3, 0, 0, 0, 0, 0, 0, 0, -2//3, 0, 2//3, 0, 0, 0],
	[14, 15, 14, 16, 10, 1, 1, 12, 1, 1] => QQFieldElem[0, 0, 0, 0, 0, 0, 0, 0, 0, 0, 0, 0, 0, 0, 0, 0],
	[14, 15, 14, 16, 11, 1, 1, 13, 1, 1] => QQFieldElem[0, 0, 0, 0, 0, 0, 0, 0, 0, 0, 0, 0, 0, 0, 0, 0],
	[14, 15, 14, 16, 13, 1, 1, 12, 1, 1] => QQFieldElem[0, 0, 0, 0, 0, 0, 0, 0, 0, 0, 0, 0, 0, 0, 0, 0],
	[14, 15, 14, 16, 12, 1, 1, 10, 1, 1] => QQFieldElem[0, 0, 0, 0, 0, 0, 0, 0, 0, 0, 0, 0, 0, 0, 0, 0],
	[14, 15, 14, 16, 11, 1, 1, 12, 1, 1] => QQFieldElem[0, 0, 2//3, 0, 0, 0, 0, 0, 0, 0, -2//3, 0, -2//3, 0, 0, 0],
	[14, 15, 14, 16, 10, 1, 1, 10, 1, 1] => QQFieldElem[0, 0, 1//2, 0, 0, 0, 0, 0, 0, 0, -1//2, 0, 1//2, 0, 0, 0],
	[14, 15, 14, 16, 13, 1, 1, 10, 1, 1] => QQFieldElem[0, 0, 2//3, 0, 0, 0, 0, 0, 0, 0, -2//3, 0, -2//3, 0, 0, 0],
	[14, 15, 14, 16, 12, 1, 1, 11, 1, 1] => QQFieldElem[0, 0, 1//2, 0, 0, 0, 0, 0, 0, 0, -1//2, 0, -1//2, 0, 0, 0],
	[14, 15, 14, 16, 11, 1, 1, 10, 1, 1] => QQFieldElem[0, 0, 0, 0, 0, 0, 0, 0, 0, 0, 0, 0, 0, 0, 0, 0],
	[14, 15, 14, 16, 12, 1, 1, 13, 1, 1] => QQFieldElem[0, 0, 0, 0, 0, 0, 0, 0, 0, 0, 0, 0, 0, 0, 0, 0],
	[14, 15, 14, 16, 10, 1, 1, 11, 1, 1] => QQFieldElem[0, 0, 0, 0, 0, 0, 0, 0, 0, 0, 0, 0, 0, 0, 0, 0],
	[14, 15, 14, 16, 10, 1, 1, 13, 1, 1] => QQFieldElem[0, 0, 1//2, 0, 0, 0, 0, 0, 0, 0, -1//2, 0, -1//2, 0, 0, 0],
	[14, 15, 14, 16, 12, 1, 1, 12, 1, 1] => QQFieldElem[0, 0, 1//2, 0, 0, 0, 0, 0, 0, 0, -1//2, 0, 1//2, 0, 0, 0],
	[14, 15, 14, 16, 13, 1, 1, 11, 1, 1] => QQFieldElem[0, 0, 0, 0, 0, 0, 0, 0, 0, 0, 0, 0, 0, 0, 0, 0])