Dict(
	[14, 5, 20, 20, 20, 2, 1, 14, 1, 2] => QQFieldElem[-128//27, 0, 128//27, 0, 0, 0, 128//27, 0, 0, 0, 0, 0, 0, 0, 128//27, 0],
	[14, 5, 20, 20, 20, 1, 1, 6, 1, 1] => QQFieldElem[-64//3, 0, 64//9, 0, 0, 0, -64//9, 0, 128//9, 0, 64//9, 0, 0, 0, 0, 0],
	[14, 5, 20, 20, 20, 1, 1, 8, 1, 1] => QQFieldElem[64//9, 0, 0, 0, 0, 0, 0, 0, 0, 0, 0, 0, 0, 0, 64//9, 0],
	[14, 5, 20, 20, 21, 1, 1, 14, 1, 1] => QQFieldElem[-64//9, 0, -64//9, 0, 0, 0, -64//9, 0, 0, 0, 128//9, 0, 0, 0, 64//9, 0],
	[14, 5, 20, 20, 20, 2, 1, 6, 1, 1] => QQFieldElem[-64//3, 0, -64//9, 0, 0, 0, 64//9, 0, 128//9, 0, -64//9, 0, 0, 0, 0, 0],
	[14, 5, 20, 20, 20, 2, 1, 8, 1, 1] => QQFieldElem[64//9, 0, 0, 0, 0, 0, 0, 0, 0, 0, 0, 0, 0, 0, -64//9, 0],
	[14, 5, 20, 20, 21, 2, 1, 14, 1, 1] => QQFieldElem[-64//9, 0, 64//9, 0, 0, 0, 64//9, 0, 0, 0, -128//9, 0, 0, 0, -64//9, 0],
	[14, 5, 20, 20, 19, 1, 1, 9, 1, 1] => QQFieldElem[-128//27, 0, 0, 0, 0, 0, 0, 0, 0, 0, 128//27, 0, 0, 0, 0, 0],
	[14, 5, 20, 20, 21, 1, 1, 7, 1, 1] => QQFieldElem[64//3, 0, 0, 0, 0, 0, 0, 0, 0, 0, 0, 0, 64//3, 0, 0, 0],
	[14, 5, 20, 20, 21, 2, 1, 7, 1, 1] => QQFieldElem[-64//3, 0, 0, 0, 0, 0, 0, 0, 0, 0, 0, 0, 64//3, 0, 0, 0],
	[14, 5, 20, 20, 19, 2, 1, 9, 1, 1] => QQFieldElem[-128//27, 0, 0, 0, 0, 0, 0, 0, 0, 0, -128//27, 0, 0, 0, 0, 0],
	[14, 5, 20, 20, 20, 1, 1, 14, 1, 1] => QQFieldElem[0, 0, 0, 0, 64//3, 0, 0, 0, -64//3, 0, 0, 0, 0, 0, 0, 0],
	[14, 5, 20, 20, 19, 1, 1, 14, 1, 2] => QQFieldElem[-64//9, 0, -64//9, 0, 0, 0, 64//9, 0, -128//9, 0, 128//9, 0, 0, 0, -64//9, 0],
	[14, 5, 20, 20, 20, 2, 1, 14, 1, 1] => QQFieldElem[0, 0, 0, 0, 64//3, 0, 0, 0, 64//3, 0, 0, 0, 0, 0, 0, 0],
	[14, 5, 20, 20, 20, 1, 1, 7, 1, 1] => QQFieldElem[-64//9, 0, 64//9, 0, 0, 0, 64//9, 0, 0, 0, 64//9, 0, 0, 0, 0, 0],
	[14, 5, 20, 20, 19, 2, 1, 14, 1, 2] => QQFieldElem[-64//9, 0, 64//9, 0, 0, 0, -64//9, 0, -128//9, 0, -128//9, 0, 0, 0, 64//9, 0],
	[14, 5, 20, 20, 19, 1, 1, 6, 1, 1] => QQFieldElem[128//27, 0, 128//27, 0, 0, 0, -128//27, 0, 256//27, 0, -128//27, 0, 0, 0, 256//27, 0],
	[14, 5, 20, 20, 21, 1, 1, 9, 1, 1] => QQFieldElem[32//3, 0, 0, 0, -32//3, 0, 0, 0, -32//3, 0, 0, 0, 32//3, 0, 0, 0],
	[14, 5, 20, 20, 19, 1, 1, 8, 1, 1] => QQFieldElem[-128//27, 0, 0, 0, 0, 0, 0, 0, 0, 0, 128//27, 0, 0, 0, 0, 0],
	[14, 5, 20, 20, 20, 2, 1, 7, 1, 1] => QQFieldElem[-64//9, 0, -64//9, 0, 0, 0, -64//9, 0, 0, 0, -64//9, 0, 0, 0, 0, 0],
	[14, 5, 20, 20, 19, 2, 1, 6, 1, 1] => QQFieldElem[128//27, 0, -128//27, 0, 0, 0, 128//27, 0, 256//27, 0, 128//27, 0, 0, 0, -256//27, 0],
	[14, 5, 20, 20, 19, 2, 1, 8, 1, 1] => QQFieldElem[-128//27, 0, 0, 0, 0, 0, 0, 0, 0, 0, -128//27, 0, 0, 0, 0, 0],
	[14, 5, 20, 20, 21, 2, 1, 9, 1, 1] => QQFieldElem[-32//3, 0, 0, 0, -32//3, 0, 0, 0, 32//3, 0, 0, 0, 32//3, 0, 0, 0],
	[14, 5, 20, 20, 21, 1, 1, 14, 1, 2] => QQFieldElem[0, 0, 0, 0, -64//3, 0, 0, 0, -64//3, 0, 0, 0, 0, 0, 0, 0],
	[14, 5, 20, 20, 19, 1, 1, 14, 1, 1] => QQFieldElem[128//9, 0, -128//27, 0, 0, 0, 128//27, 0, -256//27, 0, 0, 0, 0, 0, 128//27, 0],
	[14, 5, 20, 20, 21, 2, 1, 14, 1, 2] => QQFieldElem[0, 0, 0, 0, -64//3, 0, 0, 0, 64//3, 0, 0, 0, 0, 0, 0, 0],
	[14, 5, 20, 20, 20, 1, 1, 9, 1, 1] => QQFieldElem[-64//9, 0, 0, 0, 0, 0, 0, 0, 0, 0, 0, 0, 0, 0, -64//9, 0],
	[14, 5, 20, 20, 21, 1, 1, 6, 1, 1] => QQFieldElem[64//3, 0, 0, 0, 0, 0, 0, 0, 0, 0, 0, 0, -64//3, 0, 0, 0],
	[14, 5, 20, 20, 21, 1, 1, 8, 1, 1] => QQFieldElem[32//3, 0, 0, 0, 32//3, 0, 0, 0, -32//3, 0, 0, 0, -32//3, 0, 0, 0],
	[14, 5, 20, 20, 19, 2, 1, 14, 1, 1] => QQFieldElem[128//9, 0, 128//27, 0, 0, 0, -128//27, 0, -256//27, 0, 0, 0, 0, 0, -128//27, 0],
	[14, 5, 20, 20, 20, 2, 1, 9, 1, 1] => QQFieldElem[-64//9, 0, 0, 0, 0, 0, 0, 0, 0, 0, 0, 0, 0, 0, 64//9, 0],
	[14, 5, 20, 20, 19, 1, 1, 7, 1, 1] => QQFieldElem[-128//27, 0, 128//27, 0, 0, 0, 128//27, 0, 0, 0, -128//27, 0, 0, 0, -256//27, 0],
	[14, 5, 20, 20, 21, 2, 1, 6, 1, 1] => QQFieldElem[-64//3, 0, 0, 0, 0, 0, 0, 0, 0, 0, 0, 0, -64//3, 0, 0, 0],
	[14, 5, 20, 20, 20, 1, 1, 14, 1, 2] => QQFieldElem[-128//27, 0, -128//27, 0, 0, 0, -128//27, 0, 0, 0, 0, 0, 0, 0, -128//27, 0],
	[14, 5, 20, 20, 21, 2, 1, 8, 1, 1] => QQFieldElem[-32//3, 0, 0, 0, 32//3, 0, 0, 0, 32//3, 0, 0, 0, -32//3, 0, 0, 0],
	[14, 5, 20, 20, 19, 2, 1, 7, 1, 1] => QQFieldElem[-128//27, 0, -128//27, 0, 0, 0, -128//27, 0, 0, 0, 128//27, 0, 0, 0, 256//27, 0])