Dict(
	[14, 10, 10, 14, 4, 1, 1, 15, 1, 1] => QQFieldElem[1//128, 0, 0, 0, 0, 0, 0, 0, 0, 0, 0, 0, 0, 0, 0, 0],
	[14, 10, 10, 14, 5, 1, 1, 15, 1, 1] => QQFieldElem[1//128, 0, 0, 0, 0, 0, 0, 0, 0, 0, 0, 0, 0, 0, 0, 0],
	[14, 10, 10, 14, 4, 1, 1, 16, 1, 1] => QQFieldElem[0, 0, 1//96, 0, 0, 0, 0, 0, 0, 0, -1//96, 0, 0, 0, 0, 0],
	[14, 10, 10, 14, 9, 1, 1, 18, 1, 1] => QQFieldElem[0, 0, 0, 0, 0, 0, 0, 0, 0, 0, 0, 0, 0, 0, 0, 0],
	[14, 10, 10, 14, 5, 1, 1, 16, 1, 1] => QQFieldElem[0, 0, -1//96, 0, 0, 0, 0, 0, 0, 0, 1//96, 0, 0, 0, 0, 0],
	[14, 10, 10, 14, 8, 1, 1, 15, 1, 1] => QQFieldElem[1//128, 0, 0, 0, 0, 0, 0, 0, 0, 0, 0, 0, 0, 0, 0, 0],
	[14, 10, 10, 14, 9, 1, 1, 17, 1, 1] => QQFieldElem[0, 0, 0, -3//256, 0, 0, 0, 0, 0, 0, 0, 0, 0, 0, 0, 0],
	[14, 10, 10, 14, 8, 1, 1, 16, 1, 1] => QQFieldElem[0, 0, 1//96, 0, 0, 0, 0, 0, 0, 0, -1//96, 0, 0, 0, 0, 0],
	[14, 10, 10, 14, 4, 1, 1, 18, 1, 1] => QQFieldElem[0, 0, 0, 0, 0, 0, 0, 0, 0, 0, 0, 0, 0, 0, 0, -3//256],
	[14, 10, 10, 14, 5, 1, 1, 18, 1, 1] => QQFieldElem[0, 0, 0, 0, 0, 0, 0, 0, 0, 0, 0, 0, 0, 0, 0, 0],
	[14, 10, 10, 14, 4, 1, 1, 17, 1, 1] => QQFieldElem[0, 0, 0, 0, 0, 0, 0, 0, 0, 0, 0, 0, 0, 0, 0, 0],
	[14, 10, 10, 14, 5, 1, 1, 17, 1, 1] => QQFieldElem[0, 0, 0, 3//256, 0, 0, 0, 0, 0, 0, 0, 0, 0, 0, 0, 0],
	[14, 10, 10, 14, 9, 1, 1, 15, 1, 1] => QQFieldElem[1//128, 0, 0, 0, 0, 0, 0, 0, 0, 0, 0, 0, 0, 0, 0, 0],
	[14, 10, 10, 14, 8, 1, 1, 18, 1, 1] => QQFieldElem[0, 0, 0, 0, 0, 0, 0, 0, 0, 0, 0, 0, 0, 0, 0, 3//256],
	[14, 10, 10, 14, 8, 1, 1, 17, 1, 1] => QQFieldElem[0, 0, 0, 0, 0, 0, 0, 0, 0, 0, 0, 0, 0, 0, 0, 0],
	[14, 10, 10, 14, 9, 1, 1, 16, 1, 1] => QQFieldElem[0, 0, -1//96, 0, 0, 0, 0, 0, 0, 0, 1//96, 0, 0, 0, 0, 0])