Dict(
	[14, 12, 21, 15, 15, 1, 1, 17, 1, 1] => QQFieldElem[1//4, 0, -1//4, 1//4, 0, 0, 0, -1//4, 0, 0, 0, -1//4, 1//4, 0, 1//4, 0],
	[14, 12, 21, 15, 11, 1, 1, 11, 1, 1] => QQFieldElem[0, 0, -48, 0, 0, 0, 0, 0, 0, 0, 0, 0, 0, 0, 0, 0],
	[14, 12, 21, 15, 10, 1, 1, 12, 1, 1] => QQFieldElem[0, 0, 0, 0, -128//3, 0, 0, 0, 0, 0, 0, 0, 128//3, 0, 0, 0],
	[14, 12, 21, 15, 12, 1, 1, 16, 1, 1] => QQFieldElem[0, 0, 0, -1//4, 0, -1//4, 0, 0, 0, 0, 0, 1//4, -1//4, 0, 0, 0],
	[14, 12, 21, 15, 15, 1, 1, 11, 1, 1] => QQFieldElem[0, 0, 0, 1//4, 0, -1//4, 0, 0, 0, 0, 0, -1//4, 1//4, 0, 0, 0],
	[14, 12, 21, 15, 13, 1, 1, 15, 1, 1] => QQFieldElem[0, -1//4, 0, -1//4, 0, 0, 0, 0, 0, 1//4, 0, 1//4, 1//4, 0, 0, 0],
	[14, 12, 21, 15, 17, 1, 1, 18, 1, 1] => QQFieldElem[1//4, 0, -1//4, -1//4, 0, 0, 0, -1//4, 0, 0, 0, 1//4, 1//4, 0, -1//4, 0],
	[14, 12, 21, 15, 10, 1, 1, 16, 1, 1] => QQFieldElem[0, 0, 0, 0, 128//3, 0, 0, 0, 0, 0, 0, 0, -128//3, 0, 0, 0],
	[14, 12, 21, 15, 13, 1, 1, 12, 1, 1] => QQFieldElem[0, 1//4, 0, 1//4, 0, 0, 0, 0, 0, -1//4, 0, -1//4, -1//4, 0, 0, 0],
	[14, 12, 21, 15, 11, 1, 1, 15, 1, 1] => QQFieldElem[0, 0, -48, 0, 0, 0, 0, 0, 0, 0, 0, 0, 0, 0, 0, 0],
	[14, 12, 21, 15, 17, 1, 1, 17, 1, 1] => QQFieldElem[-1//4, 0, 1//4, 1//4, 0, 0, 0, -1//4, 0, 0, 0, -1//4, 1//4, 0, -1//4, 0],
	[14, 12, 21, 15, 11, 1, 1, 12, 1, 1] => QQFieldElem[0, 0, -48, 0, 0, 0, 0, 0, 0, 0, 0, 0, 0, 0, 0, 0],
	[14, 12, 21, 15, 15, 1, 1, 15, 1, 1] => QQFieldElem[0, 0, 0, 0, 0, 0, 0, 0, 0, 0, 0, 0, 0, 0, 0, 0],
	[14, 12, 21, 15, 12, 1, 1, 18, 1, 1] => QQFieldElem[-1//4, 0, 1//4, -1//4, 0, 0, 0, -1//4, 0, 0, 0, 1//4, 1//4, 0, 1//4, 0],
	[14, 12, 21, 15, 13, 1, 1, 16, 1, 1] => QQFieldElem[0, 0, 0, 0, 0, 0, 0, 0, 0, 0, 0, 0, 0, 0, 0, 0],
	[14, 12, 21, 15, 17, 1, 1, 11, 1, 1] => QQFieldElem[0, 0, 0, 0, 0, 0, 0, 0, 0, 0, 0, 0, 0, 0, 0, 0],
	[14, 12, 21, 15, 15, 1, 1, 12, 1, 1] => QQFieldElem[0, 0, 0, 0, 0, 0, 0, 0, 0, 0, 0, 0, 0, 0, 0, 0],
	[14, 12, 21, 15, 12, 1, 1, 17, 1, 1] => QQFieldElem[1//4, 0, 1//4, -1//4, 0, 0, 0, 1//4, 0, 0, 0, 1//4, 1//4, 0, -1//4, 0],
	[14, 12, 21, 15, 11, 1, 1, 16, 1, 1] => QQFieldElem[0, 0, -48, 0, 0, 0, 0, 0, 0, 0, 0, 0, 0, 0, 0, 0],
	[14, 12, 21, 15, 10, 1, 1, 18, 1, 1] => QQFieldElem[0, 0, 0, 0, 0, 0, 0, 0, 0, 0, 0, 0, 0, 0, 0, 0],
	[14, 12, 21, 15, 15, 1, 1, 16, 1, 1] => QQFieldElem[0, 0, 0, -1//4, 0, 1//4, 0, 0, 0, 0, 0, 1//4, -1//4, 0, 0, 0],
	[14, 12, 21, 15, 10, 1, 1, 17, 1, 1] => QQFieldElem[0, 0, 0, 0, 0, 0, 0, 0, 0, 0, 0, 0, 0, 0, 0, 0],
	[14, 12, 21, 15, 17, 1, 1, 15, 1, 1] => QQFieldElem[0, 1//4, 0, -1//4, 0, 0, 0, 0, 0, -1//4, 0, 1//4, 1//4, 0, 0, 0],
	[14, 12, 21, 15, 12, 1, 1, 11, 1, 1] => QQFieldElem[0, 0, 0, 1//4, 0, 1//4, 0, 0, 0, 0, 0, -1//4, 1//4, 0, 0, 0],
	[14, 12, 21, 15, 13, 1, 1, 18, 1, 1] => QQFieldElem[1//4, 0, 1//4, 1//4, 0, 0, 0, 1//4, 0, 0, 0, -1//4, 1//4, 0, 1//4, 0],
	[14, 12, 21, 15, 17, 1, 1, 12, 1, 1] => QQFieldElem[0, -1//4, 0, 1//4, 0, 0, 0, 0, 0, 1//4, 0, -1//4, -1//4, 0, 0, 0],
	[14, 12, 21, 15, 10, 1, 1, 11, 1, 1] => QQFieldElem[0, 0, 0, 0, 128//3, 0, 0, 0, 0, 0, 0, 0, -128//3, 0, 0, 0],
	[14, 12, 21, 15, 13, 1, 1, 17, 1, 1] => QQFieldElem[-1//4, 0, -1//4, -1//4, 0, 0, 0, 1//4, 0, 0, 0, 1//4, 1//4, 0, 1//4, 0],
	[14, 12, 21, 15, 11, 1, 1, 18, 1, 1] => QQFieldElem[0, 0, 0, 0, 0, 0, 0, 0, 0, 0, 0, 0, 0, 0, 0, 0],
	[14, 12, 21, 15, 12, 1, 1, 15, 1, 1] => QQFieldElem[0, 0, 0, 0, 0, 0, 0, 0, 0, 0, 0, 0, 0, 0, 0, 0],
	[14, 12, 21, 15, 17, 1, 1, 16, 1, 1] => QQFieldElem[0, 0, 0, 0, 0, 0, 0, 0, 0, 0, 0, 0, 0, 0, 0, 0],
	[14, 12, 21, 15, 15, 1, 1, 18, 1, 1] => QQFieldElem[-1//4, 0, -1//4, 1//4, 0, 0, 0, 1//4, 0, 0, 0, -1//4, 1//4, 0, -1//4, 0],
	[14, 12, 21, 15, 13, 1, 1, 11, 1, 1] => QQFieldElem[0, 0, 0, 0, 0, 0, 0, 0, 0, 0, 0, 0, 0, 0, 0, 0],
	[14, 12, 21, 15, 11, 1, 1, 17, 1, 1] => QQFieldElem[0, 0, 0, 0, 0, 0, 0, 0, 0, 0, 0, 0, 0, 0, 0, 0],
	[14, 12, 21, 15, 10, 1, 1, 15, 1, 1] => QQFieldElem[0, 0, 0, 0, -128//3, 0, 0, 0, 0, 0, 0, 0, 128//3, 0, 0, 0],
	[14, 12, 21, 15, 12, 1, 1, 12, 1, 1] => QQFieldElem[0, 0, 0, 0, 0, 0, 0, 0, 0, 0, 0, 0, 0, 0, 0, 0])