Dict(
	[14, 14, 11, 11, 16, 1, 1, 14, 2, 1] => QQFieldElem[0, 0, 0, 0, 0, 0, 9//8, 0, 0, 0, 0, 0, 0, 0, 0, 0],
	[14, 14, 11, 11, 15, 1, 1, 3, 2, 1] => QQFieldElem[0, 0, 0, 0, 0, 0, 0, 0, 0, 0, 0, 0, 0, 0, 0, 0],
	[14, 14, 11, 11, 17, 1, 1, 14, 2, 1] => QQFieldElem[0, 0, 0, 0, 0, 0, 0, 0, 0, 0, 0, 0, 0, 0, 0, 0],
	[14, 14, 11, 11, 16, 1, 1, 3, 1, 1] => QQFieldElem[0, 0, 0, 0, 0, 0, -128, 0, 0, 0, 0, 0, 0, 0, 0, 0],
	[14, 14, 11, 11, 12, 1, 1, 4, 1, 1] => QQFieldElem[0, 0, 0, 0, 0, 0, 9//8, 0, 0, 0, 0, 0, 0, 0, 0, 0],
	[14, 14, 11, 11, 17, 1, 1, 3, 1, 1] => QQFieldElem[3//2, 0, 0, 0, 0, 0, 0, 0, 0, 0, 0, 0, 0, 0, 0, 0],
	[14, 14, 11, 11, 12, 1, 1, 1, 1, 1] => QQFieldElem[0, 0, 0, 0, 0, 0, 0, 0, 0, 0, 0, 0, 1//2048, 0, 0, 0],
	[14, 14, 11, 11, 12, 1, 1, 14, 2, 1] => QQFieldElem[0, 0, 0, 0, 0, 0, 0, 0, 0, 0, 0, 0, 0, 0, 0, 0],
	[14, 14, 11, 11, 12, 1, 1, 3, 1, 1] => QQFieldElem[0, 0, 0, 0, 0, 0, 0, 0, 0, 0, 0, 0, 0, 0, 0, 0],
	[14, 14, 11, 11, 16, 1, 1, 3, 2, 1] => QQFieldElem[0, 0, 0, 0, 0, 0, -9//8, 0, 0, 0, 0, 0, 0, 0, 0, 0],
	[14, 14, 11, 11, 17, 1, 1, 3, 2, 1] => QQFieldElem[0, 0, 0, 0, 0, 0, 0, 0, 0, 0, 0, 0, 0, 0, 0, 0],
	[14, 14, 11, 11, 18, 1, 1, 14, 1, 1] => QQFieldElem[0, 0, 0, 0, 0, 0, 0, 0, 0, 0, 0, 0, 0, 0, 0, -54],
	[14, 14, 11, 11, 11, 1, 1, 14, 1, 1] => QQFieldElem[0, 0, 0, 0, 0, 0, -128, 0, 0, 0, 0, 0, 0, 0, 0, 0],
	[14, 14, 11, 11, 18, 1, 1, 4, 1, 1] => QQFieldElem[0, 0, 0, 0, 0, 0, 0, 0, 0, 48, 0, 0, 0, 0, 0, 0],
	[14, 14, 11, 11, 12, 1, 1, 3, 2, 1] => QQFieldElem[27//65536, 0, 0, 0, 0, 0, 0, 0, 0, 0, 0, 0, 0, 0, 0, 0],
	[14, 14, 11, 11, 18, 1, 1, 1, 1, 1] => QQFieldElem[0, 0, 0, 0, 0, 0, 0, 0, 0, 0, 0, 0, 0, 0, 0, 0],
	[14, 14, 11, 11, 11, 1, 1, 4, 1, 1] => QQFieldElem[0, 0, 0, 0, 0, 0, 128, 0, 0, 0, 0, 0, 0, 0, 0, 0],
	[14, 14, 11, 11, 15, 1, 1, 14, 1, 1] => QQFieldElem[0, 0, 0, -54, 0, 0, 0, 0, 0, 0, 0, 0, 0, 0, 0, 0],
	[14, 14, 11, 11, 18, 1, 1, 14, 2, 1] => QQFieldElem[0, 0, 0, 0, 0, 0, 0, 0, 0, -48, 0, 0, 0, 0, 0, 0],
	[14, 14, 11, 11, 11, 1, 1, 1, 1, 1] => QQFieldElem[0, 0, 0, 0, 0, 0, 0, 0, 0, 0, 0, 0, -1//36, 0, 0, 0],
	[14, 14, 11, 11, 18, 1, 1, 3, 1, 1] => QQFieldElem[0, 0, 0, 54, 0, 0, 0, 0, 0, 0, 0, 0, 0, 0, 0, 0],
	[14, 14, 11, 11, 15, 1, 1, 4, 1, 1] => QQFieldElem[3//2, 0, 0, 0, 0, 0, 0, 0, 0, 0, 0, 0, 0, 0, 0, 0],
	[14, 14, 11, 11, 11, 1, 1, 14, 2, 1] => QQFieldElem[0, 0, 0, 0, 0, 0, -9//8, 0, 0, 0, 0, 0, 0, 0, 0, 0],
	[14, 14, 11, 11, 15, 1, 1, 1, 1, 1] => QQFieldElem[0, 0, 0, 0, 0, 0, 0, 0, 0, 0, 0, 0, 0, 0, 0, 0],
	[14, 14, 11, 11, 11, 1, 1, 3, 1, 1] => QQFieldElem[-3//128, 0, 0, 0, 0, 0, 0, 0, 0, 0, 0, 0, 0, 0, 0, 0],
	[14, 14, 11, 11, 15, 1, 1, 14, 2, 1] => QQFieldElem[0, 0, 0, 0, 0, 48, 0, 0, 0, 0, 0, 0, 0, -48, 0, 0],
	[14, 14, 11, 11, 16, 1, 1, 14, 1, 1] => QQFieldElem[0, 0, 0, 0, 0, 0, 128, 0, 0, 0, 0, 0, 0, 0, 0, 0],
	[14, 14, 11, 11, 15, 1, 1, 3, 1, 1] => QQFieldElem[0, 0, 0, 0, 0, 0, 0, 0, 0, 0, 0, 0, 0, 0, 0, 0],
	[14, 14, 11, 11, 17, 1, 1, 14, 1, 1] => QQFieldElem[3//2, 0, 0, 0, 0, 0, 0, 0, 0, 0, 0, 0, 0, 0, 0, 0],
	[14, 14, 11, 11, 18, 1, 1, 3, 2, 1] => QQFieldElem[0, 0, 0, 0, 0, -48, 0, 0, 0, 0, 0, 0, 0, 48, 0, 0],
	[14, 14, 11, 11, 16, 1, 1, 4, 1, 1] => QQFieldElem[0, 0, 0, 0, 0, 0, 0, 0, 0, 0, 0, 0, 0, 0, 0, 0],
	[14, 14, 11, 11, 17, 1, 1, 4, 1, 1] => QQFieldElem[0, 0, 0, 0, 0, 0, 0, 0, 0, 0, 0, 0, 0, 0, 0, 54],
	[14, 14, 11, 11, 11, 1, 1, 3, 2, 1] => QQFieldElem[27//65536, 0, 0, 0, 0, 0, 0, 0, 0, 0, 0, 0, 0, 0, 0, 0],
	[14, 14, 11, 11, 16, 1, 1, 1, 1, 1] => QQFieldElem[0, 0, 0, 0, 0, 0, 0, 0, 0, 0, 0, 0, -1//2048, 0, 0, 0],
	[14, 14, 11, 11, 17, 1, 1, 1, 1, 1] => QQFieldElem[0, 0, 0, 0, 0, 0, 0, 0, 0, 0, 0, 0, 0, 0, 0, 0],
	[14, 14, 11, 11, 12, 1, 1, 14, 1, 1] => QQFieldElem[3//2, 0, 0, 0, 0, 0, 0, 0, 0, 0, 0, 0, 0, 0, 0, 0])