Dict(
	[14, 14, 11, 18, 12, 1, 1, 6, 1, 1] => QQFieldElem[0, 0, 0, 0, 0, 0, 0, 0, 0, 0, 0, 0, 0, 0, 0, 1//96],
	[14, 14, 11, 18, 16, 1, 1, 14, 1, 1] => QQFieldElem[2//3, 0, 0, 0, 0, 0, 0, 0, 0, 0, 0, 0, 2//3, 0, 0, 0],
	[14, 14, 11, 18, 18, 1, 1, 9, 1, 1] => QQFieldElem[0, 0, 0, 0, 0, -3//256, 0, 0, 0, 0, 0, 0, 0, 3//256, 0, 0],
	[14, 14, 11, 18, 11, 1, 1, 9, 1, 1] => QQFieldElem[0, 0, 0, 0, 0, 1//64, 0, 0, 0, 0, 0, 0, 0, -1//64, 0, 0],
	[14, 14, 11, 18, 12, 1, 1, 14, 1, 1] => QQFieldElem[0, 0, -9//16, 0, 0, 0, 9//16, 0, 0, 0, 9//16, 0, 0, 0, 0, 0],
	[14, 14, 11, 18, 16, 1, 1, 14, 2, 1] => QQFieldElem[-1//2, 0, 0, 0, 0, 0, 0, 0, 0, 0, 0, 0, -1//2, 0, 0, 0],
	[14, 14, 11, 18, 18, 1, 1, 6, 1, 1] => QQFieldElem[0, 0, 0, 0, 0, 0, 0, 0, 0, 0, 0, 0, 0, 0, 0, 1//96],
	[14, 14, 11, 18, 11, 1, 1, 6, 1, 1] => QQFieldElem[0, 0, 0, 0, 0, 0, 0, 0, 0, 0, 0, 0, 0, 0, 0, 1//72],
	[14, 14, 11, 18, 12, 1, 1, 14, 2, 1] => QQFieldElem[-1//2, 0, 0, 0, 0, 0, 0, 0, 0, 0, 0, 0, -1//2, 0, 0, 0],
	[14, 14, 11, 18, 16, 1, 1, 9, 1, 1] => QQFieldElem[0, 0, 0, -27//2048, 0, 0, 0, 0, 0, 0, 0, 0, 0, 0, 0, 0],
	[14, 14, 11, 18, 18, 1, 1, 14, 1, 1] => QQFieldElem[0, 0, -9//16, 0, 0, 0, -9//16, 0, 0, 0, 9//16, 0, 0, 0, 0, 0],
	[14, 14, 11, 18, 11, 1, 1, 14, 1, 1] => QQFieldElem[-2//3, 0, 0, 0, 0, 0, 0, 0, 0, 0, 0, 0, 2//3, 0, 0, 0],
	[14, 14, 11, 18, 12, 1, 1, 9, 1, 1] => QQFieldElem[0, 0, 0, 0, 0, 3//256, 0, 0, 0, 0, 0, 0, 0, -3//256, 0, 0],
	[14, 14, 11, 18, 16, 1, 1, 6, 1, 1] => QQFieldElem[0, 0, 0, 0, 0, -3//256, 0, 0, 0, 0, 0, 0, 0, 3//256, 0, 0],
	[14, 14, 11, 18, 18, 1, 1, 14, 2, 1] => QQFieldElem[1//2, 0, 0, 0, 0, 0, 0, 0, 0, 0, 0, 0, -1//2, 0, 0, 0],
	[14, 14, 11, 18, 11, 1, 1, 14, 2, 1] => QQFieldElem[1//2, 0, 0, 0, 0, 0, 0, 0, 0, 0, 0, 0, -1//2, 0, 0, 0])