Dict(
	[14, 16, 11, 20, 19, 2, 1, 11, 1, 1] => QQFieldElem[0, 0, 0, 0, 0, -1//3, 0, 1//3, 0, 0, 0, 0, 1//3, 0, 1//3, 0],
	[14, 16, 11, 20, 20, 2, 1, 16, 1, 1] => QQFieldElem[0, 0, 0, 0, 0, 0, 1//3, 1//3, 0, 0, 0, 0, -1//3, 1//3, 0, 0],
	[14, 16, 11, 20, 19, 2, 1, 13, 1, 1] => QQFieldElem[0, 0, 0, 0, 0, 1//3, 1//3, 1//3, 0, 0, 0, 0, 1//3, -1//3, -1//3, 0],
	[14, 16, 11, 20, 21, 2, 1, 18, 1, 1] => QQFieldElem[0, 0, 0, 0, 0, 0, 0, 0, 0, -1//4, 0, 0, 0, 0, 0, -1//4],
	[14, 16, 11, 20, 20, 1, 1, 10, 1, 1] => QQFieldElem[0, 0, 0, 0, 0, 1//4, 0, 1//4, 0, 0, 0, 0, 1//4, 0, -1//4, 0],
	[14, 16, 11, 20, 20, 2, 1, 10, 1, 1] => QQFieldElem[0, 0, 0, 0, 0, -1//3, 0, 1//3, 0, 0, 0, 0, -1//3, 0, -1//3, 0],
	[14, 16, 11, 20, 19, 1, 1, 12, 1, 1] => QQFieldElem[0, 0, 0, 0, 0, 1//4, 1//4, 1//4, 0, 0, 0, 0, 1//4, -1//4, -1//4, 0],
	[14, 16, 11, 20, 21, 1, 1, 11, 1, 1] => QQFieldElem[0, 1//4, 0, 0, 0, 0, 0, 1//4, 0, -1//4, 0, 0, 0, 0, 0, 0],
	[14, 16, 11, 20, 20, 1, 1, 18, 1, 1] => QQFieldElem[0, 0, 0, 0, 0, 0, 1//4, 1//4, 0, 0, 0, 0, -1//4, 1//4, 0, 0],
	[14, 16, 11, 20, 21, 1, 1, 13, 1, 1] => QQFieldElem[0, -1//4, 0, 0, 0, 0, 0, -1//4, 0, 0, 0, 0, 0, 0, 0, 1//4],
	[14, 16, 11, 20, 21, 2, 1, 11, 1, 1] => QQFieldElem[0, -1//4, 0, 0, 0, 0, 0, 1//4, 0, 1//4, 0, 0, 0, 0, 0, 0],
	[14, 16, 11, 20, 19, 2, 1, 12, 1, 1] => QQFieldElem[0, 0, 0, 0, 0, -1//3, 1//3, 1//3, 0, 0, 0, 0, -1//3, 1//3, -1//3, 0],
	[14, 16, 11, 20, 20, 2, 1, 18, 1, 1] => QQFieldElem[0, 0, 0, 0, 0, 0, 1//3, 1//3, 0, 0, 0, 0, 1//3, -1//3, 0, 0],
	[14, 16, 11, 20, 19, 1, 1, 16, 1, 1] => QQFieldElem[0, 0, 0, 0, 0, 0, -1//4, 1//4, 0, 0, 0, 0, 1//4, 1//4, 0, 0],
	[14, 16, 11, 20, 21, 2, 1, 13, 1, 1] => QQFieldElem[0, 1//4, 0, 0, 0, 0, 0, -1//4, 0, 0, 0, 0, 0, 0, 0, 1//4],
	[14, 16, 11, 20, 20, 1, 1, 11, 1, 1] => QQFieldElem[0, 0, 0, 0, 0, -1//4, 0, 1//4, 0, 0, 0, 0, -1//4, 0, -1//4, 0],
	[14, 16, 11, 20, 19, 2, 1, 16, 1, 1] => QQFieldElem[0, 0, 0, 0, 0, 0, -1//3, 1//3, 0, 0, 0, 0, -1//3, -1//3, 0, 0],
	[14, 16, 11, 20, 21, 1, 1, 12, 1, 1] => QQFieldElem[0, 1//4, 0, 0, 0, 0, 0, -1//4, 0, 0, 0, 0, 0, 0, 0, 1//4],
	[14, 16, 11, 20, 20, 1, 1, 13, 1, 1] => QQFieldElem[0, 0, 0, 0, 0, 1//4, -1//4, 1//4, 0, 0, 0, 0, -1//4, -1//4, 1//4, 0],
	[14, 16, 11, 20, 20, 2, 1, 11, 1, 1] => QQFieldElem[0, 0, 0, 0, 0, 1//3, 0, 1//3, 0, 0, 0, 0, 1//3, 0, -1//3, 0],
	[14, 16, 11, 20, 19, 1, 1, 10, 1, 1] => QQFieldElem[0, 0, 0, 0, 0, -1//4, 0, 1//4, 0, 0, 0, 0, 1//4, 0, 1//4, 0],
	[14, 16, 11, 20, 21, 2, 1, 12, 1, 1] => QQFieldElem[0, -1//4, 0, 0, 0, 0, 0, -1//4, 0, 0, 0, 0, 0, 0, 0, 1//4],
	[14, 16, 11, 20, 19, 2, 1, 10, 1, 1] => QQFieldElem[0, 0, 0, 0, 0, 1//3, 0, 1//3, 0, 0, 0, 0, -1//3, 0, 1//3, 0],
	[14, 16, 11, 20, 20, 2, 1, 13, 1, 1] => QQFieldElem[0, 0, 0, 0, 0, -1//3, -1//3, 1//3, 0, 0, 0, 0, 1//3, 1//3, 1//3, 0],
	[14, 16, 11, 20, 19, 1, 1, 18, 1, 1] => QQFieldElem[0, 0, 0, 0, 0, 0, -1//4, 1//4, 0, 0, 0, 0, -1//4, -1//4, 0, 0],
	[14, 16, 11, 20, 21, 1, 1, 16, 1, 1] => QQFieldElem[0, 0, 0, 0, 0, 0, 0, 0, 0, -1//4, 0, 0, 0, 0, 0, -1//4],
	[14, 16, 11, 20, 20, 1, 1, 12, 1, 1] => QQFieldElem[0, 0, 0, 0, 0, -1//4, -1//4, 1//4, 0, 0, 0, 0, 1//4, 1//4, 1//4, 0],
	[14, 16, 11, 20, 19, 2, 1, 18, 1, 1] => QQFieldElem[0, 0, 0, 0, 0, 0, -1//3, 1//3, 0, 0, 0, 0, 1//3, 1//3, 0, 0],
	[14, 16, 11, 20, 21, 2, 1, 16, 1, 1] => QQFieldElem[0, 0, 0, 0, 0, 0, 0, 0, 0, 1//4, 0, 0, 0, 0, 0, -1//4],
	[14, 16, 11, 20, 21, 1, 1, 10, 1, 1] => QQFieldElem[0, -1//4, 0, 0, 0, 0, 0, 1//4, 0, 1//4, 0, 0, 0, 0, 0, 0],
	[14, 16, 11, 20, 20, 2, 1, 12, 1, 1] => QQFieldElem[0, 0, 0, 0, 0, 1//3, -1//3, 1//3, 0, 0, 0, 0, -1//3, -1//3, 1//3, 0],
	[14, 16, 11, 20, 19, 1, 1, 11, 1, 1] => QQFieldElem[0, 0, 0, 0, 0, 1//4, 0, 1//4, 0, 0, 0, 0, -1//4, 0, 1//4, 0],
	[14, 16, 11, 20, 20, 1, 1, 16, 1, 1] => QQFieldElem[0, 0, 0, 0, 0, 0, 1//4, 1//4, 0, 0, 0, 0, 1//4, -1//4, 0, 0],
	[14, 16, 11, 20, 21, 2, 1, 10, 1, 1] => QQFieldElem[0, 1//4, 0, 0, 0, 0, 0, 1//4, 0, -1//4, 0, 0, 0, 0, 0, 0],
	[14, 16, 11, 20, 19, 1, 1, 13, 1, 1] => QQFieldElem[0, 0, 0, 0, 0, -1//4, 1//4, 1//4, 0, 0, 0, 0, -1//4, 1//4, -1//4, 0],
	[14, 16, 11, 20, 21, 1, 1, 18, 1, 1] => QQFieldElem[0, 0, 0, 0, 0, 0, 0, 0, 0, 1//4, 0, 0, 0, 0, 0, -1//4])