Dict(
	[14, 14, 10, 11, 15, 1, 1, 5, 1, 1] => QQFieldElem[0, 0, 0, 0, 0, 0, -81//64, 0, 0, 0, 0, 0, 0, 0, 0, 0],
	[14, 14, 10, 11, 16, 1, 1, 4, 1, 1] => QQFieldElem[-9//16, 0, 0, 0, 0, 0, 0, 0, 0, 0, 0, 0, 0, 0, 0, 0],
	[14, 14, 10, 11, 16, 1, 1, 7, 1, 1] => QQFieldElem[-9//16, 0, 0, 0, 0, 0, 0, 0, 0, 0, 0, 0, 0, 0, 0, 0],
	[14, 14, 10, 11, 17, 1, 1, 4, 1, 1] => QQFieldElem[0, 0, 0, 0, 0, 0, 0, 0, 0, 0, 0, 0, 0, 0, 0, 0],
	[14, 14, 10, 11, 17, 1, 1, 7, 1, 1] => QQFieldElem[0, 0, 0, 128//3, 0, 0, 0, 0, 0, 0, 0, 0, 0, 0, 0, 0],
	[14, 14, 10, 11, 16, 1, 1, 5, 1, 1] => QQFieldElem[-9//16, 0, 0, 0, 0, 0, 0, 0, 0, 0, 0, 0, 0, 0, 0, 0],
	[14, 14, 10, 11, 17, 1, 1, 5, 1, 1] => QQFieldElem[0, 0, 0, -128//3, 0, 0, 0, 0, 0, 0, 0, 0, 0, 0, 0, 0],
	[14, 14, 10, 11, 18, 1, 1, 6, 1, 1] => QQFieldElem[0, 0, 0, 0, 0, 0, 0, 0, 0, 0, 0, 0, 0, 0, 0, -128//3],
	[14, 14, 10, 11, 15, 1, 1, 6, 1, 1] => QQFieldElem[0, 0, 0, 0, 0, 0, 81//64, 0, 0, 0, 0, 0, 0, 0, 0, 0],
	[14, 14, 10, 11, 18, 1, 1, 4, 1, 1] => QQFieldElem[0, 0, 0, 0, 0, 0, 0, 0, 0, 0, 0, 0, 0, 0, 0, 128//3],
	[14, 14, 10, 11, 18, 1, 1, 7, 1, 1] => QQFieldElem[0, 0, 0, 0, 0, 0, 0, 0, 0, 0, 0, 0, 0, 0, 0, 0],
	[14, 14, 10, 11, 16, 1, 1, 6, 1, 1] => QQFieldElem[-9//16, 0, 0, 0, 0, 0, 0, 0, 0, 0, 0, 0, 0, 0, 0, 0],
	[14, 14, 10, 11, 18, 1, 1, 5, 1, 1] => QQFieldElem[0, 0, 0, 0, 0, 0, 0, 0, 0, 0, 0, 0, 0, 0, 0, 0],
	[14, 14, 10, 11, 17, 1, 1, 6, 1, 1] => QQFieldElem[0, 0, 0, 0, 0, 0, 0, 0, 0, 0, 0, 0, 0, 0, 0, 0],
	[14, 14, 10, 11, 15, 1, 1, 4, 1, 1] => QQFieldElem[0, 0, 0, 0, 0, 0, 81//64, 0, 0, 0, 0, 0, 0, 0, 0, 0],
	[14, 14, 10, 11, 15, 1, 1, 7, 1, 1] => QQFieldElem[0, 0, 0, 0, 0, 0, -81//64, 0, 0, 0, 0, 0, 0, 0, 0, 0])