Dict(
	[14, 13, 20, 12, 18, 1, 1, 13, 1, 1] => QQFieldElem[0, 0, 0, 0, 0, 0, 0, 0, 0, 0, 0, 0, 0, 0, -1//512, 0],
	[14, 13, 20, 12, 16, 1, 1, 10, 1, 1] => QQFieldElem[0, 0, 0, 0, 3//512, 0, 0, 0, 0, 0, 0, 0, -3//512, 0, 0, 0],
	[14, 13, 20, 12, 17, 1, 1, 10, 1, 1] => QQFieldElem[0, 0, 0, 0, 3//512, 0, 0, 0, 0, 0, 0, 0, -3//512, 0, 0, 0],
	[14, 13, 20, 12, 12, 1, 1, 16, 1, 1] => QQFieldElem[0, 0, -256//3, 0, 0, 0, 0, 0, 0, 0, 0, 0, 0, 0, 0, 0],
	[14, 13, 20, 12, 11, 1, 1, 13, 1, 1] => QQFieldElem[0, 0, 0, 0, 0, 0, 0, 0, 0, 0, 0, 0, 0, 0, 0, 0],
	[14, 13, 20, 12, 16, 1, 1, 18, 1, 1] => QQFieldElem[0, 0, 0, 0, 0, 0, 0, 0, 0, 0, 0, 0, 0, 0, 0, 0],
	[14, 13, 20, 12, 18, 1, 1, 15, 1, 1] => QQFieldElem[0, 0, 0, 0, 0, 0, 0, 0, 0, 0, 3//8, 0, 0, 0, 0, 0],
	[14, 13, 20, 12, 17, 1, 1, 18, 1, 1] => QQFieldElem[0, 0, 0, 0, 0, 0, 0, 0, 0, 0, -3//8, 0, 0, 0, 0, 0],
	[14, 13, 20, 12, 15, 1, 1, 13, 1, 1] => QQFieldElem[0, 0, 0, 0, 0, 0, 0, 0, 0, 0, 0, 0, 0, 0, 1//512, 0],
	[14, 13, 20, 12, 12, 1, 1, 10, 1, 1] => QQFieldElem[0, 0, 0, 0, 0, 0, 0, 0, 0, 0, 0, 0, 0, 0, 0, 0],
	[14, 13, 20, 12, 11, 1, 1, 15, 1, 1] => QQFieldElem[0, 0, 0, 0, 0, 0, 0, 0, 96, 0, 0, 0, 0, 0, 0, 0],
	[14, 13, 20, 12, 16, 1, 1, 17, 1, 1] => QQFieldElem[0, 0, 0, 0, 0, 0, 0, 0, 0, 0, 3//8, 0, 0, 0, 0, 0],
	[14, 13, 20, 12, 17, 1, 1, 17, 1, 1] => QQFieldElem[0, 0, 0, 0, 0, 0, 0, 0, 0, 0, 0, 0, 0, 0, 0, 0],
	[14, 13, 20, 12, 15, 1, 1, 15, 1, 1] => QQFieldElem[0, 0, 0, 0, 0, 0, 0, 0, 0, 0, 0, 0, 0, 0, 0, 0],
	[14, 13, 20, 12, 12, 1, 1, 18, 1, 1] => QQFieldElem[0, 0, -256//3, 0, 0, 0, 0, 0, 0, 0, 0, 0, 0, 0, 0, 0],
	[14, 13, 20, 12, 18, 1, 1, 16, 1, 1] => QQFieldElem[0, 0, 0, 0, 0, 0, 0, 0, 0, 0, 0, 0, 0, 0, 0, 0],
	[14, 13, 20, 12, 16, 1, 1, 13, 1, 1] => QQFieldElem[0, 0, 0, 0, 0, 0, 0, 0, 0, 0, 0, 0, 0, 0, -1//512, 0],
	[14, 13, 20, 12, 12, 1, 1, 17, 1, 1] => QQFieldElem[0, 0, 256//3, 0, 0, 0, 0, 0, 0, 0, 0, 0, 0, 0, 0, 0],
	[14, 13, 20, 12, 17, 1, 1, 13, 1, 1] => QQFieldElem[0, 0, 0, 0, 0, 0, 0, 0, 0, 0, 0, 0, 0, 0, 1//512, 0],
	[14, 13, 20, 12, 11, 1, 1, 16, 1, 1] => QQFieldElem[0, 0, 0, 0, 0, 0, 0, 0, 96, 0, 0, 0, 0, 0, 0, 0],
	[14, 13, 20, 12, 18, 1, 1, 10, 1, 1] => QQFieldElem[0, 0, 0, 0, 3//512, 0, 0, 0, 0, 0, 0, 0, -3//512, 0, 0, 0],
	[14, 13, 20, 12, 15, 1, 1, 16, 1, 1] => QQFieldElem[0, 0, 0, 0, 0, 0, 0, 0, 0, 0, -3//8, 0, 0, 0, 0, 0],
	[14, 13, 20, 12, 16, 1, 1, 15, 1, 1] => QQFieldElem[0, 0, 0, 0, 0, 0, 0, 0, 0, 0, -3//8, 0, 0, 0, 0, 0],
	[14, 13, 20, 12, 17, 1, 1, 15, 1, 1] => QQFieldElem[0, 0, 0, 0, 0, 0, 0, 0, 0, 0, 0, 0, 0, 0, 0, 0],
	[14, 13, 20, 12, 11, 1, 1, 10, 1, 1] => QQFieldElem[0, 0, 0, 0, 0, 0, 0, 0, 0, 0, 0, 0, 0, 0, 0, 0],
	[14, 13, 20, 12, 12, 1, 1, 13, 1, 1] => QQFieldElem[0, 0, 0, 0, 0, 0, 0, 0, 0, 0, 0, 0, 0, 0, 0, 0],
	[14, 13, 20, 12, 18, 1, 1, 18, 1, 1] => QQFieldElem[0, 0, 0, 0, 0, 0, 0, 0, 0, 0, 0, 0, 0, 0, 0, 0],
	[14, 13, 20, 12, 15, 1, 1, 10, 1, 1] => QQFieldElem[0, 0, 0, 0, 3//512, 0, 0, 0, 0, 0, 0, 0, -3//512, 0, 0, 0],
	[14, 13, 20, 12, 11, 1, 1, 18, 1, 1] => QQFieldElem[0, 0, 0, 0, 0, 0, 0, 0, 96, 0, 0, 0, 0, 0, 0, 0],
	[14, 13, 20, 12, 18, 1, 1, 17, 1, 1] => QQFieldElem[0, 0, 0, 0, 0, 0, 0, 0, 0, 0, -3//8, 0, 0, 0, 0, 0],
	[14, 13, 20, 12, 16, 1, 1, 16, 1, 1] => QQFieldElem[0, 0, 0, 0, 0, 0, 0, 0, 0, 0, 0, 0, 0, 0, 0, 0],
	[14, 13, 20, 12, 12, 1, 1, 15, 1, 1] => QQFieldElem[0, 0, 256//3, 0, 0, 0, 0, 0, 0, 0, 0, 0, 0, 0, 0, 0],
	[14, 13, 20, 12, 17, 1, 1, 16, 1, 1] => QQFieldElem[0, 0, 0, 0, 0, 0, 0, 0, 0, 0, 3//8, 0, 0, 0, 0, 0],
	[14, 13, 20, 12, 11, 1, 1, 17, 1, 1] => QQFieldElem[0, 0, 0, 0, 0, 0, 0, 0, 96, 0, 0, 0, 0, 0, 0, 0],
	[14, 13, 20, 12, 15, 1, 1, 18, 1, 1] => QQFieldElem[0, 0, 0, 0, 0, 0, 0, 0, 0, 0, 3//8, 0, 0, 0, 0, 0],
	[14, 13, 20, 12, 15, 1, 1, 17, 1, 1] => QQFieldElem[0, 0, 0, 0, 0, 0, 0, 0, 0, 0, 0, 0, 0, 0, 0, 0])