Dict(
	[14, 10, 11, 14, 1, 1, 1, 10, 1, 1] => QQFieldElem[16//3, 0, 0, 0, 0, 0, 0, 0, 0, 0, 0, 0, 0, 0, 0, 0],
	[14, 10, 11, 14, 3, 1, 1, 10, 1, 1] => QQFieldElem[0, 0, 0, 0, 0, 0, 0, 0, 0, 0, 0, 0, 3//4, 0, 0, 0],
	[14, 10, 11, 14, 14, 1, 1, 13, 1, 1] => QQFieldElem[0, 0, -1//192, 0, 0, 0, 0, 0, 0, 0, 1//192, 0, 0, 0, 0, 0],
	[14, 10, 11, 14, 4, 1, 1, 10, 1, 1] => QQFieldElem[3//2048, 0, 0, 0, 0, 0, 0, 0, 0, 0, 0, 0, 0, 0, 0, 0],
	[14, 10, 11, 14, 3, 2, 1, 10, 1, 1] => QQFieldElem[3//2048, 0, 0, 0, 0, 0, 0, 0, 0, 0, 0, 0, 0, 0, 0, 0],
	[14, 10, 11, 14, 1, 1, 1, 18, 1, 1] => QQFieldElem[0, 0, 0, 0, 0, 0, 0, 0, 0, 0, 0, 0, 0, 0, 0, 0],
	[14, 10, 11, 14, 14, 2, 1, 13, 1, 1] => QQFieldElem[0, 0, 1//192, 0, 0, 0, 0, 0, 0, 0, -1//192, 0, 0, 0, 0, 0],
	[14, 10, 11, 14, 3, 1, 1, 18, 1, 1] => QQFieldElem[0, 0, 0, 0, 0, 0, 0, 0, 0, 0, 0, 0, 0, 0, 0, 0],
	[14, 10, 11, 14, 14, 1, 1, 15, 1, 1] => QQFieldElem[1//256, 0, 0, 0, 0, 0, 0, 0, 0, 0, 0, 0, 0, 0, 0, 0],
	[14, 10, 11, 14, 1, 1, 1, 17, 1, 1] => QQFieldElem[0, 0, 0, 0, 0, 0, 0, 0, 0, 0, 0, 0, 0, 0, 0, 0],
	[14, 10, 11, 14, 4, 1, 1, 18, 1, 1] => QQFieldElem[0, 0, 0, -3//512, 0, 0, 0, 0, 0, 0, 0, 0, 0, 0, 0, 0],
	[14, 10, 11, 14, 3, 1, 1, 17, 1, 1] => QQFieldElem[0, 0, 0, 0, 0, 0, 0, 0, 0, 0, 0, 0, 0, 0, 0, 0],
	[14, 10, 11, 14, 3, 2, 1, 18, 1, 1] => QQFieldElem[0, 0, 0, 0, 0, 0, 0, 0, 0, 0, 0, 0, 0, 0, 0, 3//512],
	[14, 10, 11, 14, 14, 2, 1, 15, 1, 1] => QQFieldElem[1//256, 0, 0, 0, 0, 0, 0, 0, 0, 0, 0, 0, 0, 0, 0, 0],
	[14, 10, 11, 14, 4, 1, 1, 17, 1, 1] => QQFieldElem[0, 0, 0, 0, 0, 1//192, 0, 0, 0, 0, 0, 0, 0, -1//192, 0, 0],
	[14, 10, 11, 14, 3, 2, 1, 17, 1, 1] => QQFieldElem[0, 0, 0, 0, 0, 0, 0, 0, 0, 1//192, 0, 0, 0, 0, 0, 0],
	[14, 10, 11, 14, 1, 1, 1, 13, 1, 1] => QQFieldElem[0, 0, 0, 0, 0, 0, 0, 0, 0, 0, 0, 0, 0, 0, 0, 0],
	[14, 10, 11, 14, 14, 1, 1, 16, 1, 1] => QQFieldElem[0, 0, 0, 0, 0, 0, 0, 0, 0, 0, 0, 0, 0, 0, 0, 0],
	[14, 10, 11, 14, 3, 1, 1, 13, 1, 1] => QQFieldElem[0, 0, 0, 0, 0, 0, 0, 0, 0, 0, 0, 0, 0, 0, 0, 0],
	[14, 10, 11, 14, 4, 1, 1, 13, 1, 1] => QQFieldElem[0, 0, 1//192, 0, 0, 0, 0, 0, 0, 0, -1//192, 0, 0, 0, 0, 0],
	[14, 10, 11, 14, 14, 2, 1, 16, 1, 1] => QQFieldElem[0, 0, 0, 0, 0, 0, 0, 0, 0, 0, 0, 0, 0, 0, 0, 0],
	[14, 10, 11, 14, 3, 2, 1, 13, 1, 1] => QQFieldElem[0, 0, -1//192, 0, 0, 0, 0, 0, 0, 0, 1//192, 0, 0, 0, 0, 0],
	[14, 10, 11, 14, 1, 1, 1, 15, 1, 1] => QQFieldElem[-256//9, 0, 0, 0, 0, 0, 0, 0, 0, 0, 0, 0, 0, 0, 0, 0],
	[14, 10, 11, 14, 3, 1, 1, 15, 1, 1] => QQFieldElem[0, 0, 0, 0, 0, 0, 0, 0, 0, 0, 0, 0, -4, 0, 0, 0],
	[14, 10, 11, 14, 14, 1, 1, 10, 1, 1] => QQFieldElem[3//2048, 0, 0, 0, 0, 0, 0, 0, 0, 0, 0, 0, 0, 0, 0, 0],
	[14, 10, 11, 14, 4, 1, 1, 15, 1, 1] => QQFieldElem[1//256, 0, 0, 0, 0, 0, 0, 0, 0, 0, 0, 0, 0, 0, 0, 0],
	[14, 10, 11, 14, 3, 2, 1, 15, 1, 1] => QQFieldElem[1//256, 0, 0, 0, 0, 0, 0, 0, 0, 0, 0, 0, 0, 0, 0, 0],
	[14, 10, 11, 14, 14, 2, 1, 10, 1, 1] => QQFieldElem[3//2048, 0, 0, 0, 0, 0, 0, 0, 0, 0, 0, 0, 0, 0, 0, 0],
	[14, 10, 11, 14, 14, 1, 1, 18, 1, 1] => QQFieldElem[0, 0, 0, 0, 0, 0, 0, 0, 0, 0, 0, 0, 0, 0, 0, -3//512],
	[14, 10, 11, 14, 1, 1, 1, 16, 1, 1] => QQFieldElem[128//3, 0, 0, 0, 0, 0, 0, 0, 0, 0, 0, 0, 0, 0, 0, 0],
	[14, 10, 11, 14, 14, 2, 1, 18, 1, 1] => QQFieldElem[0, 0, 0, 3//512, 0, 0, 0, 0, 0, 0, 0, 0, 0, 0, 0, 0],
	[14, 10, 11, 14, 3, 1, 1, 16, 1, 1] => QQFieldElem[0, 0, 0, 0, 0, 0, 0, 0, 0, 0, 0, 0, -6, 0, 0, 0],
	[14, 10, 11, 14, 14, 1, 1, 17, 1, 1] => QQFieldElem[0, 0, 0, 0, 0, 0, 0, 0, 0, -1//192, 0, 0, 0, 0, 0, 0],
	[14, 10, 11, 14, 4, 1, 1, 16, 1, 1] => QQFieldElem[0, 0, 0, 0, 0, 0, 0, 0, 0, 0, 0, 0, 0, 0, 0, 0],
	[14, 10, 11, 14, 3, 2, 1, 16, 1, 1] => QQFieldElem[0, 0, 0, 0, 0, 0, 0, 0, 0, 0, 0, 0, 0, 0, 0, 0],
	[14, 10, 11, 14, 14, 2, 1, 17, 1, 1] => QQFieldElem[0, 0, 0, 0, 0, -1//192, 0, 0, 0, 0, 0, 0, 0, 1//192, 0, 0])