Dict(
	[14, 14, 17, 18, 13, 1, 1, 4, 1, 1] => QQFieldElem[0, 0, 0, 0, 0, 0, 0, 0, 0, 0, 0, 0, 0, 0, 0, 0],
	[14, 14, 17, 18, 13, 1, 1, 5, 1, 1] => QQFieldElem[0, 0, 0, 0, 0, 0, 0, 0, 0, 0, 0, 0, -1, 0, 0, 0],
	[14, 14, 17, 18, 11, 1, 1, 4, 1, 1] => QQFieldElem[9//16, 0, 0, 0, 0, 0, 0, 0, 0, 0, 0, 0, 0, 0, 0, 0],
	[14, 14, 17, 18, 11, 1, 1, 5, 1, 1] => QQFieldElem[9//16, 0, 0, 0, 0, 0, 0, 0, 0, 0, 0, 0, 0, 0, 0, 0],
	[14, 14, 17, 18, 12, 1, 1, 6, 1, 1] => QQFieldElem[0, 0, 0, 0, 0, 0, 0, 0, 0, 0, 0, 0, 0, 0, 0, 0],
	[14, 14, 17, 18, 12, 1, 1, 8, 1, 1] => QQFieldElem[0, 0, 0, 0, 0, 0, 0, 0, 0, 0, 0, 0, 4//3, 0, 0, 0],
	[14, 14, 17, 18, 10, 1, 1, 6, 1, 1] => QQFieldElem[0, 0, -27//32, 0, 0, 0, -27//64, 0, 0, 0, 27//32, 0, 0, 0, 0, 0],
	[14, 14, 17, 18, 10, 1, 1, 8, 1, 1] => QQFieldElem[0, 0, 27//32, 0, 0, 0, 27//64, 0, 0, 0, -27//32, 0, 0, 0, 0, 0],
	[14, 14, 17, 18, 13, 1, 1, 6, 1, 1] => QQFieldElem[0, 0, 0, 0, 0, 0, 0, 0, 0, 0, 0, 0, 1, 0, 0, 0],
	[14, 14, 17, 18, 13, 1, 1, 8, 1, 1] => QQFieldElem[0, 0, 0, 0, 0, 0, 0, 0, 0, 0, 0, 0, 0, 0, 0, 0],
	[14, 14, 17, 18, 12, 1, 1, 4, 1, 1] => QQFieldElem[0, 0, 0, 0, 0, 0, 0, 0, 0, 0, 0, 0, -4//3, 0, 0, 0],
	[14, 14, 17, 18, 11, 1, 1, 6, 1, 1] => QQFieldElem[9//16, 0, 0, 0, 0, 0, 0, 0, 0, 0, 0, 0, 0, 0, 0, 0],
	[14, 14, 17, 18, 11, 1, 1, 8, 1, 1] => QQFieldElem[9//16, 0, 0, 0, 0, 0, 0, 0, 0, 0, 0, 0, 0, 0, 0, 0],
	[14, 14, 17, 18, 12, 1, 1, 5, 1, 1] => QQFieldElem[0, 0, 0, 0, 0, 0, 0, 0, 0, 0, 0, 0, 0, 0, 0, 0],
	[14, 14, 17, 18, 10, 1, 1, 4, 1, 1] => QQFieldElem[0, 0, 27//32, 0, 0, 0, 27//64, 0, 0, 0, -27//32, 0, 0, 0, 0, 0],
	[14, 14, 17, 18, 10, 1, 1, 5, 1, 1] => QQFieldElem[0, 0, -27//32, 0, 0, 0, -27//64, 0, 0, 0, 27//32, 0, 0, 0, 0, 0])