Dict(
	[14, 9, 14, 6, 4, 1, 1, 6, 1, 1] => QQFieldElem[-27//64, 0, 0, 0, 0, 0, 0, 0, 0, 0, 0, 0, 0, 0, 0, 0],
	[14, 9, 14, 6, 14, 1, 1, 5, 1, 1] => QQFieldElem[0, 0, 0, 0, 0, 0, 0, 0, 0, 0, 0, 0, 0, 0, 0, 0],
	[14, 9, 14, 6, 5, 1, 1, 6, 1, 1] => QQFieldElem[9//64, 0, 0, 0, 0, 0, 0, 0, 0, 0, 0, 0, 0, 0, 0, 0],
	[14, 9, 14, 6, 6, 1, 1, 4, 1, 1] => QQFieldElem[1//48, 0, 0, 0, 0, 0, 0, 0, 0, 0, 0, 0, 0, 0, 0, 0],
	[14, 9, 14, 6, 9, 1, 1, 4, 1, 1] => QQFieldElem[-1//48, 0, 0, 0, 0, 0, 0, 0, 0, 0, 0, 0, 0, 0, 0, 0],
	[14, 9, 14, 6, 6, 1, 1, 5, 1, 1] => QQFieldElem[-1//16, 0, 0, 0, 0, 0, 0, 0, 0, 0, 0, 0, 0, 0, 0, 0],
	[14, 9, 14, 6, 9, 1, 1, 5, 1, 1] => QQFieldElem[1//16, 0, 0, 0, 0, 0, 0, 0, 0, 0, 0, 0, 0, 0, 0, 0],
	[14, 9, 14, 6, 14, 1, 1, 9, 1, 1] => QQFieldElem[0, 0, 0, 0, 0, 0, 0, 0, 0, 0, 0, 0, -1//2, 0, 0, 0],
	[14, 9, 14, 6, 4, 1, 1, 14, 1, 1] => QQFieldElem[0, 0, 0, 0, 0, 0, 0, 0, 0, 0, 0, 0, 0, 0, 0, 0],
	[14, 9, 14, 6, 5, 1, 1, 14, 1, 1] => QQFieldElem[0, 0, 0, 0, 0, 0, 0, 0, 0, 0, 0, 0, 0, 0, 0, 0],
	[14, 9, 14, 6, 4, 1, 1, 4, 1, 1] => QQFieldElem[9//512, 0, 0, 0, 0, 0, 0, 0, 0, 0, 0, 0, 0, 0, 0, 0],
	[14, 9, 14, 6, 5, 1, 1, 4, 1, 1] => QQFieldElem[3//512, 0, 0, 0, 0, 0, 0, 0, 0, 0, 0, 0, 0, 0, 0, 0],
	[14, 9, 14, 6, 6, 1, 1, 9, 1, 1] => QQFieldElem[0, 0, 0, 0, 0, 0, 0, 0, 0, 0, 0, 0, 0, 0, 0, 0],
	[14, 9, 14, 6, 9, 1, 1, 9, 1, 1] => QQFieldElem[0, 0, 0, 0, 0, 0, 0, 0, 0, 0, 0, 0, 0, 0, 0, 0],
	[14, 9, 14, 6, 4, 1, 1, 5, 1, 1] => QQFieldElem[27//512, 0, 0, 0, 0, 0, 0, 0, 0, 0, 0, 0, 0, 0, 0, 0],
	[14, 9, 14, 6, 5, 1, 1, 5, 1, 1] => QQFieldElem[9//512, 0, 0, 0, 0, 0, 0, 0, 0, 0, 0, 0, 0, 0, 0, 0],
	[14, 9, 14, 6, 14, 1, 1, 6, 1, 1] => QQFieldElem[0, 0, 0, 0, 0, 0, 0, 0, 0, 0, 0, 0, 1//2, 0, 0, 0],
	[14, 9, 14, 6, 6, 1, 1, 6, 1, 1] => QQFieldElem[0, 0, 0, 0, 0, 0, 0, 0, 0, 0, 0, 0, 0, 0, 0, 0],
	[14, 9, 14, 6, 4, 1, 1, 9, 1, 1] => QQFieldElem[-27//64, 0, 0, 0, 0, 0, 0, 0, 0, 0, 0, 0, 0, 0, 0, 0],
	[14, 9, 14, 6, 9, 1, 1, 6, 1, 1] => QQFieldElem[0, 0, 0, 0, 0, 0, 0, 0, 0, 0, 0, 0, 0, 0, 0, 0],
	[14, 9, 14, 6, 5, 1, 1, 9, 1, 1] => QQFieldElem[9//64, 0, 0, 0, 0, 0, 0, 0, 0, 0, 0, 0, 0, 0, 0, 0],
	[14, 9, 14, 6, 14, 1, 1, 14, 1, 1] => QQFieldElem[0, 0, 0, 0, 0, 0, 0, 0, 0, 0, 0, 0, 0, 0, 0, 0],
	[14, 9, 14, 6, 14, 1, 1, 4, 1, 1] => QQFieldElem[0, 0, 0, 0, 0, 0, 0, 0, 0, 0, 0, 0, 0, 0, 0, 0],
	[14, 9, 14, 6, 6, 1, 1, 14, 1, 1] => QQFieldElem[0, 0, 0, 0, 0, 0, 0, 0, 0, 0, 0, 0, -1, 0, 0, 0],
	[14, 9, 14, 6, 9, 1, 1, 14, 1, 1] => QQFieldElem[0, 0, 0, 0, 0, 0, 0, 0, 0, 0, 0, 0, -1, 0, 0, 0])