Dict(
	[14, 14, 18, 10, 16, 1, 1, 14, 2, 1] => QQFieldElem[-1//2, 0, 0, 0, 0, 0, 0, 0, 0, 0, 0, 0, 1//2, 0, 0, 0],
	[14, 14, 18, 10, 13, 1, 1, 6, 1, 1] => QQFieldElem[0, 0, 0, 0, 0, 3//256, 0, 0, 0, 0, 0, 0, 0, -3//256, 0, 0],
	[14, 14, 18, 10, 18, 1, 1, 6, 1, 1] => QQFieldElem[0, 0, 0, 0, 0, 3//256, 0, 0, 0, 0, 0, 0, 0, -3//256, 0, 0],
	[14, 14, 18, 10, 10, 1, 1, 14, 1, 1] => QQFieldElem[-2//3, 0, 0, 0, 0, 0, 0, 0, 0, 0, 0, 0, -2//3, 0, 0, 0],
	[14, 14, 18, 10, 16, 1, 1, 9, 1, 1] => QQFieldElem[0, 0, 0, 0, 0, -9//2048, 0, 0, 0, 0, 0, 0, 0, 9//2048, 0, 0],
	[14, 14, 18, 10, 13, 1, 1, 14, 1, 1] => QQFieldElem[0, 0, -9//16, 0, 0, 0, -9//16, 0, 0, 0, 9//16, 0, 0, 0, 0, 0],
	[14, 14, 18, 10, 18, 1, 1, 14, 1, 1] => QQFieldElem[0, 0, -9//16, 0, 0, 0, 9//16, 0, 0, 0, 9//16, 0, 0, 0, 0, 0],
	[14, 14, 18, 10, 10, 1, 1, 14, 2, 1] => QQFieldElem[1//2, 0, 0, 0, 0, 0, 0, 0, 0, 0, 0, 0, 1//2, 0, 0, 0],
	[14, 14, 18, 10, 16, 1, 1, 6, 1, 1] => QQFieldElem[0, 0, 0, -27//2048, 0, 0, 0, 0, 0, 0, 0, 0, 0, 0, 0, 0],
	[14, 14, 18, 10, 13, 1, 1, 14, 2, 1] => QQFieldElem[-1//2, 0, 0, 0, 0, 0, 0, 0, 0, 0, 0, 0, 1//2, 0, 0, 0],
	[14, 14, 18, 10, 18, 1, 1, 14, 2, 1] => QQFieldElem[1//2, 0, 0, 0, 0, 0, 0, 0, 0, 0, 0, 0, 1//2, 0, 0, 0],
	[14, 14, 18, 10, 10, 1, 1, 9, 1, 1] => QQFieldElem[0, 0, 0, 0, 0, 0, 0, 0, 0, 0, 0, 0, 0, 0, 0, 1//192],
	[14, 14, 18, 10, 13, 1, 1, 9, 1, 1] => QQFieldElem[0, 0, 0, 0, 0, 0, 0, 0, 0, 0, 0, 0, 0, 0, 0, 1//256],
	[14, 14, 18, 10, 16, 1, 1, 14, 1, 1] => QQFieldElem[2//3, 0, 0, 0, 0, 0, 0, 0, 0, 0, 0, 0, -2//3, 0, 0, 0],
	[14, 14, 18, 10, 18, 1, 1, 9, 1, 1] => QQFieldElem[0, 0, 0, 0, 0, 0, 0, 0, 0, 0, 0, 0, 0, 0, 0, -1//256],
	[14, 14, 18, 10, 10, 1, 1, 6, 1, 1] => QQFieldElem[0, 0, 0, 0, 0, 1//64, 0, 0, 0, 0, 0, 0, 0, -1//64, 0, 0])