Dict(
	[14, 16, 19, 13, 16, 1, 1, 11, 1, 1] => QQFieldElem[0, 0, 0, 0, 0, 0, 3//512, 0, 0, 0, 0, 0, 0, 0, 0, 0],
	[14, 16, 19, 13, 10, 1, 1, 10, 1, 1] => QQFieldElem[1//96, 0, 0, 0, 0, 0, 0, 0, 0, 0, 0, 0, 0, 0, 0, 0],
	[14, 16, 19, 13, 18, 1, 1, 16, 1, 1] => QQFieldElem[3//34, 0, -7//34, 1//34, 0, -4//17, -11//34, 0, 0, 1//17, 7//34, 0, -5//34, 4//17, 0, -13//34],
	[14, 16, 19, 13, 17, 1, 1, 11, 1, 1] => QQFieldElem[0, 0, 0, 0, 0, 0, 0, 0, 0, 0, 0, 0, 0, 0, 0, 0],
	[14, 16, 19, 13, 15, 1, 1, 12, 1, 1] => QQFieldElem[0, 0, 0, 0, 0, 0, 0, 0, 0, 0, 0, 0, 0, 0, 0, 0],
	[14, 16, 19, 13, 16, 1, 1, 13, 1, 1] => QQFieldElem[0, 0, 0, 0, 0, 0, 0, 0, 0, 0, 0, 0, 0, 0, 0, 0],
	[14, 16, 19, 13, 13, 1, 1, 16, 1, 1] => QQFieldElem[0, 0, 0, 0, 0, 0, 0, 0, 0, 0, 0, 0, 0, 0, 0, 0],
	[14, 16, 19, 13, 17, 1, 1, 13, 1, 1] => QQFieldElem[-3//14, 0, -3//14, 3//14, 0, 0, 1//14, 0, 0, 1//7, 3//14, 0, -1//14, 0, 0, 3//14],
	[14, 16, 19, 13, 10, 1, 1, 18, 1, 1] => QQFieldElem[0, 0, 0, 0, 0, 0, 0, 0, 0, 0, 0, 0, 0, 0, 0, 0],
	[14, 16, 19, 13, 13, 1, 1, 10, 1, 1] => QQFieldElem[1//96, 0, 0, 0, 0, 0, 0, 0, 0, 0, 0, 0, 0, 0, 0, 0],
	[14, 16, 19, 13, 18, 1, 1, 10, 1, 1] => QQFieldElem[0, 0, 0, 0, 0, 0, 0, 0, 0, 0, 0, 0, 0, 0, 0, 0],
	[14, 16, 19, 13, 15, 1, 1, 16, 1, 1] => QQFieldElem[0, 0, 0, 0, 0, 0, 0, 0, 0, 0, 0, 0, 0, 0, 0, 0],
	[14, 16, 19, 13, 16, 1, 1, 12, 1, 1] => QQFieldElem[6//17, 0, 5//17, 4//17, 0, 9//17, -3//17, 0, 0, -2//17, -5//17, 0, -7//17, -9//17, 0, 1//17],
	[14, 16, 19, 13, 13, 1, 1, 18, 1, 1] => QQFieldElem[0, 0, -1, -1, 0, 1, 1, 0, 0, 0, 1, 0, -1, -1, 0, 0],
	[14, 16, 19, 13, 17, 1, 1, 12, 1, 1] => QQFieldElem[7//34, 0, 3//34, -1//34, 0, 1//17, 5//34, 0, 0, -4//17, -3//34, 0, -11//34, -1//17, 0, -13//34],
	[14, 16, 19, 13, 10, 1, 1, 11, 1, 1] => QQFieldElem[0, 0, 0, 0, 0, 0, -3//512, 0, 0, 0, 0, 0, 0, 0, 0, 0],
	[14, 16, 19, 13, 18, 1, 1, 18, 1, 1] => QQFieldElem[1//2, 0, 1//2, 1//2, 0, -1, -1//2, 0, 0, 0, -1//2, 0, 1//2, 1, 0, -1//2],
	[14, 16, 19, 13, 15, 1, 1, 10, 1, 1] => QQFieldElem[-1//96, 0, 0, 0, 0, 0, 0, 0, 0, 0, 0, 0, 0, 0, 0, 0],
	[14, 16, 19, 13, 10, 1, 1, 13, 1, 1] => QQFieldElem[0, 0, 0, 0, 0, 0, 0, 0, 0, 0, 0, 0, 0, 0, 0, 0],
	[14, 16, 19, 13, 16, 1, 1, 16, 1, 1] => QQFieldElem[-6//17, 0, -3//17, -2//17, 0, -1//17, 5//17, 0, 0, -4//17, 3//17, 0, -7//17, 1//17, 0, 9//17],
	[14, 16, 19, 13, 17, 1, 1, 16, 1, 1] => QQFieldElem[5//34, 0, 11//34, 13//34, 0, -1//17, -7//34, 0, 0, -4//17, -11//34, 0, 3//34, 1//17, 0, 1//34],
	[14, 16, 19, 13, 15, 1, 1, 18, 1, 1] => QQFieldElem[0, 0, -1, -1, 0, 1, 1, 0, 0, 0, 1, 0, -1, -1, 0, 0],
	[14, 16, 19, 13, 13, 1, 1, 11, 1, 1] => QQFieldElem[0, 0, 0, 0, 0, 0, 3//512, 0, 0, 0, 0, 0, 0, 0, 0, 0],
	[14, 16, 19, 13, 18, 1, 1, 11, 1, 1] => QQFieldElem[0, 0, 0, 0, 0, 0, 0, 0, 0, 0, 0, 0, 0, 0, 0, 0],
	[14, 16, 19, 13, 13, 1, 1, 13, 1, 1] => QQFieldElem[0, 0, 1//7, 1//7, 0, 1//7, -1//7, 0, 0, 2//7, -1//7, 0, -3//7, -1//7, 0, -2//7],
	[14, 16, 19, 13, 18, 1, 1, 13, 1, 1] => QQFieldElem[1//14, 0, -1//14, -3//14, 0, -1//7, -3//14, 0, 0, 0, 1//14, 0, -3//14, 1//7, 0, 3//14],
	[14, 16, 19, 13, 16, 1, 1, 10, 1, 1] => QQFieldElem[-1//96, 0, 0, 0, 0, 0, 0, 0, 0, 0, 0, 0, 0, 0, 0, 0],
	[14, 16, 19, 13, 10, 1, 1, 12, 1, 1] => QQFieldElem[6//17, 0, 5//17, 4//17, 0, 9//17, -3//17, 0, 0, -2//17, -5//17, 0, -7//17, -9//17, 0, 1//17],
	[14, 16, 19, 13, 17, 1, 1, 10, 1, 1] => QQFieldElem[0, 0, 0, 0, 0, 0, 0, 0, 0, 0, 0, 0, 0, 0, 0, 0],
	[14, 16, 19, 13, 15, 1, 1, 11, 1, 1] => QQFieldElem[0, 0, 0, 0, 0, 0, -3//512, 0, 0, 0, 0, 0, 0, 0, 0, 0],
	[14, 16, 19, 13, 16, 1, 1, 18, 1, 1] => QQFieldElem[0, 0, 0, 0, 0, 0, 0, 0, 0, 0, 0, 0, 0, 0, 0, 0],
	[14, 16, 19, 13, 17, 1, 1, 18, 1, 1] => QQFieldElem[1//2, 0, -1//2, -1//2, 0, 0, -1//2, 0, 0, 1, 1//2, 0, -1//2, 0, 0, -1//2],
	[14, 16, 19, 13, 15, 1, 1, 13, 1, 1] => QQFieldElem[0, 0, 1//7, 1//7, 0, 1//7, -1//7, 0, 0, 2//7, -1//7, 0, -3//7, -1//7, 0, -2//7],
	[14, 16, 19, 13, 10, 1, 1, 16, 1, 1] => QQFieldElem[-6//17, 0, -3//17, -2//17, 0, -1//17, 5//17, 0, 0, -4//17, 3//17, 0, -7//17, 1//17, 0, 9//17],
	[14, 16, 19, 13, 13, 1, 1, 12, 1, 1] => QQFieldElem[0, 0, 0, 0, 0, 0, 0, 0, 0, 0, 0, 0, 0, 0, 0, 0],
	[14, 16, 19, 13, 18, 1, 1, 12, 1, 1] => QQFieldElem[-11//34, 0, 5//34, -13//34, 0, -4//17, -3//34, 0, 0, -1//17, -5//34, 0, -7//34, 4//17, 0, 1//34])