Dict(
	[14, 12, 10, 20, 21, 2, 1, 12, 1, 1] => QQFieldElem[0, 0, 0, 0, 0, 0, 0, 0, 0, 1//8, -1//8, 1//8, 1//8, 0, 0, 0],
	[14, 12, 10, 20, 20, 1, 1, 15, 1, 1] => QQFieldElem[0, 0, 1//8, 0, 0, 1//8, 0, 0, 0, 0, 0, 0, 1//8, 0, 0, -1//8],
	[14, 12, 10, 20, 19, 1, 1, 18, 1, 1] => QQFieldElem[0, 0, 0, 0, 128//3, 0, 0, 0, 0, 0, 0, 0, 0, 0, 0, 0],
	[14, 12, 10, 20, 21, 1, 1, 16, 1, 1] => QQFieldElem[0, 0, -1//8, 0, 0, 1//8, 0, 0, 0, 0, 0, 0, 1//8, 0, 0, 1//8],
	[14, 12, 10, 20, 19, 1, 1, 17, 1, 1] => QQFieldElem[0, 0, 0, 0, 128//3, 0, 0, 0, 0, 0, 0, 0, 0, 0, 0, 0],
	[14, 12, 10, 20, 19, 2, 1, 18, 1, 1] => QQFieldElem[-48, 0, 0, 0, 0, 0, 0, 0, 48, 0, 0, 0, 0, 0, 0, 0],
	[14, 12, 10, 20, 21, 2, 1, 16, 1, 1] => QQFieldElem[0, 1//8, 1//8, -1//8, 0, 0, 0, 0, 0, -1//8, 0, 0, 1//8, 0, 0, 0],
	[14, 12, 10, 20, 20, 1, 1, 12, 1, 1] => QQFieldElem[0, 0, 0, 0, 0, 1//8, 0, -1//8, 0, 0, 1//8, 0, 1//8, -1//8, 0, 1//8],
	[14, 12, 10, 20, 20, 2, 1, 15, 1, 1] => QQFieldElem[0, 1//8, -1//8, 1//8, 0, 0, 0, 0, 0, -1//8, 0, 0, 1//8, 0, 0, 0],
	[14, 12, 10, 20, 19, 2, 1, 17, 1, 1] => QQFieldElem[48, 0, 0, 0, 0, 0, 0, 0, -48, 0, 0, 0, 0, 0, 0, 0],
	[14, 12, 10, 20, 20, 2, 1, 12, 1, 1] => QQFieldElem[0, 0, 0, 0, 0, 0, 0, 0, 0, -1//8, -1//8, -1//8, 1//8, 0, 0, 0],
	[14, 12, 10, 20, 19, 1, 1, 11, 1, 1] => QQFieldElem[0, 0, 0, 0, 0, 0, 0, 0, 0, 0, 0, 0, -128//3, 0, 0, 0],
	[14, 12, 10, 20, 20, 1, 1, 16, 1, 1] => QQFieldElem[0, 0, -1//8, 0, 0, -1//8, 0, 0, 0, 0, 0, 0, 1//8, 0, 0, -1//8],
	[14, 12, 10, 20, 21, 1, 1, 18, 1, 1] => QQFieldElem[0, 0, 1//8, 0, 0, 0, 0, -1//8, 0, 0, -1//8, 0, 1//8, -1//8, 0, 0],
	[14, 12, 10, 20, 19, 2, 1, 11, 1, 1] => QQFieldElem[48, 0, 0, 0, 0, 0, 0, 0, -48, 0, 0, 0, 0, 0, 0, 0],
	[14, 12, 10, 20, 20, 2, 1, 16, 1, 1] => QQFieldElem[0, -1//8, 1//8, 1//8, 0, 0, 0, 0, 0, 1//8, 0, 0, 1//8, 0, 0, 0],
	[14, 12, 10, 20, 21, 2, 1, 18, 1, 1] => QQFieldElem[0, -1//8, -1//8, 1//8, 0, 0, 0, 0, 0, 0, 1//8, -1//8, 1//8, 0, 0, 0],
	[14, 12, 10, 20, 21, 1, 1, 17, 1, 1] => QQFieldElem[0, 0, -1//8, 0, 0, 0, 0, -1//8, 0, 0, 1//8, 0, 1//8, 1//8, 0, 0],
	[14, 12, 10, 20, 19, 1, 1, 15, 1, 1] => QQFieldElem[0, 0, 0, 0, -128//3, 0, 0, 0, 0, 0, 0, 0, 128//3, 0, 0, 0],
	[14, 12, 10, 20, 21, 2, 1, 17, 1, 1] => QQFieldElem[0, 1//8, 1//8, 1//8, 0, 0, 0, 0, 0, 0, -1//8, -1//8, 1//8, 0, 0, 0],
	[14, 12, 10, 20, 21, 1, 1, 11, 1, 1] => QQFieldElem[0, 0, 0, 0, 0, 1//8, 0, 1//8, 0, 0, -1//8, 0, 1//8, -1//8, 0, -1//8],
	[14, 12, 10, 20, 19, 1, 1, 12, 1, 1] => QQFieldElem[0, 0, 0, 0, 0, 0, 0, 0, 0, 0, 0, 0, -128//3, 0, 0, 0],
	[14, 12, 10, 20, 20, 1, 1, 18, 1, 1] => QQFieldElem[0, 0, 1//8, 0, 0, 0, 0, 1//8, 0, 0, -1//8, 0, 1//8, 1//8, 0, 0],
	[14, 12, 10, 20, 19, 2, 1, 15, 1, 1] => QQFieldElem[48, 0, 0, 0, 0, 0, 0, 0, -48, 0, 0, 0, 0, 0, 0, 0],
	[14, 12, 10, 20, 19, 2, 1, 12, 1, 1] => QQFieldElem[-48, 0, 0, 0, 0, 0, 0, 0, 48, 0, 0, 0, 0, 0, 0, 0],
	[14, 12, 10, 20, 21, 2, 1, 11, 1, 1] => QQFieldElem[0, 0, 0, 0, 0, 0, 0, 0, 0, -1//8, 1//8, 1//8, 1//8, 0, 0, 0],
	[14, 12, 10, 20, 20, 2, 1, 18, 1, 1] => QQFieldElem[0, 1//8, -1//8, -1//8, 0, 0, 0, 0, 0, 0, 1//8, 1//8, 1//8, 0, 0, 0],
	[14, 12, 10, 20, 20, 1, 1, 17, 1, 1] => QQFieldElem[0, 0, -1//8, 0, 0, 0, 0, 1//8, 0, 0, 1//8, 0, 1//8, -1//8, 0, 0],
	[14, 12, 10, 20, 19, 1, 1, 16, 1, 1] => QQFieldElem[0, 0, 0, 0, -128//3, 0, 0, 0, 0, 0, 0, 0, 128//3, 0, 0, 0],
	[14, 12, 10, 20, 21, 1, 1, 15, 1, 1] => QQFieldElem[0, 0, 1//8, 0, 0, -1//8, 0, 0, 0, 0, 0, 0, 1//8, 0, 0, 1//8],
	[14, 12, 10, 20, 20, 2, 1, 17, 1, 1] => QQFieldElem[0, -1//8, 1//8, -1//8, 0, 0, 0, 0, 0, 0, -1//8, 1//8, 1//8, 0, 0, 0],
	[14, 12, 10, 20, 20, 1, 1, 11, 1, 1] => QQFieldElem[0, 0, 0, 0, 0, -1//8, 0, -1//8, 0, 0, -1//8, 0, 1//8, 1//8, 0, 1//8],
	[14, 12, 10, 20, 19, 2, 1, 16, 1, 1] => QQFieldElem[-48, 0, 0, 0, 0, 0, 0, 0, 48, 0, 0, 0, 0, 0, 0, 0],
	[14, 12, 10, 20, 21, 1, 1, 12, 1, 1] => QQFieldElem[0, 0, 0, 0, 0, -1//8, 0, 1//8, 0, 0, 1//8, 0, 1//8, 1//8, 0, -1//8],
	[14, 12, 10, 20, 21, 2, 1, 15, 1, 1] => QQFieldElem[0, -1//8, -1//8, -1//8, 0, 0, 0, 0, 0, 1//8, 0, 0, 1//8, 0, 0, 0],
	[14, 12, 10, 20, 20, 2, 1, 11, 1, 1] => QQFieldElem[0, 0, 0, 0, 0, 0, 0, 0, 0, 1//8, 1//8, -1//8, 1//8, 0, 0, 0])