Dict(
	[14, 13, 18, 14, 6, 1, 1, 18, 1, 1] => QQFieldElem[0, 0, 0, 0, 0, 0, 0, 0, 0, 48, 0, 0, 0, 0, 0, 0],
	[14, 13, 18, 14, 9, 1, 1, 18, 1, 1] => QQFieldElem[0, 0, 0, 128//3, 0, 0, 0, 0, 0, 0, 0, 0, 0, 0, 0, 0],
	[14, 13, 18, 14, 14, 1, 1, 13, 1, 1] => QQFieldElem[-3//16, 0, 0, 0, 0, 0, 0, 0, 0, 0, 0, 0, -3//16, 0, 0, 0],
	[14, 13, 18, 14, 14, 2, 1, 13, 1, 1] => QQFieldElem[3//16, 0, 0, 0, 0, 0, 0, 0, 0, 0, 0, 0, -3//16, 0, 0, 0],
	[14, 13, 18, 14, 6, 1, 1, 13, 1, 1] => QQFieldElem[0, 0, 0, 0, 0, 0, 0, 0, 0, 48, 0, 0, 0, 0, 0, 0],
	[14, 13, 18, 14, 9, 1, 1, 13, 1, 1] => QQFieldElem[0, 0, 0, -128//3, 0, 0, 0, 0, 0, 0, 0, 0, 0, 0, 0, 0],
	[14, 13, 18, 14, 14, 1, 1, 16, 1, 1] => QQFieldElem[0, 0, 1//6, 0, 0, 0, -1//6, 0, 0, 0, -1//6, 0, 0, 0, 0, 0],
	[14, 13, 18, 14, 14, 2, 1, 16, 1, 1] => QQFieldElem[0, 0, -1//6, 0, 0, 0, -1//6, 0, 0, 0, 1//6, 0, 0, 0, 0, 0],
	[14, 13, 18, 14, 6, 1, 1, 16, 1, 1] => QQFieldElem[0, 0, 0, -128//3, 0, 0, 0, 0, 0, 0, 0, 0, 0, 0, 0, 0],
	[14, 13, 18, 14, 14, 1, 1, 10, 1, 1] => QQFieldElem[-1//4, 0, 0, 0, 0, 0, 0, 0, 0, 0, 0, 0, -1//4, 0, 0, 0],
	[14, 13, 18, 14, 9, 1, 1, 16, 1, 1] => QQFieldElem[0, 0, 0, 0, 0, -1024//27, 0, 0, 0, 0, 0, 0, 0, 1024//27, 0, 0],
	[14, 13, 18, 14, 14, 2, 1, 10, 1, 1] => QQFieldElem[1//4, 0, 0, 0, 0, 0, 0, 0, 0, 0, 0, 0, -1//4, 0, 0, 0],
	[14, 13, 18, 14, 14, 1, 1, 18, 1, 1] => QQFieldElem[3//16, 0, 0, 0, 0, 0, 0, 0, 0, 0, 0, 0, -3//16, 0, 0, 0],
	[14, 13, 18, 14, 6, 1, 1, 10, 1, 1] => QQFieldElem[0, 0, 0, 0, 0, 0, 0, 0, 0, -64, 0, 0, 0, 0, 0, 0],
	[14, 13, 18, 14, 9, 1, 1, 10, 1, 1] => QQFieldElem[0, 0, 0, 512//9, 0, 0, 0, 0, 0, 0, 0, 0, 0, 0, 0, 0],
	[14, 13, 18, 14, 14, 2, 1, 18, 1, 1] => QQFieldElem[-3//16, 0, 0, 0, 0, 0, 0, 0, 0, 0, 0, 0, -3//16, 0, 0, 0])