Dict(
	[14, 14, 18, 16, 16, 1, 1, 4, 1, 1] => QQFieldElem[0, 0, 9//16, 0, 0, 0, -9//16, 0, 0, 0, -9//16, 0, 0, 0, 0, 0],
	[14, 14, 18, 16, 11, 1, 1, 3, 2, 1] => QQFieldElem[0, 0, 0, 0, 0, 0, 0, 0, 0, 0, 0, 0, 0, 0, 0, 0],
	[14, 14, 18, 16, 11, 1, 1, 2, 1, 1] => QQFieldElem[0, 0, 0, 0, 0, 0, -81//64, 0, 0, 0, 0, 0, 0, 0, 0, 0],
	[14, 14, 18, 16, 12, 1, 1, 14, 1, 1] => QQFieldElem[0, 0, 0, 0, 0, 0, 0, 0, 0, 0, 0, 0, 0, 0, 0, 0],
	[14, 14, 18, 16, 16, 1, 1, 14, 2, 1] => QQFieldElem[0, 0, -27//32, 0, 0, 0, 0, 0, 0, 0, 27//32, 0, 0, 0, 0, 0],
	[14, 14, 18, 16, 16, 1, 1, 3, 1, 1] => QQFieldElem[9//16, 0, 0, 0, 0, 0, 0, 0, 0, 0, 0, 0, 0, 0, 0, 0],
	[14, 14, 18, 16, 12, 1, 1, 4, 1, 1] => QQFieldElem[9//16, 0, 0, 0, 0, 0, 0, 0, 0, 0, 0, 0, 0, 0, 0, 0],
	[14, 14, 18, 16, 10, 1, 1, 14, 1, 1] => QQFieldElem[0, 0, 1024//9, 1024//9, 0, -1024//9, -1024//9, 0, 0, -1024//9, -1024//9, 0, 1024//9, 1024//9, 0, -1024//9],
	[14, 14, 18, 16, 12, 1, 1, 14, 2, 1] => QQFieldElem[0, 0, 0, 0, 0, 0, 0, 0, 0, 0, 0, 0, 0, 0, 0, 0],
	[14, 14, 18, 16, 10, 1, 1, 4, 1, 1] => QQFieldElem[0, 0, -1024//9, -1024//9, 0, 1024//9, 1024//9, 0, 0, 1024//9, 1024//9, 0, -1024//9, -1024//9, 0, 1024//9],
	[14, 14, 18, 16, 12, 1, 1, 3, 1, 1] => QQFieldElem[0, 0, -9//16, 0, 0, 0, -9//16, 0, 0, 0, 9//16, 0, 0, 0, 0, 0],
	[14, 14, 18, 16, 16, 1, 1, 2, 1, 1] => QQFieldElem[0, 0, -9//16, 0, 0, 0, 9//16, 0, 0, 0, 9//16, 0, 0, 0, 0, 0],
	[14, 14, 18, 16, 16, 1, 1, 3, 2, 1] => QQFieldElem[0, 0, 0, 0, 0, 0, 0, 0, 0, 0, 0, 0, 0, 0, 0, 0],
	[14, 14, 18, 16, 13, 1, 1, 14, 1, 1] => QQFieldElem[0, 0, 1024//9, 1024//9, 0, -1024//9, -1024//9, 0, 0, -1024//9, -1024//9, 0, 1024//9, 1024//9, 0, -1024//9],
	[14, 14, 18, 16, 18, 1, 1, 14, 1, 1] => QQFieldElem[0, 0, 0, 0, 0, 0, 0, 0, 0, 0, 0, 0, 0, 0, 0, 0],
	[14, 14, 18, 16, 10, 1, 1, 14, 2, 1] => QQFieldElem[0, 0, 0, 0, 0, 0, 0, 0, 0, 0, 0, 0, 0, 0, 0, 0],
	[14, 14, 18, 16, 13, 1, 1, 4, 1, 1] => QQFieldElem[0, 0, 0, 0, 0, 0, 0, 0, 0, 0, 0, 0, 0, 0, 0, 0],
	[14, 14, 18, 16, 11, 1, 1, 14, 1, 1] => QQFieldElem[9//8, 0, 0, 0, 0, 0, 0, 0, 0, 0, 0, 0, 0, 0, 0, 0],
	[14, 14, 18, 16, 10, 1, 1, 3, 1, 1] => QQFieldElem[0, 0, -1024//9, -1024//9, 0, 1024//9, 1024//9, 0, 0, 1024//9, 1024//9, 0, -1024//9, -1024//9, 0, 1024//9],
	[14, 14, 18, 16, 18, 1, 1, 4, 1, 1] => QQFieldElem[-1//2, 0, 0, 0, 0, 0, 0, 0, 0, 0, 0, 0, -1//2, 0, 0, 0],
	[14, 14, 18, 16, 12, 1, 1, 3, 2, 1] => QQFieldElem[1//2, 0, 0, 0, 0, 0, 0, 0, 0, 0, 0, 0, -1//2, 0, 0, 0],
	[14, 14, 18, 16, 12, 1, 1, 2, 1, 1] => QQFieldElem[9//16, 0, 0, 0, 0, 0, 0, 0, 0, 0, 0, 0, 0, 0, 0, 0],
	[14, 14, 18, 16, 11, 1, 1, 4, 1, 1] => QQFieldElem[0, 0, 0, 0, 0, 0, -81//64, 0, 0, 0, 0, 0, 0, 0, 0, 0],
	[14, 14, 18, 16, 13, 1, 1, 14, 2, 1] => QQFieldElem[0, 0, 0, 0, 0, 0, 0, 0, 0, 0, 0, 0, 0, 0, 0, 0],
	[14, 14, 18, 16, 18, 1, 1, 14, 2, 1] => QQFieldElem[0, 0, 0, 0, 0, 0, 0, 0, 0, 0, 0, 0, 0, 0, 0, 0],
	[14, 14, 18, 16, 13, 1, 1, 3, 1, 1] => QQFieldElem[0, 0, -1024//9, -1024//9, 0, 1024//9, 1024//9, 0, 0, 1024//9, 1024//9, 0, -1024//9, -1024//9, 0, 1024//9],
	[14, 14, 18, 16, 18, 1, 1, 3, 1, 1] => QQFieldElem[0, 0, 9//16, 0, 0, 0, 9//16, 0, 0, 0, -9//16, 0, 0, 0, 0, 0],
	[14, 14, 18, 16, 10, 1, 1, 3, 2, 1] => QQFieldElem[0, 0, 0, 0, 0, 0, 81//64, 0, 0, 0, 0, 0, 0, 0, 0, 0],
	[14, 14, 18, 16, 11, 1, 1, 14, 2, 1] => QQFieldElem[0, 0, 27//32, 0, 0, 0, 0, 0, 0, 0, -27//32, 0, 0, 0, 0, 0],
	[14, 14, 18, 16, 10, 1, 1, 2, 1, 1] => QQFieldElem[0, 0, -1024//9, -1024//9, 0, 1024//9, 1024//9, 0, 0, 1024//9, 1024//9, 0, -1024//9, -1024//9, 0, 1024//9],
	[14, 14, 18, 16, 11, 1, 1, 3, 1, 1] => QQFieldElem[9//16, 0, 0, 0, 0, 0, 0, 0, 0, 0, 0, 0, 0, 0, 0, 0],
	[14, 14, 18, 16, 16, 1, 1, 14, 1, 1] => QQFieldElem[9//8, 0, 0, 0, 0, 0, 0, 0, 0, 0, 0, 0, 0, 0, 0, 0],
	[14, 14, 18, 16, 13, 1, 1, 3, 2, 1] => QQFieldElem[0, 0, 0, 0, 0, 0, 81//64, 0, 0, 0, 0, 0, 0, 0, 0, 0],
	[14, 14, 18, 16, 18, 1, 1, 3, 2, 1] => QQFieldElem[-1//2, 0, 0, 0, 0, 0, 0, 0, 0, 0, 0, 0, 1//2, 0, 0, 0],
	[14, 14, 18, 16, 18, 1, 1, 2, 1, 1] => QQFieldElem[1//2, 0, 0, 0, 0, 0, 0, 0, 0, 0, 0, 0, 1//2, 0, 0, 0],
	[14, 14, 18, 16, 13, 1, 1, 2, 1, 1] => QQFieldElem[0, 0, 0, 0, 0, 0, 0, 0, 0, 0, 0, 0, 0, 0, 0, 0])