Dict(
	[14, 20, 14, 20, 20, 1, 2, 19, 1, 1] => QQFieldElem[2//3, 0, 0, 0, -1//3, 0, 0, 0, -2//3, 0, 0, 0, 2//3, 0, 0, 0],
	[14, 20, 14, 20, 21, 1, 1, 19, 2, 1] => QQFieldElem[-15//16, 0, 0, 0, 21//16, 0, 0, 0, -3//8, 0, 0, 0, -3//8, 0, 0, 0],
	[14, 20, 14, 20, 20, 2, 1, 21, 2, 2] => QQFieldElem[0, 0, 0, 0, -1//6, 0, 0, 0, -1//3, 0, 0, 0, -1//6, 0, 0, 0],
	[14, 20, 14, 20, 21, 2, 2, 19, 2, 1] => QQFieldElem[0, 0, 0, 0, 1//3, 0, 0, 0, -1//3, 0, 0, 0, 1//3, 0, 0, 0],
	[14, 20, 14, 20, 21, 1, 2, 20, 1, 1] => QQFieldElem[3//8, 0, 0, 0, 3//8, 0, 0, 0, -3//4, 0, 0, 0, -3//4, 0, 0, 0],
	[14, 20, 14, 20, 20, 2, 1, 19, 1, 1] => QQFieldElem[28//27, 0, 0, 0, -28//27, 0, 0, 0, -8//27, 0, 0, 0, 20//27, 0, 0, 0],
	[14, 20, 14, 20, 19, 1, 1, 21, 1, 2] => QQFieldElem[-1//3, 0, 0, 0, -1//3, 0, 0, 0, 1//3, 0, 0, 0, 2//3, 0, 0, 0],
	[14, 20, 14, 20, 19, 2, 2, 21, 1, 2] => QQFieldElem[-4//27, 0, 0, 0, 4//27, 0, 0, 0, -4//27, 0, 0, 0, -8//27, 0, 0, 0],
	[14, 20, 14, 20, 21, 2, 1, 20, 1, 1] => QQFieldElem[0, 0, 0, 0, -1//2, 0, 0, 0, -5//6, 0, 0, 0, -1//2, 0, 0, 0],
	[14, 20, 14, 20, 20, 1, 2, 19, 2, 1] => QQFieldElem[1//3, 0, 0, 0, -1//3, 0, 0, 0, 0, 0, 0, 0, 1//6, 0, 0, 0],
	[14, 20, 14, 20, 21, 1, 2, 20, 2, 1] => QQFieldElem[-3//16, 0, 0, 0, 3//16, 0, 0, 0, 3//8, 0, 0, 0, 3//16, 0, 0, 0],
	[14, 20, 14, 20, 20, 2, 1, 19, 2, 1] => QQFieldElem[0, 0, 0, 0, 4//9, 0, 0, 0, -4//9, 0, 0, 0, 0, 0, 0, 0],
	[14, 20, 14, 20, 21, 1, 2, 19, 1, 2] => QQFieldElem[9//8, 0, 0, 0, -9//8, 0, 0, 0, -9//16, 0, 0, 0, 9//16, 0, 0, 0],
	[14, 20, 14, 20, 20, 1, 1, 20, 1, 1] => QQFieldElem[0, 0, 0, 0, 0, 0, 0, 0, 0, 0, 0, 0, 0, 0, 0, 0],
	[14, 20, 14, 20, 19, 1, 1, 21, 2, 2] => QQFieldElem[-1//12, 0, 0, 0, 0, 0, 0, 0, 1//6, 0, 0, 0, -1//4, 0, 0, 0],
	[14, 20, 14, 20, 20, 2, 2, 20, 1, 1] => QQFieldElem[0, 0, 0, 0, 0, 0, 0, 0, 0, 0, 0, 0, 0, 0, 0, 0],
	[14, 20, 14, 20, 19, 2, 2, 21, 2, 2] => QQFieldElem[-2//27, 0, 0, 0, 4//27, 0, 0, 0, 4//27, 0, 0, 0, -2//27, 0, 0, 0],
	[14, 20, 14, 20, 21, 2, 1, 20, 2, 1] => QQFieldElem[0, 0, 0, 0, 0, 0, 0, 0, 0, 0, 0, 0, 0, 0, 0, 0],
	[14, 20, 14, 20, 19, 1, 1, 19, 1, 1] => QQFieldElem[0, 0, 0, 0, 1//3, 0, 0, 0, -1//3, 0, 0, 0, 1//3, 0, 0, 0],
	[14, 20, 14, 20, 21, 2, 1, 19, 1, 2] => QQFieldElem[1//3, 0, 0, 0, -1, 0, 0, 0, 1//3, 0, 0, 0, 0, 0, 0, 0],
	[14, 20, 14, 20, 19, 2, 2, 19, 1, 1] => QQFieldElem[-20//27, 0, 0, 0, 8//27, 0, 0, 0, 28//27, 0, 0, 0, -28//27, 0, 0, 0],
	[14, 20, 14, 20, 21, 1, 2, 19, 2, 2] => QQFieldElem[3//16, 0, 0, 0, -3//16, 0, 0, 0, 3//16, 0, 0, 0, -3//16, 0, 0, 0],
	[14, 20, 14, 20, 20, 1, 1, 20, 2, 1] => QQFieldElem[1//3, 0, 0, 0, 1//2, 0, 0, 0, -1//6, 0, 0, 0, -1//2, 0, 0, 0],
	[14, 20, 14, 20, 20, 2, 2, 20, 2, 1] => QQFieldElem[0, 0, 0, 0, 0, 0, 0, 0, 0, 0, 0, 0, 0, 0, 0, 0],
	[14, 20, 14, 20, 20, 1, 1, 19, 1, 2] => QQFieldElem[3//16, 0, 0, 0, -3//16, 0, 0, 0, -3//8, 0, 0, 0, 3//8, 0, 0, 0],
	[14, 20, 14, 20, 19, 1, 1, 19, 2, 1] => QQFieldElem[-1//3, 0, 0, 0, 0, 0, 0, 0, 1//3, 0, 0, 0, 0, 0, 0, 0],
	[14, 20, 14, 20, 21, 1, 1, 20, 1, 2] => QQFieldElem[0, 0, 0, 0, 0, 0, 0, 0, 0, 0, 0, 0, 0, 0, 0, 0],
	[14, 20, 14, 20, 21, 2, 1, 19, 2, 2] => QQFieldElem[1//3, 0, 0, 0, 0, 0, 0, 0, -2//3, 0, 0, 0, 1//2, 0, 0, 0],
	[14, 20, 14, 20, 20, 2, 2, 19, 1, 2] => QQFieldElem[-4//3, 0, 0, 0, 1, 0, 0, 0, 2//3, 0, 0, 0, -1, 0, 0, 0],
	[14, 20, 14, 20, 19, 1, 2, 20, 1, 1] => QQFieldElem[0, 0, 0, 0, 0, 0, 0, 0, 0, 0, 0, 0, 0, 0, 0, 0],
	[14, 20, 14, 20, 19, 2, 2, 19, 2, 1] => QQFieldElem[-4//27, 0, 0, 0, 4//27, 0, 0, 0, 8//27, 0, 0, 0, 4//27, 0, 0, 0],
	[14, 20, 14, 20, 21, 2, 2, 20, 1, 2] => QQFieldElem[1//3, 0, 0, 0, 0, 0, 0, 0, 0, 0, 0, 0, 0, 0, 0, 0],
	[14, 20, 14, 20, 20, 1, 1, 19, 2, 2] => QQFieldElem[-3//8, 0, 0, 0, 3//8, 0, 0, 0, 3//16, 0, 0, 0, -3//16, 0, 0, 0],
	[14, 20, 14, 20, 21, 1, 1, 21, 1, 1] => QQFieldElem[-3//16, 0, 0, 0, 3//16, 0, 0, 0, -3//16, 0, 0, 0, -3//8, 0, 0, 0],
	[14, 20, 14, 20, 19, 2, 1, 20, 1, 1] => QQFieldElem[-8//27, 0, 0, 0, -8//27, 0, 0, 0, 4//27, 0, 0, 0, 4//27, 0, 0, 0],
	[14, 20, 14, 20, 20, 2, 2, 19, 2, 2] => QQFieldElem[0, 0, 0, 0, 0, 0, 0, 0, 0, 0, 0, 0, 0, 0, 0, 0],
	[14, 20, 14, 20, 21, 1, 1, 20, 2, 2] => QQFieldElem[3//4, 0, 0, 0, -3//8, 0, 0, 0, -3//8, 0, 0, 0, -3//8, 0, 0, 0],
	[14, 20, 14, 20, 21, 2, 2, 21, 1, 1] => QQFieldElem[1//3, 0, 0, 0, 0, 0, 0, 0, 1//3, 0, 0, 0, 0, 0, 0, 0],
	[14, 20, 14, 20, 20, 1, 2, 20, 1, 2] => QQFieldElem[3//16, 0, 0, 0, 3//16, 0, 0, 0, -3//8, 0, 0, 0, 3//16, 0, 0, 0],
	[14, 20, 14, 20, 19, 1, 2, 20, 2, 1] => QQFieldElem[0, 0, 0, 0, 0, 0, 0, 0, 0, 0, 0, 0, 0, 0, 0, 0],
	[14, 20, 14, 20, 21, 2, 2, 20, 2, 2] => QQFieldElem[0, 0, 0, 0, 1//6, 0, 0, 0, 1//6, 0, 0, 0, 1//6, 0, 0, 0],
	[14, 20, 14, 20, 19, 1, 2, 19, 1, 2] => QQFieldElem[1//3, 0, 0, 0, 0, 0, 0, 0, -2//3, 0, 0, 0, 1//2, 0, 0, 0],
	[14, 20, 14, 20, 20, 2, 1, 20, 1, 2] => QQFieldElem[-1//3, 0, 0, 0, 0, 0, 0, 0, 1//3, 0, 0, 0, 0, 0, 0, 0],
	[14, 20, 14, 20, 20, 1, 2, 21, 1, 1] => QQFieldElem[0, 0, 0, 0, -1//6, 0, 0, 0, -1//3, 0, 0, 0, -1//6, 0, 0, 0],
	[14, 20, 14, 20, 21, 1, 1, 21, 2, 1] => QQFieldElem[9//32, 0, 0, 0, 0, 0, 0, 0, 0, 0, 0, 0, 9//32, 0, 0, 0],
	[14, 20, 14, 20, 19, 2, 1, 20, 2, 1] => QQFieldElem[0, 0, 0, 0, 0, 0, 0, 0, 0, 0, 0, 0, 0, 0, 0, 0],
	[14, 20, 14, 20, 21, 2, 2, 21, 2, 1] => QQFieldElem[1//12, 0, 0, 0, -1//6, 0, 0, 0, 0, 0, 0, 0, 1//12, 0, 0, 0],
	[14, 20, 14, 20, 20, 1, 2, 20, 2, 2] => QQFieldElem[0, 0, 0, 0, 0, 0, 0, 0, 0, 0, 0, 0, 0, 0, 0, 0],
	[14, 20, 14, 20, 19, 2, 1, 19, 1, 2] => QQFieldElem[8//27, 0, 0, 0, -4//27, 0, 0, 0, -4//27, 0, 0, 0, 8//27, 0, 0, 0],
	[14, 20, 14, 20, 20, 2, 1, 21, 1, 1] => QQFieldElem[8//27, 0, 0, 0, 4//27, 0, 0, 0, -4//27, 0, 0, 0, 4//27, 0, 0, 0],
	[14, 20, 14, 20, 19, 1, 2, 19, 2, 2] => QQFieldElem[0, 0, 0, 0, -1//3, 0, 0, 0, -1//3, 0, 0, 0, -1//3, 0, 0, 0],
	[14, 20, 14, 20, 20, 2, 1, 20, 2, 2] => QQFieldElem[1//3, 0, 0, 0, 0, 0, 0, 0, 0, 0, 0, 0, 0, 0, 0, 0],
	[14, 20, 14, 20, 20, 1, 2, 21, 2, 1] => QQFieldElem[-1//3, 0, 0, 0, 1//3, 0, 0, 0, 1//3, 0, 0, 0, -2//3, 0, 0, 0],
	[14, 20, 14, 20, 19, 2, 1, 19, 2, 2] => QQFieldElem[20//27, 0, 0, 0, -8//27, 0, 0, 0, -28//27, 0, 0, 0, 28//27, 0, 0, 0],
	[14, 20, 14, 20, 19, 1, 1, 20, 1, 2] => QQFieldElem[0, 0, 0, 0, 1//6, 0, 0, 0, 1//6, 0, 0, 0, 1//6, 0, 0, 0],
	[14, 20, 14, 20, 20, 2, 1, 21, 2, 1] => QQFieldElem[4//27, 0, 0, 0, -4//27, 0, 0, 0, 4//27, 0, 0, 0, 8//27, 0, 0, 0],
	[14, 20, 14, 20, 21, 1, 2, 21, 1, 2] => QQFieldElem[0, 0, 0, 0, 0, 0, 0, 0, 0, 0, 0, 0, 0, 0, 0, 0],
	[14, 20, 14, 20, 19, 2, 2, 20, 1, 2] => QQFieldElem[16//27, 0, 0, 0, 8//27, 0, 0, 0, -8//27, 0, 0, 0, 8//27, 0, 0, 0],
	[14, 20, 14, 20, 19, 1, 1, 21, 1, 1] => QQFieldElem[1//12, 0, 0, 0, -1//6, 0, 0, 0, 0, 0, 0, 0, 1//12, 0, 0, 0],
	[14, 20, 14, 20, 21, 2, 1, 21, 1, 2] => QQFieldElem[-1//3, 0, 0, 0, 0, 0, 0, 0, 1//6, 0, 0, 0, 0, 0, 0, 0],
	[14, 20, 14, 20, 19, 1, 1, 20, 2, 2] => QQFieldElem[-1//3, 0, 0, 0, -1, 0, 0, 0, -1//3, 0, 0, 0, 0, 0, 0, 0],
	[14, 20, 14, 20, 19, 2, 2, 21, 1, 1] => QQFieldElem[-2//9, 0, 0, 0, 0, 0, 0, 0, 0, 0, 0, 0, 2//9, 0, 0, 0],
	[14, 20, 14, 20, 21, 1, 2, 21, 2, 2] => QQFieldElem[3//16, 0, 0, 0, -3//16, 0, 0, 0, 3//16, 0, 0, 0, 3//8, 0, 0, 0],
	[14, 20, 14, 20, 19, 2, 2, 20, 2, 2] => QQFieldElem[8//9, 0, 0, 0, 8//9, 0, 0, 0, -4//9, 0, 0, 0, -4//9, 0, 0, 0],
	[14, 20, 14, 20, 20, 1, 1, 21, 1, 2] => QQFieldElem[3//32, 0, 0, 0, 3//16, 0, 0, 0, -3//16, 0, 0, 0, -3//32, 0, 0, 0],
	[14, 20, 14, 20, 20, 2, 2, 21, 1, 2] => QQFieldElem[-1//12, 0, 0, 0, 0, 0, 0, 0, 1//6, 0, 0, 0, -1//4, 0, 0, 0],
	[14, 20, 14, 20, 19, 1, 1, 21, 2, 1] => QQFieldElem[0, 0, 0, 0, 0, 0, 0, 0, 1//6, 0, 0, 0, 0, 0, 0, 0],
	[14, 20, 14, 20, 21, 2, 1, 21, 2, 2] => QQFieldElem[-1//3, 0, 0, 0, 0, 0, 0, 0, -1//3, 0, 0, 0, 0, 0, 0, 0],
	[14, 20, 14, 20, 21, 1, 2, 19, 1, 1] => QQFieldElem[9//16, 0, 0, 0, -9//16, 0, 0, 0, -9//16, 0, 0, 0, 9//16, 0, 0, 0],
	[14, 20, 14, 20, 19, 2, 2, 21, 2, 1] => QQFieldElem[-8//27, 0, 0, 0, 8//27, 0, 0, 0, 16//27, 0, 0, 0, -16//27, 0, 0, 0],
	[14, 20, 14, 20, 21, 2, 1, 19, 1, 1] => QQFieldElem[1//3, 0, 0, 0, -1//3, 0, 0, 0, 0, 0, 0, 0, 1//6, 0, 0, 0],
	[14, 20, 14, 20, 20, 1, 1, 21, 2, 2] => QQFieldElem[3//8, 0, 0, 0, 3//16, 0, 0, 0, -3//16, 0, 0, 0, 3//16, 0, 0, 0],
	[14, 20, 14, 20, 21, 1, 2, 19, 2, 1] => QQFieldElem[-3//16, 0, 0, 0, 3//16, 0, 0, 0, 3//8, 0, 0, 0, -3//8, 0, 0, 0],
	[14, 20, 14, 20, 20, 2, 2, 21, 2, 2] => QQFieldElem[0, 0, 0, 0, -1//2, 0, 0, 0, 0, 0, 0, 0, 1//2, 0, 0, 0],
	[14, 20, 14, 20, 20, 1, 1, 19, 1, 1] => QQFieldElem[0, 0, 0, 0, 0, 0, 0, 0, 0, 0, 0, 0, 0, 0, 0, 0],
	[14, 20, 14, 20, 21, 2, 1, 19, 2, 1] => QQFieldElem[4//3, 0, 0, 0, -1, 0, 0, 0, -2//3, 0, 0, 0, 1, 0, 0, 0],
	[14, 20, 14, 20, 19, 1, 2, 21, 1, 2] => QQFieldElem[-1//3, 0, 0, 0, 0, 0, 0, 0, -1//3, 0, 0, 0, 0, 0, 0, 0],
	[14, 20, 14, 20, 20, 2, 2, 19, 1, 1] => QQFieldElem[-4//27, 0, 0, 0, -4//27, 0, 0, 0, 8//27, 0, 0, 0, -4//27, 0, 0, 0],
	[14, 20, 14, 20, 21, 1, 1, 20, 1, 1] => QQFieldElem[0, 0, 0, 0, 0, 0, 0, 0, 0, 0, 0, 0, 0, 0, 0, 0],
	[14, 20, 14, 20, 21, 2, 2, 20, 1, 1] => QQFieldElem[1//3, 0, 0, 0, 1//2, 0, 0, 0, -1//6, 0, 0, 0, -1//2, 0, 0, 0],
	[14, 20, 14, 20, 19, 2, 1, 21, 1, 2] => QQFieldElem[-4//27, 0, 0, 0, -4//27, 0, 0, 0, -4//27, 0, 0, 0, 8//27, 0, 0, 0],
	[14, 20, 14, 20, 20, 1, 1, 19, 2, 1] => QQFieldElem[1//3, 0, 0, 0, 0, 0, 0, 0, -2//3, 0, 0, 0, 1//2, 0, 0, 0],
	[14, 20, 14, 20, 19, 1, 2, 21, 2, 2] => QQFieldElem[1//12, 0, 0, 0, -1//6, 0, 0, 0, 0, 0, 0, 0, 1//12, 0, 0, 0],
	[14, 20, 14, 20, 20, 2, 2, 19, 2, 1] => QQFieldElem[8//27, 0, 0, 0, -4//27, 0, 0, 0, -4//27, 0, 0, 0, 8//27, 0, 0, 0],
	[14, 20, 14, 20, 21, 1, 1, 20, 2, 1] => QQFieldElem[-21//16, 0, 0, 0, -21//16, 0, 0, 0, 3//8, 0, 0, 0, 15//16, 0, 0, 0],
	[14, 20, 14, 20, 20, 1, 2, 20, 1, 1] => QQFieldElem[1//3, 0, 0, 0, 0, 0, 0, 0, 0, 0, 0, 0, 0, 0, 0, 0],
	[14, 20, 14, 20, 21, 2, 2, 20, 2, 1] => QQFieldElem[2//3, 0, 0, 0, 1//3, 0, 0, 0, -2//3, 0, 0, 0, -2//3, 0, 0, 0],
	[14, 20, 14, 20, 21, 1, 1, 19, 1, 2] => QQFieldElem[3//8, 0, 0, 0, 3//8, 0, 0, 0, -3//16, 0, 0, 0, -3//16, 0, 0, 0],
	[14, 20, 14, 20, 20, 2, 1, 20, 1, 1] => QQFieldElem[0, 0, 0, 0, 0, 0, 0, 0, 0, 0, 0, 0, 0, 0, 0, 0],
	[14, 20, 14, 20, 19, 2, 1, 21, 2, 2] => QQFieldElem[-2//9, 0, 0, 0, 0, 0, 0, 0, 0, 0, 0, 0, 2//9, 0, 0, 0],
	[14, 20, 14, 20, 19, 1, 2, 19, 1, 1] => QQFieldElem[4//3, 0, 0, 0, -1, 0, 0, 0, -2//3, 0, 0, 0, 1, 0, 0, 0],
	[14, 20, 14, 20, 21, 2, 2, 19, 1, 2] => QQFieldElem[-1//3, 0, 0, 0, 0, 0, 0, 0, 1//3, 0, 0, 0, 0, 0, 0, 0],
	[14, 20, 14, 20, 20, 1, 2, 20, 2, 1] => QQFieldElem[0, 0, 0, 0, -1//2, 0, 0, 0, -5//6, 0, 0, 0, -1//2, 0, 0, 0],
	[14, 20, 14, 20, 19, 2, 1, 19, 1, 1] => QQFieldElem[4//27, 0, 0, 0, -8//27, 0, 0, 0, 4//27, 0, 0, 0, 4//27, 0, 0, 0],
	[14, 20, 14, 20, 21, 1, 1, 19, 2, 2] => QQFieldElem[9//16, 0, 0, 0, -9//16, 0, 0, 0, -9//16, 0, 0, 0, 9//16, 0, 0, 0],
	[14, 20, 14, 20, 20, 1, 2, 19, 1, 2] => QQFieldElem[15//16, 0, 0, 0, -21//16, 0, 0, 0, 3//8, 0, 0, 0, 3//8, 0, 0, 0],
	[14, 20, 14, 20, 20, 2, 1, 20, 2, 1] => QQFieldElem[8//27, 0, 0, 0, 16//27, 0, 0, 0, 8//27, 0, 0, 0, -8//27, 0, 0, 0],
	[14, 20, 14, 20, 19, 1, 2, 19, 2, 1] => QQFieldElem[1//3, 0, 0, 0, -1, 0, 0, 0, 1//3, 0, 0, 0, 0, 0, 0, 0],
	[14, 20, 14, 20, 21, 1, 2, 20, 1, 2] => QQFieldElem[0, 0, 0, 0, 0, 0, 0, 0, 0, 0, 0, 0, 0, 0, 0, 0],
	[14, 20, 14, 20, 21, 2, 2, 19, 2, 2] => QQFieldElem[1//3, 0, 0, 0, -1//3, 0, 0, 0, 0, 0, 0, 0, 1//6, 0, 0, 0],
	[14, 20, 14, 20, 20, 2, 1, 19, 1, 2] => QQFieldElem[0, 0, 0, 0, -1//3, 0, 0, 0, -1//3, 0, 0, 0, -1//3, 0, 0, 0],
	[14, 20, 14, 20, 19, 1, 1, 20, 1, 1] => QQFieldElem[2//3, 0, 0, 0, 1//3, 0, 0, 0, -2//3, 0, 0, 0, -2//3, 0, 0, 0],
	[14, 20, 14, 20, 19, 2, 1, 19, 2, 1] => QQFieldElem[4//9, 0, 0, 0, 4//9, 0, 0, 0, -8//9, 0, 0, 0, 4//9, 0, 0, 0],
	[14, 20, 14, 20, 21, 1, 2, 21, 1, 1] => QQFieldElem[3//16, 0, 0, 0, 3//16, 0, 0, 0, 3//16, 0, 0, 0, -3//8, 0, 0, 0],
	[14, 20, 14, 20, 21, 2, 1, 20, 1, 2] => QQFieldElem[0, 0, 0, 0, 0, 0, 0, 0, 0, 0, 0, 0, 0, 0, 0, 0],
	[14, 20, 14, 20, 19, 2, 2, 20, 1, 1] => QQFieldElem[8//27, 0, 0, 0, -8//27, 0, 0, 0, -28//27, 0, 0, 0, -20//27, 0, 0, 0],
	[14, 20, 14, 20, 20, 1, 2, 19, 2, 2] => QQFieldElem[-3//8, 0, 0, 0, -3//8, 0, 0, 0, 21//16, 0, 0, 0, -15//16, 0, 0, 0],
	[14, 20, 14, 20, 21, 1, 2, 20, 2, 2] => QQFieldElem[-3//8, 0, 0, 0, -3//4, 0, 0, 0, -3//8, 0, 0, 0, 3//8, 0, 0, 0],
	[14, 20, 14, 20, 21, 2, 1, 21, 1, 1] => QQFieldElem[-1//3, 0, 0, 0, 1//3, 0, 0, 0, 1//3, 0, 0, 0, -2//3, 0, 0, 0],
	[14, 20, 14, 20, 20, 1, 1, 20, 1, 2] => QQFieldElem[9//16, 0, 0, 0, -9//16, 0, 0, 0, -9//8, 0, 0, 0, -9//16, 0, 0, 0],
	[14, 20, 14, 20, 20, 2, 1, 19, 2, 2] => QQFieldElem[2//3, 0, 0, 0, -1//3, 0, 0, 0, -2//3, 0, 0, 0, 2//3, 0, 0, 0],
	[14, 20, 14, 20, 19, 1, 1, 20, 2, 1] => QQFieldElem[1//3, 0, 0, 0, 0, 0, 0, 0, 0, 0, 0, 0, 0, 0, 0, 0],
	[14, 20, 14, 20, 21, 2, 1, 20, 2, 2] => QQFieldElem[1, 0, 0, 0, 1//2, 0, 0, 0, -1//2, 0, 0, 0, -1//2, 0, 0, 0],
	[14, 20, 14, 20, 21, 1, 2, 21, 2, 1] => QQFieldElem[3//32, 0, 0, 0, 3//16, 0, 0, 0, -3//16, 0, 0, 0, -3//32, 0, 0, 0],
	[14, 20, 14, 20, 20, 2, 2, 20, 1, 2] => QQFieldElem[-1//3, 0, 0, 0, -1, 0, 0, 0, -1//3, 0, 0, 0, 0, 0, 0, 0],
	[14, 20, 14, 20, 19, 2, 2, 20, 2, 1] => QQFieldElem[0, 0, 0, 0, 0, 0, 0, 0, 0, 0, 0, 0, 0, 0, 0, 0],
	[14, 20, 14, 20, 19, 1, 1, 19, 1, 2] => QQFieldElem[1//3, 0, 0, 0, -1//3, 0, 0, 0, 0, 0, 0, 0, 1//6, 0, 0, 0],
	[14, 20, 14, 20, 20, 1, 1, 21, 1, 1] => QQFieldElem[0, 0, 0, 0, -1//2, 0, 0, 0, 0, 0, 0, 0, 1//2, 0, 0, 0],
	[14, 20, 14, 20, 19, 2, 2, 19, 1, 2] => QQFieldElem[0, 0, 0, 0, 4//9, 0, 0, 0, -4//9, 0, 0, 0, 0, 0, 0, 0],
	[14, 20, 14, 20, 21, 2, 1, 21, 2, 1] => QQFieldElem[-1//12, 0, 0, 0, 0, 0, 0, 0, 1//6, 0, 0, 0, -1//4, 0, 0, 0],
	[14, 20, 14, 20, 20, 1, 1, 20, 2, 2] => QQFieldElem[0, 0, 0, 0, 0, 0, 0, 0, 0, 0, 0, 0, 0, 0, 0, 0],
	[14, 20, 14, 20, 20, 2, 2, 21, 1, 1] => QQFieldElem[-8//27, 0, 0, 0, 4//27, 0, 0, 0, 4//27, 0, 0, 0, 4//27, 0, 0, 0],
	[14, 20, 14, 20, 20, 2, 2, 20, 2, 2] => QQFieldElem[0, 0, 0, 0, 0, 0, 0, 0, 0, 0, 0, 0, 0, 0, 0, 0],
	[14, 20, 14, 20, 19, 1, 1, 19, 2, 2] => QQFieldElem[-4//3, 0, 0, 0, 1, 0, 0, 0, 2//3, 0, 0, 0, -1, 0, 0, 0],
	[14, 20, 14, 20, 20, 1, 1, 21, 2, 1] => QQFieldElem[1//3, 0, 0, 0, 0, 0, 0, 0, 1//3, 0, 0, 0, 0, 0, 0, 0],
	[14, 20, 14, 20, 19, 2, 2, 19, 2, 2] => QQFieldElem[-4//27, 0, 0, 0, 8//27, 0, 0, 0, -4//27, 0, 0, 0, -4//27, 0, 0, 0],
	[14, 20, 14, 20, 19, 1, 2, 20, 1, 2] => QQFieldElem[1, 0, 0, 0, 1//2, 0, 0, 0, -1//2, 0, 0, 0, -1//2, 0, 0, 0],
	[14, 20, 14, 20, 20, 2, 2, 21, 2, 1] => QQFieldElem[4//27, 0, 0, 0, 4//27, 0, 0, 0, 4//27, 0, 0, 0, -8//27, 0, 0, 0],
	[14, 20, 14, 20, 21, 1, 1, 21, 1, 2] => QQFieldElem[-3//8, 0, 0, 0, 3//4, 0, 0, 0, -3//8, 0, 0, 0, -3//8, 0, 0, 0],
	[14, 20, 14, 20, 19, 2, 1, 20, 1, 2] => QQFieldElem[8//27, 0, 0, 0, 8//27, 0, 0, 0, -16//27, 0, 0, 0, -16//27, 0, 0, 0],
	[14, 20, 14, 20, 21, 2, 2, 21, 1, 2] => QQFieldElem[0, 0, 0, 0, 0, 0, 0, 0, 1//6, 0, 0, 0, 0, 0, 0, 0],
	[14, 20, 14, 20, 19, 1, 2, 21, 1, 1] => QQFieldElem[-1//12, 0, 0, 0, 0, 0, 0, 0, 1//6, 0, 0, 0, -1//4, 0, 0, 0],
	[14, 20, 14, 20, 19, 1, 2, 20, 2, 2] => QQFieldElem[-1//3, 0, 0, 0, 0, 0, 0, 0, 1//3, 0, 0, 0, 0, 0, 0, 0],
	[14, 20, 14, 20, 19, 2, 1, 21, 1, 1] => QQFieldElem[-2//27, 0, 0, 0, 4//27, 0, 0, 0, 4//27, 0, 0, 0, -2//27, 0, 0, 0],
	[14, 20, 14, 20, 21, 1, 1, 21, 2, 2] => QQFieldElem[-3//16, 0, 0, 0, -3//16, 0, 0, 0, -3//16, 0, 0, 0, 3//8, 0, 0, 0],
	[14, 20, 14, 20, 20, 1, 2, 21, 1, 2] => QQFieldElem[9//32, 0, 0, 0, 0, 0, 0, 0, 0, 0, 0, 0, 9//32, 0, 0, 0],
	[14, 20, 14, 20, 19, 2, 1, 20, 2, 2] => QQFieldElem[-8//27, 0, 0, 0, 8//27, 0, 0, 0, 4//27, 0, 0, 0, -4//27, 0, 0, 0],
	[14, 20, 14, 20, 21, 2, 2, 21, 2, 2] => QQFieldElem[-1//3, 0, 0, 0, -1//3, 0, 0, 0, 1//3, 0, 0, 0, 2//3, 0, 0, 0],
	[14, 20, 14, 20, 19, 1, 2, 21, 2, 1] => QQFieldElem[-1//3, 0, 0, 0, 0, 0, 0, 0, 1//6, 0, 0, 0, 0, 0, 0, 0],
	[14, 20, 14, 20, 21, 1, 1, 19, 1, 1] => QQFieldElem[3//16, 0, 0, 0, -3//16, 0, 0, 0, 3//16, 0, 0, 0, -3//16, 0, 0, 0],
	[14, 20, 14, 20, 20, 2, 1, 21, 1, 2] => QQFieldElem[1//12, 0, 0, 0, -1//6, 0, 0, 0, 0, 0, 0, 0, 1//12, 0, 0, 0],
	[14, 20, 14, 20, 21, 2, 2, 19, 1, 1] => QQFieldElem[1//3, 0, 0, 0, 0, 0, 0, 0, -2//3, 0, 0, 0, 1//2, 0, 0, 0],
	[14, 20, 14, 20, 19, 2, 1, 21, 2, 1] => QQFieldElem[0, 0, 0, 0, 0, 0, 0, 0, 0, 0, 0, 0, 0, 0, 0, 0],
	[14, 20, 14, 20, 20, 1, 2, 21, 2, 2] => QQFieldElem[3//8, 0, 0, 0, -3//16, 0, 0, 0, -3//16, 0, 0, 0, -3//16, 0, 0, 0])