Dict(
	[14, 7, 14, 14, 8, 1, 1, 8, 1, 1] => QQFieldElem[0, 0, 0, 0, 0, 0, 0, 0, 0, 0, 0, 0, -3//8, 0, 0, 0],
	[14, 7, 14, 14, 5, 1, 1, 14, 1, 1] => QQFieldElem[0, 0, 0, 0, 0, 0, 0, 0, 0, 0, 0, 0, 0, 0, 0, 0],
	[14, 7, 14, 14, 4, 1, 1, 4, 1, 1] => QQFieldElem[0, 0, 0, 0, 0, 0, 0, 0, 0, 0, 0, 0, 0, 0, 0, 0],
	[14, 7, 14, 14, 4, 1, 1, 7, 1, 1] => QQFieldElem[-3//8, 0, 0, 0, 0, 0, 0, 0, 0, 0, 0, 0, 0, 0, 0, 0],
	[14, 7, 14, 14, 5, 1, 1, 4, 1, 1] => QQFieldElem[0, 0, 0, 0, 0, 0, 0, 0, 0, 0, 0, 0, 0, 0, 0, 0],
	[14, 7, 14, 14, 7, 1, 1, 14, 1, 1] => QQFieldElem[0, 0, 0, 0, 0, 0, 0, 0, 0, 0, 0, 0, 3//8, 0, 0, 0],
	[14, 7, 14, 14, 5, 1, 1, 7, 1, 1] => QQFieldElem[0, 0, 0, 0, 0, 0, -9//8, 0, 0, 0, 0, 0, 0, 0, 0, 0],
	[14, 7, 14, 14, 14, 1, 1, 14, 1, 2] => QQFieldElem[0, 0, -27//64, 0, 0, 0, 0, 0, 0, 0, 27//64, 0, 0, 0, 0, 0],
	[14, 7, 14, 14, 4, 1, 1, 5, 1, 1] => QQFieldElem[0, 0, 0, 0, 0, 0, 0, 0, 0, 0, 0, 0, 0, 0, 0, 0],
	[14, 7, 14, 14, 14, 2, 1, 14, 1, 2] => QQFieldElem[0, 0, 0, 0, 0, 0, 0, 0, 0, 0, 0, 0, -3//8, 0, 0, 0],
	[14, 7, 14, 14, 5, 1, 1, 5, 1, 1] => QQFieldElem[0, 0, 0, 0, 0, 0, 0, 0, 0, 0, 0, 0, 0, 0, 0, 0],
	[14, 7, 14, 14, 7, 1, 1, 4, 1, 1] => QQFieldElem[-1//32, 0, 0, 0, 0, 0, 0, 0, 0, 0, 0, 0, 0, 0, 0, 0],
	[14, 7, 14, 14, 14, 1, 1, 8, 1, 1] => QQFieldElem[0, 0, 0, 0, 0, 0, 0, 0, 0, 0, 0, 0, 0, 0, 0, 0],
	[14, 7, 14, 14, 8, 1, 1, 14, 1, 1] => QQFieldElem[9//32, 0, 0, 0, 0, 0, 0, 0, 0, 0, 0, 0, 0, 0, 0, 0],
	[14, 7, 14, 14, 7, 1, 1, 7, 1, 1] => QQFieldElem[0, 0, 0, 0, 0, 0, 0, 0, 0, 0, 0, 0, 2//3, 0, 0, 0],
	[14, 7, 14, 14, 7, 1, 1, 5, 1, 1] => QQFieldElem[0, 0, 1//72, 0, 0, 0, 0, 0, 0, 0, -1//72, 0, 0, 0, 0, 0],
	[14, 7, 14, 14, 14, 2, 1, 8, 1, 1] => QQFieldElem[0, 0, 0, 0, 0, 0, 0, 0, 0, 0, 0, 0, 0, 0, 0, 0],
	[14, 7, 14, 14, 8, 1, 1, 4, 1, 1] => QQFieldElem[-3//128, 0, 0, 0, 0, 0, 0, 0, 0, 0, 0, 0, 0, 0, 0, 0],
	[14, 7, 14, 14, 8, 1, 1, 7, 1, 1] => QQFieldElem[0, 0, 0, 0, 0, 0, 0, 0, 0, 0, 0, 0, -1//2, 0, 0, 0],
	[14, 7, 14, 14, 8, 1, 1, 5, 1, 1] => QQFieldElem[0, 0, 1//96, 0, 0, 0, 0, 0, 0, 0, -1//96, 0, 0, 0, 0, 0],
	[14, 7, 14, 14, 14, 1, 1, 14, 1, 1] => QQFieldElem[0, 0, 0, 0, 0, 0, 0, 0, 0, 0, 0, 0, 0, 0, 0, 0],
	[14, 7, 14, 14, 4, 1, 1, 14, 1, 2] => QQFieldElem[3//4, 0, 0, 0, 0, 0, 0, 0, 0, 0, 0, 0, 0, 0, 0, 0],
	[14, 7, 14, 14, 14, 1, 1, 4, 1, 1] => QQFieldElem[0, 0, 0, 0, 0, 0, -27//1024, 0, 0, 0, 0, 0, 0, 0, 0, 0],
	[14, 7, 14, 14, 14, 2, 1, 14, 1, 1] => QQFieldElem[0, 0, 0, 0, 0, 0, 0, 0, 0, 0, 0, 0, 0, 0, 0, 0],
	[14, 7, 14, 14, 14, 1, 1, 7, 1, 1] => QQFieldElem[0, 0, 0, 0, 0, 0, 0, 0, 0, 0, 0, 0, 0, 0, 0, 0],
	[14, 7, 14, 14, 5, 1, 1, 14, 1, 2] => QQFieldElem[0, 0, 0, 0, 0, 0, 0, 0, 0, 0, 0, 0, 0, 0, 0, 0],
	[14, 7, 14, 14, 14, 2, 1, 4, 1, 1] => QQFieldElem[-3//128, 0, 0, 0, 0, 0, 0, 0, 0, 0, 0, 0, 0, 0, 0, 0],
	[14, 7, 14, 14, 14, 1, 1, 5, 1, 1] => QQFieldElem[-3//256, 0, 0, 0, 0, 0, 0, 0, 0, 0, 0, 0, 0, 0, 0, 0],
	[14, 7, 14, 14, 7, 1, 1, 14, 1, 2] => QQFieldElem[0, 0, 0, 0, 0, 0, -1//3, 0, 0, 0, 0, 0, 0, 0, 0, 0],
	[14, 7, 14, 14, 14, 2, 1, 7, 1, 1] => QQFieldElem[0, 0, 0, 0, 0, 0, 0, 0, 0, 0, 0, 0, 0, 0, 0, 0],
	[14, 7, 14, 14, 4, 1, 1, 8, 1, 1] => QQFieldElem[9//32, 0, 0, 0, 0, 0, 0, 0, 0, 0, 0, 0, 0, 0, 0, 0],
	[14, 7, 14, 14, 5, 1, 1, 8, 1, 1] => QQFieldElem[0, 0, 0, 0, 0, 0, 27//32, 0, 0, 0, 0, 0, 0, 0, 0, 0],
	[14, 7, 14, 14, 14, 2, 1, 5, 1, 1] => QQFieldElem[0, 0, -1//96, 0, 0, 0, 0, 0, 0, 0, 1//96, 0, 0, 0, 0, 0],
	[14, 7, 14, 14, 8, 1, 1, 14, 1, 2] => QQFieldElem[0, 0, 0, 0, 0, 0, -27//32, 0, 0, 0, 0, 0, 0, 0, 0, 0],
	[14, 7, 14, 14, 7, 1, 1, 8, 1, 1] => QQFieldElem[0, 0, 0, 0, 0, 0, 0, 0, 0, 0, 0, 0, 1//2, 0, 0, 0],
	[14, 7, 14, 14, 4, 1, 1, 14, 1, 1] => QQFieldElem[0, 0, -1//4, 0, 0, 0, 0, 0, 0, 0, 1//4, 0, 0, 0, 0, 0])