Dict(
	[14, 13, 21, 17, 13, 1, 1, 18, 1, 1] => QQFieldElem[-3//16, 0, 3//16, -3//16, 0, 0, 0, -3//16, 0, 0, 0, 3//16, -3//16, 0, 3//16, 0],
	[14, 13, 21, 17, 15, 1, 1, 10, 1, 1] => QQFieldElem[0, 0, 0, 0, 0, 0, 0, 0, 0, 0, 0, 0, 0, 0, 0, 0],
	[14, 13, 21, 17, 13, 1, 1, 17, 1, 1] => QQFieldElem[3//16, 0, -3//16, 3//16, 0, 0, 0, -3//16, 0, 0, 0, -3//16, -3//16, 0, 3//16, 0],
	[14, 13, 21, 17, 11, 1, 1, 18, 1, 1] => QQFieldElem[0, 0, 0, 0, 0, 0, 0, 0, 0, 0, 0, 0, 0, 0, 0, 0],
	[14, 13, 21, 17, 12, 1, 1, 15, 1, 1] => QQFieldElem[0, 0, 0, 3//16, 0, -3//16, 0, 0, 0, 0, 0, -3//16, -3//16, 0, 0, 0],
	[14, 13, 21, 17, 10, 1, 1, 13, 1, 1] => QQFieldElem[0, 0, 64, 0, 0, 0, 0, 0, 0, 0, 0, 0, 0, 0, 0, 0],
	[14, 13, 21, 17, 17, 1, 1, 16, 1, 1] => QQFieldElem[0, -1//4, 0, -1//4, 0, 0, 0, 0, 0, 1//4, 0, 1//4, -1//4, 0, 0, 0],
	[14, 13, 21, 17, 15, 1, 1, 18, 1, 1] => QQFieldElem[3//16, 0, -3//16, -3//16, 0, 0, 0, -3//16, 0, 0, 0, 3//16, -3//16, 0, -3//16, 0],
	[14, 13, 21, 17, 11, 1, 1, 17, 1, 1] => QQFieldElem[0, 0, 0, 0, 0, 0, 0, 0, 0, 0, 0, 0, 0, 0, 0, 0],
	[14, 13, 21, 17, 10, 1, 1, 15, 1, 1] => QQFieldElem[0, 0, -48, 0, 0, 0, 0, 0, 0, 0, 0, 0, 0, 0, 0, 0],
	[14, 13, 21, 17, 15, 1, 1, 17, 1, 1] => QQFieldElem[-3//16, 0, -3//16, -3//16, 0, 0, 0, 3//16, 0, 0, 0, 3//16, -3//16, 0, 3//16, 0],
	[14, 13, 21, 17, 13, 1, 1, 13, 1, 1] => QQFieldElem[0, 0, 0, 0, 0, 0, 0, 0, 0, 0, 0, 0, 0, 0, 0, 0],
	[14, 13, 21, 17, 17, 1, 1, 10, 1, 1] => QQFieldElem[0, -3//16, 0, -3//16, 0, 0, 0, 0, 0, 3//16, 0, 3//16, -3//16, 0, 0, 0],
	[14, 13, 21, 17, 12, 1, 1, 16, 1, 1] => QQFieldElem[0, 0, 0, 0, 0, 0, 0, 0, 0, 0, 0, 0, 0, 0, 0, 0],
	[14, 13, 21, 17, 11, 1, 1, 13, 1, 1] => QQFieldElem[0, 0, 0, 0, 512//9, 0, 0, 0, 0, 0, 0, 0, -512//9, 0, 0, 0],
	[14, 13, 21, 17, 13, 1, 1, 15, 1, 1] => QQFieldElem[0, 0, 0, 0, 0, 0, 0, 0, 0, 0, 0, 0, 0, 0, 0, 0],
	[14, 13, 21, 17, 17, 1, 1, 18, 1, 1] => QQFieldElem[-3//16, 0, -3//16, 3//16, 0, 0, 0, 3//16, 0, 0, 0, -3//16, -3//16, 0, -3//16, 0],
	[14, 13, 21, 17, 15, 1, 1, 13, 1, 1] => QQFieldElem[0, 0, 0, 1//4, 0, 1//4, 0, 0, 0, 0, 0, -1//4, -1//4, 0, 0, 0],
	[14, 13, 21, 17, 10, 1, 1, 16, 1, 1] => QQFieldElem[0, 0, 64, 0, 0, 0, 0, 0, 0, 0, 0, 0, 0, 0, 0, 0],
	[14, 13, 21, 17, 12, 1, 1, 10, 1, 1] => QQFieldElem[0, 0, 0, 0, 0, 0, 0, 0, 0, 0, 0, 0, 0, 0, 0, 0],
	[14, 13, 21, 17, 11, 1, 1, 15, 1, 1] => QQFieldElem[0, 0, 0, 0, -128//3, 0, 0, 0, 0, 0, 0, 0, 128//3, 0, 0, 0],
	[14, 13, 21, 17, 17, 1, 1, 17, 1, 1] => QQFieldElem[3//16, 0, 3//16, -3//16, 0, 0, 0, 3//16, 0, 0, 0, 3//16, -3//16, 0, -3//16, 0],
	[14, 13, 21, 17, 15, 1, 1, 15, 1, 1] => QQFieldElem[0, 0, 0, 3//16, 0, 3//16, 0, 0, 0, 0, 0, -3//16, -3//16, 0, 0, 0],
	[14, 13, 21, 17, 12, 1, 1, 18, 1, 1] => QQFieldElem[3//16, 0, 3//16, 3//16, 0, 0, 0, 3//16, 0, 0, 0, -3//16, -3//16, 0, 3//16, 0],
	[14, 13, 21, 17, 10, 1, 1, 10, 1, 1] => QQFieldElem[0, 0, -48, 0, 0, 0, 0, 0, 0, 0, 0, 0, 0, 0, 0, 0],
	[14, 13, 21, 17, 13, 1, 1, 16, 1, 1] => QQFieldElem[0, 1//4, 0, -1//4, 0, 0, 0, 0, 0, -1//4, 0, 1//4, -1//4, 0, 0, 0],
	[14, 13, 21, 17, 12, 1, 1, 17, 1, 1] => QQFieldElem[-3//16, 0, 3//16, 3//16, 0, 0, 0, -3//16, 0, 0, 0, -3//16, -3//16, 0, -3//16, 0],
	[14, 13, 21, 17, 17, 1, 1, 13, 1, 1] => QQFieldElem[0, 0, 0, 0, 0, 0, 0, 0, 0, 0, 0, 0, 0, 0, 0, 0],
	[14, 13, 21, 17, 11, 1, 1, 16, 1, 1] => QQFieldElem[0, 0, 0, 0, -512//9, 0, 0, 0, 0, 0, 0, 0, 512//9, 0, 0, 0],
	[14, 13, 21, 17, 10, 1, 1, 18, 1, 1] => QQFieldElem[0, 0, 0, 0, 0, 0, 0, 0, 0, 0, 0, 0, 0, 0, 0, 0],
	[14, 13, 21, 17, 13, 1, 1, 10, 1, 1] => QQFieldElem[0, 3//16, 0, -3//16, 0, 0, 0, 0, 0, -3//16, 0, 3//16, -3//16, 0, 0, 0],
	[14, 13, 21, 17, 15, 1, 1, 16, 1, 1] => QQFieldElem[0, 0, 0, 0, 0, 0, 0, 0, 0, 0, 0, 0, 0, 0, 0, 0],
	[14, 13, 21, 17, 10, 1, 1, 17, 1, 1] => QQFieldElem[0, 0, 0, 0, 0, 0, 0, 0, 0, 0, 0, 0, 0, 0, 0, 0],
	[14, 13, 21, 17, 17, 1, 1, 15, 1, 1] => QQFieldElem[0, 0, 0, 0, 0, 0, 0, 0, 0, 0, 0, 0, 0, 0, 0, 0],
	[14, 13, 21, 17, 12, 1, 1, 13, 1, 1] => QQFieldElem[0, 0, 0, 1//4, 0, -1//4, 0, 0, 0, 0, 0, -1//4, -1//4, 0, 0, 0],
	[14, 13, 21, 17, 11, 1, 1, 10, 1, 1] => QQFieldElem[0, 0, 0, 0, 128//3, 0, 0, 0, 0, 0, 0, 0, -128//3, 0, 0, 0])