Dict(
	[14, 13, 14, 16, 10, 1, 1, 18, 1, 1] => QQFieldElem[0, 0, 0, 0, 0, 0, 0, 0, 0, 0, 0, 0, 0, 0, 0, 96],
	[14, 13, 14, 16, 13, 1, 1, 10, 1, 1] => QQFieldElem[0, 0, 0, 0, 0, 0, 0, 0, 0, 0, 0, 0, 0, 0, 0, 0],
	[14, 13, 14, 16, 18, 1, 1, 10, 1, 1] => QQFieldElem[0, 0, 0, -1//12, 0, 0, 0, 0, 0, 0, 0, 0, 0, 0, 0, 0],
	[14, 13, 14, 16, 13, 1, 1, 18, 1, 1] => QQFieldElem[0, 0, 0, 0, 0, 256//3, 0, 0, 0, 0, 0, 0, 0, -256//3, 0, 0],
	[14, 13, 14, 16, 18, 1, 1, 18, 1, 1] => QQFieldElem[0, 0, 0, 0, 0, 0, 0, 0, 0, 0, 0, 0, 0, 0, 0, 0],
	[14, 13, 14, 16, 10, 1, 1, 13, 1, 1] => QQFieldElem[0, 0, 0, 0, 0, 0, 0, 0, 0, 0, 0, 0, 0, 0, 0, 0],
	[14, 13, 14, 16, 16, 1, 1, 16, 1, 1] => QQFieldElem[0, 0, 0, 0, 0, 0, 0, 0, 0, 0, 0, 0, 0, 0, 0, 0],
	[14, 13, 14, 16, 13, 1, 1, 13, 1, 1] => QQFieldElem[0, 0, 0, 0, 0, 0, 0, 0, 0, 0, 0, 0, 0, 0, 0, 0],
	[14, 13, 14, 16, 18, 1, 1, 13, 1, 1] => QQFieldElem[0, 0, 0, 0, 0, 1//6, 0, 0, 0, 0, 0, 0, 0, -1//6, 0, 0],
	[14, 13, 14, 16, 16, 1, 1, 10, 1, 1] => QQFieldElem[0, 0, 0, -1//12, 0, 0, 0, 0, 0, 0, 0, 0, 0, 0, 0, 0],
	[14, 13, 14, 16, 16, 1, 1, 18, 1, 1] => QQFieldElem[0, 0, 0, 0, 0, 0, 0, 0, 0, 0, 0, 0, 0, 0, 0, 0],
	[14, 13, 14, 16, 10, 1, 1, 16, 1, 1] => QQFieldElem[0, 0, 0, 0, 0, 0, 0, 0, 0, 0, 0, 0, 0, 0, 0, 96],
	[14, 13, 14, 16, 10, 1, 1, 10, 1, 1] => QQFieldElem[0, 0, 0, 0, 0, 0, 0, 0, 0, 0, 0, 0, 0, 0, 0, 0],
	[14, 13, 14, 16, 13, 1, 1, 16, 1, 1] => QQFieldElem[0, 0, 0, 0, 0, -256//3, 0, 0, 0, 0, 0, 0, 0, 256//3, 0, 0],
	[14, 13, 14, 16, 18, 1, 1, 16, 1, 1] => QQFieldElem[0, 0, 0, 0, 0, 0, 0, 0, 0, 0, 0, 0, 0, 0, 0, 0],
	[14, 13, 14, 16, 16, 1, 1, 13, 1, 1] => QQFieldElem[0, 0, 0, 0, 0, -1//6, 0, 0, 0, 0, 0, 0, 0, 1//6, 0, 0])