Dict(
	[14, 16, 14, 12, 16, 1, 1, 11, 1, 1] => QQFieldElem[0, 0, 0, -3//256, 0, 0, 0, 0, 0, 0, 0, 0, 0, 0, 0, 0],
	[14, 16, 14, 12, 12, 1, 1, 18, 1, 1] => QQFieldElem[0, 0, 0, 0, 0, 9//2, 0, 0, 0, 0, 0, 0, 0, -9//2, 0, 0],
	[14, 16, 14, 12, 18, 1, 1, 16, 1, 1] => QQFieldElem[0, 0, 0, 0, 0, 0, 0, 0, 0, 0, 0, 0, 0, 0, 0, 0],
	[14, 16, 14, 12, 11, 1, 1, 16, 1, 1] => QQFieldElem[0, 0, 0, 3//2, 0, 0, 0, 0, 0, 0, 0, 0, 0, 0, 0, 0],
	[14, 16, 14, 12, 12, 1, 1, 11, 1, 1] => QQFieldElem[0, 0, 0, 0, 0, 0, 0, 0, 0, 0, 0, 0, 0, 0, 0, 0],
	[14, 16, 14, 12, 16, 1, 1, 12, 1, 1] => QQFieldElem[0, 0, 0, 0, 0, 0, 0, 0, 0, -1//192, 0, 0, 0, 0, 0, 0],
	[14, 16, 14, 12, 18, 1, 1, 18, 1, 1] => QQFieldElem[0, 0, 0, 0, 0, 0, 0, 0, 0, 0, 0, 0, 0, 0, 0, 0],
	[14, 16, 14, 12, 11, 1, 1, 18, 1, 1] => QQFieldElem[0, 0, 0, 3//2, 0, 0, 0, 0, 0, 0, 0, 0, 0, 0, 0, 0],
	[14, 16, 14, 12, 16, 1, 1, 16, 1, 1] => QQFieldElem[0, 0, 0, 0, 0, 0, 0, 0, 0, 0, 0, 0, 0, 0, 0, 0],
	[14, 16, 14, 12, 12, 1, 1, 12, 1, 1] => QQFieldElem[0, 0, 0, 0, 0, 0, 0, 0, 0, 0, 0, 0, 0, 0, 0, 0],
	[14, 16, 14, 12, 18, 1, 1, 11, 1, 1] => QQFieldElem[0, 0, 0, -3//256, 0, 0, 0, 0, 0, 0, 0, 0, 0, 0, 0, 0],
	[14, 16, 14, 12, 11, 1, 1, 11, 1, 1] => QQFieldElem[0, 0, 0, 0, 0, 0, 0, 0, 0, 0, 0, 0, 0, 0, 0, 0],
	[14, 16, 14, 12, 12, 1, 1, 16, 1, 1] => QQFieldElem[0, 0, 0, 0, 0, -9//2, 0, 0, 0, 0, 0, 0, 0, 9//2, 0, 0],
	[14, 16, 14, 12, 16, 1, 1, 18, 1, 1] => QQFieldElem[0, 0, 0, 0, 0, 0, 0, 0, 0, 0, 0, 0, 0, 0, 0, 0],
	[14, 16, 14, 12, 18, 1, 1, 12, 1, 1] => QQFieldElem[0, 0, 0, 0, 0, 0, 0, 0, 0, 1//192, 0, 0, 0, 0, 0, 0],
	[14, 16, 14, 12, 11, 1, 1, 12, 1, 1] => QQFieldElem[0, 0, 0, 0, 0, 0, 0, 0, 0, 0, 0, 0, 0, 0, 0, 0])