Dict(
	[14, 15, 15, 14, 3, 1, 1, 12, 1, 1] => QQFieldElem[1//144, 0, 0, 0, 0, 0, 0, 0, 0, 0, 0, 0, 0, 0, 0, 0],
	[14, 15, 15, 14, 5, 1, 1, 15, 1, 1] => QQFieldElem[0, 0, -8//27, 0, 0, 0, 8//27, 0, 0, 0, 8//27, 0, 0, 0, 0, 0],
	[14, 15, 15, 14, 14, 2, 1, 10, 1, 1] => QQFieldElem[0, 0, -3//2048, -3//2048, 0, 3//2048, 3//2048, 0, 0, -3//2048, 3//2048, 0, 3//2048, -3//2048, 0, -3//2048],
	[14, 15, 15, 14, 3, 2, 1, 15, 1, 1] => QQFieldElem[0, 0, 2//9, 0, 0, 0, 2//9, 0, 0, 0, -2//9, 0, 0, 0, 0, 0],
	[14, 15, 15, 14, 3, 2, 1, 12, 1, 1] => QQFieldElem[1//192, 0, 0, 0, 0, 0, 0, 0, 0, 0, 0, 0, 0, 0, 0, 0],
	[14, 15, 15, 14, 5, 1, 1, 12, 1, 1] => QQFieldElem[1//144, 0, 0, 0, 0, 0, 0, 0, 0, 0, 0, 0, 0, 0, 0, 0],
	[14, 15, 15, 14, 14, 1, 1, 17, 1, 1] => QQFieldElem[0, 0, 0, 0, 0, 0, 0, 0, 0, 0, 0, 0, 0, 0, 0, 0],
	[14, 15, 15, 14, 14, 2, 1, 17, 1, 1] => QQFieldElem[0, 0, 0, 0, 0, 0, 0, 0, 0, 0, 0, 0, 0, 0, 0, 0],
	[14, 15, 15, 14, 1, 1, 1, 10, 1, 1] => QQFieldElem[0, 0, 3//2048, 3//2048, 0, -3//2048, -3//2048, 0, 0, 3//2048, -3//2048, 0, -3//2048, 3//2048, 0, 3//2048],
	[14, 15, 15, 14, 14, 1, 1, 11, 1, 1] => QQFieldElem[0, 0, 0, 0, 0, 0, 0, 0, 0, 0, 0, 0, 0, 0, 0, 0],
	[14, 15, 15, 14, 3, 1, 1, 10, 1, 1] => QQFieldElem[0, 0, 1//512, 1//512, 0, -1//512, -1//512, 0, 0, 1//512, -1//512, 0, -1//512, 1//512, 0, 1//512],
	[14, 15, 15, 14, 14, 1, 1, 13, 1, 1] => QQFieldElem[0, 0, 0, 0, 0, 0, 1//48, 0, 0, 0, 0, 0, 0, 0, 0, 0],
	[14, 15, 15, 14, 14, 2, 1, 11, 1, 1] => QQFieldElem[0, 0, 0, 0, 0, 0, 0, 0, 0, 0, 0, 0, 0, 0, 0, 0],
	[14, 15, 15, 14, 3, 2, 1, 10, 1, 1] => QQFieldElem[0, 0, 3//2048, 3//2048, 0, -3//2048, -3//2048, 0, 0, 3//2048, -3//2048, 0, -3//2048, 3//2048, 0, 3//2048],
	[14, 15, 15, 14, 5, 1, 1, 10, 1, 1] => QQFieldElem[0, 0, 1//512, 1//512, 0, -1//512, -1//512, 0, 0, 1//512, -1//512, 0, -1//512, 1//512, 0, 1//512],
	[14, 15, 15, 14, 14, 2, 1, 13, 1, 1] => QQFieldElem[0, 0, 0, 0, 0, 0, -1//48, 0, 0, 0, 0, 0, 0, 0, 0, 0],
	[14, 15, 15, 14, 14, 1, 1, 15, 1, 1] => QQFieldElem[0, 0, 0, 0, 0, 0, 0, 0, 0, 0, 0, 0, 0, 0, 0, 0],
	[14, 15, 15, 14, 1, 1, 1, 17, 1, 1] => QQFieldElem[-1//4, 0, 0, 0, 0, 0, 0, 0, 0, 0, 0, 0, 1//4, 0, 0, 0],
	[14, 15, 15, 14, 3, 1, 1, 17, 1, 1] => QQFieldElem[-1//3, 0, 0, 0, 0, 0, 0, 0, 0, 0, 0, 0, -1//3, 0, 0, 0],
	[14, 15, 15, 14, 14, 1, 1, 12, 1, 1] => QQFieldElem[1//96, 0, 0, 0, 0, 0, 0, 0, 0, 0, 0, 0, 0, 0, 0, 0],
	[14, 15, 15, 14, 14, 2, 1, 15, 1, 1] => QQFieldElem[0, 0, 0, 0, 0, 0, 0, 0, 0, 0, 0, 0, 0, 0, 0, 0],
	[14, 15, 15, 14, 1, 1, 1, 11, 1, 1] => QQFieldElem[0, 0, 1//144, 0, 0, 0, 0, 0, 0, 0, -1//144, 0, 0, 0, 0, 0],
	[14, 15, 15, 14, 3, 2, 1, 17, 1, 1] => QQFieldElem[1//4, 0, 0, 0, 0, 0, 0, 0, 0, 0, 0, 0, 1//4, 0, 0, 0],
	[14, 15, 15, 14, 5, 1, 1, 17, 1, 1] => QQFieldElem[1//3, 0, 0, 0, 0, 0, 0, 0, 0, 0, 0, 0, -1//3, 0, 0, 0],
	[14, 15, 15, 14, 14, 2, 1, 12, 1, 1] => QQFieldElem[1//96, 0, 0, 0, 0, 0, 0, 0, 0, 0, 0, 0, 0, 0, 0, 0],
	[14, 15, 15, 14, 3, 1, 1, 11, 1, 1] => QQFieldElem[0, 0, -1//108, 0, 0, 0, 0, 0, 0, 0, 1//108, 0, 0, 0, 0, 0],
	[14, 15, 15, 14, 1, 1, 1, 13, 1, 1] => QQFieldElem[0, 0, 0, 0, 0, 0, 0, 0, 0, 0, 0, 0, 0, 0, 0, 0],
	[14, 15, 15, 14, 3, 1, 1, 13, 1, 1] => QQFieldElem[0, 0, 0, 0, 0, 0, 0, 0, 0, 0, 0, 0, 0, 0, 0, 0],
	[14, 15, 15, 14, 3, 2, 1, 11, 1, 1] => QQFieldElem[0, 0, -1//144, 0, 0, 0, 0, 0, 0, 0, 1//144, 0, 0, 0, 0, 0],
	[14, 15, 15, 14, 5, 1, 1, 11, 1, 1] => QQFieldElem[0, 0, 1//108, 0, 0, 0, 0, 0, 0, 0, -1//108, 0, 0, 0, 0, 0],
	[14, 15, 15, 14, 3, 2, 1, 13, 1, 1] => QQFieldElem[0, 0, 0, 0, 0, 0, 0, 0, 0, 0, 0, 0, 0, 0, 0, 0],
	[14, 15, 15, 14, 1, 1, 1, 15, 1, 1] => QQFieldElem[0, 0, 2//9, 0, 0, 0, -2//9, 0, 0, 0, -2//9, 0, 0, 0, 0, 0],
	[14, 15, 15, 14, 5, 1, 1, 13, 1, 1] => QQFieldElem[0, 0, 0, 0, 0, 0, 0, 0, 0, 0, 0, 0, 0, 0, 0, 0],
	[14, 15, 15, 14, 3, 1, 1, 15, 1, 1] => QQFieldElem[0, 0, -8//27, 0, 0, 0, -8//27, 0, 0, 0, 8//27, 0, 0, 0, 0, 0],
	[14, 15, 15, 14, 14, 1, 1, 10, 1, 1] => QQFieldElem[0, 0, -3//2048, -3//2048, 0, 3//2048, 3//2048, 0, 0, -3//2048, 3//2048, 0, 3//2048, -3//2048, 0, -3//2048],
	[14, 15, 15, 14, 1, 1, 1, 12, 1, 1] => QQFieldElem[1//192, 0, 0, 0, 0, 0, 0, 0, 0, 0, 0, 0, 0, 0, 0, 0])