Dict(
	[14, 11, 14, 16, 11, 1, 1, 16, 1, 1] => QQFieldElem[0, 0, 0, 0, 0, 0, 0, 0, 0, 0, 0, 0, 0, 0, 0, -48],
	[14, 11, 14, 16, 12, 1, 1, 11, 1, 1] => QQFieldElem[0, 0, 0, 0, 0, 0, 0, 0, 0, 0, 0, 0, 0, 0, 0, 0],
	[14, 11, 14, 16, 16, 1, 1, 12, 1, 1] => QQFieldElem[0, 0, 0, 0, 0, 1//3, 0, 0, 0, 0, 0, 0, 0, -1//3, 0, 0],
	[14, 11, 14, 16, 18, 1, 1, 18, 1, 1] => QQFieldElem[0, 0, 0, 0, 0, 0, 0, 0, 0, 0, 0, 0, 0, 0, 0, 0],
	[14, 11, 14, 16, 11, 1, 1, 18, 1, 1] => QQFieldElem[0, 0, 0, 0, 0, 0, 0, 0, 0, 0, 0, 0, 0, 0, 0, -48],
	[14, 11, 14, 16, 16, 1, 1, 16, 1, 1] => QQFieldElem[0, 0, 0, 0, 0, 0, 0, 0, 0, 0, 0, 0, 0, 0, 0, 0],
	[14, 11, 14, 16, 12, 1, 1, 12, 1, 1] => QQFieldElem[0, 0, 0, 0, 0, 0, 0, 0, 0, 0, 0, 0, 0, 0, 0, 0],
	[14, 11, 14, 16, 18, 1, 1, 11, 1, 1] => QQFieldElem[0, 0, 0, -2//9, 0, 0, 0, 0, 0, 0, 0, 0, 0, 0, 0, 0],
	[14, 11, 14, 16, 11, 1, 1, 11, 1, 1] => QQFieldElem[0, 0, 0, 0, 0, 0, 0, 0, 0, 0, 0, 0, 0, 0, 0, 0],
	[14, 11, 14, 16, 12, 1, 1, 16, 1, 1] => QQFieldElem[0, 0, 0, 0, 0, -32, 0, 0, 0, 0, 0, 0, 0, 32, 0, 0],
	[14, 11, 14, 16, 16, 1, 1, 18, 1, 1] => QQFieldElem[0, 0, 0, 0, 0, 0, 0, 0, 0, 0, 0, 0, 0, 0, 0, 0],
	[14, 11, 14, 16, 18, 1, 1, 12, 1, 1] => QQFieldElem[0, 0, 0, 0, 0, -1//3, 0, 0, 0, 0, 0, 0, 0, 1//3, 0, 0],
	[14, 11, 14, 16, 11, 1, 1, 12, 1, 1] => QQFieldElem[0, 0, 0, 0, 0, 0, 0, 0, 0, 0, 0, 0, 0, 0, 0, 0],
	[14, 11, 14, 16, 16, 1, 1, 11, 1, 1] => QQFieldElem[0, 0, 0, -2//9, 0, 0, 0, 0, 0, 0, 0, 0, 0, 0, 0, 0],
	[14, 11, 14, 16, 12, 1, 1, 18, 1, 1] => QQFieldElem[0, 0, 0, 0, 0, 32, 0, 0, 0, 0, 0, 0, 0, -32, 0, 0],
	[14, 11, 14, 16, 18, 1, 1, 16, 1, 1] => QQFieldElem[0, 0, 0, 0, 0, 0, 0, 0, 0, 0, 0, 0, 0, 0, 0, 0])