Dict(
	[14, 14, 15, 13, 10, 1, 1, 8, 1, 1] => QQFieldElem[0, 0, 0, 0, 0, 0, 0, 0, 0, 3//512, 0, 0, 0, 0, 0, 0],
	[14, 14, 15, 13, 17, 1, 1, 7, 1, 1] => QQFieldElem[0, 0, 0, -1//96, 0, 0, 0, 0, 0, 0, 0, 0, 0, 0, 0, 0],
	[14, 14, 15, 13, 17, 1, 1, 14, 2, 1] => QQFieldElem[1//2, 0, 0, 0, 0, 0, 0, 0, 0, 0, 0, 0, -1//2, 0, 0, 0],
	[14, 14, 15, 13, 13, 1, 1, 8, 1, 1] => QQFieldElem[0, 0, 0, 0, 0, 0, 0, 0, 0, -3//512, 0, 0, 0, 0, 0, 0],
	[14, 14, 15, 13, 10, 1, 1, 14, 1, 1] => QQFieldElem[1//2, 0, 0, 0, 0, 0, 0, 0, 0, 0, 0, 0, -1//2, 0, 0, 0],
	[14, 14, 15, 13, 10, 1, 1, 7, 1, 1] => QQFieldElem[0, 0, 0, -1//96, 0, 0, 0, 0, 0, 0, 0, 0, 0, 0, 0, 0],
	[14, 14, 15, 13, 15, 1, 1, 8, 1, 1] => QQFieldElem[0, 0, 0, 0, 0, 0, 0, 0, 0, 0, 0, 0, 0, 0, 0, -27//4096],
	[14, 14, 15, 13, 13, 1, 1, 14, 1, 1] => QQFieldElem[0, 0, -9//16, 0, 0, 0, 9//16, 0, 0, 0, 9//16, 0, 0, 0, 0, 0],
	[14, 14, 15, 13, 10, 1, 1, 14, 2, 1] => QQFieldElem[1//2, 0, 0, 0, 0, 0, 0, 0, 0, 0, 0, 0, -1//2, 0, 0, 0],
	[14, 14, 15, 13, 13, 1, 1, 7, 1, 1] => QQFieldElem[0, 0, 0, 1//96, 0, 0, 0, 0, 0, 0, 0, 0, 0, 0, 0, 0],
	[14, 14, 15, 13, 15, 1, 1, 14, 1, 1] => QQFieldElem[-1//2, 0, 0, 0, 0, 0, 0, 0, 0, 0, 0, 0, -1//2, 0, 0, 0],
	[14, 14, 15, 13, 13, 1, 1, 14, 2, 1] => QQFieldElem[-1//2, 0, 0, 0, 0, 0, 0, 0, 0, 0, 0, 0, -1//2, 0, 0, 0],
	[14, 14, 15, 13, 17, 1, 1, 8, 1, 1] => QQFieldElem[0, 0, 0, 0, 0, 0, 0, 0, 0, -3//512, 0, 0, 0, 0, 0, 0],
	[14, 14, 15, 13, 15, 1, 1, 7, 1, 1] => QQFieldElem[0, 0, 0, 0, 0, 0, 0, 0, 0, -3//256, 0, 0, 0, 0, 0, 0],
	[14, 14, 15, 13, 15, 1, 1, 14, 2, 1] => QQFieldElem[-1//2, 0, 0, 0, 0, 0, 0, 0, 0, 0, 0, 0, -1//2, 0, 0, 0],
	[14, 14, 15, 13, 17, 1, 1, 14, 1, 1] => QQFieldElem[0, 0, -9//16, 0, 0, 0, -9//16, 0, 0, 0, 9//16, 0, 0, 0, 0, 0])