Dict(
	[14, 16, 10, 14, 9, 1, 1, 18, 1, 1] => QQFieldElem[0, 0, 0, 0, 0, 64//3, 0, 0, 0, 0, 0, 0, 0, -64//3, 0, 0],
	[14, 16, 10, 14, 14, 1, 1, 11, 1, 1] => QQFieldElem[1//4, 0, 0, 0, 0, 0, 0, 0, 0, 0, 0, 0, -1//4, 0, 0, 0],
	[14, 16, 10, 14, 14, 2, 1, 11, 1, 1] => QQFieldElem[-1//4, 0, 0, 0, 0, 0, 0, 0, 0, 0, 0, 0, -1//4, 0, 0, 0],
	[14, 16, 10, 14, 6, 1, 1, 11, 1, 1] => QQFieldElem[0, 0, 0, 3//4, 0, 0, 0, 0, 0, 0, 0, 0, 0, 0, 0, 0],
	[14, 16, 10, 14, 9, 1, 1, 11, 1, 1] => QQFieldElem[0, 0, 0, 0, 0, -64//3, 0, 0, 0, 0, 0, 0, 0, 64//3, 0, 0],
	[14, 16, 10, 14, 14, 1, 1, 12, 1, 1] => QQFieldElem[-1//4, 0, 0, 0, 0, 0, 0, 0, 0, 0, 0, 0, 1//4, 0, 0, 0],
	[14, 16, 10, 14, 14, 2, 1, 12, 1, 1] => QQFieldElem[1//4, 0, 0, 0, 0, 0, 0, 0, 0, 0, 0, 0, 1//4, 0, 0, 0],
	[14, 16, 10, 14, 14, 1, 1, 16, 1, 1] => QQFieldElem[0, 0, -2//9, 0, 0, 0, -2//9, 0, 0, 0, 2//9, 0, 0, 0, 0, 0],
	[14, 16, 10, 14, 6, 1, 1, 12, 1, 1] => QQFieldElem[0, 0, 0, 3//4, 0, 0, 0, 0, 0, 0, 0, 0, 0, 0, 0, 0],
	[14, 16, 10, 14, 9, 1, 1, 12, 1, 1] => QQFieldElem[0, 0, 0, 0, 0, -64//3, 0, 0, 0, 0, 0, 0, 0, 64//3, 0, 0],
	[14, 16, 10, 14, 14, 2, 1, 16, 1, 1] => QQFieldElem[0, 0, 2//9, 0, 0, 0, -2//9, 0, 0, 0, -2//9, 0, 0, 0, 0, 0],
	[14, 16, 10, 14, 6, 1, 1, 16, 1, 1] => QQFieldElem[0, 0, 0, 0, 0, 2//3, 0, 0, 0, 0, 0, 0, 0, -2//3, 0, 0],
	[14, 16, 10, 14, 9, 1, 1, 16, 1, 1] => QQFieldElem[0, 0, 0, 0, 0, 0, 0, 0, 0, 0, 0, 0, 0, 0, 0, -512//27],
	[14, 16, 10, 14, 14, 1, 1, 18, 1, 1] => QQFieldElem[1//4, 0, 0, 0, 0, 0, 0, 0, 0, 0, 0, 0, 1//4, 0, 0, 0],
	[14, 16, 10, 14, 14, 2, 1, 18, 1, 1] => QQFieldElem[-1//4, 0, 0, 0, 0, 0, 0, 0, 0, 0, 0, 0, 1//4, 0, 0, 0],
	[14, 16, 10, 14, 6, 1, 1, 18, 1, 1] => QQFieldElem[0, 0, 0, 3//4, 0, 0, 0, 0, 0, 0, 0, 0, 0, 0, 0, 0])