Dict(
	[14, 14, 16, 17, 12, 1, 1, 4, 1, 1] => QQFieldElem[0, 0, 0, 0, 0, 0, 0, 0, 0, 0, 0, 0, -4//3, 0, 0, 0],
	[14, 14, 16, 17, 12, 1, 1, 7, 1, 1] => QQFieldElem[0, 0, 0, 0, 0, 0, 0, 0, 0, 0, 0, 0, 0, 0, 0, 0],
	[14, 14, 16, 17, 12, 1, 1, 5, 1, 1] => QQFieldElem[0, 0, 0, 0, 0, 0, 0, 0, 0, 0, 0, 0, 0, 0, 0, 0],
	[14, 14, 16, 17, 10, 1, 1, 4, 1, 1] => QQFieldElem[0, 0, -27//32, 0, 0, 0, -27//64, 0, 0, 0, 27//32, 0, 0, 0, 0, 0],
	[14, 14, 16, 17, 10, 1, 1, 7, 1, 1] => QQFieldElem[0, 0, 27//32, 0, 0, 0, 27//64, 0, 0, 0, -27//32, 0, 0, 0, 0, 0],
	[14, 14, 16, 17, 10, 1, 1, 5, 1, 1] => QQFieldElem[0, 0, 27//32, 0, 0, 0, 27//64, 0, 0, 0, -27//32, 0, 0, 0, 0, 0],
	[14, 14, 16, 17, 13, 1, 1, 4, 1, 1] => QQFieldElem[0, 0, 0, 0, 0, 0, 0, 0, 0, 0, 0, 0, 0, 0, 0, 0],
	[14, 14, 16, 17, 12, 1, 1, 9, 1, 1] => QQFieldElem[0, 0, 0, 0, 0, 0, 0, 0, 0, 0, 0, 0, 4//3, 0, 0, 0],
	[14, 14, 16, 17, 13, 1, 1, 7, 1, 1] => QQFieldElem[0, 0, 0, 0, 0, 0, 0, 0, 0, 0, 0, 0, 1, 0, 0, 0],
	[14, 14, 16, 17, 11, 1, 1, 4, 1, 1] => QQFieldElem[9//16, 0, 0, 0, 0, 0, 0, 0, 0, 0, 0, 0, 0, 0, 0, 0],
	[14, 14, 16, 17, 13, 1, 1, 5, 1, 1] => QQFieldElem[0, 0, 0, 0, 0, 0, 0, 0, 0, 0, 0, 0, -1, 0, 0, 0],
	[14, 14, 16, 17, 11, 1, 1, 7, 1, 1] => QQFieldElem[9//16, 0, 0, 0, 0, 0, 0, 0, 0, 0, 0, 0, 0, 0, 0, 0],
	[14, 14, 16, 17, 10, 1, 1, 9, 1, 1] => QQFieldElem[0, 0, -27//32, 0, 0, 0, -27//64, 0, 0, 0, 27//32, 0, 0, 0, 0, 0],
	[14, 14, 16, 17, 11, 1, 1, 5, 1, 1] => QQFieldElem[9//16, 0, 0, 0, 0, 0, 0, 0, 0, 0, 0, 0, 0, 0, 0, 0],
	[14, 14, 16, 17, 13, 1, 1, 9, 1, 1] => QQFieldElem[0, 0, 0, 0, 0, 0, 0, 0, 0, 0, 0, 0, 0, 0, 0, 0],
	[14, 14, 16, 17, 11, 1, 1, 9, 1, 1] => QQFieldElem[9//16, 0, 0, 0, 0, 0, 0, 0, 0, 0, 0, 0, 0, 0, 0, 0])