Dict(
	[14, 14, 12, 18, 12, 1, 1, 6, 1, 1] => QQFieldElem[0, 0, 0, 0, 0, -1//128, 0, 0, 0, 0, 0, 0, 0, 1//128, 0, 0],
	[14, 14, 12, 18, 16, 1, 1, 14, 1, 1] => QQFieldElem[-2//3, 0, 0, 0, 0, 0, 0, 0, 0, 0, 0, 0, -2//3, 0, 0, 0],
	[14, 14, 12, 18, 18, 1, 1, 9, 1, 1] => QQFieldElem[0, 0, 0, 0, 0, 0, 0, 0, 0, 0, 0, 0, 0, 0, 0, 1//192],
	[14, 14, 12, 18, 11, 1, 1, 9, 1, 1] => QQFieldElem[0, 0, 0, 0, 0, 0, 0, 0, 0, 0, 0, 0, 0, 0, 0, 1//144],
	[14, 14, 12, 18, 12, 1, 1, 14, 1, 1] => QQFieldElem[0, 0, 9//16, 0, 0, 0, -9//16, 0, 0, 0, -9//16, 0, 0, 0, 0, 0],
	[14, 14, 12, 18, 16, 1, 1, 14, 2, 1] => QQFieldElem[1//2, 0, 0, 0, 0, 0, 0, 0, 0, 0, 0, 0, 1//2, 0, 0, 0],
	[14, 14, 12, 18, 18, 1, 1, 6, 1, 1] => QQFieldElem[0, 0, 0, 0, 0, 1//128, 0, 0, 0, 0, 0, 0, 0, -1//128, 0, 0],
	[14, 14, 12, 18, 11, 1, 1, 6, 1, 1] => QQFieldElem[0, 0, 0, 0, 0, -1//96, 0, 0, 0, 0, 0, 0, 0, 1//96, 0, 0],
	[14, 14, 12, 18, 12, 1, 1, 14, 2, 1] => QQFieldElem[1//2, 0, 0, 0, 0, 0, 0, 0, 0, 0, 0, 0, 1//2, 0, 0, 0],
	[14, 14, 12, 18, 16, 1, 1, 9, 1, 1] => QQFieldElem[0, 0, 0, 0, 0, -3//512, 0, 0, 0, 0, 0, 0, 0, 3//512, 0, 0],
	[14, 14, 12, 18, 18, 1, 1, 14, 1, 1] => QQFieldElem[0, 0, 9//16, 0, 0, 0, 9//16, 0, 0, 0, -9//16, 0, 0, 0, 0, 0],
	[14, 14, 12, 18, 12, 1, 1, 9, 1, 1] => QQFieldElem[0, 0, 0, 0, 0, 0, 0, 0, 0, 0, 0, 0, 0, 0, 0, 1//192],
	[14, 14, 12, 18, 11, 1, 1, 14, 1, 1] => QQFieldElem[2//3, 0, 0, 0, 0, 0, 0, 0, 0, 0, 0, 0, -2//3, 0, 0, 0],
	[14, 14, 12, 18, 16, 1, 1, 6, 1, 1] => QQFieldElem[0, 0, 0, 9//1024, 0, 0, 0, 0, 0, 0, 0, 0, 0, 0, 0, 0],
	[14, 14, 12, 18, 18, 1, 1, 14, 2, 1] => QQFieldElem[-1//2, 0, 0, 0, 0, 0, 0, 0, 0, 0, 0, 0, 1//2, 0, 0, 0],
	[14, 14, 12, 18, 11, 1, 1, 14, 2, 1] => QQFieldElem[-1//2, 0, 0, 0, 0, 0, 0, 0, 0, 0, 0, 0, 1//2, 0, 0, 0])