Dict(
	[14, 11, 13, 14, 14, 1, 1, 11, 1, 1] => QQFieldElem[0, 0, -1//1024, 0, 0, 0, 0, 0, 0, 0, 1//1024, 0, 0, 0, 0, 0],
	[14, 11, 13, 14, 5, 1, 1, 16, 1, 1] => QQFieldElem[0, 0, 0, 0, 0, 0, 0, 0, 0, 0, 0, 0, 0, 0, 0, 0],
	[14, 11, 13, 14, 2, 1, 1, 11, 1, 1] => QQFieldElem[-32//3, 0, 0, 0, 0, 0, 0, 0, 0, 0, 0, 0, 0, 0, 0, 0],
	[14, 11, 13, 14, 14, 2, 1, 11, 1, 1] => QQFieldElem[0, 0, 1//1024, 0, 0, 0, 0, 0, 0, 0, -1//1024, 0, 0, 0, 0, 0],
	[14, 11, 13, 14, 3, 1, 1, 18, 1, 1] => QQFieldElem[0, 0, 0, 0, 0, 0, 0, 0, 0, 0, 0, 0, 0, 0, 0, 0],
	[14, 11, 13, 14, 14, 1, 1, 15, 1, 1] => QQFieldElem[3//512, 0, 0, 0, 0, 0, 0, 0, 0, 0, 0, 0, 0, 0, 0, 0],
	[14, 11, 13, 14, 3, 2, 1, 18, 1, 1] => QQFieldElem[0, 0, 0, 0, 0, 0, 0, 0, 0, 0, 0, 0, 0, 0, 0, -9//4096],
	[14, 11, 13, 14, 5, 1, 1, 18, 1, 1] => QQFieldElem[0, 0, 0, 9//4096, 0, 0, 0, 0, 0, 0, 0, 0, 0, 0, 0, 0],
	[14, 11, 13, 14, 14, 1, 1, 12, 1, 1] => QQFieldElem[0, 0, -1//384, 0, 0, 0, 0, 0, 0, 0, 1//384, 0, 0, 0, 0, 0],
	[14, 11, 13, 14, 14, 2, 1, 15, 1, 1] => QQFieldElem[3//512, 0, 0, 0, 0, 0, 0, 0, 0, 0, 0, 0, 0, 0, 0, 0],
	[14, 11, 13, 14, 3, 1, 1, 17, 1, 1] => QQFieldElem[0, 0, 0, 0, 0, 0, 0, 0, 0, 0, 0, 0, 0, 0, 0, 0],
	[14, 11, 13, 14, 2, 1, 1, 15, 1, 1] => QQFieldElem[0, 0, 0, 0, 0, 0, 0, 0, 0, 0, 0, 0, 0, 0, 0, 0],
	[14, 11, 13, 14, 3, 2, 1, 17, 1, 1] => QQFieldElem[0, 0, 0, 0, 0, 0, 0, 0, 0, 1//512, 0, 0, 0, 0, 0, 0],
	[14, 11, 13, 14, 2, 1, 1, 12, 1, 1] => QQFieldElem[512//9, 0, 0, 0, 0, 0, 0, 0, 0, 0, 0, 0, 0, 0, 0, 0],
	[14, 11, 13, 14, 3, 1, 1, 11, 1, 1] => QQFieldElem[-1//3, 0, 0, 0, 0, 0, 0, 0, 0, 0, 0, 0, 0, 0, 0, 0],
	[14, 11, 13, 14, 5, 1, 1, 17, 1, 1] => QQFieldElem[0, 0, 0, 0, 0, 1//512, 0, 0, 0, 0, 0, 0, 0, -1//512, 0, 0],
	[14, 11, 13, 14, 14, 2, 1, 12, 1, 1] => QQFieldElem[0, 0, 1//384, 0, 0, 0, 0, 0, 0, 0, -1//384, 0, 0, 0, 0, 0],
	[14, 11, 13, 14, 14, 1, 1, 16, 1, 1] => QQFieldElem[0, 0, 0, 0, 0, 0, 0, 0, 0, 0, 0, 0, 0, 0, 0, 0],
	[14, 11, 13, 14, 3, 2, 1, 11, 1, 1] => QQFieldElem[0, 0, -1//1024, 0, 0, 0, 0, 0, 0, 0, 1//1024, 0, 0, 0, 0, 0],
	[14, 11, 13, 14, 5, 1, 1, 11, 1, 1] => QQFieldElem[0, 0, 1//1024, 0, 0, 0, 0, 0, 0, 0, -1//1024, 0, 0, 0, 0, 0],
	[14, 11, 13, 14, 2, 1, 1, 16, 1, 1] => QQFieldElem[-256//3, 0, 0, 0, 0, 0, 0, 0, 0, 0, 0, 0, 0, 0, 0, 0],
	[14, 11, 13, 14, 14, 2, 1, 16, 1, 1] => QQFieldElem[0, 0, 0, 0, 0, 0, 0, 0, 0, 0, 0, 0, 0, 0, 0, 0],
	[14, 11, 13, 14, 3, 1, 1, 15, 1, 1] => QQFieldElem[0, 0, 0, 0, 0, 0, 0, 0, 0, 0, 0, 0, 0, 0, 0, 0],
	[14, 11, 13, 14, 3, 1, 1, 12, 1, 1] => QQFieldElem[16//9, 0, 0, 0, 0, 0, 0, 0, 0, 0, 0, 0, 0, 0, 0, 0],
	[14, 11, 13, 14, 3, 2, 1, 15, 1, 1] => QQFieldElem[3//512, 0, 0, 0, 0, 0, 0, 0, 0, 0, 0, 0, 0, 0, 0, 0],
	[14, 11, 13, 14, 5, 1, 1, 15, 1, 1] => QQFieldElem[3//512, 0, 0, 0, 0, 0, 0, 0, 0, 0, 0, 0, 0, 0, 0, 0],
	[14, 11, 13, 14, 14, 1, 1, 18, 1, 1] => QQFieldElem[0, 0, 0, 0, 0, 0, 0, 0, 0, 0, 0, 0, 0, 0, 0, 9//4096],
	[14, 11, 13, 14, 3, 2, 1, 12, 1, 1] => QQFieldElem[0, 0, -1//384, 0, 0, 0, 0, 0, 0, 0, 1//384, 0, 0, 0, 0, 0],
	[14, 11, 13, 14, 5, 1, 1, 12, 1, 1] => QQFieldElem[0, 0, 1//384, 0, 0, 0, 0, 0, 0, 0, -1//384, 0, 0, 0, 0, 0],
	[14, 11, 13, 14, 2, 1, 1, 18, 1, 1] => QQFieldElem[0, 0, 0, 0, 0, 0, 0, 0, 0, 0, 0, 0, 0, 0, 0, 0],
	[14, 11, 13, 14, 3, 1, 1, 16, 1, 1] => QQFieldElem[8//3, 0, 0, 0, 0, 0, 0, 0, 0, 0, 0, 0, 0, 0, 0, 0],
	[14, 11, 13, 14, 14, 1, 1, 17, 1, 1] => QQFieldElem[0, 0, 0, 0, 0, 0, 0, 0, 0, -1//512, 0, 0, 0, 0, 0, 0],
	[14, 11, 13, 14, 14, 2, 1, 18, 1, 1] => QQFieldElem[0, 0, 0, -9//4096, 0, 0, 0, 0, 0, 0, 0, 0, 0, 0, 0, 0],
	[14, 11, 13, 14, 2, 1, 1, 17, 1, 1] => QQFieldElem[0, 0, 0, 0, 0, 0, 0, 0, 0, 0, 0, 0, 0, 0, 0, 0],
	[14, 11, 13, 14, 3, 2, 1, 16, 1, 1] => QQFieldElem[0, 0, 0, 0, 0, 0, 0, 0, 0, 0, 0, 0, 0, 0, 0, 0],
	[14, 11, 13, 14, 14, 2, 1, 17, 1, 1] => QQFieldElem[0, 0, 0, 0, 0, -1//512, 0, 0, 0, 0, 0, 0, 0, 1//512, 0, 0])