Dict(
	[14, 13, 11, 14, 14, 1, 1, 13, 1, 1] => QQFieldElem[0, 0, 1//384, 0, 0, 0, 0, 0, 0, 0, -1//384, 0, 0, 0, 0, 0],
	[14, 13, 11, 14, 3, 2, 1, 10, 1, 1] => QQFieldElem[0, 0, 1//1024, 0, 0, 0, 0, 0, 0, 0, -1//1024, 0, 0, 0, 0, 0],
	[14, 13, 11, 14, 2, 1, 1, 13, 1, 1] => QQFieldElem[-512//9, 0, 0, 0, 0, 0, 0, 0, 0, 0, 0, 0, 0, 0, 0, 0],
	[14, 13, 11, 14, 5, 1, 1, 10, 1, 1] => QQFieldElem[0, 0, -1//1024, 0, 0, 0, 0, 0, 0, 0, 1//1024, 0, 0, 0, 0, 0],
	[14, 13, 11, 14, 3, 1, 1, 18, 1, 1] => QQFieldElem[0, 0, 0, 0, 0, 0, 0, 0, 0, 0, 0, 0, 0, 0, 0, 0],
	[14, 13, 11, 14, 14, 2, 1, 13, 1, 1] => QQFieldElem[0, 0, -1//384, 0, 0, 0, 0, 0, 0, 0, 1//384, 0, 0, 0, 0, 0],
	[14, 13, 11, 14, 14, 1, 1, 15, 1, 1] => QQFieldElem[3//512, 0, 0, 0, 0, 0, 0, 0, 0, 0, 0, 0, 0, 0, 0, 0],
	[14, 13, 11, 14, 3, 2, 1, 18, 1, 1] => QQFieldElem[0, 0, 0, 0, 0, 0, 0, 0, 0, 3//64, 0, 0, 0, 0, 0, 0],
	[14, 13, 11, 14, 3, 1, 1, 17, 1, 1] => QQFieldElem[0, 0, 0, 0, 0, 0, 0, 0, 0, 0, 0, 0, 0, 0, 0, 0],
	[14, 13, 11, 14, 14, 2, 1, 15, 1, 1] => QQFieldElem[3//512, 0, 0, 0, 0, 0, 0, 0, 0, 0, 0, 0, 0, 0, 0, 0],
	[14, 13, 11, 14, 2, 1, 1, 15, 1, 1] => QQFieldElem[0, 0, 0, 0, 0, 0, 0, 0, 0, 0, 0, 0, 0, 0, 0, 0],
	[14, 13, 11, 14, 5, 1, 1, 18, 1, 1] => QQFieldElem[0, 0, 0, 0, 0, 3//64, 0, 0, 0, 0, 0, 0, 0, -3//64, 0, 0],
	[14, 13, 11, 14, 3, 2, 1, 17, 1, 1] => QQFieldElem[0, 0, 0, 1//24, 0, 0, 0, 0, 0, 0, 0, 0, 0, 0, 0, 0],
	[14, 13, 11, 14, 5, 1, 1, 17, 1, 1] => QQFieldElem[0, 0, 0, 0, 0, 0, 0, 0, 0, 0, 0, 0, 0, 0, 0, 1//24],
	[14, 13, 11, 14, 14, 1, 1, 16, 1, 1] => QQFieldElem[0, 0, 0, 0, 0, 0, 0, 0, 0, 0, 0, 0, 0, 0, 0, 0],
	[14, 13, 11, 14, 3, 1, 1, 13, 1, 1] => QQFieldElem[128//27, 0, 0, 0, 0, 0, 0, 0, 0, 0, 0, 0, 0, 0, 0, 0],
	[14, 13, 11, 14, 2, 1, 1, 16, 1, 1] => QQFieldElem[256//3, 0, 0, 0, 0, 0, 0, 0, 0, 0, 0, 0, 0, 0, 0, 0],
	[14, 13, 11, 14, 14, 2, 1, 16, 1, 1] => QQFieldElem[0, 0, 0, 0, 0, 0, 0, 0, 0, 0, 0, 0, 0, 0, 0, 0],
	[14, 13, 11, 14, 3, 2, 1, 13, 1, 1] => QQFieldElem[0, 0, 1//384, 0, 0, 0, 0, 0, 0, 0, -1//384, 0, 0, 0, 0, 0],
	[14, 13, 11, 14, 5, 1, 1, 13, 1, 1] => QQFieldElem[0, 0, -1//384, 0, 0, 0, 0, 0, 0, 0, 1//384, 0, 0, 0, 0, 0],
	[14, 13, 11, 14, 3, 1, 1, 15, 1, 1] => QQFieldElem[0, 0, 0, 0, 0, 0, 0, 0, 0, 0, 0, 0, 0, 0, 0, 0],
	[14, 13, 11, 14, 14, 1, 1, 10, 1, 1] => QQFieldElem[0, 0, 1//1024, 0, 0, 0, 0, 0, 0, 0, -1//1024, 0, 0, 0, 0, 0],
	[14, 13, 11, 14, 3, 2, 1, 15, 1, 1] => QQFieldElem[3//512, 0, 0, 0, 0, 0, 0, 0, 0, 0, 0, 0, 0, 0, 0, 0],
	[14, 13, 11, 14, 2, 1, 1, 10, 1, 1] => QQFieldElem[32//3, 0, 0, 0, 0, 0, 0, 0, 0, 0, 0, 0, 0, 0, 0, 0],
	[14, 13, 11, 14, 5, 1, 1, 15, 1, 1] => QQFieldElem[3//512, 0, 0, 0, 0, 0, 0, 0, 0, 0, 0, 0, 0, 0, 0, 0],
	[14, 13, 11, 14, 14, 2, 1, 10, 1, 1] => QQFieldElem[0, 0, -1//1024, 0, 0, 0, 0, 0, 0, 0, 1//1024, 0, 0, 0, 0, 0],
	[14, 13, 11, 14, 14, 1, 1, 18, 1, 1] => QQFieldElem[0, 0, 0, 0, 0, 0, 0, 0, 0, -3//64, 0, 0, 0, 0, 0, 0],
	[14, 13, 11, 14, 2, 1, 1, 18, 1, 1] => QQFieldElem[0, 0, 0, 0, 0, 0, 0, 0, 0, 0, 0, 0, 0, 0, 0, 0],
	[14, 13, 11, 14, 14, 2, 1, 18, 1, 1] => QQFieldElem[0, 0, 0, 0, 0, -3//64, 0, 0, 0, 0, 0, 0, 0, 3//64, 0, 0],
	[14, 13, 11, 14, 3, 1, 1, 16, 1, 1] => QQFieldElem[64//9, 0, 0, 0, 0, 0, 0, 0, 0, 0, 0, 0, 0, 0, 0, 0],
	[14, 13, 11, 14, 14, 1, 1, 17, 1, 1] => QQFieldElem[0, 0, 0, -1//24, 0, 0, 0, 0, 0, 0, 0, 0, 0, 0, 0, 0],
	[14, 13, 11, 14, 2, 1, 1, 17, 1, 1] => QQFieldElem[0, 0, 0, 0, 0, 0, 0, 0, 0, 0, 0, 0, 0, 0, 0, 0],
	[14, 13, 11, 14, 3, 2, 1, 16, 1, 1] => QQFieldElem[0, 0, 0, 0, 0, 0, 0, 0, 0, 0, 0, 0, 0, 0, 0, 0],
	[14, 13, 11, 14, 5, 1, 1, 16, 1, 1] => QQFieldElem[0, 0, 0, 0, 0, 0, 0, 0, 0, 0, 0, 0, 0, 0, 0, 0],
	[14, 13, 11, 14, 14, 2, 1, 17, 1, 1] => QQFieldElem[0, 0, 0, 0, 0, 0, 0, 0, 0, 0, 0, 0, 0, 0, 0, -1//24],
	[14, 13, 11, 14, 3, 1, 1, 10, 1, 1] => QQFieldElem[-8//9, 0, 0, 0, 0, 0, 0, 0, 0, 0, 0, 0, 0, 0, 0, 0])