Dict(
	[14, 11, 17, 14, 14, 1, 1, 17, 1, 1] => QQFieldElem[-3//16, 0, 0, 0, 0, 0, 0, 0, 0, 0, 0, 0, -3//16, 0, 0, 0],
	[14, 11, 17, 14, 14, 2, 1, 17, 1, 1] => QQFieldElem[3//16, 0, 0, 0, 0, 0, 0, 0, 0, 0, 0, 0, -3//16, 0, 0, 0],
	[14, 11, 17, 14, 14, 1, 1, 11, 1, 1] => QQFieldElem[1//4, 0, 0, 0, 0, 0, 0, 0, 0, 0, 0, 0, -1//4, 0, 0, 0],
	[14, 11, 17, 14, 6, 1, 1, 17, 1, 1] => QQFieldElem[0, 0, 0, 0, 0, 24, 0, 0, 0, 0, 0, 0, 0, -24, 0, 0],
	[14, 11, 17, 14, 9, 1, 1, 17, 1, 1] => QQFieldElem[0, 0, 0, 0, 0, 0, 0, 0, 0, 0, 0, 0, 0, 0, 0, 16],
	[14, 11, 17, 14, 14, 2, 1, 11, 1, 1] => QQFieldElem[-1//4, 0, 0, 0, 0, 0, 0, 0, 0, 0, 0, 0, -1//4, 0, 0, 0],
	[14, 11, 17, 14, 6, 1, 1, 11, 1, 1] => QQFieldElem[0, 0, 0, 0, 0, -32, 0, 0, 0, 0, 0, 0, 0, 32, 0, 0],
	[14, 11, 17, 14, 9, 1, 1, 11, 1, 1] => QQFieldElem[0, 0, 0, 0, 0, 0, 0, 0, 0, 0, 0, 0, 0, 0, 0, 64//3],
	[14, 11, 17, 14, 14, 1, 1, 15, 1, 1] => QQFieldElem[0, 0, -1//6, 0, 0, 0, -1//6, 0, 0, 0, 1//6, 0, 0, 0, 0, 0],
	[14, 11, 17, 14, 14, 1, 1, 12, 1, 1] => QQFieldElem[3//16, 0, 0, 0, 0, 0, 0, 0, 0, 0, 0, 0, -3//16, 0, 0, 0],
	[14, 11, 17, 14, 14, 2, 1, 15, 1, 1] => QQFieldElem[0, 0, 1//6, 0, 0, 0, -1//6, 0, 0, 0, -1//6, 0, 0, 0, 0, 0],
	[14, 11, 17, 14, 6, 1, 1, 15, 1, 1] => QQFieldElem[0, 0, 0, 0, 0, 0, 0, 0, 0, 0, 0, 0, 0, 0, 0, 64//3],
	[14, 11, 17, 14, 9, 1, 1, 15, 1, 1] => QQFieldElem[0, 0, 0, 0, 0, 0, 0, 0, 0, -128//9, 0, 0, 0, 0, 0, 0],
	[14, 11, 17, 14, 14, 2, 1, 12, 1, 1] => QQFieldElem[-3//16, 0, 0, 0, 0, 0, 0, 0, 0, 0, 0, 0, -3//16, 0, 0, 0],
	[14, 11, 17, 14, 6, 1, 1, 12, 1, 1] => QQFieldElem[0, 0, 0, 0, 0, 24, 0, 0, 0, 0, 0, 0, 0, -24, 0, 0],
	[14, 11, 17, 14, 9, 1, 1, 12, 1, 1] => QQFieldElem[0, 0, 0, 0, 0, 0, 0, 0, 0, 0, 0, 0, 0, 0, 0, -16])