Dict(
	[14, 20, 20, 3, 14, 1, 2, 19, 1, 1] => QQFieldElem[-1//9, 0, 0, 0, -1//9, 0, 0, 0, -1//9, 0, 0, 0, -1//9, 0, 0, 0],
	[14, 20, 20, 3, 14, 1, 1, 19, 1, 1] => QQFieldElem[1//9, 0, 0, 0, -2//9, 0, 0, 0, -2//9, 0, 0, 0, 1//9, 0, 0, 0],
	[14, 20, 20, 3, 14, 1, 2, 21, 1, 1] => QQFieldElem[-1//9, 0, 0, 0, 1//9, 0, 0, 0, -1//9, 0, 0, 0, 1//9, 0, 0, 0],
	[14, 20, 20, 3, 14, 2, 2, 19, 1, 1] => QQFieldElem[-1//9, 0, 0, 0, 1//9, 0, 0, 0, -1//9, 0, 0, 0, 1//9, 0, 0, 0],
	[14, 20, 20, 3, 14, 1, 1, 21, 1, 1] => QQFieldElem[1//9, 0, 0, 0, 2//9, 0, 0, 0, -2//9, 0, 0, 0, -1//9, 0, 0, 0],
	[14, 20, 20, 3, 14, 2, 1, 19, 1, 1] => QQFieldElem[1//9, 0, 0, 0, 2//9, 0, 0, 0, -2//9, 0, 0, 0, -1//9, 0, 0, 0],
	[14, 20, 20, 3, 14, 2, 2, 21, 1, 1] => QQFieldElem[-1//9, 0, 0, 0, -1//9, 0, 0, 0, -1//9, 0, 0, 0, -1//9, 0, 0, 0],
	[14, 20, 20, 3, 14, 2, 1, 21, 1, 1] => QQFieldElem[1//9, 0, 0, 0, -2//9, 0, 0, 0, -2//9, 0, 0, 0, 1//9, 0, 0, 0],
	[14, 20, 20, 3, 14, 1, 2, 19, 2, 1] => QQFieldElem[-1//4, 0, 0, 0, 0, 0, 0, 0, 0, 0, 0, 0, 0, 0, 0, 0],
	[14, 20, 20, 3, 14, 1, 1, 19, 2, 1] => QQFieldElem[-1//4, 0, 0, 0, 0, 0, 0, 0, 0, 0, 0, 0, 0, 0, 0, 0],
	[14, 20, 20, 3, 14, 1, 2, 21, 2, 1] => QQFieldElem[-1//4, 0, 0, 0, 0, 0, 0, 0, 1//2, 0, 0, 0, 0, 0, 0, 0],
	[14, 20, 20, 3, 14, 2, 2, 19, 2, 1] => QQFieldElem[1//4, 0, 0, 0, 0, 0, 0, 0, -1//2, 0, 0, 0, 0, 0, 0, 0],
	[14, 20, 20, 3, 14, 1, 1, 21, 2, 1] => QQFieldElem[1//4, 0, 0, 0, 0, 0, 0, 0, -1//2, 0, 0, 0, 0, 0, 0, 0],
	[14, 20, 20, 3, 14, 2, 1, 19, 2, 1] => QQFieldElem[-1//4, 0, 0, 0, 0, 0, 0, 0, 1//2, 0, 0, 0, 0, 0, 0, 0],
	[14, 20, 20, 3, 14, 2, 2, 21, 2, 1] => QQFieldElem[1//4, 0, 0, 0, 0, 0, 0, 0, 0, 0, 0, 0, 0, 0, 0, 0],
	[14, 20, 20, 3, 14, 2, 1, 21, 2, 1] => QQFieldElem[1//4, 0, 0, 0, 0, 0, 0, 0, 0, 0, 0, 0, 0, 0, 0, 0])