Dict(
	[14, 18, 12, 14, 14, 1, 1, 16, 1, 1] => QQFieldElem[0, 0, 2//9, 0, 0, 0, 2//9, 0, 0, 0, -2//9, 0, 0, 0, 0, 0],
	[14, 18, 12, 14, 8, 1, 1, 18, 1, 1] => QQFieldElem[0, 0, 0, 0, 0, -128//3, 0, 0, 0, 0, 0, 0, 0, 128//3, 0, 0],
	[14, 18, 12, 14, 14, 2, 1, 16, 1, 1] => QQFieldElem[0, 0, -2//9, 0, 0, 0, 2//9, 0, 0, 0, 2//9, 0, 0, 0, 0, 0],
	[14, 18, 12, 14, 14, 1, 1, 10, 1, 1] => QQFieldElem[1//4, 0, 0, 0, 0, 0, 0, 0, 0, 0, 0, 0, -1//4, 0, 0, 0],
	[14, 18, 12, 14, 7, 1, 1, 13, 1, 1] => QQFieldElem[0, 0, 0, 3//4, 0, 0, 0, 0, 0, 0, 0, 0, 0, 0, 0, 0],
	[14, 18, 12, 14, 14, 2, 1, 10, 1, 1] => QQFieldElem[-1//4, 0, 0, 0, 0, 0, 0, 0, 0, 0, 0, 0, -1//4, 0, 0, 0],
	[14, 18, 12, 14, 14, 1, 1, 18, 1, 1] => QQFieldElem[1//4, 0, 0, 0, 0, 0, 0, 0, 0, 0, 0, 0, 1//4, 0, 0, 0],
	[14, 18, 12, 14, 8, 1, 1, 13, 1, 1] => QQFieldElem[0, 0, 0, 0, 0, 128//3, 0, 0, 0, 0, 0, 0, 0, -128//3, 0, 0],
	[14, 18, 12, 14, 14, 2, 1, 18, 1, 1] => QQFieldElem[-1//4, 0, 0, 0, 0, 0, 0, 0, 0, 0, 0, 0, 1//4, 0, 0, 0],
	[14, 18, 12, 14, 14, 1, 1, 13, 1, 1] => QQFieldElem[-1//4, 0, 0, 0, 0, 0, 0, 0, 0, 0, 0, 0, 1//4, 0, 0, 0],
	[14, 18, 12, 14, 7, 1, 1, 16, 1, 1] => QQFieldElem[0, 0, 0, 0, 0, -2//3, 0, 0, 0, 0, 0, 0, 0, 2//3, 0, 0],
	[14, 18, 12, 14, 14, 2, 1, 13, 1, 1] => QQFieldElem[1//4, 0, 0, 0, 0, 0, 0, 0, 0, 0, 0, 0, 1//4, 0, 0, 0],
	[14, 18, 12, 14, 8, 1, 1, 16, 1, 1] => QQFieldElem[0, 0, 0, 0, 0, 0, 0, 0, 0, 0, 0, 0, 0, 0, 0, -1024//27],
	[14, 18, 12, 14, 7, 1, 1, 10, 1, 1] => QQFieldElem[0, 0, 0, 3//4, 0, 0, 0, 0, 0, 0, 0, 0, 0, 0, 0, 0],
	[14, 18, 12, 14, 8, 1, 1, 10, 1, 1] => QQFieldElem[0, 0, 0, 0, 0, 128//3, 0, 0, 0, 0, 0, 0, 0, -128//3, 0, 0],
	[14, 18, 12, 14, 7, 1, 1, 18, 1, 1] => QQFieldElem[0, 0, 0, 3//4, 0, 0, 0, 0, 0, 0, 0, 0, 0, 0, 0, 0])