Dict(
	[14, 21, 11, 10, 10, 1, 1, 20, 1, 1] => QQFieldElem[0, 0, 1//3, 0, 0, -1//3, 0, 1//3, 0, 0, 0, 0, 1//3, 1//3, 0, 0],
	[14, 21, 11, 10, 15, 1, 1, 19, 1, 1] => QQFieldElem[0, 0, 0, 0, -1//128, 0, 0, 0, 0, 0, 0, 0, 1//128, 0, 0, 0],
	[14, 21, 11, 10, 13, 1, 1, 19, 2, 1] => QQFieldElem[0, 0, 0, 0, -1//128, 0, 0, 0, 0, 0, 0, 0, 1//128, 0, 0, 0],
	[14, 21, 11, 10, 18, 1, 1, 19, 2, 1] => QQFieldElem[-1//384, 0, 0, 0, 0, 0, 0, 0, 1//384, 0, 0, 0, 0, 0, 0, 0],
	[14, 21, 11, 10, 15, 1, 1, 21, 1, 1] => QQFieldElem[0, 0, 0, 0, 0, 0, 0, 0, 0, 0, -1//3, 0, 1//3, 1//3, 0, 1//3],
	[14, 21, 11, 10, 13, 1, 1, 21, 2, 1] => QQFieldElem[0, 0, -1//3, 0, 0, -1//3, 0, -1//3, 0, 0, 1//3, 0, -1//3, 0, 0, 1//3],
	[14, 21, 11, 10, 18, 1, 1, 21, 2, 1] => QQFieldElem[0, 1//3, 0, 1//3, 0, 0, 0, 0, 0, 0, 1//3, 0, -1//3, 0, 0, 0],
	[14, 21, 11, 10, 13, 1, 1, 20, 1, 1] => QQFieldElem[0, 0, -1//3, 0, 0, 1//3, 0, -1//3, 0, 0, 1//3, 0, 1//3, 0, 0, 1//3],
	[14, 21, 11, 10, 18, 1, 1, 20, 1, 1] => QQFieldElem[0, -1//3, 0, 1//3, 0, 0, 0, 0, 0, 0, 1//3, 0, 1//3, 0, 0, 0],
	[14, 21, 11, 10, 10, 1, 1, 20, 2, 1] => QQFieldElem[0, 0, 1//3, 0, 0, -1//3, 0, -1//3, 0, 0, 0, 0, -1//3, 1//3, 0, 0],
	[14, 21, 11, 10, 15, 1, 1, 19, 2, 1] => QQFieldElem[0, 0, 0, 0, -1//128, 0, 0, 0, 0, 0, 0, 0, 1//128, 0, 0, 0],
	[14, 21, 11, 10, 16, 1, 1, 19, 1, 1] => QQFieldElem[-1//384, 0, 0, 0, 0, 0, 0, 0, 0, 0, 0, 0, 0, 0, 0, 0],
	[14, 21, 11, 10, 17, 1, 1, 19, 1, 1] => QQFieldElem[0, 0, 0, 0, 0, 0, 0, 0, 1//384, 0, 0, 0, 0, 0, 0, 0],
	[14, 21, 11, 10, 15, 1, 1, 21, 2, 1] => QQFieldElem[0, 0, 0, 0, 0, 0, 0, 0, 0, 0, -1//3, 0, -1//3, 1//3, 0, -1//3],
	[14, 21, 11, 10, 15, 1, 1, 20, 1, 1] => QQFieldElem[0, 0, 0, 0, 0, 0, 0, 0, 0, 0, -1//3, 0, 1//3, -1//3, 0, -1//3],
	[14, 21, 11, 10, 13, 1, 1, 20, 2, 1] => QQFieldElem[0, 0, -1//3, 0, 0, 1//3, 0, 1//3, 0, 0, 1//3, 0, -1//3, 0, 0, -1//3],
	[14, 21, 11, 10, 18, 1, 1, 20, 2, 1] => QQFieldElem[0, -1//3, 0, -1//3, 0, 0, 0, 0, 0, 0, 1//3, 0, -1//3, 0, 0, 0],
	[14, 21, 11, 10, 17, 1, 1, 21, 1, 1] => QQFieldElem[0, -1//3, 1//3, 0, 0, 0, 0, 0, 0, 1//3, -1//3, 1//3, 1//3, 0, 0, 0],
	[14, 21, 11, 10, 16, 1, 1, 21, 1, 1] => QQFieldElem[0, 0, -1//3, 1//3, 0, 0, 0, 0, 0, -1//3, 0, -1//3, 1//3, 0, 0, 0],
	[14, 21, 11, 10, 16, 1, 1, 19, 2, 1] => QQFieldElem[1//384, 0, 0, 0, 0, 0, 0, 0, 0, 0, 0, 0, 0, 0, 0, 0],
	[14, 21, 11, 10, 17, 1, 1, 19, 2, 1] => QQFieldElem[0, 0, 0, 0, 0, 0, 0, 0, -1//384, 0, 0, 0, 0, 0, 0, 0],
	[14, 21, 11, 10, 15, 1, 1, 20, 2, 1] => QQFieldElem[0, 0, 0, 0, 0, 0, 0, 0, 0, 0, -1//3, 0, -1//3, -1//3, 0, 1//3],
	[14, 21, 11, 10, 16, 1, 1, 21, 2, 1] => QQFieldElem[0, 0, -1//3, -1//3, 0, 0, 0, 0, 0, -1//3, 0, 1//3, -1//3, 0, 0, 0],
	[14, 21, 11, 10, 16, 1, 1, 20, 1, 1] => QQFieldElem[0, 0, -1//3, -1//3, 0, 0, 0, 0, 0, 1//3, 0, 1//3, 1//3, 0, 0, 0],
	[14, 21, 11, 10, 17, 1, 1, 21, 2, 1] => QQFieldElem[0, -1//3, 1//3, 0, 0, 0, 0, 0, 0, 1//3, -1//3, -1//3, -1//3, 0, 0, 0],
	[14, 21, 11, 10, 17, 1, 1, 20, 1, 1] => QQFieldElem[0, 1//3, 1//3, 0, 0, 0, 0, 0, 0, -1//3, -1//3, -1//3, 1//3, 0, 0, 0],
	[14, 21, 11, 10, 10, 1, 1, 19, 1, 1] => QQFieldElem[0, 0, 0, 0, -1//128, 0, 0, 0, 0, 0, 0, 0, 1//128, 0, 0, 0],
	[14, 21, 11, 10, 10, 1, 1, 21, 1, 1] => QQFieldElem[0, 0, 1//3, 0, 0, 1//3, 0, -1//3, 0, 0, 0, 0, 1//3, -1//3, 0, 0],
	[14, 21, 11, 10, 16, 1, 1, 20, 2, 1] => QQFieldElem[0, 0, -1//3, 1//3, 0, 0, 0, 0, 0, 1//3, 0, -1//3, -1//3, 0, 0, 0],
	[14, 21, 11, 10, 13, 1, 1, 19, 1, 1] => QQFieldElem[0, 0, 0, 0, -1//128, 0, 0, 0, 0, 0, 0, 0, 1//128, 0, 0, 0],
	[14, 21, 11, 10, 17, 1, 1, 20, 2, 1] => QQFieldElem[0, 1//3, 1//3, 0, 0, 0, 0, 0, 0, -1//3, -1//3, 1//3, -1//3, 0, 0, 0],
	[14, 21, 11, 10, 10, 1, 1, 19, 2, 1] => QQFieldElem[0, 0, 0, 0, -1//128, 0, 0, 0, 0, 0, 0, 0, 1//128, 0, 0, 0],
	[14, 21, 11, 10, 18, 1, 1, 19, 1, 1] => QQFieldElem[1//384, 0, 0, 0, 0, 0, 0, 0, -1//384, 0, 0, 0, 0, 0, 0, 0],
	[14, 21, 11, 10, 13, 1, 1, 21, 1, 1] => QQFieldElem[0, 0, -1//3, 0, 0, -1//3, 0, 1//3, 0, 0, 1//3, 0, 1//3, 0, 0, -1//3],
	[14, 21, 11, 10, 18, 1, 1, 21, 1, 1] => QQFieldElem[0, 1//3, 0, -1//3, 0, 0, 0, 0, 0, 0, 1//3, 0, 1//3, 0, 0, 0],
	[14, 21, 11, 10, 10, 1, 1, 21, 2, 1] => QQFieldElem[0, 0, 1//3, 0, 0, 1//3, 0, 1//3, 0, 0, 0, 0, -1//3, -1//3, 0, 0])