Dict(
	[14, 14, 5, 14, 14, 1, 1, 14, 1, 1] => QQFieldElem[0, 0, 1//3, 0, 0, 0, 0, 0, 0, 0, -1//3, 0, 0, 0, 0, 0],
	[14, 14, 5, 14, 7, 1, 1, 9, 1, 1] => QQFieldElem[0, 0, 0, 0, 0, 0, 0, 0, 0, 0, 0, 0, 0, 0, 0, 0],
	[14, 14, 5, 14, 14, 2, 1, 14, 1, 1] => QQFieldElem[0, 0, -1//3, 0, 0, 0, 0, 0, 0, 0, 1//3, 0, 0, 0, 0, 0],
	[14, 14, 5, 14, 14, 1, 1, 7, 1, 1] => QQFieldElem[0, 0, 0, 0, 0, 0, 0, 0, 0, 0, 0, 0, -27//16, 0, 0, 0],
	[14, 14, 5, 14, 6, 1, 1, 14, 1, 1] => QQFieldElem[0, 0, 0, 0, 0, 0, 0, 0, 0, 0, 0, 0, 16//81, 0, 0, 0],
	[14, 14, 5, 14, 9, 1, 1, 14, 1, 1] => QQFieldElem[0, 0, -2//9, 0, 0, 0, 0, 0, 0, 0, 2//9, 0, 0, 0, 0, 0],
	[14, 14, 5, 14, 8, 1, 1, 9, 1, 1] => QQFieldElem[0, 0, 0, 0, 0, 0, 0, 0, 0, 0, 0, 0, 0, 0, 0, 0],
	[14, 14, 5, 14, 14, 1, 1, 14, 2, 1] => QQFieldElem[0, 0, 0, 0, 0, 0, 0, 0, 0, 0, 0, 0, 0, 0, 0, 0],
	[14, 14, 5, 14, 14, 2, 1, 7, 1, 1] => QQFieldElem[0, 0, 0, 0, 0, 0, 3//2, 0, 0, 0, 0, 0, 0, 0, 0, 0],
	[14, 14, 5, 14, 6, 1, 1, 7, 1, 1] => QQFieldElem[0, 0, 0, 0, 0, 0, 0, 0, 0, 0, 0, 0, 0, 0, 0, 0],
	[14, 14, 5, 14, 14, 2, 1, 14, 2, 1] => QQFieldElem[0, 0, 0, 0, 0, 0, 0, 0, 0, 0, 0, 0, 0, 0, 0, 0],
	[14, 14, 5, 14, 9, 1, 1, 7, 1, 1] => QQFieldElem[0, 0, 0, 0, 0, 0, 0, 0, 0, 0, 0, 0, 0, 0, 0, 0],
	[14, 14, 5, 14, 7, 1, 1, 6, 1, 1] => QQFieldElem[0, 0, 0, 0, 0, 0, 0, 0, 0, 0, 0, 0, 0, 0, 0, 0],
	[14, 14, 5, 14, 7, 1, 1, 8, 1, 1] => QQFieldElem[1//3, 0, 0, 0, 0, 0, 0, 0, 0, 0, 0, 0, 0, 0, 0, 0],
	[14, 14, 5, 14, 6, 1, 1, 14, 2, 1] => QQFieldElem[0, 0, 0, 0, 0, 0, 0, 0, 0, 0, 0, 0, 16//81, 0, 0, 0],
	[14, 14, 5, 14, 9, 1, 1, 14, 2, 1] => QQFieldElem[0, 0, 2//9, 0, 0, 0, 0, 0, 0, 0, -2//9, 0, 0, 0, 0, 0],
	[14, 14, 5, 14, 14, 1, 1, 9, 1, 1] => QQFieldElem[0, 0, 0, 0, 0, 0, 0, 0, 0, 0, 0, 0, 27//32, 0, 0, 0],
	[14, 14, 5, 14, 8, 1, 1, 6, 1, 1] => QQFieldElem[0, 0, 0, 0, 0, 0, 0, 0, 0, 0, 0, 0, 0, 0, 0, 0],
	[14, 14, 5, 14, 8, 1, 1, 8, 1, 1] => QQFieldElem[-1//2, 0, 0, 0, 0, 0, 0, 0, 0, 0, 0, 0, 0, 0, 0, 0],
	[14, 14, 5, 14, 14, 2, 1, 9, 1, 1] => QQFieldElem[0, 0, 0, 0, 0, 0, 3//4, 0, 0, 0, 0, 0, 0, 0, 0, 0],
	[14, 14, 5, 14, 6, 1, 1, 9, 1, 1] => QQFieldElem[1//3, 0, 0, 0, 0, 0, 0, 0, 0, 0, 0, 0, 0, 0, 0, 0],
	[14, 14, 5, 14, 9, 1, 1, 9, 1, 1] => QQFieldElem[-1//2, 0, 0, 0, 0, 0, 0, 0, 0, 0, 0, 0, 0, 0, 0, 0],
	[14, 14, 5, 14, 7, 1, 1, 14, 1, 1] => QQFieldElem[0, 0, 0, 0, 0, 0, 0, 0, 0, 0, 0, 0, 8//27, 0, 0, 0],
	[14, 14, 5, 14, 14, 1, 1, 6, 1, 1] => QQFieldElem[0, 0, 0, 0, 0, 0, 0, 0, 0, 0, 0, 0, -27//16, 0, 0, 0],
	[14, 14, 5, 14, 8, 1, 1, 14, 1, 1] => QQFieldElem[0, 0, 0, 0, 0, 0, 0, 0, 0, 0, 0, 0, 0, 0, 0, 0],
	[14, 14, 5, 14, 7, 1, 1, 7, 1, 1] => QQFieldElem[2//3, 0, 0, 0, 0, 0, 0, 0, 0, 0, 0, 0, 0, 0, 0, 0],
	[14, 14, 5, 14, 14, 1, 1, 8, 1, 1] => QQFieldElem[0, 0, 0, 0, 0, 0, 0, 0, 0, 0, 0, 0, 27//32, 0, 0, 0],
	[14, 14, 5, 14, 14, 2, 1, 6, 1, 1] => QQFieldElem[0, 0, 0, 0, 0, 0, -3//2, 0, 0, 0, 0, 0, 0, 0, 0, 0],
	[14, 14, 5, 14, 14, 2, 1, 8, 1, 1] => QQFieldElem[0, 0, 0, 0, 0, 0, -3//4, 0, 0, 0, 0, 0, 0, 0, 0, 0],
	[14, 14, 5, 14, 7, 1, 1, 14, 2, 1] => QQFieldElem[0, 0, 0, 0, 0, 0, 0, 0, 0, 0, 0, 0, 8//27, 0, 0, 0],
	[14, 14, 5, 14, 8, 1, 1, 7, 1, 1] => QQFieldElem[-1, 0, 0, 0, 0, 0, 0, 0, 0, 0, 0, 0, 0, 0, 0, 0],
	[14, 14, 5, 14, 6, 1, 1, 6, 1, 1] => QQFieldElem[2//3, 0, 0, 0, 0, 0, 0, 0, 0, 0, 0, 0, 0, 0, 0, 0],
	[14, 14, 5, 14, 9, 1, 1, 6, 1, 1] => QQFieldElem[-1, 0, 0, 0, 0, 0, 0, 0, 0, 0, 0, 0, 0, 0, 0, 0],
	[14, 14, 5, 14, 9, 1, 1, 8, 1, 1] => QQFieldElem[0, 0, 0, 0, 0, 0, 0, 0, 0, 0, 0, 0, 0, 0, 0, 0],
	[14, 14, 5, 14, 6, 1, 1, 8, 1, 1] => QQFieldElem[0, 0, 0, 0, 0, 0, 0, 0, 0, 0, 0, 0, 0, 0, 0, 0],
	[14, 14, 5, 14, 8, 1, 1, 14, 2, 1] => QQFieldElem[0, 0, 0, 0, 0, 0, 0, 0, 0, 0, 0, 0, 0, 0, 0, 0])