Dict(
	[14, 10, 12, 14, 2, 1, 1, 17, 1, 1] => QQFieldElem[0, 0, 0, 0, 0, 0, 0, 0, 0, 0, 0, 0, 0, 0, 0, 0],
	[14, 10, 12, 14, 3, 2, 1, 16, 1, 1] => QQFieldElem[0, 0, 0, 0, 0, 0, 0, 0, 0, 0, 0, 0, 0, 0, 0, 0],
	[14, 10, 12, 14, 14, 2, 1, 17, 1, 1] => QQFieldElem[0, 0, 0, 0, 0, 0, 0, 0, 0, 0, 0, 0, 0, 0, 0, 4//27],
	[14, 10, 12, 14, 5, 1, 1, 16, 1, 1] => QQFieldElem[0, 0, 0, 0, 0, 0, 0, 0, 0, 0, 0, 0, 0, 0, 0, 0],
	[14, 10, 12, 14, 3, 1, 1, 10, 1, 1] => QQFieldElem[-32//3, 0, 0, 0, 0, 0, 0, 0, 0, 0, 0, 0, 0, 0, 0, 0],
	[14, 10, 12, 14, 14, 1, 1, 13, 1, 1] => QQFieldElem[0, 0, 1//288, 0, 0, 0, 0, 0, 0, 0, -1//288, 0, 0, 0, 0, 0],
	[14, 10, 12, 14, 3, 2, 1, 10, 1, 1] => QQFieldElem[0, 0, -1//768, 0, 0, 0, 0, 0, 0, 0, 1//768, 0, 0, 0, 0, 0],
	[14, 10, 12, 14, 2, 1, 1, 13, 1, 1] => QQFieldElem[-8//9, 0, 0, 0, 0, 0, 0, 0, 0, 0, 0, 0, 0, 0, 0, 0],
	[14, 10, 12, 14, 5, 1, 1, 10, 1, 1] => QQFieldElem[0, 0, 1//768, 0, 0, 0, 0, 0, 0, 0, -1//768, 0, 0, 0, 0, 0],
	[14, 10, 12, 14, 3, 1, 1, 18, 1, 1] => QQFieldElem[0, 0, 0, 0, 0, 0, 0, 0, 0, 0, 0, 0, 0, 0, 0, 0],
	[14, 10, 12, 14, 14, 2, 1, 13, 1, 1] => QQFieldElem[0, 0, -1//288, 0, 0, 0, 0, 0, 0, 0, 1//288, 0, 0, 0, 0, 0],
	[14, 10, 12, 14, 14, 1, 1, 15, 1, 1] => QQFieldElem[1//128, 0, 0, 0, 0, 0, 0, 0, 0, 0, 0, 0, 0, 0, 0, 0],
	[14, 10, 12, 14, 3, 2, 1, 18, 1, 1] => QQFieldElem[0, 0, 0, 0, 0, 0, 0, 0, 0, -1//6, 0, 0, 0, 0, 0, 0],
	[14, 10, 12, 14, 5, 1, 1, 18, 1, 1] => QQFieldElem[0, 0, 0, 0, 0, -1//6, 0, 0, 0, 0, 0, 0, 0, 1//6, 0, 0],
	[14, 10, 12, 14, 14, 2, 1, 15, 1, 1] => QQFieldElem[1//128, 0, 0, 0, 0, 0, 0, 0, 0, 0, 0, 0, 0, 0, 0, 0],
	[14, 10, 12, 14, 3, 1, 1, 17, 1, 1] => QQFieldElem[0, 0, 0, 0, 0, 0, 0, 0, 0, 0, 0, 0, 0, 0, 0, 0],
	[14, 10, 12, 14, 2, 1, 1, 15, 1, 1] => QQFieldElem[0, 0, 0, 0, 0, 0, 0, 0, 0, 0, 0, 0, 0, 0, 0, 0],
	[14, 10, 12, 14, 3, 2, 1, 17, 1, 1] => QQFieldElem[0, 0, 0, -4//27, 0, 0, 0, 0, 0, 0, 0, 0, 0, 0, 0, 0],
	[14, 10, 12, 14, 5, 1, 1, 17, 1, 1] => QQFieldElem[0, 0, 0, 0, 0, 0, 0, 0, 0, 0, 0, 0, 0, 0, 0, -4//27],
	[14, 10, 12, 14, 14, 1, 1, 16, 1, 1] => QQFieldElem[0, 0, 0, 0, 0, 0, 0, 0, 0, 0, 0, 0, 0, 0, 0, 0],
	[14, 10, 12, 14, 3, 1, 1, 13, 1, 1] => QQFieldElem[-512//9, 0, 0, 0, 0, 0, 0, 0, 0, 0, 0, 0, 0, 0, 0, 0],
	[14, 10, 12, 14, 2, 1, 1, 16, 1, 1] => QQFieldElem[-4//3, 0, 0, 0, 0, 0, 0, 0, 0, 0, 0, 0, 0, 0, 0, 0],
	[14, 10, 12, 14, 14, 2, 1, 16, 1, 1] => QQFieldElem[0, 0, 0, 0, 0, 0, 0, 0, 0, 0, 0, 0, 0, 0, 0, 0],
	[14, 10, 12, 14, 3, 2, 1, 13, 1, 1] => QQFieldElem[0, 0, 1//288, 0, 0, 0, 0, 0, 0, 0, -1//288, 0, 0, 0, 0, 0],
	[14, 10, 12, 14, 5, 1, 1, 13, 1, 1] => QQFieldElem[0, 0, -1//288, 0, 0, 0, 0, 0, 0, 0, 1//288, 0, 0, 0, 0, 0],
	[14, 10, 12, 14, 3, 1, 1, 15, 1, 1] => QQFieldElem[0, 0, 0, 0, 0, 0, 0, 0, 0, 0, 0, 0, 0, 0, 0, 0],
	[14, 10, 12, 14, 14, 1, 1, 10, 1, 1] => QQFieldElem[0, 0, -1//768, 0, 0, 0, 0, 0, 0, 0, 1//768, 0, 0, 0, 0, 0],
	[14, 10, 12, 14, 3, 2, 1, 15, 1, 1] => QQFieldElem[1//128, 0, 0, 0, 0, 0, 0, 0, 0, 0, 0, 0, 0, 0, 0, 0],
	[14, 10, 12, 14, 14, 2, 1, 10, 1, 1] => QQFieldElem[0, 0, 1//768, 0, 0, 0, 0, 0, 0, 0, -1//768, 0, 0, 0, 0, 0],
	[14, 10, 12, 14, 2, 1, 1, 10, 1, 1] => QQFieldElem[-1//6, 0, 0, 0, 0, 0, 0, 0, 0, 0, 0, 0, 0, 0, 0, 0],
	[14, 10, 12, 14, 5, 1, 1, 15, 1, 1] => QQFieldElem[1//128, 0, 0, 0, 0, 0, 0, 0, 0, 0, 0, 0, 0, 0, 0, 0],
	[14, 10, 12, 14, 14, 1, 1, 18, 1, 1] => QQFieldElem[0, 0, 0, 0, 0, 0, 0, 0, 0, 1//6, 0, 0, 0, 0, 0, 0],
	[14, 10, 12, 14, 2, 1, 1, 18, 1, 1] => QQFieldElem[0, 0, 0, 0, 0, 0, 0, 0, 0, 0, 0, 0, 0, 0, 0, 0],
	[14, 10, 12, 14, 14, 2, 1, 18, 1, 1] => QQFieldElem[0, 0, 0, 0, 0, 1//6, 0, 0, 0, 0, 0, 0, 0, -1//6, 0, 0],
	[14, 10, 12, 14, 3, 1, 1, 16, 1, 1] => QQFieldElem[256//3, 0, 0, 0, 0, 0, 0, 0, 0, 0, 0, 0, 0, 0, 0, 0],
	[14, 10, 12, 14, 14, 1, 1, 17, 1, 1] => QQFieldElem[0, 0, 0, 4//27, 0, 0, 0, 0, 0, 0, 0, 0, 0, 0, 0, 0])