Dict(
	[14, 14, 6, 9, 6, 1, 1, 3, 2, 1] => QQFieldElem[-512//9, 0, 0, 0, 0, 0, 0, 0, 0, 0, 0, 0, 0, 0, 0, 0],
	[14, 14, 6, 9, 9, 1, 1, 3, 2, 1] => QQFieldElem[1//2, 0, 0, 0, 0, 0, 0, 0, 0, 0, 0, 0, 0, 0, 0, 0],
	[14, 14, 6, 9, 9, 1, 1, 2, 1, 1] => QQFieldElem[0, 0, 0, 0, 0, 0, 27//512, 0, 0, 0, 0, 0, 0, 0, 0, 0],
	[14, 14, 6, 9, 4, 1, 1, 14, 2, 1] => QQFieldElem[0, 0, 0, 0, 0, 0, 9//8, 0, 0, 0, 0, 0, 0, 0, 0, 0],
	[14, 14, 6, 9, 5, 1, 1, 14, 2, 1] => QQFieldElem[0, 0, 9//16, 0, 0, 0, 0, 0, 0, 0, -9//16, 0, 0, 0, 0, 0],
	[14, 14, 6, 9, 6, 1, 1, 2, 1, 1] => QQFieldElem[-3//32, 0, 0, 0, 0, 0, 0, 0, 0, 0, 0, 0, 0, 0, 0, 0],
	[14, 14, 6, 9, 4, 1, 1, 3, 1, 1] => QQFieldElem[-16//9, 0, 0, 0, 0, 0, 0, 0, 0, 0, 0, 0, 0, 0, 0, 0],
	[14, 14, 6, 9, 5, 1, 1, 3, 1, 1] => QQFieldElem[-1//32, 0, 0, 0, 0, 0, 0, 0, 0, 0, 0, 0, 0, 0, 0, 0],
	[14, 14, 6, 9, 4, 1, 1, 3, 2, 1] => QQFieldElem[0, 0, 0, 0, 0, 0, 0, 0, 0, 0, 0, 0, 0, 0, 0, 0],
	[14, 14, 6, 9, 4, 1, 1, 2, 1, 1] => QQFieldElem[-16//3, 0, 0, 0, 0, 0, 0, 0, 0, 0, 0, 0, 0, 0, 0, 0],
	[14, 14, 6, 9, 14, 1, 1, 14, 1, 1] => QQFieldElem[0, 0, 0, 0, 0, 0, 0, 0, 0, 0, 0, 0, 0, 0, 0, 0],
	[14, 14, 6, 9, 5, 1, 1, 3, 2, 1] => QQFieldElem[0, 0, 0, 0, 0, 0, -9//512, 0, 0, 0, 0, 0, 0, 0, 0, 0],
	[14, 14, 6, 9, 5, 1, 1, 2, 1, 1] => QQFieldElem[0, 0, 0, 0, 0, 0, 0, 0, 0, 0, 0, 0, 0, 0, 0, 0],
	[14, 14, 6, 9, 6, 1, 1, 14, 1, 1] => QQFieldElem[0, 0, 0, 0, 0, 0, 0, 0, 0, 0, 0, 0, -1//2, 0, 0, 0],
	[14, 14, 6, 9, 9, 1, 1, 14, 1, 1] => QQFieldElem[0, 0, 0, 0, 0, 0, -9//4, 0, 0, 0, 0, 0, 0, 0, 0, 0],
	[14, 14, 6, 9, 14, 1, 1, 14, 2, 1] => QQFieldElem[0, 0, 0, 0, 0, 0, 0, 0, 0, 0, 0, 0, 0, 0, 0, 0],
	[14, 14, 6, 9, 14, 1, 1, 3, 1, 1] => QQFieldElem[0, 0, -9//16, 0, 0, 0, 0, 0, 0, 0, 9//16, 0, 0, 0, 0, 0],
	[14, 14, 6, 9, 6, 1, 1, 14, 2, 1] => QQFieldElem[-1024//9, 0, 0, 0, 0, 0, 0, 0, 0, 0, 0, 0, 0, 0, 0, 0],
	[14, 14, 6, 9, 9, 1, 1, 14, 2, 1] => QQFieldElem[1, 0, 0, 0, 0, 0, 0, 0, 0, 0, 0, 0, 0, 0, 0, 0],
	[14, 14, 6, 9, 6, 1, 1, 3, 1, 1] => QQFieldElem[1//64, 0, 0, 0, 0, 0, 0, 0, 0, 0, 0, 0, 0, 0, 0, 0],
	[14, 14, 6, 9, 9, 1, 1, 3, 1, 1] => QQFieldElem[0, 0, 0, 0, 0, 0, 9//8, 0, 0, 0, 0, 0, 0, 0, 0, 0],
	[14, 14, 6, 9, 4, 1, 1, 14, 1, 1] => QQFieldElem[-512//9, 0, 0, 0, 0, 0, 0, 0, 0, 0, 0, 0, 0, 0, 0, 0],
	[14, 14, 6, 9, 14, 1, 1, 3, 2, 1] => QQFieldElem[0, 0, 0, 0, 0, 0, 0, 0, 0, 0, 0, 0, 1//2, 0, 0, 0],
	[14, 14, 6, 9, 14, 1, 1, 2, 1, 1] => QQFieldElem[-3//64, 0, 0, 0, 0, 0, 0, 0, 0, 0, 0, 0, 0, 0, 0, 0],
	[14, 14, 6, 9, 5, 1, 1, 14, 1, 1] => QQFieldElem[1//2, 0, 0, 0, 0, 0, 0, 0, 0, 0, 0, 0, 0, 0, 0, 0])