Dict(
	[14, 17, 21, 18, 16, 1, 1, 11, 1, 1] => QQFieldElem[1//4, 1//4, 0, 0, 0, 1//4, -1//4, 0, 0, -1//4, 1//4, 0, -1//4, 0, 1//4, 0],
	[14, 17, 21, 18, 10, 1, 1, 10, 1, 1] => QQFieldElem[0, 0, 0, 0, 0, 0, 0, 0, 0, 0, 0, 0, 0, 0, 0, 0],
	[14, 17, 21, 18, 16, 1, 1, 13, 1, 1] => QQFieldElem[-1//4, 1//4, 0, 0, 0, -1//4, 1//4, 0, 0, -1//4, 1//4, 0, -1//4, 0, -1//4, 0],
	[14, 17, 21, 18, 12, 1, 1, 17, 1, 1] => QQFieldElem[-18//97, -4//97, 9//194, 1//97, 11//97, 24//97, -27//97, -6//97, 1//194, 11//194, 12//97, -27//194, -3//97, 31//194, 25//97, -16//97],
	[14, 17, 21, 18, 13, 1, 1, 10, 1, 1] => QQFieldElem[0, 0, 0, 0, 0, 0, 0, 0, 0, 0, 0, 0, 0, 0, 0, 0],
	[14, 17, 21, 18, 18, 1, 1, 10, 1, 1] => QQFieldElem[-1//4, -1//4, 0, 0, 0, -1//4, -1//4, 0, 0, 1//4, 1//4, 0, 1//4, 0, 1//4, 0],
	[14, 17, 21, 18, 16, 1, 1, 15, 1, 1] => QQFieldElem[0, 0, 0, 0, 0, 0, 0, 0, 0, 0, 0, 0, 0, 0, 0, 0],
	[14, 17, 21, 18, 12, 1, 1, 11, 1, 1] => QQFieldElem[0, 0, 0, 0, 0, 0, 0, 0, 0, 0, 0, 0, 0, 0, 0, 0],
	[14, 17, 21, 18, 10, 1, 1, 17, 1, 1] => QQFieldElem[8//97, 79//194, -2//97, -22//97, 1//194, 11//194, 12//97, -27//194, -11//97, -24//97, 27//97, 6//97, 35//194, -3//194, -33//194, 25//194],
	[14, 17, 21, 18, 11, 1, 1, 10, 1, 1] => QQFieldElem[0, 0, 0, 0, 0, 0, 2//3, 0, 0, 0, 0, 0, 0, 0, -2//3, 0],
	[14, 17, 21, 18, 16, 1, 1, 12, 1, 1] => QQFieldElem[-1//4, -1//4, 0, 0, 0, -1//4, 1//4, 0, 0, 1//4, -1//4, 0, 1//4, 0, -1//4, 0],
	[14, 17, 21, 18, 12, 1, 1, 13, 1, 1] => QQFieldElem[0, 0, 0, 0, 0, 0, 1//2, 0, 0, 0, 0, 0, 0, 0, -1//2, 0],
	[14, 17, 21, 18, 10, 1, 1, 11, 1, 1] => QQFieldElem[0, 0, 0, 0, 0, 0, 1//2, 0, 0, 0, 0, 0, 0, 0, -1//2, 0],
	[14, 17, 21, 18, 13, 1, 1, 17, 1, 1] => QQFieldElem[-32//291, -158//291, 8//291, 88//291, -2//291, -22//291, -16//97, 18//97, 44//291, 32//97, -36//97, -8//97, -70//291, 2//97, 22//97, -50//291],
	[14, 17, 21, 18, 18, 1, 1, 17, 1, 1] => QQFieldElem[0, 0, 0, 0, 0, 0, 0, 0, 0, 0, 0, 0, 0, 0, 0, 0],
	[14, 17, 21, 18, 12, 1, 1, 15, 1, 1] => QQFieldElem[27//97, 11//194, 11//97, 22//97, -9//194, 79//194, -18//97, 25//194, -2//97, -4//97, -8//97, -16//97, 33//194, -31//194, 35//194, -27//194],
	[14, 17, 21, 18, 10, 1, 1, 13, 1, 1] => QQFieldElem[0, 0, 0, 0, 0, 0, 0, 0, 0, 0, 0, 0, 0, 0, 0, 0],
	[14, 17, 21, 18, 11, 1, 1, 17, 1, 1] => QQFieldElem[24//97, 16//291, -6//97, -4//291, -44//291, -32//97, 36//97, 8//97, -2//291, -22//291, -16//97, 18//97, 4//97, -62//291, -100//291, 64//291],
	[14, 17, 21, 18, 13, 1, 1, 11, 1, 1] => QQFieldElem[0, 0, 0, 0, 0, 0, 2//3, 0, 0, 0, 0, 0, 0, 0, -2//3, 0],
	[14, 17, 21, 18, 12, 1, 1, 12, 1, 1] => QQFieldElem[0, 0, 0, 0, 0, 0, 0, 0, 0, 0, 0, 0, 0, 0, 0, 0],
	[14, 17, 21, 18, 10, 1, 1, 15, 1, 1] => QQFieldElem[-12//97, -24//97, 1//194, 1//97, 2//97, 4//97, 8//97, 16//97, -9//194, 79//194, -18//97, 25//194, 25//97, 3//194, 3//97, 6//97],
	[14, 17, 21, 18, 18, 1, 1, 11, 1, 1] => QQFieldElem[-1//4, 1//4, 0, 0, 0, -1//4, -1//4, 0, 0, -1//4, -1//4, 0, -1//4, 0, 1//4, 0],
	[14, 17, 21, 18, 13, 1, 1, 13, 1, 1] => QQFieldElem[0, 0, 0, 0, 0, 0, 0, 0, 0, 0, 0, 0, 0, 0, 0, 0],
	[14, 17, 21, 18, 16, 1, 1, 10, 1, 1] => QQFieldElem[1//4, -1//4, 0, 0, 0, 1//4, -1//4, 0, 0, 1//4, -1//4, 0, 1//4, 0, 1//4, 0],
	[14, 17, 21, 18, 11, 1, 1, 11, 1, 1] => QQFieldElem[0, 0, 0, 0, 0, 0, 0, 0, 0, 0, 0, 0, 0, 0, 0, 0],
	[14, 17, 21, 18, 10, 1, 1, 12, 1, 1] => QQFieldElem[0, 0, 0, 0, 0, 0, 1//2, 0, 0, 0, 0, 0, 0, 0, -1//2, 0],
	[14, 17, 21, 18, 18, 1, 1, 13, 1, 1] => QQFieldElem[1//4, 1//4, 0, 0, 0, 1//4, 1//4, 0, 0, -1//4, -1//4, 0, -1//4, 0, -1//4, 0],
	[14, 17, 21, 18, 11, 1, 1, 13, 1, 1] => QQFieldElem[0, 0, 0, 0, 0, 0, 2//3, 0, 0, 0, 0, 0, 0, 0, -2//3, 0],
	[14, 17, 21, 18, 13, 1, 1, 15, 1, 1] => QQFieldElem[16//97, 32//97, -2//291, -4//291, -8//291, -16//291, -32//291, -64//291, 6//97, -158//291, 24//97, -50//291, -100//291, -2//97, -4//97, -8//97],
	[14, 17, 21, 18, 18, 1, 1, 15, 1, 1] => QQFieldElem[0, 0, 0, 0, 0, 0, 0, 0, 0, 0, 0, 0, 0, 0, 0, 0],
	[14, 17, 21, 18, 12, 1, 1, 10, 1, 1] => QQFieldElem[0, 0, 0, 0, 0, 0, 1//2, 0, 0, 0, 0, 0, 0, 0, -1//2, 0],
	[14, 17, 21, 18, 16, 1, 1, 17, 1, 1] => QQFieldElem[0, 0, 0, 0, 0, 0, 0, 0, 0, 0, 0, 0, 0, 0, 0, 0],
	[14, 17, 21, 18, 13, 1, 1, 12, 1, 1] => QQFieldElem[0, 0, 0, 0, 0, 0, 2//3, 0, 0, 0, 0, 0, 0, 0, -2//3, 0],
	[14, 17, 21, 18, 18, 1, 1, 12, 1, 1] => QQFieldElem[1//4, -1//4, 0, 0, 0, 1//4, 1//4, 0, 0, 1//4, 1//4, 0, 1//4, 0, -1//4, 0],
	[14, 17, 21, 18, 11, 1, 1, 15, 1, 1] => QQFieldElem[-36//97, -22//291, -44//291, -88//291, 6//97, -158//291, 24//97, -50//291, 8//291, 16//291, 32//291, 64//291, -22//97, 62//291, -70//291, 18//97],
	[14, 17, 21, 18, 11, 1, 1, 12, 1, 1] => QQFieldElem[0, 0, 0, 0, 0, 0, 0, 0, 0, 0, 0, 0, 0, 0, 0, 0])