Dict(
	[14, 11, 17, 19, 19, 1, 1, 18, 1, 1] => QQFieldElem[0, 0, 0, 0, 0, 0, -24, 0, 0, 0, 0, 0, 0, 0, 0, 0],
	[14, 11, 17, 19, 21, 1, 1, 16, 1, 1] => QQFieldElem[0, 0, -3//32, 3//32, 3//16, -3//16, 3//32, -3//32, 0, 0, 3//32, 3//32, -9//32, 3//32, 0, 0],
	[14, 11, 17, 19, 20, 1, 1, 15, 1, 1] => QQFieldElem[0, 0, -3//32, -3//32, 0, -3//16, -3//32, 3//32, 0, 0, 3//32, -3//32, 3//32, 3//32, 3//16, 0],
	[14, 11, 17, 19, 19, 2, 1, 18, 1, 1] => QQFieldElem[0, 0, 0, 0, 0, 0, 0, 0, 0, 0, 0, 0, 0, 0, 16, 0],
	[14, 11, 17, 19, 21, 2, 1, 16, 1, 1] => QQFieldElem[0, 3//32, 0, -3//16, 0, -3//32, -3//32, 0, -3//16, -3//32, 3//32, 0, -3//32, 3//32, -3//32, 0],
	[14, 11, 17, 19, 19, 1, 1, 17, 1, 1] => QQFieldElem[0, 0, 0, 0, 0, 0, -24, 0, 0, 0, 0, 0, 0, 0, 0, 0],
	[14, 11, 17, 19, 20, 1, 1, 12, 1, 1] => QQFieldElem[0, 0, 3//32, 0, 0, 3//32, 0, 0, 0, 0, -3//32, 0, -9//32, -3//32, 0, -3//32],
	[14, 11, 17, 19, 20, 2, 1, 15, 1, 1] => QQFieldElem[0, 3//32, 0, 3//16, 0, -3//32, -3//32, 0, 0, -3//32, -3//32, 0, 3//32, 3//32, -3//32, 0],
	[14, 11, 17, 19, 19, 2, 1, 17, 1, 1] => QQFieldElem[0, 0, 0, 0, 0, 0, 0, 0, 0, 0, 0, 0, 0, 0, -16, 0],
	[14, 11, 17, 19, 20, 2, 1, 12, 1, 1] => QQFieldElem[-3//16, 0, -3//32, -3//32, 0, 3//16, 3//16, 0, 0, -3//32, 3//32, 0, -3//32, -3//16, 0, 0],
	[14, 11, 17, 19, 19, 1, 1, 11, 1, 1] => QQFieldElem[0, 0, 0, 0, 0, 0, -24, 0, 0, 0, 0, 0, 0, 0, 0, 0],
	[14, 11, 17, 19, 20, 1, 1, 16, 1, 1] => QQFieldElem[0, 0, 3//32, 3//32, -3//16, 0, -3//32, 3//32, 0, 0, -3//32, 3//32, 3//32, 3//32, 3//16, 0],
	[14, 11, 17, 19, 19, 2, 1, 11, 1, 1] => QQFieldElem[0, 0, 0, 0, 0, 0, 16, 0, 0, 0, 0, 0, 0, 0, 0, 0],
	[14, 11, 17, 19, 21, 1, 1, 18, 1, 1] => QQFieldElem[0, 0, -3//32, 3//16, -3//16, -3//32, 3//32, 3//32, 0, 0, 3//32, -3//32, -3//32, 3//16, 0, -3//32],
	[14, 11, 17, 19, 20, 2, 1, 16, 1, 1] => QQFieldElem[0, -3//32, 0, 0, 0, -3//32, 3//32, 0, 3//16, 3//32, -3//32, -3//16, -3//32, 3//32, -3//32, 0],
	[14, 11, 17, 19, 21, 1, 1, 17, 1, 1] => QQFieldElem[0, 0, 3//32, -3//16, 0, -3//32, 3//32, 3//32, 0, 0, -3//32, 3//32, 3//32, 0, 0, -3//32],
	[14, 11, 17, 19, 21, 2, 1, 18, 1, 1] => QQFieldElem[-3//16, -3//32, -3//32, -3//16, 0, -3//32, -3//16, 0, 3//16, 0, 0, 0, -3//32, 3//32, 3//32, 0],
	[14, 11, 17, 19, 19, 1, 1, 15, 1, 1] => QQFieldElem[0, 0, 0, 0, 0, 0, -24, 0, 0, 0, 0, 0, 0, 0, 0, 0],
	[14, 11, 17, 19, 21, 2, 1, 17, 1, 1] => QQFieldElem[0, 3//32, -3//32, 3//16, 0, -3//32, 0, 0, 0, 0, 0, -3//16, 3//32, 3//32, 3//32, 0],
	[14, 11, 17, 19, 21, 1, 1, 11, 1, 1] => QQFieldElem[0, 0, 3//32, 0, 0, 3//32, -3//16, 0, 0, 0, -3//32, 0, 3//32, -3//32, 0, 3//32],
	[14, 11, 17, 19, 19, 1, 1, 12, 1, 1] => QQFieldElem[0, 0, 0, 0, 0, 0, -24, 0, 0, 0, 0, 0, 0, 0, 0, 0],
	[14, 11, 17, 19, 20, 1, 1, 18, 1, 1] => QQFieldElem[0, 0, 3//32, 3//16, 3//16, -3//32, 3//32, -3//32, 0, 0, -3//32, -3//32, -3//32, 0, -3//16, 3//32],
	[14, 11, 17, 19, 19, 2, 1, 15, 1, 1] => QQFieldElem[0, 0, 0, 0, 0, 0, -16, 0, 0, 0, 0, 0, 0, 0, 16, 0],
	[14, 11, 17, 19, 19, 2, 1, 12, 1, 1] => QQFieldElem[0, 0, 0, 0, 0, 0, -16, 0, 0, 0, 0, 0, 0, 0, 0, 0],
	[14, 11, 17, 19, 21, 2, 1, 11, 1, 1] => QQFieldElem[0, 0, 3//32, 3//32, 0, 3//16, 3//16, 0, 0, -3//32, -3//32, 0, 3//32, -3//16, 0, 0],
	[14, 11, 17, 19, 20, 2, 1, 18, 1, 1] => QQFieldElem[3//16, 3//32, 3//32, -3//16, 0, -3//32, 0, 0, -3//16, 0, 0, 3//16, -3//32, 3//32, 3//32, 0],
	[14, 11, 17, 19, 20, 1, 1, 17, 1, 1] => QQFieldElem[0, 0, -3//32, -3//16, 0, -3//32, 3//32, -3//32, 0, 0, 3//32, 3//32, 3//32, 3//16, -3//16, 3//32],
	[14, 11, 17, 19, 19, 1, 1, 16, 1, 1] => QQFieldElem[0, 0, 0, 0, 0, 0, -24, 0, 0, 0, 0, 0, 0, 0, 0, 0],
	[14, 11, 17, 19, 21, 1, 1, 15, 1, 1] => QQFieldElem[0, 0, 3//32, -3//32, 0, 0, 3//32, -3//32, 0, 0, -3//32, -3//32, 3//32, 3//32, 0, 0],
	[14, 11, 17, 19, 20, 2, 1, 17, 1, 1] => QQFieldElem[0, -3//32, 3//32, 3//16, 0, -3//32, -3//16, 0, 0, 0, 0, 0, 3//32, 3//32, 3//32, 0],
	[14, 11, 17, 19, 20, 1, 1, 11, 1, 1] => QQFieldElem[0, 0, -3//32, 0, 0, 9//32, 0, 0, 0, 0, 3//32, 0, 3//32, -9//32, 0, -3//32],
	[14, 11, 17, 19, 19, 2, 1, 16, 1, 1] => QQFieldElem[0, 0, 0, 0, 0, 0, 16, 0, 0, 0, 0, 0, 0, 0, -16, 0],
	[14, 11, 17, 19, 21, 1, 1, 12, 1, 1] => QQFieldElem[0, 0, -3//32, 0, 0, 9//32, -3//16, 0, 0, 0, 3//32, 0, 3//32, -9//32, 0, 3//32],
	[14, 11, 17, 19, 21, 2, 1, 15, 1, 1] => QQFieldElem[0, -3//32, 0, 0, 0, -3//32, 3//32, 0, 0, 3//32, 3//32, 3//16, 3//32, 3//32, -3//32, 0],
	[14, 11, 17, 19, 20, 2, 1, 11, 1, 1] => QQFieldElem[0, 0, -3//32, -3//32, 0, 3//16, 0, 0, 0, 3//32, 3//32, 0, 3//32, -3//16, 0, 0],
	[14, 11, 17, 19, 21, 2, 1, 12, 1, 1] => QQFieldElem[3//16, 0, 3//32, 3//32, 0, 3//16, 0, 0, 0, 3//32, -3//32, 0, -3//32, -3//16, 0, 0])