Dict(
	[15, 14, 18, 19, 11, 1, 1, 17, 1, 1] => QQFieldElem[-22//51, 0, 10//51, 26//51, 0, 16//51, -2//17, 0, 0, 4//51, -10//51, 0, -14//51, -16//51, 0, -2//51],
	[15, 14, 18, 19, 13, 1, 1, 13, 1, 1] => QQFieldElem[0, 0, 2//3, 0, 0, 0, 0, 0, 0, 0, -2//3, 0, 0, 0, 0, 0],
	[15, 14, 18, 19, 18, 1, 1, 13, 1, 1] => QQFieldElem[-1//4, 0, -1//4, -1//4, 0, 0, -1//4, 0, 0, 0, 1//4, 0, -1//4, 0, 0, -1//4],
	[15, 14, 18, 19, 11, 1, 1, 11, 1, 1] => QQFieldElem[0, 0, 2//3, 0, 0, 0, 0, 0, 0, 0, -2//3, 0, 0, 0, 0, 0],
	[15, 14, 18, 19, 16, 1, 1, 10, 1, 1] => QQFieldElem[-1//4, 0, 1//4, -1//4, 0, 0, -1//4, 0, 0, 0, -1//4, 0, 1//4, 0, 0, 1//4],
	[15, 14, 18, 19, 10, 1, 1, 12, 1, 1] => QQFieldElem[0, 0, 0, 0, 0, 0, 0, 0, 0, 0, 0, 0, 0, 0, 0, 0],
	[15, 14, 18, 19, 11, 1, 1, 13, 1, 1] => QQFieldElem[0, 0, 0, 0, 0, 0, 0, 0, 0, 0, 0, 0, 0, 0, 0, 0],
	[15, 14, 18, 19, 13, 1, 1, 15, 1, 1] => QQFieldElem[2//17, 0, -14//51, 2//51, 0, -16//51, -22//51, 0, 0, 4//51, 14//51, 0, -10//51, 16//51, 0, -26//51],
	[15, 14, 18, 19, 18, 1, 1, 15, 1, 1] => QQFieldElem[0, 0, 0, 0, 0, 0, 0, 0, 0, 0, 0, 0, 0, 0, 0, 0],
	[15, 14, 18, 19, 12, 1, 1, 10, 1, 1] => QQFieldElem[0, 0, 0, 0, 0, 0, 0, 0, 0, 0, 0, 0, 0, 0, 0, 0],
	[15, 14, 18, 19, 18, 1, 1, 12, 1, 1] => QQFieldElem[-1//4, 0, -1//4, -1//4, 0, 0, 1//4, 0, 0, 0, 1//4, 0, 1//4, 0, 0, 1//4],
	[15, 14, 18, 19, 11, 1, 1, 15, 1, 1] => QQFieldElem[10//51, 0, 22//51, 26//51, 0, -4//51, -14//51, 0, 0, -16//51, -22//51, 0, 2//17, 4//51, 0, 2//51],
	[15, 14, 18, 19, 16, 1, 1, 17, 1, 1] => QQFieldElem[0, 0, 0, 0, 0, 0, 0, 0, 0, 0, 0, 0, 0, 0, 0, 0],
	[15, 14, 18, 19, 13, 1, 1, 12, 1, 1] => QQFieldElem[0, 0, 0, 0, 0, 0, 0, 0, 0, 0, 0, 0, 0, 0, 0, 0],
	[15, 14, 18, 19, 11, 1, 1, 12, 1, 1] => QQFieldElem[0, 0, 2//3, 0, 0, 0, 0, 0, 0, 0, -2//3, 0, 0, 0, 0, 0],
	[15, 14, 18, 19, 16, 1, 1, 11, 1, 1] => QQFieldElem[-1//4, 0, 1//4, -1//4, 0, 0, 1//4, 0, 0, 0, -1//4, 0, -1//4, 0, 0, -1//4],
	[15, 14, 18, 19, 10, 1, 1, 10, 1, 1] => QQFieldElem[0, 0, 1//2, 0, 0, 0, 0, 0, 0, 0, -1//2, 0, 0, 0, 0, 0],
	[15, 14, 18, 19, 16, 1, 1, 13, 1, 1] => QQFieldElem[1//4, 0, -1//4, 1//4, 0, 0, 1//4, 0, 0, 0, 1//4, 0, -1//4, 0, 0, -1//4],
	[15, 14, 18, 19, 12, 1, 1, 17, 1, 1] => QQFieldElem[11//34, 0, -5//34, -13//34, 0, -4//17, 3//34, 0, 0, -1//17, 5//34, 0, 7//34, 4//17, 0, 1//34],
	[15, 14, 18, 19, 13, 1, 1, 10, 1, 1] => QQFieldElem[0, 0, 2//3, 0, 0, 0, 0, 0, 0, 0, -2//3, 0, 0, 0, 0, 0],
	[15, 14, 18, 19, 18, 1, 1, 10, 1, 1] => QQFieldElem[1//4, 0, 1//4, 1//4, 0, 0, 1//4, 0, 0, 0, -1//4, 0, 1//4, 0, 0, 1//4],
	[15, 14, 18, 19, 12, 1, 1, 11, 1, 1] => QQFieldElem[0, 0, 1//2, 0, 0, 0, 0, 0, 0, 0, -1//2, 0, 0, 0, 0, 0],
	[15, 14, 18, 19, 10, 1, 1, 17, 1, 1] => QQFieldElem[-7//34, 0, -3//34, -1//34, 0, 1//17, -5//34, 0, 0, -4//17, 3//34, 0, 11//34, -1//17, 0, -13//34],
	[15, 14, 18, 19, 16, 1, 1, 15, 1, 1] => QQFieldElem[0, 0, 0, 0, 0, 0, 0, 0, 0, 0, 0, 0, 0, 0, 0, 0],
	[15, 14, 18, 19, 12, 1, 1, 13, 1, 1] => QQFieldElem[0, 0, 0, 0, 0, 0, 0, 0, 0, 0, 0, 0, 0, 0, 0, 0],
	[15, 14, 18, 19, 16, 1, 1, 12, 1, 1] => QQFieldElem[1//4, 0, -1//4, 1//4, 0, 0, -1//4, 0, 0, 0, 1//4, 0, 1//4, 0, 0, 1//4],
	[15, 14, 18, 19, 11, 1, 1, 10, 1, 1] => QQFieldElem[0, 0, 0, 0, 0, 0, 0, 0, 0, 0, 0, 0, 0, 0, 0, 0],
	[15, 14, 18, 19, 10, 1, 1, 11, 1, 1] => QQFieldElem[0, 0, 0, 0, 0, 0, 0, 0, 0, 0, 0, 0, 0, 0, 0, 0],
	[15, 14, 18, 19, 13, 1, 1, 17, 1, 1] => QQFieldElem[14//51, 0, 2//17, 2//51, 0, -4//51, 10//51, 0, 0, 16//51, -2//17, 0, -22//51, 4//51, 0, 26//51],
	[15, 14, 18, 19, 18, 1, 1, 17, 1, 1] => QQFieldElem[0, 0, 0, 0, 0, 0, 0, 0, 0, 0, 0, 0, 0, 0, 0, 0],
	[15, 14, 18, 19, 12, 1, 1, 15, 1, 1] => QQFieldElem[-5//34, 0, -11//34, -13//34, 0, 1//17, 7//34, 0, 0, 4//17, 11//34, 0, -3//34, -1//17, 0, -1//34],
	[15, 14, 18, 19, 10, 1, 1, 13, 1, 1] => QQFieldElem[0, 0, 1//2, 0, 0, 0, 0, 0, 0, 0, -1//2, 0, 0, 0, 0, 0],
	[15, 14, 18, 19, 12, 1, 1, 12, 1, 1] => QQFieldElem[0, 0, 1//2, 0, 0, 0, 0, 0, 0, 0, -1//2, 0, 0, 0, 0, 0],
	[15, 14, 18, 19, 13, 1, 1, 11, 1, 1] => QQFieldElem[0, 0, 0, 0, 0, 0, 0, 0, 0, 0, 0, 0, 0, 0, 0, 0],
	[15, 14, 18, 19, 18, 1, 1, 11, 1, 1] => QQFieldElem[1//4, 0, 1//4, 1//4, 0, 0, -1//4, 0, 0, 0, -1//4, 0, -1//4, 0, 0, -1//4],
	[15, 14, 18, 19, 10, 1, 1, 15, 1, 1] => QQFieldElem[-3//34, 0, 7//34, -1//34, 0, 4//17, 11//34, 0, 0, -1//17, -7//34, 0, 5//34, -4//17, 0, 13//34])