Dict(
	[15, 13, 12, 17, 4, 1, 1, 14, 1, 1] => QQFieldElem[0, 0, 0, 0, 0, 0, 0, 0, 0, 3//512, 0, 0, 0, 0, 0, 0],
	[15, 13, 12, 17, 20, 1, 1, 21, 1, 1] => QQFieldElem[0, 0, -1//4, 1//4, 0, 1//4, -1//4, 0, 0, 0, 0, -1//4, 0, 0, 1//4, 0],
	[15, 13, 12, 17, 21, 1, 1, 20, 1, 1] => QQFieldElem[0, 0, 0, 0, 0, 0, 0, 0, 0, 0, 1//4, 1//4, 0, -1//4, -1//4, 0],
	[15, 13, 12, 17, 3, 1, 1, 7, 1, 1] => QQFieldElem[0, 0, 0, 0, 0, 0, 0, 0, 0, 0, 0, 0, 0, 0, 0, 0],
	[15, 13, 12, 17, 19, 1, 1, 14, 1, 1] => QQFieldElem[0, 0, 0, 0, 0, 0, 0, 0, 0, 0, 0, 0, 0, 0, 0, 0],
	[15, 13, 12, 17, 4, 1, 1, 7, 1, 1] => QQFieldElem[0, 0, 0, 0, 0, 0, 0, 0, 0, 0, 0, 0, 0, 0, 0, 0],
	[15, 13, 12, 17, 21, 1, 1, 8, 1, 1] => QQFieldElem[0, 0, 0, 0, 0, 0, 0, 0, 0, 0, 0, 0, 0, 0, 0, 0],
	[15, 13, 12, 17, 14, 1, 1, 20, 1, 1] => QQFieldElem[0, 0, 0, 0, 0, 0, 0, 0, 0, 0, 0, 0, 0, 0, 0, 0],
	[15, 13, 12, 17, 19, 1, 1, 7, 1, 1] => QQFieldElem[-1//192, 0, 0, 0, 0, 0, 0, 0, 0, 0, 0, 0, 0, 0, 0, 0],
	[15, 13, 12, 17, 3, 1, 1, 19, 1, 1] => QQFieldElem[0, 0, -1, 0, 0, 0, 1, 0, 0, -1, 1, 0, 1, 0, 0, -1],
	[15, 13, 12, 17, 20, 1, 1, 20, 1, 1] => QQFieldElem[3//8, 1//4, 1//8, -1//8, -1//4, -1//8, 1//8, 1//4, 0, -1//8, -3//8, -1//4, 1//8, 3//8, 1//4, -1//8],
	[15, 13, 12, 17, 14, 1, 1, 8, 1, 1] => QQFieldElem[-3//128, 0, 0, 0, 0, 0, 0, 0, 0, 0, 0, 0, 0, 0, 0, 0],
	[15, 13, 12, 17, 4, 1, 1, 19, 1, 1] => QQFieldElem[0, 0, 3//4, 0, 0, 0, -3//4, 0, 0, 3//4, -3//4, 0, -3//4, 0, 0, 3//4],
	[15, 13, 12, 17, 3, 1, 1, 21, 1, 1] => QQFieldElem[1//2, 0, 1//2, -1//2, 0, 1//2, -1//2, 0, -1, 1//2, -1//2, 1, -1//2, 1//2, 0, 1//2],
	[15, 13, 12, 17, 4, 1, 1, 21, 1, 1] => QQFieldElem[-3//8, 0, -3//8, 3//8, 0, -3//8, 3//8, 0, 3//4, -3//8, 3//8, -3//4, 3//8, -3//8, 0, -3//8],
	[15, 13, 12, 17, 20, 1, 1, 8, 1, 1] => QQFieldElem[0, 0, 0, 0, 0, 0, 0, 0, 0, 0, 0, 0, 0, 0, 0, 0],
	[15, 13, 12, 17, 21, 1, 1, 14, 1, 1] => QQFieldElem[0, 0, 0, 0, 0, 0, 0, 0, 0, 0, 0, 0, 0, 0, 0, 0],
	[15, 13, 12, 17, 19, 1, 1, 19, 1, 1] => QQFieldElem[0, 0, 1//4, -1//4, 0, -1//4, 1//4, 0, 0, 0, -1//4, 0, 0, 1//4, 0, 0],
	[15, 13, 12, 17, 19, 1, 1, 21, 1, 1] => QQFieldElem[-3//8, 1//4, -1//8, 1//8, -1//4, 1//8, -1//8, 1//4, 0, -1//8, 1//8, 0, 1//8, -1//8, 0, -1//8],
	[15, 13, 12, 17, 14, 1, 1, 14, 1, 1] => QQFieldElem[0, 0, 0, 0, 0, 0, 0, 0, 0, -3//512, 0, 0, 0, 0, 0, 0],
	[15, 13, 12, 17, 21, 1, 1, 7, 1, 1] => QQFieldElem[-1//192, 0, 0, 0, 0, 0, 0, 0, 0, 0, 0, 0, 0, 0, 0, 0],
	[15, 13, 12, 17, 3, 1, 1, 20, 1, 1] => QQFieldElem[-1//2, 0, 1//2, 1//2, 0, -1//2, -1//2, 0, 1, 1//2, -1//2, -1, -1//2, -1//2, 0, 1//2],
	[15, 13, 12, 17, 4, 1, 1, 20, 1, 1] => QQFieldElem[3//8, 0, -3//8, -3//8, 0, 3//8, 3//8, 0, -3//4, -3//8, 3//8, 3//4, 3//8, 3//8, 0, -3//8],
	[15, 13, 12, 17, 20, 1, 1, 14, 1, 1] => QQFieldElem[0, 0, 0, 0, 0, 0, 0, 0, 0, 0, 0, 0, 0, 0, 0, 0],
	[15, 13, 12, 17, 14, 1, 1, 7, 1, 1] => QQFieldElem[0, 0, 0, 0, 0, 0, 0, 0, 0, 0, 0, 0, 0, 0, 0, 0],
	[15, 13, 12, 17, 3, 1, 1, 8, 1, 1] => QQFieldElem[-1//32, 0, 0, 0, 0, 0, 0, 0, 0, 0, 0, 0, 0, 0, 0, 0],
	[15, 13, 12, 17, 19, 1, 1, 20, 1, 1] => QQFieldElem[-3//8, -1//4, -1//8, 1//8, 1//4, 1//8, -1//8, -1//4, 0, 1//8, 1//8, 0, -1//8, -1//8, 0, 1//8],
	[15, 13, 12, 17, 21, 1, 1, 19, 1, 1] => QQFieldElem[0, -1//2, 0, 0, 1//2, 0, 0, -1//2, 0, 1//4, 1//4, 1//4, -1//4, -1//4, -1//4, 1//4],
	[15, 13, 12, 17, 4, 1, 1, 8, 1, 1] => QQFieldElem[-3//128, 0, 0, 0, 0, 0, 0, 0, 0, 0, 0, 0, 0, 0, 0, 0],
	[15, 13, 12, 17, 21, 1, 1, 21, 1, 1] => QQFieldElem[3//8, -1//4, 3//8, -3//8, 1//4, -3//8, 3//8, -1//4, 0, 1//8, -1//8, 1//4, -1//8, 1//8, -1//4, 1//8],
	[15, 13, 12, 17, 20, 1, 1, 7, 1, 1] => QQFieldElem[-1//192, 0, 0, 0, 0, 0, 0, 0, 0, 0, 0, 0, 0, 0, 0, 0],
	[15, 13, 12, 17, 19, 1, 1, 8, 1, 1] => QQFieldElem[0, 0, 0, 0, 0, 0, 0, 0, 0, 0, 0, 0, 0, 0, 0, 0],
	[15, 13, 12, 17, 14, 1, 1, 19, 1, 1] => QQFieldElem[0, 0, 0, 0, 0, 0, 0, 0, 0, 0, 0, 0, 0, 0, 0, 0],
	[15, 13, 12, 17, 14, 1, 1, 21, 1, 1] => QQFieldElem[0, 0, 0, 0, 0, 0, 0, 0, 0, 0, 0, 0, 0, 0, 0, 0],
	[15, 13, 12, 17, 3, 1, 1, 14, 1, 1] => QQFieldElem[0, 0, 0, 0, 0, 0, 0, 0, 0, 1//128, 0, 0, 0, 0, 0, 0],
	[15, 13, 12, 17, 20, 1, 1, 19, 1, 1] => QQFieldElem[0, 1//2, -1//4, 1//4, -1//2, 1//4, -1//4, 1//2, 0, -1//4, 0, -1//4, 1//4, 0, 1//4, -1//4])