Dict(
	[15, 17, 13, 12, 21, 1, 1, 19, 1, 1] => QQFieldElem[2//3, 1//3, 0, 0, 0, 0, 0, -1//3, 0, -1//3, 1//3, 0, 0, 0, -1//3, 0],
	[15, 17, 13, 12, 19, 1, 1, 20, 1, 1] => QQFieldElem[-1//3, -1//3, 0, 0, 0, 0, 0, 1//3, 0, 0, 1//3, 0, 0, 0, -1//3, -1//3],
	[15, 17, 13, 12, 20, 1, 1, 4, 1, 1] => QQFieldElem[0, 0, 0, 0, 0, 0, 0, 0, 0, 0, 0, 1//3, -1//3, -1//3, 0, 0],
	[15, 17, 13, 12, 21, 1, 1, 21, 1, 1] => QQFieldElem[-1//3, -1//3, 1//3, 0, 0, 0, 1//3, 1//3, 0, 0, -1//3, 0, 0, 0, 0, -1//3],
	[15, 17, 13, 12, 14, 1, 1, 19, 1, 1] => QQFieldElem[3, 0, 0, 0, 0, 0, 0, 0, 0, 0, 0, 0, 0, 0, 0, 0],
	[15, 17, 13, 12, 14, 1, 1, 21, 1, 1] => QQFieldElem[3, 0, 0, 0, 0, 0, 0, 0, 0, 0, 0, 0, 0, 0, 0, 0],
	[15, 17, 13, 12, 20, 1, 1, 19, 1, 1] => QQFieldElem[2//3, -1//3, -1//3, 0, 0, 0, -1//3, 1//3, 0, 0, 0, 0, 0, 0, 1//3, -1//3],
	[15, 17, 13, 12, 21, 1, 1, 20, 1, 1] => QQFieldElem[-1//3, 0, -1//3, 0, 0, 0, -1//3, 0, 0, 1//3, 0, 0, 0, 0, 1//3, 1//3],
	[15, 17, 13, 12, 20, 1, 1, 21, 1, 1] => QQFieldElem[-1//3, 0, 0, 0, 0, 0, 0, 0, 0, 1//3, 1//3, 0, 0, 0, -1//3, 1//3],
	[15, 17, 13, 12, 14, 1, 1, 20, 1, 1] => QQFieldElem[3, 0, 0, 0, 0, 0, 0, 0, 0, 0, 0, 0, 0, 0, 0, 0],
	[15, 17, 13, 12, 19, 1, 1, 4, 1, 1] => QQFieldElem[0, 0, 0, -1//3, 0, -1//3, 0, 0, 0, 0, 0, 0, -1//3, 1//3, 0, 0],
	[15, 17, 13, 12, 20, 1, 1, 20, 1, 1] => QQFieldElem[-1//3, 1//3, 1//3, 0, 0, 0, 1//3, -1//3, 0, -1//3, -1//3, 0, 0, 0, 0, 0],
	[15, 17, 13, 12, 19, 1, 1, 19, 1, 1] => QQFieldElem[2//3, 0, 1//3, 0, 0, 0, 1//3, 0, 0, 1//3, -1//3, 0, 0, 0, 0, 1//3],
	[15, 17, 13, 12, 19, 1, 1, 21, 1, 1] => QQFieldElem[-1//3, 1//3, -1//3, 0, 0, 0, -1//3, -1//3, 0, -1//3, 0, 0, 0, 0, 1//3, 0],
	[15, 17, 13, 12, 21, 1, 1, 4, 1, 1] => QQFieldElem[0, 0, 0, 1//3, 0, 1//3, 0, 0, 0, 0, 0, -1//3, -1//3, 0, 0, 0],
	[15, 17, 13, 12, 14, 1, 1, 4, 1, 1] => QQFieldElem[0, 0, 0, 0, 0, 0, 0, 0, 0, 0, 0, 0, 0, 0, 0, 0])