Dict(
	[15, 13, 17, 13, 19, 1, 1, 7, 1, 1] => QQFieldElem[0, 0, 1//6, 0, 0, 0, 0, 0, 0, 0, -1//6, 0, 0, 0, 0, 0],
	[15, 13, 17, 13, 7, 1, 1, 7, 1, 1] => QQFieldElem[0, 0, 0, 0, 0, 0, -1//4, 0, 0, 0, 0, 0, 1//4, 0, 0, 0],
	[15, 13, 17, 13, 20, 1, 1, 20, 1, 1] => QQFieldElem[0, 0, 1//4, 0, -1//4, 0, 0, 0, 0, 0, -1//4, 0, 1//4, 0, 0, 0],
	[15, 13, 17, 13, 14, 1, 1, 8, 1, 1] => QQFieldElem[0, 0, 0, 0, 0, 0, 3//16, 0, 0, 0, 0, 0, 3//16, 0, 0, 0],
	[15, 13, 17, 13, 8, 1, 1, 14, 1, 1] => QQFieldElem[0, 0, 0, 0, 0, 0, 3//8, 0, 0, 0, 0, 0, 3//8, 0, 0, 0],
	[15, 13, 17, 13, 20, 1, 1, 8, 1, 1] => QQFieldElem[0, 0, 1//8, 0, 0, 0, 0, 0, 0, 0, 0, 0, 0, 0, 0, 0],
	[15, 13, 17, 13, 21, 1, 1, 14, 1, 1] => QQFieldElem[0, 0, 0, 0, 0, 0, 0, 0, 0, 0, 0, 0, 0, 0, 0, 0],
	[15, 13, 17, 13, 19, 1, 1, 19, 1, 1] => QQFieldElem[0, 0, 1//4, 0, 0, 0, 0, 0, 0, 0, -1//4, 0, -1//4, 0, 0, 0],
	[15, 13, 17, 13, 8, 1, 1, 7, 1, 1] => QQFieldElem[0, 0, 0, 0, 0, 0, -1//4, 0, 0, 0, 0, 0, 1//4, 0, 0, 0],
	[15, 13, 17, 13, 7, 1, 1, 19, 1, 1] => QQFieldElem[0, 0, 3//4, 0, 0, 0, 0, 0, 0, 0, -3//4, 0, 0, 0, 0, 0],
	[15, 13, 17, 13, 19, 1, 1, 21, 1, 1] => QQFieldElem[0, 0, 1//4, 0, -1//4, 0, 0, 0, 0, 0, -1//4, 0, 1//4, 0, 0, 0],
	[15, 13, 17, 13, 14, 1, 1, 14, 1, 1] => QQFieldElem[0, 0, 0, 0, 0, 0, -3//8, 0, 0, 0, 0, 0, 3//8, 0, 0, 0],
	[15, 13, 17, 13, 7, 1, 1, 21, 1, 1] => QQFieldElem[0, 0, 0, 0, 0, 0, 0, 0, 0, 0, 3//4, 0, 0, 0, 0, 0],
	[15, 13, 17, 13, 21, 1, 1, 7, 1, 1] => QQFieldElem[0, 0, 0, 0, 0, 0, 0, 0, 0, 0, 1//6, 0, 0, 0, 0, 0],
	[15, 13, 17, 13, 8, 1, 1, 19, 1, 1] => QQFieldElem[0, 0, -3//4, 0, 0, 0, 0, 0, 0, 0, 3//4, 0, 0, 0, 0, 0],
	[15, 13, 17, 13, 8, 1, 1, 21, 1, 1] => QQFieldElem[0, 0, 0, 0, 0, 0, 0, 0, 0, 0, -3//4, 0, 0, 0, 0, 0],
	[15, 13, 17, 13, 14, 1, 1, 7, 1, 1] => QQFieldElem[0, 0, 0, 0, 0, 0, 1//4, 0, 0, 0, 0, 0, 1//4, 0, 0, 0],
	[15, 13, 17, 13, 20, 1, 1, 14, 1, 1] => QQFieldElem[0, 0, 0, 0, 0, 0, 0, 0, 0, 0, 0, 0, 0, 0, 0, 0],
	[15, 13, 17, 13, 21, 1, 1, 19, 1, 1] => QQFieldElem[0, 0, 1//4, 0, -1//4, 0, 0, 0, 0, 0, -1//4, 0, 1//4, 0, 0, 0],
	[15, 13, 17, 13, 19, 1, 1, 20, 1, 1] => QQFieldElem[0, 0, 1//4, 0, 1//4, 0, 0, 0, 0, 0, -1//4, 0, 0, 0, 0, 0],
	[15, 13, 17, 13, 21, 1, 1, 21, 1, 1] => QQFieldElem[0, 0, 1//4, 0, 1//4, 0, 0, 0, 0, 0, -1//4, 0, 0, 0, 0, 0],
	[15, 13, 17, 13, 7, 1, 1, 20, 1, 1] => QQFieldElem[0, 0, -3//4, 0, 0, 0, 0, 0, 0, 0, 0, 0, 0, 0, 0, 0],
	[15, 13, 17, 13, 20, 1, 1, 7, 1, 1] => QQFieldElem[0, 0, -1//6, 0, 0, 0, 0, 0, 0, 0, 0, 0, 0, 0, 0, 0],
	[15, 13, 17, 13, 14, 1, 1, 19, 1, 1] => QQFieldElem[0, 0, 0, 0, 0, 0, 0, 0, 0, 0, 0, 0, 0, 0, 0, 0],
	[15, 13, 17, 13, 19, 1, 1, 8, 1, 1] => QQFieldElem[0, 0, -1//8, 0, 0, 0, 0, 0, 0, 0, 1//8, 0, 0, 0, 0, 0],
	[15, 13, 17, 13, 14, 1, 1, 21, 1, 1] => QQFieldElem[0, 0, 0, 0, 0, 0, 0, 0, 0, 0, 0, 0, 0, 0, 0, 0],
	[15, 13, 17, 13, 8, 1, 1, 20, 1, 1] => QQFieldElem[0, 0, 3//4, 0, 0, 0, 0, 0, 0, 0, 0, 0, 0, 0, 0, 0],
	[15, 13, 17, 13, 7, 1, 1, 8, 1, 1] => QQFieldElem[0, 0, 0, 0, 0, 0, -3//16, 0, 0, 0, 0, 0, 3//16, 0, 0, 0],
	[15, 13, 17, 13, 20, 1, 1, 19, 1, 1] => QQFieldElem[0, 0, 1//4, 0, 1//4, 0, 0, 0, 0, 0, -1//4, 0, 0, 0, 0, 0],
	[15, 13, 17, 13, 21, 1, 1, 20, 1, 1] => QQFieldElem[0, 0, 1//4, 0, 0, 0, 0, 0, 0, 0, -1//4, 0, -1//4, 0, 0, 0],
	[15, 13, 17, 13, 20, 1, 1, 21, 1, 1] => QQFieldElem[0, 0, 1//4, 0, 0, 0, 0, 0, 0, 0, -1//4, 0, -1//4, 0, 0, 0],
	[15, 13, 17, 13, 8, 1, 1, 8, 1, 1] => QQFieldElem[0, 0, 0, 0, 0, 0, -3//16, 0, 0, 0, 0, 0, 3//16, 0, 0, 0],
	[15, 13, 17, 13, 19, 1, 1, 14, 1, 1] => QQFieldElem[0, 0, 0, 0, 0, 0, 0, 0, 0, 0, 0, 0, 0, 0, 0, 0],
	[15, 13, 17, 13, 21, 1, 1, 8, 1, 1] => QQFieldElem[0, 0, 0, 0, 0, 0, 0, 0, 0, 0, -1//8, 0, 0, 0, 0, 0],
	[15, 13, 17, 13, 7, 1, 1, 14, 1, 1] => QQFieldElem[0, 0, 0, 0, 0, 0, 3//8, 0, 0, 0, 0, 0, 3//8, 0, 0, 0],
	[15, 13, 17, 13, 14, 1, 1, 20, 1, 1] => QQFieldElem[0, 0, 0, 0, 0, 0, 0, 0, 0, 0, 0, 0, 0, 0, 0, 0])