Dict(
	[15, 18, 15, 18, 20, 1, 1, 20, 1, 1] => QQFieldElem[-28//291, 38//291, -26//291, 9//97, -22//291, -13//291, -2//97, 10//97, 82//291, -43//291, 5//97, 34//291, 86//291, -7//97, 25//291, 3//97],
	[15, 18, 15, 18, 19, 1, 1, 5, 1, 1] => QQFieldElem[1//480, 0, -1//160, 1//120, 0, 0, 1//480, 0, 0, 0, 1//160, 0, -1//240, 0, 0, 1//240],
	[15, 18, 15, 18, 9, 1, 1, 20, 1, 1] => QQFieldElem[0, 0, 0, 0, 0, 0, 0, 0, 0, 0, 0, 0, 0, 0, 0, 0],
	[15, 18, 15, 18, 19, 1, 1, 19, 1, 1] => QQFieldElem[-4//51, 0, -11//51, -14//51, 0, 2//51, -5//51, 0, 0, 2//17, 11//51, 0, 4//17, -2//51, 0, -2//17],
	[15, 18, 15, 18, 5, 1, 1, 21, 1, 1] => QQFieldElem[459//3104, 369//1552, 387//3104, -297//776, -27//1552, -549//1552, -1125//3104, -63//388, 9//97, -117//1552, -675//3104, 207//776, -279//3104, 63//776, 279//776, 225//776],
	[15, 18, 15, 18, 5, 1, 1, 9, 1, 1] => QQFieldElem[9//32, 0, 0, 0, 0, 0, 0, 0, 0, 0, 0, 0, 9//64, 0, 0, 0],
	[15, 18, 15, 18, 7, 1, 1, 21, 1, 1] => QQFieldElem[0, 0, 0, 0, 0, 0, 0, 0, 0, 0, 0, 0, 0, 0, 0, 0],
	[15, 18, 15, 18, 7, 1, 1, 9, 1, 1] => QQFieldElem[0, 0, 0, 0, 0, 0, 0, 0, 0, 0, 0, 0, -2//3, 0, 0, 0],
	[15, 18, 15, 18, 20, 1, 1, 4, 1, 1] => QQFieldElem[1//480, 0, 1//480, 0, 0, 0, 1//480, 1//240, 0, 0, 1//240, 1//120, 1//240, 0, 1//480, -1//240],
	[15, 18, 15, 18, 21, 1, 1, 21, 1, 1] => QQFieldElem[18//97, -38//291, -5//97, 61//291, 22//291, 7//97, 19//291, -10//97, -82//291, -5//291, 26//291, -34//291, 64//291, 13//291, -25//291, 13//97],
	[15, 18, 15, 18, 9, 1, 1, 4, 1, 1] => QQFieldElem[1//40, 0, 0, 0, 0, 0, 0, 0, 0, 0, 0, 0, -1//80, 0, 0, 0],
	[15, 18, 15, 18, 21, 1, 1, 9, 1, 1] => QQFieldElem[0, 0, 0, 0, 0, 0, 0, 0, 0, 0, 0, 0, 0, 0, 0, 0],
	[15, 18, 15, 18, 5, 1, 1, 7, 1, 1] => QQFieldElem[9//32, 0, 0, 0, 0, 0, 0, 0, 0, 0, 0, 0, 9//64, 0, 0, 0],
	[15, 18, 15, 18, 4, 1, 1, 5, 1, 1] => QQFieldElem[0, 0, 0, 0, 0, 0, 0, 0, 0, 0, 0, 0, 0, 0, 0, 0],
	[15, 18, 15, 18, 7, 1, 1, 7, 1, 1] => QQFieldElem[0, 0, 0, 0, 0, 0, 0, 0, 0, 0, 0, 0, 2//3, 0, 0, 0],
	[15, 18, 15, 18, 4, 1, 1, 19, 1, 1] => QQFieldElem[99//272, 0, -27//272, -27//68, 0, -27//68, -99//272, 0, 0, 27//136, 27//272, 0, 9//136, 27//68, 0, -9//68],
	[15, 18, 15, 18, 19, 1, 1, 21, 1, 1] => QQFieldElem[85//582, 28//291, -173//582, -25//291, 94//291, 7//291, -49//194, -23//291, 79//291, -83//291, 137//582, 37//97, 17//582, -79//291, 64//291, 130//291],
	[15, 18, 15, 18, 19, 1, 1, 9, 1, 1] => QQFieldElem[0, 0, 0, 0, 0, 0, 0, 0, 0, 0, 0, 0, 0, 0, 0, 0],
	[15, 18, 15, 18, 21, 1, 1, 7, 1, 1] => QQFieldElem[0, 0, 0, 0, 0, 0, 0, 0, 0, 0, 0, 0, 0, 0, 0, 0],
	[15, 18, 15, 18, 5, 1, 1, 20, 1, 1] => QQFieldElem[747//3104, -369//1552, 675//3104, -45//388, 27//1552, -63//776, -9//3104, 63//388, -9//97, 63//388, -387//3104, -207//776, -333//3104, 549//1552, -279//776, 99//776],
	[15, 18, 15, 18, 7, 1, 1, 20, 1, 1] => QQFieldElem[0, 0, 0, 0, 0, 0, 0, 0, 0, 0, 0, 0, 0, 0, 0, 0],
	[15, 18, 15, 18, 20, 1, 1, 5, 1, 1] => QQFieldElem[1//480, 0, 1//480, 0, 0, 0, 1//480, 1//240, 0, 0, -1//240, -1//120, -1//240, 0, -1//160, -1//240],
	[15, 18, 15, 18, 9, 1, 1, 5, 1, 1] => QQFieldElem[1//40, 0, 0, 0, 0, 0, 0, 0, 0, 0, 0, 0, 1//80, 0, 0, 0],
	[15, 18, 15, 18, 20, 1, 1, 19, 1, 1] => QQFieldElem[-3//17, -2//17, -4//51, 4//17, 4//17, 16//51, 20//51, 8//51, -2//51, -4//17, -5//17, -16//51, 0, 0, 1//51, 14//51],
	[15, 18, 15, 18, 21, 1, 1, 20, 1, 1] => QQFieldElem[7//291, -10//291, 22//97, -68//291, 44//291, -18//97, 26//291, 34//291, -22//97, -22//291, -4//291, -10//291, 17//291, 40//291, -30//97, 130//291],
	[15, 18, 15, 18, 9, 1, 1, 19, 1, 1] => QQFieldElem[0, 0, 0, 0, 0, 0, 0, 0, 0, 0, 0, 0, 0, 0, 0, 0],
	[15, 18, 15, 18, 5, 1, 1, 4, 1, 1] => QQFieldElem[0, 0, 0, 0, 0, 0, 0, 0, 0, 0, 0, 0, 0, 0, 0, 0],
	[15, 18, 15, 18, 19, 1, 1, 7, 1, 1] => QQFieldElem[0, 0, 0, 0, 0, 0, 0, 0, 0, 0, 0, 0, 0, 0, 0, 0],
	[15, 18, 15, 18, 7, 1, 1, 4, 1, 1] => QQFieldElem[1//30, 0, 0, 0, 0, 0, 0, 0, 0, 0, 0, 0, -1//60, 0, 0, 0],
	[15, 18, 15, 18, 4, 1, 1, 21, 1, 1] => QQFieldElem[-9//3104, 117//1552, -225//3104, 99//776, -99//1552, 423//1552, 1215//3104, -45//388, -27//388, -369//1552, -495//3104, -225//776, 765//3104, 63//776, -225//776, -207//776],
	[15, 18, 15, 18, 4, 1, 1, 9, 1, 1] => QQFieldElem[9//32, 0, 0, 0, 0, 0, 0, 0, 0, 0, 0, 0, -9//64, 0, 0, 0],
	[15, 18, 15, 18, 21, 1, 1, 4, 1, 1] => QQFieldElem[1//480, 0, -1//240, 1//120, 0, 0, 1//240, -1//240, 0, 0, -1//480, -1//120, 1//240, 0, -1//480, 0],
	[15, 18, 15, 18, 19, 1, 1, 20, 1, 1] => QQFieldElem[81//194, -28//291, -137//582, 86//291, -94//291, 79//291, -19//582, 23//291, -79//291, -55//291, 173//582, -37//97, 205//582, -7//291, -64//291, 107//291],
	[15, 18, 15, 18, 20, 1, 1, 21, 1, 1] => QQFieldElem[-59//291, 10//291, 4//291, -26//97, -44//291, -40//291, -64//291, -34//291, 22//97, -32//291, -22//97, 10//291, 61//291, 18//97, 30//97, 164//291],
	[15, 18, 15, 18, 20, 1, 1, 9, 1, 1] => QQFieldElem[0, 0, 0, 0, 0, 0, 0, 0, 0, 0, 0, 0, 0, 0, 0, 0],
	[15, 18, 15, 18, 9, 1, 1, 21, 1, 1] => QQFieldElem[0, 0, 0, 0, 0, 0, 0, 0, 0, 0, 0, 0, 0, 0, 0, 0],
	[15, 18, 15, 18, 4, 1, 1, 7, 1, 1] => QQFieldElem[9//32, 0, 0, 0, 0, 0, 0, 0, 0, 0, 0, 0, -9//64, 0, 0, 0],
	[15, 18, 15, 18, 9, 1, 1, 9, 1, 1] => QQFieldElem[0, 0, 0, 0, 0, 0, 0, 0, 0, 0, 0, 0, 1//2, 0, 0, 0],
	[15, 18, 15, 18, 19, 1, 1, 4, 1, 1] => QQFieldElem[1//480, 0, 1//480, -1//120, 0, 0, -1//160, 0, 0, 0, -1//480, 0, 1//240, 0, 0, 1//240],
	[15, 18, 15, 18, 5, 1, 1, 5, 1, 1] => QQFieldElem[0, 0, 0, 0, 0, 0, 0, 0, 0, 0, 0, 0, 0, 0, 0, 0],
	[15, 18, 15, 18, 7, 1, 1, 5, 1, 1] => QQFieldElem[1//30, 0, 0, 0, 0, 0, 0, 0, 0, 0, 0, 0, 1//60, 0, 0, 0],
	[15, 18, 15, 18, 5, 1, 1, 19, 1, 1] => QQFieldElem[-45//272, 0, -63//272, 9//68, 0, 27//68, 81//272, 0, 0, 27//136, 63//272, 0, -45//136, -27//68, 0, 27//68],
	[15, 18, 15, 18, 7, 1, 1, 19, 1, 1] => QQFieldElem[0, 0, 0, 0, 0, 0, 0, 0, 0, 0, 0, 0, 0, 0, 0, 0],
	[15, 18, 15, 18, 21, 1, 1, 5, 1, 1] => QQFieldElem[1//480, 0, 1//240, -1//120, 0, 0, -1//240, -1//240, 0, 0, -1//480, 1//120, -1//240, 0, 1//160, 0],
	[15, 18, 15, 18, 4, 1, 1, 20, 1, 1] => QQFieldElem[-225//3104, -117//1552, 495//3104, -63//388, 99//1552, -63//776, 315//3104, 45//388, 27//388, -63//388, 225//3104, 225//776, 567//3104, -423//1552, 225//776, -297//776],
	[15, 18, 15, 18, 21, 1, 1, 19, 1, 1] => QQFieldElem[-11//51, 2//17, 5//17, -4//51, -4//17, 0, 7//17, -8//51, 2//51, -6//17, 4//51, 16//51, 4//17, -16//51, -1//51, 22//51],
	[15, 18, 15, 18, 20, 1, 1, 7, 1, 1] => QQFieldElem[0, 0, 0, 0, 0, 0, 0, 0, 0, 0, 0, 0, 0, 0, 0, 0],
	[15, 18, 15, 18, 9, 1, 1, 7, 1, 1] => QQFieldElem[0, 0, 0, 0, 0, 0, 0, 0, 0, 0, 0, 0, -1//2, 0, 0, 0],
	[15, 18, 15, 18, 4, 1, 1, 4, 1, 1] => QQFieldElem[0, 0, 0, 0, 0, 0, 0, 0, 0, 0, 0, 0, 0, 0, 0, 0])