Dict(
	[15, 13, 10, 12, 20, 1, 1, 20, 1, 1] => QQFieldElem[0, 0, 0, 0, 0, 0, 0, -1//4, 0, 0, 0, 0, -1//4, 0, 0, 0],
	[15, 13, 10, 12, 6, 1, 1, 20, 1, 1] => QQFieldElem[0, 0, 0, 0, -32, 0, 0, 0, 0, 0, 0, 0, 0, 0, 0, 0],
	[15, 13, 10, 12, 20, 1, 1, 8, 1, 1] => QQFieldElem[0, 0, 0, 0, -1//128, 0, 0, 0, 0, 0, 0, 0, 0, 0, 0, 0],
	[15, 13, 10, 12, 19, 1, 1, 19, 1, 1] => QQFieldElem[0, 0, 0, 0, 0, 0, 0, 0, 0, 0, 0, 0, -1//4, 0, 0, 1//4],
	[15, 13, 10, 12, 6, 1, 1, 8, 1, 1] => QQFieldElem[0, 0, 0, 0, 0, 0, 0, 0, 0, 0, 0, 0, 0, 0, 0, 0],
	[15, 13, 10, 12, 19, 1, 1, 21, 1, 1] => QQFieldElem[0, 0, 0, 0, 0, 0, 0, -1//4, 0, 0, 0, 0, -1//4, 0, 0, 0],
	[15, 13, 10, 12, 21, 1, 1, 19, 1, 1] => QQFieldElem[0, 0, 0, 0, 0, 0, 0, -1//4, 0, 0, 0, 0, -1//4, 0, 0, 0],
	[15, 13, 10, 12, 19, 1, 1, 20, 1, 1] => QQFieldElem[0, 0, 0, 0, 0, 0, 0, 1//4, 0, 0, 0, 0, -1//4, 0, 0, -1//4],
	[15, 13, 10, 12, 21, 1, 1, 21, 1, 1] => QQFieldElem[0, 0, 0, 0, 0, 0, 0, 1//4, 0, 0, 0, 0, -1//4, 0, 0, -1//4],
	[15, 13, 10, 12, 19, 1, 1, 8, 1, 1] => QQFieldElem[0, 0, 0, 0, 0, 0, 0, 0, 0, 0, 0, 0, 1//128, 0, 0, 0],
	[15, 13, 10, 12, 20, 1, 1, 19, 1, 1] => QQFieldElem[0, 0, 0, 0, 0, 0, 0, 1//4, 0, 0, 0, 0, -1//4, 0, 0, -1//4],
	[15, 13, 10, 12, 6, 1, 1, 19, 1, 1] => QQFieldElem[0, 0, 0, 0, 0, 0, 0, 0, 0, 0, 0, 0, 32, 0, 0, 0],
	[15, 13, 10, 12, 21, 1, 1, 20, 1, 1] => QQFieldElem[0, 0, 0, 0, 0, 0, 0, 0, 0, 0, 0, 0, -1//4, 0, 0, 1//4],
	[15, 13, 10, 12, 20, 1, 1, 21, 1, 1] => QQFieldElem[0, 0, 0, 0, 0, 0, 0, 0, 0, 0, 0, 0, -1//4, 0, 0, 1//4],
	[15, 13, 10, 12, 6, 1, 1, 21, 1, 1] => QQFieldElem[0, 0, 0, 0, 32, 0, 0, 0, 0, 0, 0, 0, -32, 0, 0, 0],
	[15, 13, 10, 12, 21, 1, 1, 8, 1, 1] => QQFieldElem[0, 0, 0, 0, 1//128, 0, 0, 0, 0, 0, 0, 0, -1//128, 0, 0, 0])