Dict(
	[15, 14, 20, 13, 21, 1, 2, 10, 1, 1] => QQFieldElem[0, 0, 0, 1//4, 0, 1//4, 0, 0, 0, 0, 0, -1//4, 0, 0, 0, 0],
	[15, 14, 20, 13, 21, 1, 1, 10, 1, 1] => QQFieldElem[0, 0, 0, -1//4, 0, 1//4, 0, 0, 0, 0, 0, 1//4, 0, 0, 0, 0],
	[15, 14, 20, 13, 19, 1, 2, 11, 1, 1] => QQFieldElem[0, 0, 0, 0, 0, 1//4, 0, 1//4, 0, 0, 1//4, 0, -1//4, 0, 0, 0],
	[15, 14, 20, 13, 19, 1, 1, 11, 1, 1] => QQFieldElem[0, 0, 0, 0, 0, -1//4, 0, 1//4, 0, 0, -1//4, 0, -1//4, 0, 0, 0],
	[15, 14, 20, 13, 19, 1, 2, 13, 1, 1] => QQFieldElem[0, 0, -1//4, 0, 0, 1//4, 0, 0, 0, 0, 0, 0, -1//4, 0, 0, -1//4],
	[15, 14, 20, 13, 19, 1, 1, 13, 1, 1] => QQFieldElem[0, 0, 1//4, 0, 0, -1//4, 0, 0, 0, 0, 0, 0, -1//4, 0, 0, -1//4],
	[15, 14, 20, 13, 21, 1, 2, 17, 1, 1] => QQFieldElem[0, 0, 0, -1//4, 0, 1//4, 0, 0, 0, 0, 0, 0, 0, -1//4, 0, 0],
	[15, 14, 20, 13, 20, 1, 2, 10, 1, 1] => QQFieldElem[0, 0, 0, 0, 0, -1//4, 0, -1//4, 0, 0, 1//4, 0, -1//4, 0, 0, 0],
	[15, 14, 20, 13, 19, 1, 2, 15, 1, 1] => QQFieldElem[0, 0, -1//4, 0, 0, -1//4, 0, -1//4, 0, 0, 1//4, 0, -1//4, 0, 0, 1//4],
	[15, 14, 20, 13, 21, 1, 1, 17, 1, 1] => QQFieldElem[0, 0, 0, 1//4, 0, 1//4, 0, 0, 0, 0, 0, 0, 0, -1//4, 0, 0],
	[15, 14, 20, 13, 19, 1, 1, 15, 1, 1] => QQFieldElem[0, 0, 1//4, 0, 0, 1//4, 0, -1//4, 0, 0, -1//4, 0, -1//4, 0, 0, 1//4],
	[15, 14, 20, 13, 20, 1, 1, 10, 1, 1] => QQFieldElem[0, 0, 0, 0, 0, 1//4, 0, -1//4, 0, 0, -1//4, 0, -1//4, 0, 0, 0],
	[15, 14, 20, 13, 21, 1, 2, 11, 1, 1] => QQFieldElem[0, 0, 0, 1//4, 0, -1//4, 0, 0, 0, 0, 0, -1//4, 0, 0, 0, 0],
	[15, 14, 20, 13, 19, 1, 2, 12, 1, 1] => QQFieldElem[0, 0, 1//4, 0, 0, -1//4, 0, 0, 0, 0, 0, 0, -1//4, 0, 0, -1//4],
	[15, 14, 20, 13, 19, 1, 1, 12, 1, 1] => QQFieldElem[0, 0, -1//4, 0, 0, 1//4, 0, 0, 0, 0, 0, 0, -1//4, 0, 0, -1//4],
	[15, 14, 20, 13, 21, 1, 1, 11, 1, 1] => QQFieldElem[0, 0, 0, -1//4, 0, -1//4, 0, 0, 0, 0, 0, 1//4, 0, 0, 0, 0],
	[15, 14, 20, 13, 21, 1, 2, 13, 1, 1] => QQFieldElem[0, 0, 0, 0, 0, 0, 0, 0, 0, 0, 0, 1//4, 0, 1//4, 0, 0],
	[15, 14, 20, 13, 21, 1, 1, 13, 1, 1] => QQFieldElem[0, 0, 0, 0, 0, 0, 0, 0, 0, 0, 0, -1//4, 0, 1//4, 0, 0],
	[15, 14, 20, 13, 20, 1, 2, 17, 1, 1] => QQFieldElem[0, 0, -1//4, 0, 0, 1//4, 0, 1//4, 0, 0, 1//4, 0, -1//4, 0, 0, -1//4],
	[15, 14, 20, 13, 20, 1, 1, 17, 1, 1] => QQFieldElem[0, 0, 1//4, 0, 0, -1//4, 0, 1//4, 0, 0, -1//4, 0, -1//4, 0, 0, -1//4],
	[15, 14, 20, 13, 21, 1, 2, 15, 1, 1] => QQFieldElem[0, 0, 0, -1//4, 0, -1//4, 0, 0, 0, 0, 0, 0, 0, 1//4, 0, 0],
	[15, 14, 20, 13, 20, 1, 2, 11, 1, 1] => QQFieldElem[0, 0, 0, 0, 0, 1//4, 0, -1//4, 0, 0, -1//4, 0, -1//4, 0, 0, 0],
	[15, 14, 20, 13, 21, 1, 1, 15, 1, 1] => QQFieldElem[0, 0, 0, 1//4, 0, -1//4, 0, 0, 0, 0, 0, 0, 0, 1//4, 0, 0],
	[15, 14, 20, 13, 20, 1, 1, 11, 1, 1] => QQFieldElem[0, 0, 0, 0, 0, -1//4, 0, -1//4, 0, 0, 1//4, 0, -1//4, 0, 0, 0],
	[15, 14, 20, 13, 21, 1, 2, 12, 1, 1] => QQFieldElem[0, 0, 0, 0, 0, 0, 0, 0, 0, 0, 0, 1//4, 0, -1//4, 0, 0],
	[15, 14, 20, 13, 19, 1, 2, 10, 1, 1] => QQFieldElem[0, 0, 0, 0, 0, -1//4, 0, 1//4, 0, 0, -1//4, 0, -1//4, 0, 0, 0],
	[15, 14, 20, 13, 20, 1, 2, 13, 1, 1] => QQFieldElem[0, 0, 1//4, 0, 0, 1//4, 0, 0, 0, 0, 0, 0, -1//4, 0, 0, 1//4],
	[15, 14, 20, 13, 20, 1, 1, 13, 1, 1] => QQFieldElem[0, 0, -1//4, 0, 0, -1//4, 0, 0, 0, 0, 0, 0, -1//4, 0, 0, 1//4],
	[15, 14, 20, 13, 19, 1, 1, 10, 1, 1] => QQFieldElem[0, 0, 0, 0, 0, 1//4, 0, 1//4, 0, 0, 1//4, 0, -1//4, 0, 0, 0],
	[15, 14, 20, 13, 21, 1, 1, 12, 1, 1] => QQFieldElem[0, 0, 0, 0, 0, 0, 0, 0, 0, 0, 0, -1//4, 0, -1//4, 0, 0],
	[15, 14, 20, 13, 20, 1, 2, 15, 1, 1] => QQFieldElem[0, 0, 1//4, 0, 0, -1//4, 0, 1//4, 0, 0, -1//4, 0, -1//4, 0, 0, -1//4],
	[15, 14, 20, 13, 20, 1, 1, 15, 1, 1] => QQFieldElem[0, 0, -1//4, 0, 0, 1//4, 0, 1//4, 0, 0, 1//4, 0, -1//4, 0, 0, -1//4],
	[15, 14, 20, 13, 20, 1, 2, 12, 1, 1] => QQFieldElem[0, 0, -1//4, 0, 0, -1//4, 0, 0, 0, 0, 0, 0, -1//4, 0, 0, 1//4],
	[15, 14, 20, 13, 19, 1, 2, 17, 1, 1] => QQFieldElem[0, 0, 1//4, 0, 0, 1//4, 0, -1//4, 0, 0, -1//4, 0, -1//4, 0, 0, 1//4],
	[15, 14, 20, 13, 19, 1, 1, 17, 1, 1] => QQFieldElem[0, 0, -1//4, 0, 0, -1//4, 0, -1//4, 0, 0, 1//4, 0, -1//4, 0, 0, 1//4],
	[15, 14, 20, 13, 20, 1, 1, 12, 1, 1] => QQFieldElem[0, 0, 1//4, 0, 0, 1//4, 0, 0, 0, 0, 0, 0, -1//4, 0, 0, 1//4])