Dict(
	[15, 12, 13, 17, 3, 1, 1, 19, 1, 1] => QQFieldElem[0, 0, -4//3, 0, 0, 0, 4//3, 0, 0, -4//3, 4//3, 0, 4//3, 0, 0, -4//3],
	[15, 12, 13, 17, 14, 1, 1, 6, 1, 1] => QQFieldElem[0, 0, 0, 0, 0, 0, 0, 0, 0, 0, 0, 0, 0, 0, 0, 0],
	[15, 12, 13, 17, 20, 1, 1, 20, 1, 1] => QQFieldElem[-1//2, -1//3, -1//6, 1//6, 1//3, 1//6, -1//6, -1//3, 0, 1//6, 1//2, 1//3, -1//6, -1//2, -1//3, 1//6],
	[15, 12, 13, 17, 4, 1, 1, 19, 1, 1] => QQFieldElem[0, 0, 1, 0, 0, 0, -1, 0, 0, 1, -1, 0, -1, 0, 0, 1],
	[15, 12, 13, 17, 3, 1, 1, 21, 1, 1] => QQFieldElem[2//3, 0, 2//3, -2//3, 0, 2//3, -2//3, 0, -4//3, 2//3, -2//3, 4//3, -2//3, 2//3, 0, 2//3],
	[15, 12, 13, 17, 4, 1, 1, 21, 1, 1] => QQFieldElem[-1//2, 0, -1//2, 1//2, 0, -1//2, 1//2, 0, 1, -1//2, 1//2, -1, 1//2, -1//2, 0, -1//2],
	[15, 12, 13, 17, 20, 1, 1, 6, 1, 1] => QQFieldElem[1//192, 0, 0, 0, 0, 0, 0, 0, 0, 0, 0, 0, 0, 0, 0, 0],
	[15, 12, 13, 17, 19, 1, 1, 19, 1, 1] => QQFieldElem[0, 0, -1//3, 1//3, 0, 1//3, -1//3, 0, 0, 0, 1//3, 0, 0, -1//3, 0, 0],
	[15, 12, 13, 17, 21, 1, 1, 14, 1, 1] => QQFieldElem[0, 0, 0, 0, 0, 0, 0, 0, 0, 0, 0, 0, 0, 0, 0, 0],
	[15, 12, 13, 17, 4, 1, 1, 9, 1, 1] => QQFieldElem[3//128, 0, 0, 0, 0, 0, 0, 0, 0, 0, 0, 0, 0, 0, 0, 0],
	[15, 12, 13, 17, 3, 1, 1, 9, 1, 1] => QQFieldElem[1//32, 0, 0, 0, 0, 0, 0, 0, 0, 0, 0, 0, 0, 0, 0, 0],
	[15, 12, 13, 17, 19, 1, 1, 21, 1, 1] => QQFieldElem[1//2, -1//3, 1//6, -1//6, 1//3, -1//6, 1//6, -1//3, 0, 1//6, -1//6, 0, -1//6, 1//6, 0, 1//6],
	[15, 12, 13, 17, 19, 1, 1, 9, 1, 1] => QQFieldElem[0, 0, 0, 0, 0, 0, 0, 0, 0, 0, 0, 0, 0, 0, 0, 0],
	[15, 12, 13, 17, 14, 1, 1, 14, 1, 1] => QQFieldElem[0, 0, 0, 0, 0, 0, 0, 0, 0, 0, 0, 0, 0, 0, 0, -1//8],
	[15, 12, 13, 17, 3, 1, 1, 20, 1, 1] => QQFieldElem[-2//3, 0, 2//3, 2//3, 0, -2//3, -2//3, 0, 4//3, 2//3, -2//3, -4//3, -2//3, -2//3, 0, 2//3],
	[15, 12, 13, 17, 4, 1, 1, 20, 1, 1] => QQFieldElem[1//2, 0, -1//2, -1//2, 0, 1//2, 1//2, 0, -1, -1//2, 1//2, 1, 1//2, 1//2, 0, -1//2],
	[15, 12, 13, 17, 20, 1, 1, 14, 1, 1] => QQFieldElem[0, 0, 0, 0, 0, 0, 0, 0, 0, 0, 0, 0, 0, 0, 0, 0],
	[15, 12, 13, 17, 3, 1, 1, 6, 1, 1] => QQFieldElem[0, 0, 0, 0, 0, 0, 0, 0, 0, 0, 0, 0, 0, 0, 0, 0],
	[15, 12, 13, 17, 19, 1, 1, 20, 1, 1] => QQFieldElem[1//2, 1//3, 1//6, -1//6, -1//3, -1//6, 1//6, 1//3, 0, -1//6, -1//6, 0, 1//6, 1//6, 0, -1//6],
	[15, 12, 13, 17, 4, 1, 1, 6, 1, 1] => QQFieldElem[0, 0, 0, 0, 0, 0, 0, 0, 0, 0, 0, 0, 0, 0, 0, 0],
	[15, 12, 13, 17, 21, 1, 1, 19, 1, 1] => QQFieldElem[0, 2//3, 0, 0, -2//3, 0, 0, 2//3, 0, -1//3, -1//3, -1//3, 1//3, 1//3, 1//3, -1//3],
	[15, 12, 13, 17, 21, 1, 1, 21, 1, 1] => QQFieldElem[-1//2, 1//3, -1//2, 1//2, -1//3, 1//2, -1//2, 1//3, 0, -1//6, 1//6, -1//3, 1//6, -1//6, 1//3, -1//6],
	[15, 12, 13, 17, 19, 1, 1, 6, 1, 1] => QQFieldElem[1//192, 0, 0, 0, 0, 0, 0, 0, 0, 0, 0, 0, 0, 0, 0, 0],
	[15, 12, 13, 17, 21, 1, 1, 9, 1, 1] => QQFieldElem[0, 0, 0, 0, 0, 0, 0, 0, 0, 0, 0, 0, 0, 0, 0, 0],
	[15, 12, 13, 17, 14, 1, 1, 19, 1, 1] => QQFieldElem[0, 0, 0, 0, 0, 0, 0, 0, 0, 0, 0, 0, 0, 0, 0, 0],
	[15, 12, 13, 17, 14, 1, 1, 21, 1, 1] => QQFieldElem[0, 0, 0, 0, 0, 0, 0, 0, 0, 0, 0, 0, 0, 0, 0, 0],
	[15, 12, 13, 17, 3, 1, 1, 14, 1, 1] => QQFieldElem[0, 0, 0, 0, 0, 0, 0, 0, 0, 0, 0, 0, 0, 0, 0, 1//6],
	[15, 12, 13, 17, 14, 1, 1, 9, 1, 1] => QQFieldElem[3//128, 0, 0, 0, 0, 0, 0, 0, 0, 0, 0, 0, 0, 0, 0, 0],
	[15, 12, 13, 17, 20, 1, 1, 19, 1, 1] => QQFieldElem[0, -2//3, 1//3, -1//3, 2//3, -1//3, 1//3, -2//3, 0, 1//3, 0, 1//3, -1//3, 0, -1//3, 1//3],
	[15, 12, 13, 17, 4, 1, 1, 14, 1, 1] => QQFieldElem[0, 0, 0, 0, 0, 0, 0, 0, 0, 0, 0, 0, 0, 0, 0, 1//8],
	[15, 12, 13, 17, 21, 1, 1, 20, 1, 1] => QQFieldElem[0, 0, 0, 0, 0, 0, 0, 0, 0, 0, -1//3, -1//3, 0, 1//3, 1//3, 0],
	[15, 12, 13, 17, 20, 1, 1, 21, 1, 1] => QQFieldElem[0, 0, 1//3, -1//3, 0, -1//3, 1//3, 0, 0, 0, 0, 1//3, 0, 0, -1//3, 0],
	[15, 12, 13, 17, 20, 1, 1, 9, 1, 1] => QQFieldElem[0, 0, 0, 0, 0, 0, 0, 0, 0, 0, 0, 0, 0, 0, 0, 0],
	[15, 12, 13, 17, 19, 1, 1, 14, 1, 1] => QQFieldElem[0, 0, 0, 0, 0, 0, 0, 0, 0, 0, 0, 0, 0, 0, 0, 0],
	[15, 12, 13, 17, 21, 1, 1, 6, 1, 1] => QQFieldElem[1//192, 0, 0, 0, 0, 0, 0, 0, 0, 0, 0, 0, 0, 0, 0, 0],
	[15, 12, 13, 17, 14, 1, 1, 20, 1, 1] => QQFieldElem[0, 0, 0, 0, 0, 0, 0, 0, 0, 0, 0, 0, 0, 0, 0, 0])