Dict(
	[16, 10, 20, 14, 13, 1, 1, 21, 1, 2] => QQFieldElem[0, 1//3, 0, 0, 0, 0, 0, 1//3, 0, -1//3, 0, 0, 0, 0, 0, 0],
	[16, 10, 20, 14, 18, 1, 1, 21, 1, 2] => QQFieldElem[0, 0, 0, 0, 0, 0, 0, 0, 0, 1//3, 0, 0, 0, 0, 0, -1//3],
	[16, 10, 20, 14, 12, 1, 1, 19, 1, 1] => QQFieldElem[0, 1//6, -1//6, 0, 0, 0, 0, 0, 0, -1//6, 1//6, 1//6, 1//6, 0, 0, 0],
	[16, 10, 20, 14, 11, 1, 1, 19, 1, 2] => QQFieldElem[0, -1//6, -1//6, -1//6, 0, 0, 0, 0, 0, 1//6, 0, 0, 1//6, 0, 0, 0],
	[16, 10, 20, 14, 10, 1, 1, 20, 1, 2] => QQFieldElem[0, -1//6, 0, -1//6, 0, 0, 0, 0, 0, 1//6, -1//6, 1//6, 1//6, 0, 0, 0],
	[16, 10, 20, 14, 12, 1, 1, 21, 1, 1] => QQFieldElem[0, 0, 0, 0, 0, 0, 0, 0, 0, -1//3, 0, 0, 0, 0, 0, 1//3],
	[16, 10, 20, 14, 16, 1, 1, 20, 1, 1] => QQFieldElem[0, 1//6, -1//6, -1//6, 0, 0, 0, 0, 0, -1//6, 0, 0, -1//6, 0, 0, 0],
	[16, 10, 20, 14, 11, 1, 1, 21, 1, 2] => QQFieldElem[0, -1//3, 0, 0, 0, 0, 0, 1//3, 0, 0, 0, 0, 0, 0, 0, -1//3],
	[16, 10, 20, 14, 10, 1, 1, 19, 1, 1] => QQFieldElem[0, 1//6, 0, 1//6, 0, 0, 0, 0, 0, -1//6, -1//6, -1//6, 1//6, 0, 0, 0],
	[16, 10, 20, 14, 10, 1, 1, 21, 1, 1] => QQFieldElem[0, -1//3, 0, 0, 0, 0, 0, -1//3, 0, 1//3, 0, 0, 0, 0, 0, 0],
	[16, 10, 20, 14, 13, 1, 1, 20, 1, 2] => QQFieldElem[0, -1//6, 0, 1//6, 0, 0, 0, 0, 0, 1//6, -1//6, -1//6, -1//6, 0, 0, 0],
	[16, 10, 20, 14, 18, 1, 1, 20, 1, 2] => QQFieldElem[0, -1//6, -1//6, 0, 0, 0, 0, 0, 0, 1//6, 1//6, 1//6, -1//6, 0, 0, 0],
	[16, 10, 20, 14, 12, 1, 1, 20, 1, 1] => QQFieldElem[0, 1//6, 1//6, 0, 0, 0, 0, 0, 0, -1//6, -1//6, -1//6, 1//6, 0, 0, 0],
	[16, 10, 20, 14, 13, 1, 1, 19, 1, 1] => QQFieldElem[0, 1//6, 0, -1//6, 0, 0, 0, 0, 0, -1//6, -1//6, 1//6, -1//6, 0, 0, 0],
	[16, 10, 20, 14, 11, 1, 1, 20, 1, 2] => QQFieldElem[0, -1//6, 1//6, 1//6, 0, 0, 0, 0, 0, 1//6, 0, 0, 1//6, 0, 0, 0],
	[16, 10, 20, 14, 18, 1, 1, 19, 1, 1] => QQFieldElem[0, 1//6, -1//6, 0, 0, 0, 0, 0, 0, -1//6, 1//6, -1//6, -1//6, 0, 0, 0],
	[16, 10, 20, 14, 16, 1, 1, 19, 1, 2] => QQFieldElem[0, -1//6, -1//6, 1//6, 0, 0, 0, 0, 0, 1//6, 0, 0, -1//6, 0, 0, 0],
	[16, 10, 20, 14, 13, 1, 1, 21, 1, 1] => QQFieldElem[0, -1//3, 0, 0, 0, 0, 0, 1//3, 0, 1//3, 0, 0, 0, 0, 0, 0],
	[16, 10, 20, 14, 18, 1, 1, 21, 1, 1] => QQFieldElem[0, 0, 0, 0, 0, 0, 0, 0, 0, -1//3, 0, 0, 0, 0, 0, -1//3],
	[16, 10, 20, 14, 16, 1, 1, 21, 1, 2] => QQFieldElem[0, -1//3, 0, 0, 0, 0, 0, -1//3, 0, 0, 0, 0, 0, 0, 0, 1//3],
	[16, 10, 20, 14, 10, 1, 1, 20, 1, 1] => QQFieldElem[0, 1//6, 0, -1//6, 0, 0, 0, 0, 0, -1//6, 1//6, 1//6, 1//6, 0, 0, 0],
	[16, 10, 20, 14, 11, 1, 1, 19, 1, 1] => QQFieldElem[0, 1//6, 1//6, -1//6, 0, 0, 0, 0, 0, -1//6, 0, 0, 1//6, 0, 0, 0],
	[16, 10, 20, 14, 11, 1, 1, 21, 1, 1] => QQFieldElem[0, 1//3, 0, 0, 0, 0, 0, 1//3, 0, 0, 0, 0, 0, 0, 0, -1//3],
	[16, 10, 20, 14, 12, 1, 1, 19, 1, 2] => QQFieldElem[0, -1//6, 1//6, 0, 0, 0, 0, 0, 0, 1//6, -1//6, 1//6, 1//6, 0, 0, 0],
	[16, 10, 20, 14, 13, 1, 1, 20, 1, 1] => QQFieldElem[0, 1//6, 0, 1//6, 0, 0, 0, 0, 0, -1//6, 1//6, -1//6, -1//6, 0, 0, 0],
	[16, 10, 20, 14, 12, 1, 1, 21, 1, 2] => QQFieldElem[0, 0, 0, 0, 0, 0, 0, 0, 0, 1//3, 0, 0, 0, 0, 0, 1//3],
	[16, 10, 20, 14, 18, 1, 1, 20, 1, 1] => QQFieldElem[0, 1//6, 1//6, 0, 0, 0, 0, 0, 0, -1//6, -1//6, 1//6, -1//6, 0, 0, 0],
	[16, 10, 20, 14, 16, 1, 1, 20, 1, 2] => QQFieldElem[0, -1//6, 1//6, -1//6, 0, 0, 0, 0, 0, 1//6, 0, 0, -1//6, 0, 0, 0],
	[16, 10, 20, 14, 10, 1, 1, 19, 1, 2] => QQFieldElem[0, -1//6, 0, 1//6, 0, 0, 0, 0, 0, 1//6, 1//6, -1//6, 1//6, 0, 0, 0],
	[16, 10, 20, 14, 11, 1, 1, 20, 1, 1] => QQFieldElem[0, 1//6, -1//6, 1//6, 0, 0, 0, 0, 0, -1//6, 0, 0, 1//6, 0, 0, 0],
	[16, 10, 20, 14, 16, 1, 1, 19, 1, 1] => QQFieldElem[0, 1//6, 1//6, 1//6, 0, 0, 0, 0, 0, -1//6, 0, 0, -1//6, 0, 0, 0],
	[16, 10, 20, 14, 10, 1, 1, 21, 1, 2] => QQFieldElem[0, 1//3, 0, 0, 0, 0, 0, -1//3, 0, -1//3, 0, 0, 0, 0, 0, 0],
	[16, 10, 20, 14, 16, 1, 1, 21, 1, 1] => QQFieldElem[0, 1//3, 0, 0, 0, 0, 0, -1//3, 0, 0, 0, 0, 0, 0, 0, 1//3],
	[16, 10, 20, 14, 12, 1, 1, 20, 1, 2] => QQFieldElem[0, -1//6, -1//6, 0, 0, 0, 0, 0, 0, 1//6, 1//6, -1//6, 1//6, 0, 0, 0],
	[16, 10, 20, 14, 13, 1, 1, 19, 1, 2] => QQFieldElem[0, -1//6, 0, -1//6, 0, 0, 0, 0, 0, 1//6, 1//6, 1//6, -1//6, 0, 0, 0],
	[16, 10, 20, 14, 18, 1, 1, 19, 1, 2] => QQFieldElem[0, -1//6, 1//6, 0, 0, 0, 0, 0, 0, 1//6, -1//6, -1//6, -1//6, 0, 0, 0])