Dict(
	[16, 10, 14, 14, 16, 1, 1, 6, 1, 1] => QQFieldElem[0, 0, 0, 0, 0, 0, 0, 0, 0, 3//8, 0, 0, 0, 0, 0, 0],
	[16, 10, 14, 14, 10, 1, 1, 9, 1, 1] => QQFieldElem[0, 0, 0, 0, 0, 8//27, 0, 0, 0, 0, 0, 0, 0, -8//27, 0, 0],
	[16, 10, 14, 14, 10, 1, 1, 14, 1, 2] => QQFieldElem[-1//2, 0, 0, 0, 0, 0, 0, 0, 0, 0, 0, 0, 1//2, 0, 0, 0],
	[16, 10, 14, 14, 13, 1, 1, 9, 1, 1] => QQFieldElem[0, 0, 0, 0, 0, 2//9, 0, 0, 0, 0, 0, 0, 0, -2//9, 0, 0],
	[16, 10, 14, 14, 16, 1, 1, 14, 1, 1] => QQFieldElem[-2//3, 0, 0, 0, 0, 0, 0, 0, 0, 0, 0, 0, -2//3, 0, 0, 0],
	[16, 10, 14, 14, 18, 1, 1, 9, 1, 1] => QQFieldElem[0, 0, 0, 0, 0, 2//9, 0, 0, 0, 0, 0, 0, 0, -2//9, 0, 0],
	[16, 10, 14, 14, 10, 1, 1, 6, 1, 1] => QQFieldElem[0, 0, 0, -4//9, 0, 0, 0, 0, 0, 0, 0, 0, 0, 0, 0, 0],
	[16, 10, 14, 14, 13, 1, 1, 14, 1, 2] => QQFieldElem[1//2, 0, 0, 0, 0, 0, 0, 0, 0, 0, 0, 0, 1//2, 0, 0, 0],
	[16, 10, 14, 14, 18, 1, 1, 14, 1, 2] => QQFieldElem[-1//2, 0, 0, 0, 0, 0, 0, 0, 0, 0, 0, 0, 1//2, 0, 0, 0],
	[16, 10, 14, 14, 13, 1, 1, 6, 1, 1] => QQFieldElem[0, 0, 0, -1//3, 0, 0, 0, 0, 0, 0, 0, 0, 0, 0, 0, 0],
	[16, 10, 14, 14, 18, 1, 1, 6, 1, 1] => QQFieldElem[0, 0, 0, 1//3, 0, 0, 0, 0, 0, 0, 0, 0, 0, 0, 0, 0],
	[16, 10, 14, 14, 10, 1, 1, 14, 1, 1] => QQFieldElem[2//3, 0, 0, 0, 0, 0, 0, 0, 0, 0, 0, 0, -2//3, 0, 0, 0],
	[16, 10, 14, 14, 16, 1, 1, 9, 1, 1] => QQFieldElem[0, 0, 0, 1//4, 0, 0, 0, 0, 0, 0, 0, 0, 0, 0, 0, 0],
	[16, 10, 14, 14, 13, 1, 1, 14, 1, 1] => QQFieldElem[0, 0, 9//16, 0, 0, 0, -9//16, 0, 0, 0, -9//16, 0, 0, 0, 0, 0],
	[16, 10, 14, 14, 18, 1, 1, 14, 1, 1] => QQFieldElem[0, 0, 9//16, 0, 0, 0, 9//16, 0, 0, 0, -9//16, 0, 0, 0, 0, 0],
	[16, 10, 14, 14, 16, 1, 1, 14, 1, 2] => QQFieldElem[1//2, 0, 0, 0, 0, 0, 0, 0, 0, 0, 0, 0, 1//2, 0, 0, 0])