Dict(
	[16, 14, 19, 11, 19, 1, 2, 13, 1, 1] => QQFieldElem[0, 0, 0, 0, 0, 0, 0, 0, 0, -1//4, -1//4, 1//4, -1//4, 0, 0, 0],
	[16, 14, 19, 11, 21, 1, 2, 18, 1, 1] => QQFieldElem[0, -1//4, 0, 0, 0, 0, 0, 1//4, 0, 0, 0, 0, 0, 0, 0, -1//4],
	[16, 14, 19, 11, 19, 1, 1, 13, 1, 1] => QQFieldElem[0, 0, 0, 0, 0, 0, 0, 0, 0, 1//4, 1//4, 1//4, -1//4, 0, 0, 0],
	[16, 14, 19, 11, 21, 1, 1, 18, 1, 1] => QQFieldElem[0, -1//4, 0, 0, 0, 0, 0, -1//4, 0, 0, 0, 0, 0, 0, 0, 1//4],
	[16, 14, 19, 11, 20, 1, 2, 10, 1, 1] => QQFieldElem[0, 0, -1//4, 1//4, 0, 0, 0, 0, 0, 1//4, 1//4, 0, -1//4, 0, 0, 0],
	[16, 14, 19, 11, 20, 1, 1, 10, 1, 1] => QQFieldElem[0, 0, 1//4, 1//4, 0, 0, 0, 0, 0, -1//4, -1//4, 0, -1//4, 0, 0, 0],
	[16, 14, 19, 11, 21, 1, 2, 11, 1, 1] => QQFieldElem[0, 0, 0, 0, 0, 0, 0, 0, 0, 1//4, 0, 0, 0, 0, 0, 1//4],
	[16, 14, 19, 11, 19, 1, 2, 12, 1, 1] => QQFieldElem[0, 0, 0, 0, 0, 0, 0, 0, 0, 1//4, 1//4, 1//4, -1//4, 0, 0, 0],
	[16, 14, 19, 11, 21, 1, 1, 11, 1, 1] => QQFieldElem[0, 0, 0, 0, 0, 0, 0, 0, 0, 1//4, 0, 0, 0, 0, 0, -1//4],
	[16, 14, 19, 11, 19, 1, 1, 12, 1, 1] => QQFieldElem[0, 0, 0, 0, 0, 0, 0, 0, 0, -1//4, -1//4, 1//4, -1//4, 0, 0, 0],
	[16, 14, 19, 11, 20, 1, 1, 18, 1, 1] => QQFieldElem[0, 0, 1//4, -1//4, 0, 0, 0, 0, 0, 1//4, 0, 1//4, -1//4, 0, 0, 0],
	[16, 14, 19, 11, 21, 1, 2, 13, 1, 1] => QQFieldElem[0, 1//4, 0, 0, 0, 0, 0, -1//4, 0, -1//4, 0, 0, 0, 0, 0, 0],
	[16, 14, 19, 11, 20, 1, 2, 18, 1, 1] => QQFieldElem[0, 0, -1//4, -1//4, 0, 0, 0, 0, 0, -1//4, 0, 1//4, -1//4, 0, 0, 0],
	[16, 14, 19, 11, 21, 1, 1, 13, 1, 1] => QQFieldElem[0, 1//4, 0, 0, 0, 0, 0, 1//4, 0, -1//4, 0, 0, 0, 0, 0, 0],
	[16, 14, 19, 11, 19, 1, 2, 16, 1, 1] => QQFieldElem[0, 0, -1//4, 1//4, 0, 0, 0, 0, 0, 1//4, 0, -1//4, -1//4, 0, 0, 0],
	[16, 14, 19, 11, 19, 1, 1, 16, 1, 1] => QQFieldElem[0, 0, 1//4, 1//4, 0, 0, 0, 0, 0, -1//4, 0, -1//4, -1//4, 0, 0, 0],
	[16, 14, 19, 11, 20, 1, 2, 11, 1, 1] => QQFieldElem[0, 0, 1//4, 1//4, 0, 0, 0, 0, 0, -1//4, -1//4, 0, -1//4, 0, 0, 0],
	[16, 14, 19, 11, 20, 1, 1, 11, 1, 1] => QQFieldElem[0, 0, -1//4, 1//4, 0, 0, 0, 0, 0, 1//4, 1//4, 0, -1//4, 0, 0, 0],
	[16, 14, 19, 11, 21, 1, 2, 12, 1, 1] => QQFieldElem[0, -1//4, 0, 0, 0, 0, 0, -1//4, 0, 1//4, 0, 0, 0, 0, 0, 0],
	[16, 14, 19, 11, 19, 1, 2, 10, 1, 1] => QQFieldElem[0, 0, 1//4, -1//4, 0, 0, 0, 0, 0, 1//4, -1//4, 0, -1//4, 0, 0, 0],
	[16, 14, 19, 11, 21, 1, 1, 12, 1, 1] => QQFieldElem[0, -1//4, 0, 0, 0, 0, 0, 1//4, 0, 1//4, 0, 0, 0, 0, 0, 0],
	[16, 14, 19, 11, 19, 1, 1, 10, 1, 1] => QQFieldElem[0, 0, -1//4, -1//4, 0, 0, 0, 0, 0, -1//4, 1//4, 0, -1//4, 0, 0, 0],
	[16, 14, 19, 11, 20, 1, 1, 13, 1, 1] => QQFieldElem[0, 0, 0, 0, 0, 0, 0, 0, 0, 1//4, -1//4, -1//4, -1//4, 0, 0, 0],
	[16, 14, 19, 11, 20, 1, 2, 13, 1, 1] => QQFieldElem[0, 0, 0, 0, 0, 0, 0, 0, 0, -1//4, 1//4, -1//4, -1//4, 0, 0, 0],
	[16, 14, 19, 11, 19, 1, 2, 18, 1, 1] => QQFieldElem[0, 0, 1//4, 1//4, 0, 0, 0, 0, 0, -1//4, 0, -1//4, -1//4, 0, 0, 0],
	[16, 14, 19, 11, 21, 1, 2, 16, 1, 1] => QQFieldElem[0, 1//4, 0, 0, 0, 0, 0, 1//4, 0, 0, 0, 0, 0, 0, 0, -1//4],
	[16, 14, 19, 11, 19, 1, 1, 18, 1, 1] => QQFieldElem[0, 0, -1//4, 1//4, 0, 0, 0, 0, 0, 1//4, 0, -1//4, -1//4, 0, 0, 0],
	[16, 14, 19, 11, 21, 1, 1, 16, 1, 1] => QQFieldElem[0, 1//4, 0, 0, 0, 0, 0, -1//4, 0, 0, 0, 0, 0, 0, 0, 1//4],
	[16, 14, 19, 11, 20, 1, 2, 12, 1, 1] => QQFieldElem[0, 0, 0, 0, 0, 0, 0, 0, 0, 1//4, -1//4, -1//4, -1//4, 0, 0, 0],
	[16, 14, 19, 11, 20, 1, 1, 12, 1, 1] => QQFieldElem[0, 0, 0, 0, 0, 0, 0, 0, 0, -1//4, 1//4, -1//4, -1//4, 0, 0, 0],
	[16, 14, 19, 11, 21, 1, 2, 10, 1, 1] => QQFieldElem[0, 0, 0, 0, 0, 0, 0, 0, 0, -1//4, 0, 0, 0, 0, 0, 1//4],
	[16, 14, 19, 11, 21, 1, 1, 10, 1, 1] => QQFieldElem[0, 0, 0, 0, 0, 0, 0, 0, 0, -1//4, 0, 0, 0, 0, 0, -1//4],
	[16, 14, 19, 11, 19, 1, 2, 11, 1, 1] => QQFieldElem[0, 0, -1//4, -1//4, 0, 0, 0, 0, 0, -1//4, 1//4, 0, -1//4, 0, 0, 0],
	[16, 14, 19, 11, 19, 1, 1, 11, 1, 1] => QQFieldElem[0, 0, 1//4, -1//4, 0, 0, 0, 0, 0, 1//4, -1//4, 0, -1//4, 0, 0, 0],
	[16, 14, 19, 11, 20, 1, 2, 16, 1, 1] => QQFieldElem[0, 0, 1//4, -1//4, 0, 0, 0, 0, 0, 1//4, 0, 1//4, -1//4, 0, 0, 0],
	[16, 14, 19, 11, 20, 1, 1, 16, 1, 1] => QQFieldElem[0, 0, -1//4, -1//4, 0, 0, 0, 0, 0, -1//4, 0, 1//4, -1//4, 0, 0, 0])