Dict(
	[16, 14, 14, 12, 7, 1, 1, 18, 1, 1] => QQFieldElem[0, 0, 0, 0, 0, -3//4, 0, 0, 0, 0, 0, 0, 0, 3//4, 0, 0],
	[16, 14, 14, 12, 14, 1, 2, 16, 1, 1] => QQFieldElem[0, 0, 2//9, 0, 0, 0, 2//9, 0, 0, 0, -2//9, 0, 0, 0, 0, 0],
	[16, 14, 14, 12, 14, 1, 1, 16, 1, 1] => QQFieldElem[0, 0, -2//9, 0, 0, 0, 2//9, 0, 0, 0, 2//9, 0, 0, 0, 0, 0],
	[16, 14, 14, 12, 8, 1, 1, 18, 1, 1] => QQFieldElem[0, 0, 0, -9//4, 0, 0, 0, 0, 0, 0, 0, 0, 0, 0, 0, 0],
	[16, 14, 14, 12, 7, 1, 1, 11, 1, 1] => QQFieldElem[0, 0, 0, 0, 0, -3//4, 0, 0, 0, 0, 0, 0, 0, 3//4, 0, 0],
	[16, 14, 14, 12, 8, 1, 1, 11, 1, 1] => QQFieldElem[0, 0, 0, 9//4, 0, 0, 0, 0, 0, 0, 0, 0, 0, 0, 0, 0],
	[16, 14, 14, 12, 14, 1, 2, 18, 1, 1] => QQFieldElem[1//4, 0, 0, 0, 0, 0, 0, 0, 0, 0, 0, 0, 1//4, 0, 0, 0],
	[16, 14, 14, 12, 14, 1, 1, 18, 1, 1] => QQFieldElem[-1//4, 0, 0, 0, 0, 0, 0, 0, 0, 0, 0, 0, 1//4, 0, 0, 0],
	[16, 14, 14, 12, 7, 1, 1, 12, 1, 1] => QQFieldElem[0, 0, 0, 0, 0, -3//4, 0, 0, 0, 0, 0, 0, 0, 3//4, 0, 0],
	[16, 14, 14, 12, 14, 1, 2, 11, 1, 1] => QQFieldElem[1//4, 0, 0, 0, 0, 0, 0, 0, 0, 0, 0, 0, -1//4, 0, 0, 0],
	[16, 14, 14, 12, 14, 1, 1, 11, 1, 1] => QQFieldElem[-1//4, 0, 0, 0, 0, 0, 0, 0, 0, 0, 0, 0, -1//4, 0, 0, 0],
	[16, 14, 14, 12, 8, 1, 1, 12, 1, 1] => QQFieldElem[0, 0, 0, 9//4, 0, 0, 0, 0, 0, 0, 0, 0, 0, 0, 0, 0],
	[16, 14, 14, 12, 7, 1, 1, 16, 1, 1] => QQFieldElem[0, 0, 0, 0, 0, 0, 0, 0, 0, 0, 0, 0, 0, 0, 0, -2//3],
	[16, 14, 14, 12, 8, 1, 1, 16, 1, 1] => QQFieldElem[0, 0, 0, 0, 0, 2, 0, 0, 0, 0, 0, 0, 0, -2, 0, 0],
	[16, 14, 14, 12, 14, 1, 2, 12, 1, 1] => QQFieldElem[-1//4, 0, 0, 0, 0, 0, 0, 0, 0, 0, 0, 0, 1//4, 0, 0, 0],
	[16, 14, 14, 12, 14, 1, 1, 12, 1, 1] => QQFieldElem[1//4, 0, 0, 0, 0, 0, 0, 0, 0, 0, 0, 0, 1//4, 0, 0, 0])