Dict(
	[16, 14, 15, 20, 17, 1, 1, 12, 1, 1] => QQFieldElem[-1//4, 0, 0, 0, 0, 0, 1//4, -1//4, 0, 0, 1//4, 1//4, 1//4, 0, -1//4, 1//4],
	[16, 14, 15, 20, 10, 1, 1, 11, 1, 1] => QQFieldElem[0, 0, 0, 0, 0, 0, 0, 0, 0, 0, 0, 0, 0, 0, 0, 0],
	[16, 14, 15, 20, 15, 1, 1, 10, 1, 1] => QQFieldElem[-1//4, 0, 0, 0, 0, 0, -1//4, -1//4, 0, 0, -1//4, 1//4, 1//4, 0, 1//4, 1//4],
	[16, 14, 15, 20, 11, 1, 1, 18, 1, 1] => QQFieldElem[36//97, 64//291, 2//291, -2//97, 6//97, -18//97, -32//291, 32//97, -8//291, 8//97, -24//97, 22//291, -22//97, 4//291, -4//97, -158//291],
	[16, 14, 15, 20, 10, 1, 1, 13, 1, 1] => QQFieldElem[0, 0, 0, 0, 0, 0, 0, 0, 0, 0, -1//2, 0, 0, 0, 0, 0],
	[16, 14, 15, 20, 17, 1, 1, 16, 1, 1] => QQFieldElem[0, 0, 0, 0, 0, 0, 0, 0, 0, 0, 0, 0, 0, 0, 0, 0],
	[16, 14, 15, 20, 15, 1, 1, 18, 1, 1] => QQFieldElem[0, 0, 0, 0, 0, 0, 0, 0, 0, 0, 0, 0, 0, 0, 0, 0],
	[16, 14, 15, 20, 13, 1, 1, 11, 1, 1] => QQFieldElem[0, 0, 0, 0, 0, 0, 0, 0, 0, 0, 0, 0, 0, 0, 0, 0],
	[16, 14, 15, 20, 12, 1, 1, 12, 1, 1] => QQFieldElem[0, 0, 0, 0, 0, 0, 0, 0, 0, 0, -1//2, 0, 0, 0, 0, 0],
	[16, 14, 15, 20, 13, 1, 1, 13, 1, 1] => QQFieldElem[0, 0, 0, 0, 0, 0, 0, 0, 0, 0, -2//3, 0, 0, 0, 0, 0],
	[16, 14, 15, 20, 11, 1, 1, 11, 1, 1] => QQFieldElem[0, 0, 0, 0, 0, 0, 0, 0, 0, 0, -2//3, 0, 0, 0, 0, 0],
	[16, 14, 15, 20, 17, 1, 1, 10, 1, 1] => QQFieldElem[1//4, 0, 0, 0, 0, 0, 1//4, 1//4, 0, 0, -1//4, 1//4, 1//4, 0, -1//4, -1//4],
	[16, 14, 15, 20, 12, 1, 1, 16, 1, 1] => QQFieldElem[18//97, -27//194, -2//97, 3//194, 11//97, 16//97, -12//97, -79//194, -1//194, 25//194, 27//97, 4//97, -3//97, -22//97, 33//194, 24//97],
	[16, 14, 15, 20, 10, 1, 1, 12, 1, 1] => QQFieldElem[0, 0, 0, 0, 0, 0, 0, 0, 0, 0, 0, 0, 0, 0, 0, 0],
	[16, 14, 15, 20, 11, 1, 1, 13, 1, 1] => QQFieldElem[0, 0, 0, 0, 0, 0, 0, 0, 0, 0, 0, 0, 0, 0, 0, 0],
	[16, 14, 15, 20, 15, 1, 1, 11, 1, 1] => QQFieldElem[-1//4, 0, 0, 0, 0, 0, 1//4, -1//4, 0, 0, -1//4, -1//4, -1//4, 0, -1//4, 1//4],
	[16, 14, 15, 20, 17, 1, 1, 18, 1, 1] => QQFieldElem[0, 0, 0, 0, 0, 0, 0, 0, 0, 0, 0, 0, 0, 0, 0, 0],
	[16, 14, 15, 20, 10, 1, 1, 16, 1, 1] => QQFieldElem[-8//97, 6//97, -9//194, 31//194, 1//194, -25//194, -27//97, -4//97, 11//97, 16//97, -12//97, -79//194, 35//194, -1//97, 25//97, 11//194],
	[16, 14, 15, 20, 15, 1, 1, 13, 1, 1] => QQFieldElem[1//4, 0, 0, 0, 0, 0, 1//4, 1//4, 0, 0, 1//4, -1//4, -1//4, 0, -1//4, -1//4],
	[16, 14, 15, 20, 12, 1, 1, 10, 1, 1] => QQFieldElem[0, 0, 0, 0, 0, 0, 0, 0, 0, 0, 0, 0, 0, 0, 0, 0],
	[16, 14, 15, 20, 13, 1, 1, 12, 1, 1] => QQFieldElem[0, 0, 0, 0, 0, 0, 0, 0, 0, 0, 0, 0, 0, 0, 0, 0],
	[16, 14, 15, 20, 11, 1, 1, 12, 1, 1] => QQFieldElem[0, 0, 0, 0, 0, 0, 0, 0, 0, 0, -2//3, 0, 0, 0, 0, 0],
	[16, 14, 15, 20, 10, 1, 1, 10, 1, 1] => QQFieldElem[0, 0, 0, 0, 0, 0, 0, 0, 0, 0, -1//2, 0, 0, 0, 0, 0],
	[16, 14, 15, 20, 13, 1, 1, 16, 1, 1] => QQFieldElem[32//291, -8//97, 6//97, -62//291, -2//291, 50//291, 36//97, 16//291, -44//291, -64//291, 16//97, 158//291, -70//291, 4//291, -100//291, -22//291],
	[16, 14, 15, 20, 17, 1, 1, 11, 1, 1] => QQFieldElem[1//4, 0, 0, 0, 0, 0, -1//4, 1//4, 0, 0, -1//4, -1//4, -1//4, 0, 1//4, -1//4],
	[16, 14, 15, 20, 12, 1, 1, 18, 1, 1] => QQFieldElem[-27//97, -16//97, -1//194, 3//194, -9//194, 27//194, 8//97, -24//97, 2//97, -6//97, 18//97, -11//194, 33//194, -1//97, 3//97, 79//194],
	[16, 14, 15, 20, 15, 1, 1, 12, 1, 1] => QQFieldElem[1//4, 0, 0, 0, 0, 0, -1//4, 1//4, 0, 0, 1//4, 1//4, 1//4, 0, 1//4, -1//4],
	[16, 14, 15, 20, 17, 1, 1, 13, 1, 1] => QQFieldElem[-1//4, 0, 0, 0, 0, 0, -1//4, -1//4, 0, 0, 1//4, -1//4, -1//4, 0, 1//4, 1//4],
	[16, 14, 15, 20, 11, 1, 1, 16, 1, 1] => QQFieldElem[-24//97, 18//97, 8//291, -2//97, -44//291, -64//291, 16//97, 158//291, 2//291, -50//291, -36//97, -16//291, 4//97, 88//291, -22//97, -32//97],
	[16, 14, 15, 20, 10, 1, 1, 18, 1, 1] => QQFieldElem[12//97, 25//194, 11//97, 31//194, 2//97, -6//97, 18//97, -11//194, 9//194, -27//194, -8//97, 24//97, 25//97, 22//97, -35//194, 4//97],
	[16, 14, 15, 20, 13, 1, 1, 10, 1, 1] => QQFieldElem[0, 0, 0, 0, 0, 0, 0, 0, 0, 0, -2//3, 0, 0, 0, 0, 0],
	[16, 14, 15, 20, 15, 1, 1, 16, 1, 1] => QQFieldElem[0, 0, 0, 0, 0, 0, 0, 0, 0, 0, 0, 0, 0, 0, 0, 0],
	[16, 14, 15, 20, 12, 1, 1, 11, 1, 1] => QQFieldElem[0, 0, 0, 0, 0, 0, 0, 0, 0, 0, -1//2, 0, 0, 0, 0, 0],
	[16, 14, 15, 20, 11, 1, 1, 10, 1, 1] => QQFieldElem[0, 0, 0, 0, 0, 0, 0, 0, 0, 0, 0, 0, 0, 0, 0, 0],
	[16, 14, 15, 20, 12, 1, 1, 13, 1, 1] => QQFieldElem[0, 0, 0, 0, 0, 0, 0, 0, 0, 0, 0, 0, 0, 0, 0, 0],
	[16, 14, 15, 20, 13, 1, 1, 18, 1, 1] => QQFieldElem[-16//97, -50//291, -44//291, -62//291, -8//291, 8//97, -24//97, 22//291, -6//97, 18//97, 32//291, -32//97, -100//291, -88//291, 70//291, -16//291])