Dict(
	[16, 13, 14, 14, 16, 1, 1, 6, 1, 1] => QQFieldElem[0, 0, 0, 3//32, 0, 0, 0, 0, 0, 0, 0, 0, 0, 0, 0, 0],
	[16, 13, 14, 14, 10, 1, 1, 9, 1, 1] => QQFieldElem[0, 0, 0, 2//9, 0, 0, 0, 0, 0, 0, 0, 0, 0, 0, 0, 0],
	[16, 13, 14, 14, 10, 1, 1, 14, 1, 2] => QQFieldElem[3//8, 0, 0, 0, 0, 0, 0, 0, 0, 0, 0, 0, -3//8, 0, 0, 0],
	[16, 13, 14, 14, 13, 1, 1, 9, 1, 1] => QQFieldElem[0, 0, 0, 1//6, 0, 0, 0, 0, 0, 0, 0, 0, 0, 0, 0, 0],
	[16, 13, 14, 14, 16, 1, 1, 14, 1, 1] => QQFieldElem[1//2, 0, 0, 0, 0, 0, 0, 0, 0, 0, 0, 0, 1//2, 0, 0, 0],
	[16, 13, 14, 14, 18, 1, 1, 9, 1, 1] => QQFieldElem[0, 0, 0, -1//6, 0, 0, 0, 0, 0, 0, 0, 0, 0, 0, 0, 0],
	[16, 13, 14, 14, 10, 1, 1, 6, 1, 1] => QQFieldElem[0, 0, 0, 0, 0, 1//9, 0, 0, 0, 0, 0, 0, 0, -1//9, 0, 0],
	[16, 13, 14, 14, 13, 1, 1, 14, 1, 2] => QQFieldElem[-3//8, 0, 0, 0, 0, 0, 0, 0, 0, 0, 0, 0, -3//8, 0, 0, 0],
	[16, 13, 14, 14, 18, 1, 1, 14, 1, 2] => QQFieldElem[3//8, 0, 0, 0, 0, 0, 0, 0, 0, 0, 0, 0, -3//8, 0, 0, 0],
	[16, 13, 14, 14, 13, 1, 1, 6, 1, 1] => QQFieldElem[0, 0, 0, 0, 0, 1//12, 0, 0, 0, 0, 0, 0, 0, -1//12, 0, 0],
	[16, 13, 14, 14, 18, 1, 1, 6, 1, 1] => QQFieldElem[0, 0, 0, 0, 0, 1//12, 0, 0, 0, 0, 0, 0, 0, -1//12, 0, 0],
	[16, 13, 14, 14, 10, 1, 1, 14, 1, 1] => QQFieldElem[-1//2, 0, 0, 0, 0, 0, 0, 0, 0, 0, 0, 0, 1//2, 0, 0, 0],
	[16, 13, 14, 14, 16, 1, 1, 9, 1, 1] => QQFieldElem[0, 0, 0, 0, 0, 0, 0, 0, 0, -3//16, 0, 0, 0, 0, 0, 0],
	[16, 13, 14, 14, 13, 1, 1, 14, 1, 1] => QQFieldElem[0, 0, -27//64, 0, 0, 0, 27//64, 0, 0, 0, 27//64, 0, 0, 0, 0, 0],
	[16, 13, 14, 14, 18, 1, 1, 14, 1, 1] => QQFieldElem[0, 0, -27//64, 0, 0, 0, -27//64, 0, 0, 0, 27//64, 0, 0, 0, 0, 0],
	[16, 13, 14, 14, 16, 1, 1, 14, 1, 2] => QQFieldElem[-3//8, 0, 0, 0, 0, 0, 0, 0, 0, 0, 0, 0, -3//8, 0, 0, 0])