Dict(
	[16, 16, 10, 13, 20, 1, 1, 20, 1, 1] => QQFieldElem[1//3, 0, -1//3, 1//3, 0, 1//3, -1//3, 0, 0, 0, 1//3, -1//3, 0, 0, 0, 0],
	[16, 16, 10, 13, 19, 1, 1, 5, 1, 1] => QQFieldElem[0, 0, 0, 0, 0, 0, 0, 0, 0, -1//6, 0, 0, -1//6, 0, 0, -1//6],
	[16, 16, 10, 13, 6, 1, 1, 20, 1, 1] => QQFieldElem[-27//16, 0, 0, 0, 0, 0, 0, 0, 0, 0, 0, 0, 0, 0, 0, 0],
	[16, 16, 10, 13, 9, 1, 1, 20, 1, 1] => QQFieldElem[0, 0, 0, 0, 0, 0, 0, 0, 0, 0, 0, 0, 0, 0, 0, 0],
	[16, 16, 10, 13, 19, 1, 1, 3, 1, 1] => QQFieldElem[0, 0, 0, 0, 0, 0, 0, 0, 0, 1//6, 0, 0, 1//6, 0, 0, 1//6],
	[16, 16, 10, 13, 21, 1, 1, 14, 1, 1] => QQFieldElem[0, 0, 0, 0, 0, 0, 0, 0, 0, 0, 0, 0, 0, 0, 0, 0],
	[16, 16, 10, 13, 19, 1, 1, 19, 1, 1] => QQFieldElem[-2//3, 0, -1//3, -1//3, 0, -1//3, -1//3, 0, 0, 0, 1//3, 0, 0, 1//3, 0, 0],
	[16, 16, 10, 13, 19, 1, 1, 21, 1, 1] => QQFieldElem[1//3, 0, 1//3, 1//3, 0, 1//3, 1//3, 0, 0, 0, 0, -1//3, 0, 0, -1//3, 0],
	[16, 16, 10, 13, 14, 1, 1, 14, 1, 1] => QQFieldElem[0, 0, 0, 0, 0, 0, 0, 0, 0, 0, 0, 0, 0, 0, 0, 48],
	[16, 16, 10, 13, 21, 1, 1, 5, 1, 1] => QQFieldElem[0, -1//6, 0, 0, 0, 0, 0, 1//6, 0, 1//6, 0, 0, -1//6, 0, 0, 0],
	[16, 16, 10, 13, 20, 1, 1, 14, 1, 1] => QQFieldElem[0, 0, 0, 0, 0, 0, 0, 0, 0, 0, 0, 0, 0, 0, 0, 0],
	[16, 16, 10, 13, 21, 1, 1, 3, 1, 1] => QQFieldElem[0, 1//6, 0, 0, 0, 0, 0, -1//6, 0, -1//6, 0, 0, 1//6, 0, 0, 0],
	[16, 16, 10, 13, 6, 1, 1, 14, 1, 1] => QQFieldElem[0, 0, 0, 0, 0, 0, 0, 0, 0, 0, 0, 0, 0, 0, 0, 0],
	[16, 16, 10, 13, 21, 1, 1, 19, 1, 1] => QQFieldElem[-2//3, 0, 0, 1//3, 0, 1//3, 0, 0, 0, 0, -1//3, -1//3, 0, 0, 1//3, 0],
	[16, 16, 10, 13, 14, 1, 1, 5, 1, 1] => QQFieldElem[0, 0, 0, 0, 0, 0, 0, 0, 0, 0, 0, 0, 0, 0, 0, -24],
	[16, 16, 10, 13, 9, 1, 1, 14, 1, 1] => QQFieldElem[-9//16, 0, 0, 0, 0, 0, 0, 0, 0, 0, 0, 0, 0, 0, 0, 0],
	[16, 16, 10, 13, 19, 1, 1, 20, 1, 1] => QQFieldElem[1//3, 0, 0, 0, 0, 0, 0, 0, 0, 0, -1//3, 1//3, 0, -1//3, 1//3, 0],
	[16, 16, 10, 13, 21, 1, 1, 21, 1, 1] => QQFieldElem[1//3, 0, -1//3, 0, 0, 0, -1//3, 0, 0, 0, 1//3, 1//3, 0, -1//3, 0, 0],
	[16, 16, 10, 13, 14, 1, 1, 3, 1, 1] => QQFieldElem[0, 0, 0, 0, 0, 0, 0, 0, 0, 0, 0, 0, 0, 0, 0, -24],
	[16, 16, 10, 13, 14, 1, 1, 19, 1, 1] => QQFieldElem[0, 0, 0, 0, 0, 0, 0, 0, 0, 0, 0, 0, 0, 0, 0, 0],
	[16, 16, 10, 13, 20, 1, 1, 5, 1, 1] => QQFieldElem[0, 1//6, 0, 0, 0, 0, 0, -1//6, 0, 0, 0, 0, -1//6, 0, 0, 1//6],
	[16, 16, 10, 13, 14, 1, 1, 21, 1, 1] => QQFieldElem[0, 0, 0, 0, 0, 0, 0, 0, 0, 0, 0, 0, 0, 0, 0, 0],
	[16, 16, 10, 13, 9, 1, 1, 5, 1, 1] => QQFieldElem[-9//32, 0, 0, 0, 0, 0, 0, 0, 0, 0, 0, 0, 0, 0, 0, 0],
	[16, 16, 10, 13, 20, 1, 1, 3, 1, 1] => QQFieldElem[0, -1//6, 0, 0, 0, 0, 0, 1//6, 0, 0, 0, 0, 1//6, 0, 0, -1//6],
	[16, 16, 10, 13, 6, 1, 1, 5, 1, 1] => QQFieldElem[0, 0, 0, 0, 0, 0, 0, 0, 0, 0, 0, 0, 0, 0, 0, 0],
	[16, 16, 10, 13, 20, 1, 1, 19, 1, 1] => QQFieldElem[-2//3, 0, 1//3, 0, 0, 0, 1//3, 0, 0, 0, 0, 1//3, 0, -1//3, -1//3, 0],
	[16, 16, 10, 13, 6, 1, 1, 3, 1, 1] => QQFieldElem[0, 0, 0, 0, 0, 0, 0, 0, 0, 0, 0, 0, 0, 0, 0, 0],
	[16, 16, 10, 13, 9, 1, 1, 3, 1, 1] => QQFieldElem[-9//32, 0, 0, 0, 0, 0, 0, 0, 0, 0, 0, 0, 0, 0, 0, 0],
	[16, 16, 10, 13, 6, 1, 1, 19, 1, 1] => QQFieldElem[-27//16, 0, 0, 0, 0, 0, 0, 0, 0, 0, 0, 0, 0, 0, 0, 0],
	[16, 16, 10, 13, 21, 1, 1, 20, 1, 1] => QQFieldElem[1//3, 0, 1//3, -1//3, 0, -1//3, 1//3, 0, 0, 0, 0, 0, 0, 1//3, -1//3, 0],
	[16, 16, 10, 13, 9, 1, 1, 19, 1, 1] => QQFieldElem[0, 0, 0, 0, 0, 0, 0, 0, 0, 0, 0, 0, 0, 0, 0, 0],
	[16, 16, 10, 13, 20, 1, 1, 21, 1, 1] => QQFieldElem[1//3, 0, 0, -1//3, 0, -1//3, 0, 0, 0, 0, -1//3, 0, 0, 1//3, 1//3, 0],
	[16, 16, 10, 13, 6, 1, 1, 21, 1, 1] => QQFieldElem[-27//16, 0, 0, 0, 0, 0, 0, 0, 0, 0, 0, 0, 0, 0, 0, 0],
	[16, 16, 10, 13, 19, 1, 1, 14, 1, 1] => QQFieldElem[0, 0, 0, 0, 0, 0, 0, 0, 0, 0, 0, 0, 0, 0, 0, 0],
	[16, 16, 10, 13, 9, 1, 1, 21, 1, 1] => QQFieldElem[0, 0, 0, 0, 0, 0, 0, 0, 0, 0, 0, 0, 0, 0, 0, 0],
	[16, 16, 10, 13, 14, 1, 1, 20, 1, 1] => QQFieldElem[0, 0, 0, 0, 0, 0, 0, 0, 0, 0, 0, 0, 0, 0, 0, 0])