Dict(
	[16, 11, 12, 10, 21, 1, 1, 19, 1, 1] => QQFieldElem[0, 0, 0, -1//4, 0, 0, 0, 0, 0, 0, 0, 1//4, -1//4, 0, 0, 0],
	[16, 11, 12, 10, 19, 1, 1, 20, 1, 1] => QQFieldElem[0, 0, 0, 0, 0, 0, 0, 0, 0, 0, 0, -1//4, -1//4, 0, 0, 0],
	[16, 11, 12, 10, 21, 1, 1, 21, 1, 1] => QQFieldElem[0, 0, 0, 0, 0, 0, 0, 0, 0, 0, 0, -1//4, -1//4, 0, 0, 0],
	[16, 11, 12, 10, 20, 1, 1, 7, 1, 1] => QQFieldElem[0, 0, 0, 0, 1//256, 0, 0, 0, 0, 0, 0, 0, 0, 0, 0, 0],
	[16, 11, 12, 10, 9, 1, 1, 7, 1, 1] => QQFieldElem[0, 0, 0, 0, 0, 0, 0, 0, 0, 0, 0, 0, 0, 0, 0, 0],
	[16, 11, 12, 10, 20, 1, 1, 19, 1, 1] => QQFieldElem[0, 0, 0, 0, 0, 0, 0, 0, 0, 0, 0, -1//4, -1//4, 0, 0, 0],
	[16, 11, 12, 10, 21, 1, 1, 20, 1, 1] => QQFieldElem[0, 0, 0, 1//4, 0, 0, 0, 0, 0, 0, 0, 0, -1//4, 0, 0, 0],
	[16, 11, 12, 10, 9, 1, 1, 19, 1, 1] => QQFieldElem[0, 0, 0, 0, 0, 0, 0, 0, 0, 0, 0, 0, 64, 0, 0, 0],
	[16, 11, 12, 10, 20, 1, 1, 21, 1, 1] => QQFieldElem[0, 0, 0, 1//4, 0, 0, 0, 0, 0, 0, 0, 0, -1//4, 0, 0, 0],
	[16, 11, 12, 10, 9, 1, 1, 21, 1, 1] => QQFieldElem[0, 0, 0, 0, 64, 0, 0, 0, 0, 0, 0, 0, -64, 0, 0, 0],
	[16, 11, 12, 10, 19, 1, 1, 7, 1, 1] => QQFieldElem[0, 0, 0, 0, 0, 0, 0, 0, 0, 0, 0, 0, -1//256, 0, 0, 0],
	[16, 11, 12, 10, 20, 1, 1, 20, 1, 1] => QQFieldElem[0, 0, 0, -1//4, 0, 0, 0, 0, 0, 0, 0, 1//4, -1//4, 0, 0, 0],
	[16, 11, 12, 10, 9, 1, 1, 20, 1, 1] => QQFieldElem[0, 0, 0, 0, -64, 0, 0, 0, 0, 0, 0, 0, 0, 0, 0, 0],
	[16, 11, 12, 10, 19, 1, 1, 19, 1, 1] => QQFieldElem[0, 0, 0, 1//4, 0, 0, 0, 0, 0, 0, 0, 0, -1//4, 0, 0, 0],
	[16, 11, 12, 10, 19, 1, 1, 21, 1, 1] => QQFieldElem[0, 0, 0, -1//4, 0, 0, 0, 0, 0, 0, 0, 1//4, -1//4, 0, 0, 0],
	[16, 11, 12, 10, 21, 1, 1, 7, 1, 1] => QQFieldElem[0, 0, 0, 0, -1//256, 0, 0, 0, 0, 0, 0, 0, 1//256, 0, 0, 0])