Dict(
	[17, 11, 14, 14, 15, 1, 1, 9, 1, 1] => QQFieldElem[0, 0, 0, 0, 0, 3//8, 0, 0, 0, 0, 0, 0, 0, -3//8, 0, 0],
	[17, 11, 14, 14, 12, 1, 1, 14, 1, 1] => QQFieldElem[0, 0, -27//64, 0, 0, 0, 27//64, 0, 0, 0, 27//64, 0, 0, 0, 0, 0],
	[17, 11, 14, 14, 11, 1, 1, 14, 1, 2] => QQFieldElem[3//8, 0, 0, 0, 0, 0, 0, 0, 0, 0, 0, 0, -3//8, 0, 0, 0],
	[17, 11, 14, 14, 15, 1, 1, 14, 1, 2] => QQFieldElem[-3//8, 0, 0, 0, 0, 0, 0, 0, 0, 0, 0, 0, -3//8, 0, 0, 0],
	[17, 11, 14, 14, 11, 1, 1, 6, 1, 1] => QQFieldElem[0, 0, 0, 0, 0, 0, 0, 0, 0, -8//27, 0, 0, 0, 0, 0, 0],
	[17, 11, 14, 14, 17, 1, 1, 9, 1, 1] => QQFieldElem[0, 0, 0, 0, 0, 0, 0, 0, 0, 0, 0, 0, 0, 0, 0, -1//3],
	[17, 11, 14, 14, 15, 1, 1, 6, 1, 1] => QQFieldElem[0, 0, 0, 0, 0, 0, 0, 0, 0, 0, 0, 0, 0, 0, 0, -1//4],
	[17, 11, 14, 14, 17, 1, 1, 14, 1, 2] => QQFieldElem[3//8, 0, 0, 0, 0, 0, 0, 0, 0, 0, 0, 0, -3//8, 0, 0, 0],
	[17, 11, 14, 14, 12, 1, 1, 9, 1, 1] => QQFieldElem[0, 0, 0, 0, 0, 0, 0, 0, 0, 0, 0, 0, 0, 0, 0, 1//3],
	[17, 11, 14, 14, 11, 1, 1, 14, 1, 1] => QQFieldElem[-1//2, 0, 0, 0, 0, 0, 0, 0, 0, 0, 0, 0, 1//2, 0, 0, 0],
	[17, 11, 14, 14, 15, 1, 1, 14, 1, 1] => QQFieldElem[1//2, 0, 0, 0, 0, 0, 0, 0, 0, 0, 0, 0, 1//2, 0, 0, 0],
	[17, 11, 14, 14, 17, 1, 1, 6, 1, 1] => QQFieldElem[0, 0, 0, 0, 0, 0, 0, 0, 0, -2//9, 0, 0, 0, 0, 0, 0],
	[17, 11, 14, 14, 12, 1, 1, 14, 1, 2] => QQFieldElem[-3//8, 0, 0, 0, 0, 0, 0, 0, 0, 0, 0, 0, -3//8, 0, 0, 0],
	[17, 11, 14, 14, 12, 1, 1, 6, 1, 1] => QQFieldElem[0, 0, 0, 0, 0, 0, 0, 0, 0, -2//9, 0, 0, 0, 0, 0, 0],
	[17, 11, 14, 14, 17, 1, 1, 14, 1, 1] => QQFieldElem[0, 0, -27//64, 0, 0, 0, -27//64, 0, 0, 0, 27//64, 0, 0, 0, 0, 0],
	[17, 11, 14, 14, 11, 1, 1, 9, 1, 1] => QQFieldElem[0, 0, 0, 0, 0, 0, 0, 0, 0, 0, 0, 0, 0, 0, 0, 4//9])