Dict(
	[17, 16, 12, 10, 8, 1, 1, 7, 1, 1] => QQFieldElem[27//32, 0, 0, 0, 0, 0, 0, 0, 0, 0, 0, 0, -9//32, 0, 0, 0],
	[17, 16, 12, 10, 7, 1, 1, 19, 1, 1] => QQFieldElem[0, 0, 0, 0, 0, 0, 0, 0, 0, 0, 0, 0, -9//16, 0, 0, 0],
	[17, 16, 12, 10, 19, 1, 1, 21, 1, 1] => QQFieldElem[0, 0, 1//3, 0, -2//3, -1//3, 1//3, 1//3, 0, 0, 0, 0, 1//3, 0, -1//3, 0],
	[17, 16, 12, 10, 21, 1, 1, 4, 1, 1] => QQFieldElem[0, 1//6, 0, 1//6, 0, 0, 0, 0, 0, -1//6, 0, -1//6, -1//6, 0, 0, 0],
	[17, 16, 12, 10, 8, 1, 1, 5, 1, 1] => QQFieldElem[27//64, 0, 0, 0, 0, 0, 0, 0, 0, 0, 0, 0, -9//64, 0, 0, 0],
	[17, 16, 12, 10, 7, 1, 1, 21, 1, 1] => QQFieldElem[0, 0, 0, 0, 0, 0, 0, 0, 0, 0, 0, 0, -9//16, 0, 0, 0],
	[17, 16, 12, 10, 21, 1, 1, 7, 1, 1] => QQFieldElem[0, 0, 0, 0, 0, 0, 0, 0, 0, 0, 0, 0, 0, 0, 0, 0],
	[17, 16, 12, 10, 8, 1, 1, 19, 1, 1] => QQFieldElem[9//8, 0, 0, 0, 0, 0, 0, 0, 0, 0, 0, 0, 9//16, 0, 0, 0],
	[17, 16, 12, 10, 21, 1, 1, 5, 1, 1] => QQFieldElem[0, -1//6, 0, -1//6, 0, 0, 0, 0, 0, 1//6, 0, 1//6, 1//6, 0, 0, 0],
	[17, 16, 12, 10, 14, 1, 1, 4, 1, 1] => QQFieldElem[0, 0, 0, 0, 0, -128//3, 0, 0, 0, 0, 0, 0, 0, 128//3, 0, 0],
	[17, 16, 12, 10, 8, 1, 1, 21, 1, 1] => QQFieldElem[9//8, 0, 0, 0, 0, 0, 0, 0, 0, 0, 0, 0, 9//16, 0, 0, 0],
	[17, 16, 12, 10, 14, 1, 1, 7, 1, 1] => QQFieldElem[0, 0, 0, 0, 0, 256//3, 0, 0, 0, 0, 0, 0, 0, -256//3, 0, 0],
	[17, 16, 12, 10, 21, 1, 1, 19, 1, 1] => QQFieldElem[0, 0, 0, 0, 0, -1//3, 0, 1//3, 0, 0, -1//3, 0, 0, 0, 1//3, 0],
	[17, 16, 12, 10, 19, 1, 1, 20, 1, 1] => QQFieldElem[0, 0, 0, 0, 2//3, 0, 0, -1//3, 0, 0, -1//3, 0, -1//3, 1//3, 1//3, 1//3],
	[17, 16, 12, 10, 14, 1, 1, 5, 1, 1] => QQFieldElem[0, 0, 0, 0, 0, -128//3, 0, 0, 0, 0, 0, 0, 0, 128//3, 0, 0],
	[17, 16, 12, 10, 20, 1, 1, 4, 1, 1] => QQFieldElem[0, -1//6, 0, 0, 0, 0, 0, 0, 0, 0, 0, 1//6, -1//6, 0, 0, 0],
	[17, 16, 12, 10, 21, 1, 1, 21, 1, 1] => QQFieldElem[0, 0, -1//3, 0, -2//3, 0, -1//3, -1//3, 0, 0, 1//3, 0, 1//3, 1//3, 0, 1//3],
	[17, 16, 12, 10, 7, 1, 1, 20, 1, 1] => QQFieldElem[0, 0, 0, 0, 0, 0, 0, 0, 0, 0, 0, 0, -9//16, 0, 0, 0],
	[17, 16, 12, 10, 20, 1, 1, 7, 1, 1] => QQFieldElem[0, 0, 0, 0, 0, 0, 0, 0, 0, 0, 0, 0, 0, 0, 0, 0],
	[17, 16, 12, 10, 14, 1, 1, 19, 1, 1] => QQFieldElem[0, 0, 0, 0, 0, 0, 0, 0, 0, 0, 0, 0, 0, 0, 0, 0],
	[17, 16, 12, 10, 20, 1, 1, 5, 1, 1] => QQFieldElem[0, 1//6, 0, 0, 0, 0, 0, 0, 0, 0, 0, -1//6, 1//6, 0, 0, 0],
	[17, 16, 12, 10, 8, 1, 1, 20, 1, 1] => QQFieldElem[9//8, 0, 0, 0, 0, 0, 0, 0, 0, 0, 0, 0, 9//16, 0, 0, 0],
	[17, 16, 12, 10, 14, 1, 1, 21, 1, 1] => QQFieldElem[0, 0, 0, 0, 0, 0, 0, 0, 0, 0, 0, 0, 0, 0, 0, 0],
	[17, 16, 12, 10, 20, 1, 1, 19, 1, 1] => QQFieldElem[0, 0, 1//3, 0, 0, 0, 1//3, -1//3, 0, 0, 0, 0, 0, 1//3, -1//3, 1//3],
	[17, 16, 12, 10, 20, 1, 1, 21, 1, 1] => QQFieldElem[0, 0, 0, 0, -2//3, 1//3, 0, 0, 0, 0, -1//3, 0, 1//3, -1//3, 1//3, -1//3],
	[17, 16, 12, 10, 21, 1, 1, 20, 1, 1] => QQFieldElem[0, 0, 1//3, 0, 2//3, 1//3, 1//3, 0, 0, 0, 0, 0, -1//3, -1//3, -1//3, -1//3],
	[17, 16, 12, 10, 14, 1, 1, 20, 1, 1] => QQFieldElem[0, 0, 0, 0, 0, 0, 0, 0, 0, 0, 0, 0, 0, 0, 0, 0],
	[17, 16, 12, 10, 19, 1, 1, 4, 1, 1] => QQFieldElem[0, 0, 0, -1//6, 0, 0, 0, 0, 0, 1//6, 0, 0, -1//6, 0, 0, 0],
	[17, 16, 12, 10, 19, 1, 1, 7, 1, 1] => QQFieldElem[0, 0, 0, 0, 0, 0, 0, 0, 0, 0, 0, 0, 0, 0, 0, 0],
	[17, 16, 12, 10, 7, 1, 1, 4, 1, 1] => QQFieldElem[9//64, 0, 0, 0, 0, 0, 0, 0, 0, 0, 0, 0, 9//64, 0, 0, 0],
	[17, 16, 12, 10, 7, 1, 1, 7, 1, 1] => QQFieldElem[9//32, 0, 0, 0, 0, 0, 0, 0, 0, 0, 0, 0, 9//32, 0, 0, 0],
	[17, 16, 12, 10, 19, 1, 1, 5, 1, 1] => QQFieldElem[0, 0, 0, 1//6, 0, 0, 0, 0, 0, -1//6, 0, 0, 1//6, 0, 0, 0],
	[17, 16, 12, 10, 20, 1, 1, 20, 1, 1] => QQFieldElem[0, 0, -1//3, 0, 2//3, -1//3, -1//3, 1//3, 0, 0, 1//3, 0, -1//3, 0, 0, 0],
	[17, 16, 12, 10, 7, 1, 1, 5, 1, 1] => QQFieldElem[9//64, 0, 0, 0, 0, 0, 0, 0, 0, 0, 0, 0, 9//64, 0, 0, 0],
	[17, 16, 12, 10, 8, 1, 1, 4, 1, 1] => QQFieldElem[27//64, 0, 0, 0, 0, 0, 0, 0, 0, 0, 0, 0, -9//64, 0, 0, 0],
	[17, 16, 12, 10, 19, 1, 1, 19, 1, 1] => QQFieldElem[0, 0, -1//3, 0, 0, 1//3, -1//3, 0, 0, 0, 1//3, 0, 0, -1//3, 0, -1//3])