Dict(
	[17, 12, 13, 12, 20, 1, 1, 19, 1, 1] => QQFieldElem[0, 0, 0, 0, 0, 0, 0, -1//3, 0, 0, 0, 0, -1//3, 0, 0, 1//3],
	[17, 12, 13, 12, 21, 1, 1, 20, 1, 1] => QQFieldElem[0, 0, 0, 0, 0, 0, 0, 0, 0, 0, 0, 0, -1//3, 0, 0, -1//3],
	[17, 12, 13, 12, 20, 1, 1, 21, 1, 1] => QQFieldElem[0, 0, 0, 0, 0, 0, 0, 0, 0, 0, 0, 0, -1//3, 0, 0, -1//3],
	[17, 12, 13, 12, 21, 1, 1, 6, 1, 1] => QQFieldElem[0, 0, 0, 0, 0, 0, 0, 0, 0, 0, 0, 0, 0, 0, -1//12, 0],
	[17, 12, 13, 12, 14, 1, 1, 20, 1, 1] => QQFieldElem[0, 0, 0, 0, -1024//9, 0, 0, 0, 0, 0, 0, 0, 0, 0, 0, 0],
	[17, 12, 13, 12, 14, 1, 1, 6, 1, 1] => QQFieldElem[0, 0, 0, 0, 0, 0, 0, 0, 0, 0, 0, 0, 0, 0, 0, 0],
	[17, 12, 13, 12, 20, 1, 1, 20, 1, 1] => QQFieldElem[0, 0, 0, 0, 0, 0, 0, 1//3, 0, 0, 0, 0, -1//3, 0, 0, 0],
	[17, 12, 13, 12, 20, 1, 1, 6, 1, 1] => QQFieldElem[0, 0, 0, 0, 0, 0, -1//12, 0, 0, 0, 0, 0, 0, 0, 1//12, 0],
	[17, 12, 13, 12, 19, 1, 1, 19, 1, 1] => QQFieldElem[0, 0, 0, 0, 0, 0, 0, 0, 0, 0, 0, 0, -1//3, 0, 0, -1//3],
	[17, 12, 13, 12, 19, 1, 1, 21, 1, 1] => QQFieldElem[0, 0, 0, 0, 0, 0, 0, 1//3, 0, 0, 0, 0, -1//3, 0, 0, 0],
	[17, 12, 13, 12, 19, 1, 1, 20, 1, 1] => QQFieldElem[0, 0, 0, 0, 0, 0, 0, -1//3, 0, 0, 0, 0, -1//3, 0, 0, 1//3],
	[17, 12, 13, 12, 21, 1, 1, 19, 1, 1] => QQFieldElem[0, 0, 0, 0, 0, 0, 0, 1//3, 0, 0, 0, 0, -1//3, 0, 0, 0],
	[17, 12, 13, 12, 21, 1, 1, 21, 1, 1] => QQFieldElem[0, 0, 0, 0, 0, 0, 0, -1//3, 0, 0, 0, 0, -1//3, 0, 0, 1//3],
	[17, 12, 13, 12, 19, 1, 1, 6, 1, 1] => QQFieldElem[0, 0, 0, 0, 0, 0, 1//12, 0, 0, 0, 0, 0, 0, 0, 0, 0],
	[17, 12, 13, 12, 14, 1, 1, 19, 1, 1] => QQFieldElem[0, 0, 0, 0, 0, 0, 0, 0, 0, 0, 0, 0, 1024//9, 0, 0, 0],
	[17, 12, 13, 12, 14, 1, 1, 21, 1, 1] => QQFieldElem[0, 0, 0, 0, 1024//9, 0, 0, 0, 0, 0, 0, 0, -1024//9, 0, 0, 0])