Dict(
	[17, 15, 12, 12, 20, 1, 1, 20, 1, 1] => QQFieldElem[-1//3, -1//3, 1//3, 0, 0, 0, -1//3, -1//3, 2//3, 1//3, -1//3, 0, 0, 0, 0, 0],
	[17, 15, 12, 12, 6, 1, 1, 20, 1, 1] => QQFieldElem[9//8, 0, 0, 0, 0, 0, 0, 0, 0, 0, 0, 0, 0, 0, 0, 0],
	[17, 15, 12, 12, 9, 1, 1, 20, 1, 1] => QQFieldElem[0, 0, 0, 0, 0, 0, 0, 0, 0, 0, 0, 0, 0, 0, 0, 0],
	[17, 15, 12, 12, 19, 1, 1, 3, 1, 1] => QQFieldElem[0, 0, 0, 1//6, 0, 1//6, 0, 0, 0, 0, 0, 0, -1//6, -1//6, 0, 0],
	[17, 15, 12, 12, 21, 1, 1, 14, 1, 1] => QQFieldElem[0, 0, 0, 0, 0, 0, 0, 0, 0, 0, 0, 0, 0, 0, 0, 0],
	[17, 15, 12, 12, 19, 1, 1, 19, 1, 1] => QQFieldElem[0, 0, 1//3, 0, 0, 0, -1//3, 0, 0, -1//3, -1//3, 0, 0, 0, 0, 1//3],
	[17, 15, 12, 12, 19, 1, 1, 21, 1, 1] => QQFieldElem[1//3, -1//3, -1//3, 0, 0, 0, 1//3, -1//3, -2//3, 1//3, 0, 0, 0, 0, -1//3, 0],
	[17, 15, 12, 12, 21, 1, 1, 4, 1, 1] => QQFieldElem[0, 0, 0, 1//6, 0, 1//6, 0, 0, 0, 0, 0, -1//6, 1//6, 0, 0, 0],
	[17, 15, 12, 12, 14, 1, 1, 14, 1, 1] => QQFieldElem[0, 0, 0, -96, 0, 0, 0, 0, 0, 0, 0, 0, 0, 0, 0, 0],
	[17, 15, 12, 12, 14, 1, 1, 4, 1, 1] => QQFieldElem[0, 0, 0, 48, 0, 0, 0, 0, 0, 0, 0, 0, 0, 0, 0, 0],
	[17, 15, 12, 12, 20, 1, 1, 14, 1, 1] => QQFieldElem[0, 0, 0, 0, 0, 0, 0, 0, 0, 0, 0, 0, 0, 0, 0, 0],
	[17, 15, 12, 12, 21, 1, 1, 3, 1, 1] => QQFieldElem[0, 0, 0, -1//6, 0, -1//6, 0, 0, 0, 0, 0, 1//6, -1//6, 0, 0, 0],
	[17, 15, 12, 12, 6, 1, 1, 14, 1, 1] => QQFieldElem[0, 0, 0, 0, 0, 0, 0, 0, 0, 0, 0, 0, 0, 0, 0, 0],
	[17, 15, 12, 12, 21, 1, 1, 19, 1, 1] => QQFieldElem[0, -1//3, 0, 0, 0, 0, 0, -1//3, 0, 1//3, 1//3, 0, 0, 0, 1//3, 0],
	[17, 15, 12, 12, 9, 1, 1, 14, 1, 1] => QQFieldElem[9//8, 0, 0, 0, 0, 0, 0, 0, 0, 0, 0, 0, 0, 0, 0, 0],
	[17, 15, 12, 12, 19, 1, 1, 20, 1, 1] => QQFieldElem[-1//3, 1//3, 0, 0, 0, 0, 0, 1//3, 2//3, 0, 1//3, 0, 0, 0, 1//3, -1//3],
	[17, 15, 12, 12, 20, 1, 1, 4, 1, 1] => QQFieldElem[0, 0, 0, 0, 0, 0, 0, 0, 0, 0, 0, 1//6, 1//6, -1//6, 0, 0],
	[17, 15, 12, 12, 21, 1, 1, 21, 1, 1] => QQFieldElem[1//3, 1//3, 1//3, 0, 0, 0, -1//3, 1//3, -2//3, 0, -1//3, 0, 0, 0, 0, -1//3],
	[17, 15, 12, 12, 6, 1, 1, 4, 1, 1] => QQFieldElem[0, 0, 0, 0, 0, 0, 0, 0, 0, 0, 0, 0, 0, 0, 0, 0],
	[17, 15, 12, 12, 9, 1, 1, 4, 1, 1] => QQFieldElem[9//16, 0, 0, 0, 0, 0, 0, 0, 0, 0, 0, 0, 0, 0, 0, 0],
	[17, 15, 12, 12, 14, 1, 1, 3, 1, 1] => QQFieldElem[0, 0, 0, 48, 0, 0, 0, 0, 0, 0, 0, 0, 0, 0, 0, 0],
	[17, 15, 12, 12, 14, 1, 1, 19, 1, 1] => QQFieldElem[0, 0, 0, 0, 0, 0, 0, 0, 0, 0, 0, 0, 0, 0, 0, 0],
	[17, 15, 12, 12, 14, 1, 1, 21, 1, 1] => QQFieldElem[0, 0, 0, 0, 0, 0, 0, 0, 0, 0, 0, 0, 0, 0, 0, 0],
	[17, 15, 12, 12, 20, 1, 1, 3, 1, 1] => QQFieldElem[0, 0, 0, 0, 0, 0, 0, 0, 0, 0, 0, -1//6, -1//6, 1//6, 0, 0],
	[17, 15, 12, 12, 20, 1, 1, 19, 1, 1] => QQFieldElem[0, 1//3, -1//3, 0, 0, 0, 1//3, 1//3, 0, 0, 0, 0, 0, 0, -1//3, -1//3],
	[17, 15, 12, 12, 6, 1, 1, 3, 1, 1] => QQFieldElem[0, 0, 0, 0, 0, 0, 0, 0, 0, 0, 0, 0, 0, 0, 0, 0],
	[17, 15, 12, 12, 9, 1, 1, 3, 1, 1] => QQFieldElem[9//16, 0, 0, 0, 0, 0, 0, 0, 0, 0, 0, 0, 0, 0, 0, 0],
	[17, 15, 12, 12, 6, 1, 1, 19, 1, 1] => QQFieldElem[9//8, 0, 0, 0, 0, 0, 0, 0, 0, 0, 0, 0, 0, 0, 0, 0],
	[17, 15, 12, 12, 21, 1, 1, 20, 1, 1] => QQFieldElem[-1//3, 0, -1//3, 0, 0, 0, 1//3, 0, 2//3, -1//3, 0, 0, 0, 0, -1//3, 1//3],
	[17, 15, 12, 12, 9, 1, 1, 19, 1, 1] => QQFieldElem[0, 0, 0, 0, 0, 0, 0, 0, 0, 0, 0, 0, 0, 0, 0, 0],
	[17, 15, 12, 12, 20, 1, 1, 21, 1, 1] => QQFieldElem[1//3, 0, 0, 0, 0, 0, 0, 0, -2//3, -1//3, 1//3, 0, 0, 0, 1//3, 1//3],
	[17, 15, 12, 12, 6, 1, 1, 21, 1, 1] => QQFieldElem[9//8, 0, 0, 0, 0, 0, 0, 0, 0, 0, 0, 0, 0, 0, 0, 0],
	[17, 15, 12, 12, 19, 1, 1, 14, 1, 1] => QQFieldElem[0, 0, 0, 0, 0, 0, 0, 0, 0, 0, 0, 0, 0, 0, 0, 0],
	[17, 15, 12, 12, 9, 1, 1, 21, 1, 1] => QQFieldElem[0, 0, 0, 0, 0, 0, 0, 0, 0, 0, 0, 0, 0, 0, 0, 0],
	[17, 15, 12, 12, 14, 1, 1, 20, 1, 1] => QQFieldElem[0, 0, 0, 0, 0, 0, 0, 0, 0, 0, 0, 0, 0, 0, 0, 0],
	[17, 15, 12, 12, 19, 1, 1, 4, 1, 1] => QQFieldElem[0, 0, 0, -1//6, 0, -1//6, 0, 0, 0, 0, 0, 0, 1//6, 1//6, 0, 0])