Dict(
	[17, 16, 15, 18, 5, 1, 1, 5, 1, 1] => QQFieldElem[0, 0, 0, 0, 0, 0, 0, 0, 0, 0, 0, 0, 0, 0, 0, 0],
	[17, 16, 15, 18, 5, 1, 1, 19, 1, 1] => QQFieldElem[99//272, 0, 99//272, 27//136, 0, 9//68, 27//272, 0, 0, 27//68, -99//272, 0, -9//136, -9//68, 0, -27//68],
	[17, 16, 15, 18, 8, 1, 1, 4, 1, 1] => QQFieldElem[1//40, 0, 0, 0, 0, 0, 0, 0, 0, 0, 0, 0, 1//80, 0, 0, 0],
	[17, 16, 15, 18, 21, 1, 1, 5, 1, 1] => QQFieldElem[1//480, -1//120, 1//240, 0, 0, 1//240, -1//240, 0, 0, 1//120, 1//480, 0, 1//240, 0, 1//480, 0],
	[17, 16, 15, 18, 4, 1, 1, 20, 1, 1] => QQFieldElem[459//3104, 207//776, 9//3104, 63//388, 27//1552, -225//776, -675//3104, 423//1552, 9//97, 45//388, -1125//3104, -369//1552, 279//3104, 99//776, 9//97, -549//1552],
	[17, 16, 15, 18, 21, 1, 1, 19, 1, 1] => QQFieldElem[3//17, 16//51, 7//17, 6//17, 4//17, 14//51, 5//17, 16//51, 2//51, -4//51, -20//51, -2//17, 0, -22//51, -19//51, -16//51],
	[17, 16, 15, 18, 20, 1, 1, 7, 1, 1] => QQFieldElem[0, 0, 0, 0, 0, 0, 0, 0, 0, 0, 0, 0, 0, 0, 0, 0],
	[17, 16, 15, 18, 6, 1, 1, 21, 1, 1] => QQFieldElem[0, 0, 0, 0, 0, 0, 0, 0, 0, 0, 0, 0, 0, 0, 0, 0],
	[17, 16, 15, 18, 4, 1, 1, 4, 1, 1] => QQFieldElem[0, 0, 0, 0, 0, 0, 0, 0, 0, 0, 0, 0, 0, 0, 0, 0],
	[17, 16, 15, 18, 6, 1, 1, 9, 1, 1] => QQFieldElem[0, 0, 0, 0, 0, 0, 0, 0, 0, 0, 0, 0, -2//3, 0, 0, 0],
	[17, 16, 15, 18, 20, 1, 1, 20, 1, 1] => QQFieldElem[-18//97, 34//291, -2//97, 43//291, 22//291, 13//97, -26//291, 34//291, 82//291, 9//97, -19//291, -38//291, 64//291, -3//97, 11//291, -7//97],
	[17, 16, 15, 18, 19, 1, 1, 5, 1, 1] => QQFieldElem[1//480, 0, -1//480, 0, 0, -1//240, 1//160, 0, 0, -1//120, 1//480, 0, 1//240, 1//240, 0, 0],
	[17, 16, 15, 18, 19, 1, 1, 19, 1, 1] => QQFieldElem[4//51, 0, -5//51, -2//17, 0, -2//17, -11//51, 0, 0, -14//51, 5//51, 0, 4//17, 2//17, 0, -2//51],
	[17, 16, 15, 18, 5, 1, 1, 21, 1, 1] => QQFieldElem[-225//3104, 225//776, -1215//3104, -369//1552, -99//1552, 297//776, 225//3104, 549//1552, 27//388, -99//776, 315//3104, 117//1552, -567//3104, -207//776, -45//194, -63//776],
	[17, 16, 15, 18, 8, 1, 1, 5, 1, 1] => QQFieldElem[1//40, 0, 0, 0, 0, 0, 0, 0, 0, 0, 0, 0, -1//80, 0, 0, 0],
	[17, 16, 15, 18, 5, 1, 1, 9, 1, 1] => QQFieldElem[9//32, 0, 0, 0, 0, 0, 0, 0, 0, 0, 0, 0, 9//64, 0, 0, 0],
	[17, 16, 15, 18, 8, 1, 1, 19, 1, 1] => QQFieldElem[0, 0, 0, 0, 0, 0, 0, 0, 0, 0, 0, 0, 0, 0, 0, 0],
	[17, 16, 15, 18, 20, 1, 1, 4, 1, 1] => QQFieldElem[1//480, -1//120, -1//480, 0, 0, 0, -1//480, 0, 0, 0, 1//240, 0, -1//240, -1//240, 1//160, 0],
	[17, 16, 15, 18, 21, 1, 1, 21, 1, 1] => QQFieldElem[28//291, -34//291, 19//291, 5//291, -22//291, 3//97, -5//97, -34//291, -82//291, 61//291, 2//97, 38//291, 86//291, -13//97, -11//291, 13//291],
	[17, 16, 15, 18, 6, 1, 1, 7, 1, 1] => QQFieldElem[0, 0, 0, 0, 0, 0, 0, 0, 0, 0, 0, 0, 2//3, 0, 0, 0],
	[17, 16, 15, 18, 21, 1, 1, 9, 1, 1] => QQFieldElem[0, 0, 0, 0, 0, 0, 0, 0, 0, 0, 0, 0, 0, 0, 0, 0],
	[17, 16, 15, 18, 5, 1, 1, 7, 1, 1] => QQFieldElem[9//32, 0, 0, 0, 0, 0, 0, 0, 0, 0, 0, 0, 9//64, 0, 0, 0],
	[17, 16, 15, 18, 4, 1, 1, 5, 1, 1] => QQFieldElem[0, 0, 0, 0, 0, 0, 0, 0, 0, 0, 0, 0, 0, 0, 0, 0],
	[17, 16, 15, 18, 4, 1, 1, 19, 1, 1] => QQFieldElem[-45//272, 0, -81//272, 27//136, 0, -27//68, 63//272, 0, 0, -9//68, 81//272, 0, 45//136, 27//68, 0, 27//68],
	[17, 16, 15, 18, 6, 1, 1, 20, 1, 1] => QQFieldElem[0, 0, 0, 0, 0, 0, 0, 0, 0, 0, 0, 0, 0, 0, 0, 0],
	[17, 16, 15, 18, 19, 1, 1, 21, 1, 1] => QQFieldElem[-81//194, 37//97, -49//194, 83//291, -94//291, 107//291, -173//582, 24//97, 79//291, -25//291, 19//582, -28//291, 205//582, -130//291, 6//97, -79//291],
	[17, 16, 15, 18, 21, 1, 1, 7, 1, 1] => QQFieldElem[0, 0, 0, 0, 0, 0, 0, 0, 0, 0, 0, 0, 0, 0, 0, 0],
	[17, 16, 15, 18, 19, 1, 1, 9, 1, 1] => QQFieldElem[0, 0, 0, 0, 0, 0, 0, 0, 0, 0, 0, 0, 0, 0, 0, 0],
	[17, 16, 15, 18, 8, 1, 1, 21, 1, 1] => QQFieldElem[0, 0, 0, 0, 0, 0, 0, 0, 0, 0, 0, 0, 0, 0, 0, 0],
	[17, 16, 15, 18, 5, 1, 1, 20, 1, 1] => QQFieldElem[-9//3104, -225//776, -315//3104, -63//388, 99//1552, 207//776, -495//3104, -549//1552, -27//388, 63//388, 1215//3104, -117//1552, -765//3104, -297//776, 45//194, 423//1552],
	[17, 16, 15, 18, 8, 1, 1, 9, 1, 1] => QQFieldElem[0, 0, 0, 0, 0, 0, 0, 0, 0, 0, 0, 0, 1//2, 0, 0, 0],
	[17, 16, 15, 18, 6, 1, 1, 4, 1, 1] => QQFieldElem[1//30, 0, 0, 0, 0, 0, 0, 0, 0, 0, 0, 0, 1//60, 0, 0, 0],
	[17, 16, 15, 18, 20, 1, 1, 5, 1, 1] => QQFieldElem[1//480, 1//120, -1//480, 0, 0, 0, -1//480, 0, 0, 0, -1//240, 0, 1//240, -1//240, -1//480, 0],
	[17, 16, 15, 18, 20, 1, 1, 19, 1, 1] => QQFieldElem[11//51, -16//51, 20//51, 4//17, -4//17, 22//51, -4//51, -16//51, -2//51, 4//17, -7//17, 2//17, 4//17, -14//51, 19//51, 0],
	[17, 16, 15, 18, 21, 1, 1, 20, 1, 1] => QQFieldElem[59//291, -10//291, 26//291, 22//291, -44//291, 164//291, 22//97, 14//291, -22//97, -68//291, 64//291, 10//291, 61//291, -130//291, -62//291, 40//291],
	[17, 16, 15, 18, 5, 1, 1, 4, 1, 1] => QQFieldElem[0, 0, 0, 0, 0, 0, 0, 0, 0, 0, 0, 0, 0, 0, 0, 0],
	[17, 16, 15, 18, 19, 1, 1, 7, 1, 1] => QQFieldElem[0, 0, 0, 0, 0, 0, 0, 0, 0, 0, 0, 0, 0, 0, 0, 0],
	[17, 16, 15, 18, 4, 1, 1, 21, 1, 1] => QQFieldElem[747//3104, -207//776, 1125//3104, -117//1552, -27//1552, -99//776, -387//3104, -423//1552, -9//97, 297//776, -9//3104, 369//1552, 333//3104, 225//776, -9//97, -63//776],
	[17, 16, 15, 18, 8, 1, 1, 7, 1, 1] => QQFieldElem[0, 0, 0, 0, 0, 0, 0, 0, 0, 0, 0, 0, -1//2, 0, 0, 0],
	[17, 16, 15, 18, 4, 1, 1, 9, 1, 1] => QQFieldElem[9//32, 0, 0, 0, 0, 0, 0, 0, 0, 0, 0, 0, -9//64, 0, 0, 0],
	[17, 16, 15, 18, 21, 1, 1, 4, 1, 1] => QQFieldElem[1//480, 1//120, -1//240, 0, 0, 1//240, 1//240, 0, 0, -1//120, 1//480, 0, -1//240, 0, -1//160, 0],
	[17, 16, 15, 18, 19, 1, 1, 20, 1, 1] => QQFieldElem[-85//582, -37//97, -19//582, 55//291, 94//291, 130//291, -137//582, -24//97, -79//291, 86//291, 49//194, 28//291, 17//582, -107//291, -6//97, -7//291],
	[17, 16, 15, 18, 8, 1, 1, 20, 1, 1] => QQFieldElem[0, 0, 0, 0, 0, 0, 0, 0, 0, 0, 0, 0, 0, 0, 0, 0],
	[17, 16, 15, 18, 6, 1, 1, 5, 1, 1] => QQFieldElem[1//30, 0, 0, 0, 0, 0, 0, 0, 0, 0, 0, 0, -1//60, 0, 0, 0],
	[17, 16, 15, 18, 6, 1, 1, 19, 1, 1] => QQFieldElem[0, 0, 0, 0, 0, 0, 0, 0, 0, 0, 0, 0, 0, 0, 0, 0],
	[17, 16, 15, 18, 20, 1, 1, 21, 1, 1] => QQFieldElem[-7//291, 10//291, -64//291, 32//291, 44//291, 130//291, 4//291, -14//291, 22//97, -26//97, -26//291, -10//291, 17//291, -164//291, 62//291, 18//97],
	[17, 16, 15, 18, 20, 1, 1, 9, 1, 1] => QQFieldElem[0, 0, 0, 0, 0, 0, 0, 0, 0, 0, 0, 0, 0, 0, 0, 0],
	[17, 16, 15, 18, 4, 1, 1, 7, 1, 1] => QQFieldElem[9//32, 0, 0, 0, 0, 0, 0, 0, 0, 0, 0, 0, -9//64, 0, 0, 0],
	[17, 16, 15, 18, 19, 1, 1, 4, 1, 1] => QQFieldElem[1//480, 0, 1//160, 0, 0, -1//240, -1//480, 0, 0, 1//120, -1//160, 0, -1//240, 1//240, 0, 0])