Dict(
	[17, 19, 17, 14, 12, 1, 1, 17, 1, 1] => QQFieldElem[-1//14, 0, -1//14, -3//14, 0, 0, -3//14, 0, 0, 1//7, 1//14, 0, 3//14, 0, 0, -3//14],
	[17, 19, 17, 14, 17, 1, 1, 13, 1, 1] => QQFieldElem[-1//4, 0, 1//4, 1//4, 0, 0, -1//4, 0, 0, 0, -1//4, 0, -1//4, 0, 0, -1//4],
	[17, 19, 17, 14, 13, 1, 1, 10, 1, 1] => QQFieldElem[0, 0, 0, 0, 0, 0, 0, 0, 0, 0, 0, 0, 0, 0, 0, 0],
	[17, 19, 17, 14, 12, 1, 1, 11, 1, 1] => QQFieldElem[0, 0, 0, 0, 0, 0, 0, 0, 0, 0, 0, 0, 0, 0, 0, 0],
	[17, 19, 17, 14, 10, 1, 1, 17, 1, 1] => QQFieldElem[3//14, 0, -3//14, -3//14, 0, 1//7, 1//14, 0, 0, 0, 3//14, 0, 1//14, -1//7, 0, 3//14],
	[17, 19, 17, 14, 17, 1, 1, 15, 1, 1] => QQFieldElem[0, 0, 0, 0, 0, 0, 0, 0, 0, 0, 0, 0, 0, 0, 0, 0],
	[17, 19, 17, 14, 11, 1, 1, 10, 1, 1] => QQFieldElem[0, 0, 0, 0, 0, 0, -2//3, 0, 0, 0, 0, 0, 0, 0, 0, 0],
	[17, 19, 17, 14, 12, 1, 1, 13, 1, 1] => QQFieldElem[0, 0, 0, 0, 0, 0, -1//2, 0, 0, 0, 0, 0, 0, 0, 0, 0],
	[17, 19, 17, 14, 17, 1, 1, 12, 1, 1] => QQFieldElem[-1//4, 0, -1//4, -1//4, 0, 0, -1//4, 0, 0, 0, 1//4, 0, 1//4, 0, 0, -1//4],
	[17, 19, 17, 14, 10, 1, 1, 11, 1, 1] => QQFieldElem[0, 0, 0, 0, 0, 0, -1//2, 0, 0, 0, 0, 0, 0, 0, 0, 0],
	[17, 19, 17, 14, 15, 1, 1, 10, 1, 1] => QQFieldElem[-1//4, 0, 1//4, -1//4, 0, 0, 1//4, 0, 0, 0, -1//4, 0, 1//4, 0, 0, -1//4],
	[17, 19, 17, 14, 13, 1, 1, 17, 1, 1] => QQFieldElem[-2//7, 0, 2//7, 2//7, 0, -4//21, -2//21, 0, 0, 0, -2//7, 0, -2//21, 4//21, 0, -2//7],
	[17, 19, 17, 14, 12, 1, 1, 15, 1, 1] => QQFieldElem[-1//2, 0, -1//2, -1//2, 0, -1, -1//2, 0, 0, 0, 1//2, 0, 1//2, 1, 0, 1//2],
	[17, 19, 17, 14, 10, 1, 1, 13, 1, 1] => QQFieldElem[0, 0, 0, 0, 0, 0, 0, 0, 0, 0, 0, 0, 0, 0, 0, 0],
	[17, 19, 17, 14, 11, 1, 1, 17, 1, 1] => QQFieldElem[2//21, 0, 2//21, 2//7, 0, 0, 2//7, 0, 0, -4//21, -2//21, 0, -2//7, 0, 0, 2//7],
	[17, 19, 17, 14, 13, 1, 1, 11, 1, 1] => QQFieldElem[0, 0, 0, 0, 0, 0, -2//3, 0, 0, 0, 0, 0, 0, 0, 0, 0],
	[17, 19, 17, 14, 12, 1, 1, 12, 1, 1] => QQFieldElem[0, 0, 0, 0, 0, 0, 0, 0, 0, 0, 0, 0, 0, 0, 0, 0],
	[17, 19, 17, 14, 10, 1, 1, 15, 1, 1] => QQFieldElem[-1//2, 0, 1//2, -1//2, 0, 0, -1//2, 0, 0, -1, -1//2, 0, -1//2, 0, 0, -1//2],
	[17, 19, 17, 14, 13, 1, 1, 13, 1, 1] => QQFieldElem[0, 0, 0, 0, 0, 0, 0, 0, 0, 0, 0, 0, 0, 0, 0, 0],
	[17, 19, 17, 14, 15, 1, 1, 17, 1, 1] => QQFieldElem[0, 0, 0, 0, 0, 0, 0, 0, 0, 0, 0, 0, 0, 0, 0, 0],
	[17, 19, 17, 14, 11, 1, 1, 11, 1, 1] => QQFieldElem[0, 0, 0, 0, 0, 0, 0, 0, 0, 0, 0, 0, 0, 0, 0, 0],
	[17, 19, 17, 14, 10, 1, 1, 12, 1, 1] => QQFieldElem[0, 0, 0, 0, 0, 0, -1//2, 0, 0, 0, 0, 0, 0, 0, 0, 0],
	[17, 19, 17, 14, 17, 1, 1, 10, 1, 1] => QQFieldElem[1//4, 0, -1//4, -1//4, 0, 0, 1//4, 0, 0, 0, 1//4, 0, 1//4, 0, 0, 1//4],
	[17, 19, 17, 14, 11, 1, 1, 13, 1, 1] => QQFieldElem[0, 0, 0, 0, 0, 0, -2//3, 0, 0, 0, 0, 0, 0, 0, 0, 0],
	[17, 19, 17, 14, 15, 1, 1, 11, 1, 1] => QQFieldElem[-1//4, 0, -1//4, 1//4, 0, 0, 1//4, 0, 0, 0, 1//4, 0, -1//4, 0, 0, -1//4],
	[17, 19, 17, 14, 13, 1, 1, 15, 1, 1] => QQFieldElem[2//3, 0, -2//3, 2//3, 0, 0, 2//3, 0, 0, 4//3, 2//3, 0, 2//3, 0, 0, 2//3],
	[17, 19, 17, 14, 15, 1, 1, 13, 1, 1] => QQFieldElem[1//4, 0, -1//4, 1//4, 0, 0, -1//4, 0, 0, 0, 1//4, 0, -1//4, 0, 0, 1//4],
	[17, 19, 17, 14, 13, 1, 1, 12, 1, 1] => QQFieldElem[0, 0, 0, 0, 0, 0, -2//3, 0, 0, 0, 0, 0, 0, 0, 0, 0],
	[17, 19, 17, 14, 11, 1, 1, 15, 1, 1] => QQFieldElem[2//3, 0, 2//3, 2//3, 0, 4//3, 2//3, 0, 0, 0, -2//3, 0, -2//3, -4//3, 0, -2//3],
	[17, 19, 17, 14, 12, 1, 1, 10, 1, 1] => QQFieldElem[0, 0, 0, 0, 0, 0, -1//2, 0, 0, 0, 0, 0, 0, 0, 0, 0],
	[17, 19, 17, 14, 17, 1, 1, 17, 1, 1] => QQFieldElem[0, 0, 0, 0, 0, 0, 0, 0, 0, 0, 0, 0, 0, 0, 0, 0],
	[17, 19, 17, 14, 15, 1, 1, 15, 1, 1] => QQFieldElem[0, 0, 0, 0, 0, 0, 0, 0, 0, 0, 0, 0, 0, 0, 0, 0],
	[17, 19, 17, 14, 11, 1, 1, 12, 1, 1] => QQFieldElem[0, 0, 0, 0, 0, 0, 0, 0, 0, 0, 0, 0, 0, 0, 0, 0],
	[17, 19, 17, 14, 10, 1, 1, 10, 1, 1] => QQFieldElem[0, 0, 0, 0, 0, 0, 0, 0, 0, 0, 0, 0, 0, 0, 0, 0],
	[17, 19, 17, 14, 17, 1, 1, 11, 1, 1] => QQFieldElem[1//4, 0, 1//4, 1//4, 0, 0, 1//4, 0, 0, 0, -1//4, 0, -1//4, 0, 0, 1//4],
	[17, 19, 17, 14, 15, 1, 1, 12, 1, 1] => QQFieldElem[1//4, 0, 1//4, -1//4, 0, 0, -1//4, 0, 0, 0, -1//4, 0, 1//4, 0, 0, 1//4])