Dict(
	[17, 14, 12, 14, 17, 1, 1, 15, 1, 1] => QQFieldElem[0, 0, 0, 0, 0, 0, 0, 0, 0, 0, 0, 0, 0, 0, 0, 0],
	[17, 14, 12, 14, 11, 1, 1, 10, 1, 1] => QQFieldElem[0, 0, 0, 0, 0, 0, 0, 0, 0, 0, 0, 0, 0, 0, 0, 0],
	[17, 14, 12, 14, 12, 1, 1, 13, 1, 1] => QQFieldElem[0, 0, 0, 0, 0, 0, 0, 0, 0, 0, 0, 0, 0, 0, 0, 0],
	[17, 14, 12, 14, 15, 1, 1, 10, 1, 1] => QQFieldElem[0, 0, 0, 0, 0, 0, 0, 0, 0, 0, 0, 0, 0, 0, 0, 1//128],
	[17, 14, 12, 14, 12, 1, 1, 15, 1, 1] => QQFieldElem[0, 0, 0, 0, 0, 0, 0, 0, 0, 0, 0, 0, 0, 0, 0, -256//3],
	[17, 14, 12, 14, 11, 1, 1, 17, 1, 1] => QQFieldElem[0, 0, 0, 0, 0, 0, 0, 0, 0, -3//2, 0, 0, 0, 0, 0, 0],
	[17, 14, 12, 14, 15, 1, 1, 17, 1, 1] => QQFieldElem[0, 0, 0, 0, 0, 0, 0, 0, 0, 0, 0, 0, 0, 0, 0, 0],
	[17, 14, 12, 14, 17, 1, 1, 10, 1, 1] => QQFieldElem[0, 0, 0, 0, 0, 0, 0, 0, 0, 0, 0, 0, 0, 0, 0, -1//128],
	[17, 14, 12, 14, 11, 1, 1, 13, 1, 1] => QQFieldElem[0, 0, 0, 0, 0, 0, 0, 0, 0, 0, 0, 0, 0, 0, 0, 0],
	[17, 14, 12, 14, 15, 1, 1, 13, 1, 1] => QQFieldElem[0, 0, 0, 0, 0, -1//192, 0, 0, 0, 0, 0, 0, 0, 1//192, 0, 0],
	[17, 14, 12, 14, 12, 1, 1, 10, 1, 1] => QQFieldElem[0, 0, 0, 0, 0, 0, 0, 0, 0, 0, 0, 0, 0, 0, 0, 0],
	[17, 14, 12, 14, 11, 1, 1, 15, 1, 1] => QQFieldElem[0, 0, 0, 0, 0, 0, 0, 0, 0, -3//2, 0, 0, 0, 0, 0, 0],
	[17, 14, 12, 14, 17, 1, 1, 17, 1, 1] => QQFieldElem[0, 0, 0, 0, 0, 0, 0, 0, 0, 0, 0, 0, 0, 0, 0, 0],
	[17, 14, 12, 14, 15, 1, 1, 15, 1, 1] => QQFieldElem[0, 0, 0, 0, 0, 0, 0, 0, 0, 0, 0, 0, 0, 0, 0, 0],
	[17, 14, 12, 14, 12, 1, 1, 17, 1, 1] => QQFieldElem[0, 0, 0, 0, 0, 0, 0, 0, 0, 0, 0, 0, 0, 0, 0, 256//3],
	[17, 14, 12, 14, 17, 1, 1, 13, 1, 1] => QQFieldElem[0, 0, 0, 0, 0, -1//192, 0, 0, 0, 0, 0, 0, 0, 1//192, 0, 0])