Dict(
	[17, 18, 11, 10, 21, 1, 1, 19, 1, 1] => QQFieldElem[0, 0, 0, 0, 0, -1//3, 0, 1//3, 0, 0, 1//3, 0, -2//3, 0, 1//3, 0],
	[17, 18, 11, 10, 19, 1, 1, 20, 1, 1] => QQFieldElem[0, 0, 0, 0, 0, 0, 0, -1//3, 0, 0, 1//3, 0, 1//3, 1//3, 1//3, 1//3],
	[17, 18, 11, 10, 14, 1, 1, 5, 1, 1] => QQFieldElem[0, 0, 0, 0, 0, -64//3, 0, 0, 0, 0, 0, 0, 0, 64//3, 0, 0],
	[17, 18, 11, 10, 20, 1, 1, 4, 1, 1] => QQFieldElem[0, -1//6, 0, 0, 0, 0, 0, 0, 0, 0, 0, -1//6, 1//6, 0, 0, 0],
	[17, 18, 11, 10, 21, 1, 1, 21, 1, 1] => QQFieldElem[0, 0, 1//3, 0, 0, 0, -1//3, -1//3, 0, 0, -1//3, 0, 1//3, 1//3, 0, 1//3],
	[17, 18, 11, 10, 7, 1, 1, 20, 1, 1] => QQFieldElem[0, 0, 0, 0, 0, 0, 0, 0, 0, 0, 0, 0, -3//2, 0, 0, 0],
	[17, 18, 11, 10, 19, 1, 1, 8, 1, 1] => QQFieldElem[0, 0, 0, 0, 0, 0, 0, 0, 0, 0, 0, 0, 0, 0, 0, 0],
	[17, 18, 11, 10, 20, 1, 1, 5, 1, 1] => QQFieldElem[0, 1//6, 0, 0, 0, 0, 0, 0, 0, 0, 0, 1//6, -1//6, 0, 0, 0],
	[17, 18, 11, 10, 14, 1, 1, 19, 1, 1] => QQFieldElem[0, 0, 0, 0, 0, 0, 0, 0, 0, 0, 0, 0, 0, 0, 0, 0],
	[17, 18, 11, 10, 8, 1, 1, 20, 1, 1] => QQFieldElem[1, 0, 0, 0, 0, 0, 0, 0, 0, 0, 0, 0, -1//2, 0, 0, 0],
	[17, 18, 11, 10, 7, 1, 1, 8, 1, 1] => QQFieldElem[3//4, 0, 0, 0, 0, 0, 0, 0, 0, 0, 0, 0, 3//4, 0, 0, 0],
	[17, 18, 11, 10, 14, 1, 1, 21, 1, 1] => QQFieldElem[0, 0, 0, 0, 0, 0, 0, 0, 0, 0, 0, 0, 0, 0, 0, 0],
	[17, 18, 11, 10, 20, 1, 1, 19, 1, 1] => QQFieldElem[0, 0, -1//3, 0, 0, 0, 1//3, -1//3, 0, 0, 0, 0, -2//3, 1//3, -1//3, 1//3],
	[17, 18, 11, 10, 20, 1, 1, 21, 1, 1] => QQFieldElem[0, 0, 0, 0, 0, 1//3, 0, 0, 0, 0, 1//3, 0, 1//3, -1//3, 1//3, -1//3],
	[17, 18, 11, 10, 8, 1, 1, 8, 1, 1] => QQFieldElem[1//4, 0, 0, 0, 0, 0, 0, 0, 0, 0, 0, 0, -3//4, 0, 0, 0],
	[17, 18, 11, 10, 21, 1, 1, 20, 1, 1] => QQFieldElem[0, 0, -1//3, 0, 0, 1//3, 1//3, 0, 0, 0, 0, 0, 1//3, -1//3, -1//3, -1//3],
	[17, 18, 11, 10, 21, 1, 1, 8, 1, 1] => QQFieldElem[0, 0, 0, 0, 0, 0, 0, 0, 0, 0, 0, 0, 0, 0, 0, 0],
	[17, 18, 11, 10, 14, 1, 1, 20, 1, 1] => QQFieldElem[0, 0, 0, 0, 0, 0, 0, 0, 0, 0, 0, 0, 0, 0, 0, 0],
	[17, 18, 11, 10, 19, 1, 1, 4, 1, 1] => QQFieldElem[0, 0, 0, 1//6, 0, 0, 0, 0, 0, 1//6, 0, 0, 1//6, 0, 0, 0],
	[17, 18, 11, 10, 7, 1, 1, 4, 1, 1] => QQFieldElem[3//8, 0, 0, 0, 0, 0, 0, 0, 0, 0, 0, 0, 3//8, 0, 0, 0],
	[17, 18, 11, 10, 20, 1, 1, 20, 1, 1] => QQFieldElem[0, 0, 1//3, 0, 0, -1//3, -1//3, 1//3, 0, 0, -1//3, 0, 1//3, 0, 0, 0],
	[17, 18, 11, 10, 14, 1, 1, 8, 1, 1] => QQFieldElem[0, 0, 0, 0, 0, 128//3, 0, 0, 0, 0, 0, 0, 0, -128//3, 0, 0],
	[17, 18, 11, 10, 19, 1, 1, 5, 1, 1] => QQFieldElem[0, 0, 0, -1//6, 0, 0, 0, 0, 0, -1//6, 0, 0, -1//6, 0, 0, 0],
	[17, 18, 11, 10, 7, 1, 1, 5, 1, 1] => QQFieldElem[3//8, 0, 0, 0, 0, 0, 0, 0, 0, 0, 0, 0, 3//8, 0, 0, 0],
	[17, 18, 11, 10, 8, 1, 1, 4, 1, 1] => QQFieldElem[1//8, 0, 0, 0, 0, 0, 0, 0, 0, 0, 0, 0, -3//8, 0, 0, 0],
	[17, 18, 11, 10, 20, 1, 1, 8, 1, 1] => QQFieldElem[0, 0, 0, 0, 0, 0, 0, 0, 0, 0, 0, 0, 0, 0, 0, 0],
	[17, 18, 11, 10, 19, 1, 1, 19, 1, 1] => QQFieldElem[0, 0, 1//3, 0, 0, 1//3, -1//3, 0, 0, 0, -1//3, 0, -2//3, -1//3, 0, -1//3],
	[17, 18, 11, 10, 7, 1, 1, 19, 1, 1] => QQFieldElem[0, 0, 0, 0, 0, 0, 0, 0, 0, 0, 0, 0, -3//2, 0, 0, 0],
	[17, 18, 11, 10, 19, 1, 1, 21, 1, 1] => QQFieldElem[0, 0, -1//3, 0, 0, -1//3, 1//3, 1//3, 0, 0, 0, 0, 1//3, 0, -1//3, 0],
	[17, 18, 11, 10, 21, 1, 1, 4, 1, 1] => QQFieldElem[0, 1//6, 0, -1//6, 0, 0, 0, 0, 0, -1//6, 0, 1//6, 1//6, 0, 0, 0],
	[17, 18, 11, 10, 8, 1, 1, 5, 1, 1] => QQFieldElem[1//8, 0, 0, 0, 0, 0, 0, 0, 0, 0, 0, 0, -3//8, 0, 0, 0],
	[17, 18, 11, 10, 7, 1, 1, 21, 1, 1] => QQFieldElem[0, 0, 0, 0, 0, 0, 0, 0, 0, 0, 0, 0, -3//2, 0, 0, 0],
	[17, 18, 11, 10, 8, 1, 1, 19, 1, 1] => QQFieldElem[1, 0, 0, 0, 0, 0, 0, 0, 0, 0, 0, 0, -1//2, 0, 0, 0],
	[17, 18, 11, 10, 21, 1, 1, 5, 1, 1] => QQFieldElem[0, -1//6, 0, 1//6, 0, 0, 0, 0, 0, 1//6, 0, -1//6, -1//6, 0, 0, 0],
	[17, 18, 11, 10, 14, 1, 1, 4, 1, 1] => QQFieldElem[0, 0, 0, 0, 0, -64//3, 0, 0, 0, 0, 0, 0, 0, 64//3, 0, 0],
	[17, 18, 11, 10, 8, 1, 1, 21, 1, 1] => QQFieldElem[1, 0, 0, 0, 0, 0, 0, 0, 0, 0, 0, 0, -1//2, 0, 0, 0])