Dict(
	[17, 10, 12, 12, 21, 1, 1, 19, 1, 1] => QQFieldElem[0, 0, 0, 0, 0, 0, 0, -1//3, 0, 0, 0, 0, 1//3, 0, 0, 0],
	[17, 10, 12, 12, 19, 1, 1, 20, 1, 1] => QQFieldElem[0, 0, 0, 0, 0, 0, 0, 1//3, 0, 0, 0, 0, 1//3, 0, 0, -1//3],
	[17, 10, 12, 12, 21, 1, 1, 21, 1, 1] => QQFieldElem[0, 0, 0, 0, 0, 0, 0, 1//3, 0, 0, 0, 0, 1//3, 0, 0, -1//3],
	[17, 10, 12, 12, 14, 1, 1, 19, 1, 1] => QQFieldElem[0, 0, -96, 0, 0, 0, 0, 0, 0, 0, 96, 0, 0, 0, 0, 0],
	[17, 10, 12, 12, 14, 1, 1, 21, 1, 1] => QQFieldElem[0, 0, 96, 0, 0, 0, 0, 0, 0, 0, 0, 0, 0, 0, 0, 0],
	[17, 10, 12, 12, 20, 1, 1, 19, 1, 1] => QQFieldElem[0, 0, 0, 0, 0, 0, 0, 1//3, 0, 0, 0, 0, 1//3, 0, 0, -1//3],
	[17, 10, 12, 12, 21, 1, 1, 20, 1, 1] => QQFieldElem[0, 0, 0, 0, 0, 0, 0, 0, 0, 0, 0, 0, 1//3, 0, 0, 1//3],
	[17, 10, 12, 12, 20, 1, 1, 21, 1, 1] => QQFieldElem[0, 0, 0, 0, 0, 0, 0, 0, 0, 0, 0, 0, 1//3, 0, 0, 1//3],
	[17, 10, 12, 12, 19, 1, 1, 14, 1, 1] => QQFieldElem[0, 0, 0, 0, 0, 0, 2//9, 0, 0, 0, 0, 0, 0, 0, 0, 0],
	[17, 10, 12, 12, 14, 1, 1, 20, 1, 1] => QQFieldElem[0, 0, 0, 0, 0, 0, 0, 0, 0, 0, -96, 0, 0, 0, 0, 0],
	[17, 10, 12, 12, 20, 1, 1, 20, 1, 1] => QQFieldElem[0, 0, 0, 0, 0, 0, 0, -1//3, 0, 0, 0, 0, 1//3, 0, 0, 0],
	[17, 10, 12, 12, 21, 1, 1, 14, 1, 1] => QQFieldElem[0, 0, 0, 0, 0, 0, 0, 0, 0, 0, 0, 0, 0, 0, -2//9, 0],
	[17, 10, 12, 12, 19, 1, 1, 19, 1, 1] => QQFieldElem[0, 0, 0, 0, 0, 0, 0, 0, 0, 0, 0, 0, 1//3, 0, 0, 1//3],
	[17, 10, 12, 12, 19, 1, 1, 21, 1, 1] => QQFieldElem[0, 0, 0, 0, 0, 0, 0, -1//3, 0, 0, 0, 0, 1//3, 0, 0, 0],
	[17, 10, 12, 12, 14, 1, 1, 14, 1, 1] => QQFieldElem[0, 0, 0, 0, 0, 0, 0, 0, 0, 0, 0, 0, 0, 0, 0, 0],
	[17, 10, 12, 12, 20, 1, 1, 14, 1, 1] => QQFieldElem[0, 0, 0, 0, 0, 0, -2//9, 0, 0, 0, 0, 0, 0, 0, 2//9, 0])