Dict(
	[18, 13, 17, 11, 8, 1, 1, 9, 1, 1] => QQFieldElem[0, 0, -3//16, 0, 0, 0, 0, 0, 0, 0, 3//16, 0, 3//16, 0, 0, 0],
	[18, 13, 17, 11, 21, 1, 1, 19, 1, 1] => QQFieldElem[0, 0, 0, 0, 1//4, 0, -1//4, 0, 0, 0, 0, 0, -1//4, 0, 0, 0],
	[18, 13, 17, 11, 21, 1, 1, 21, 1, 1] => QQFieldElem[0, 0, 0, 0, -1//4, 0, -1//4, 0, 0, 0, 0, 0, 0, 0, 0, 0],
	[18, 13, 17, 11, 7, 1, 1, 20, 1, 1] => QQFieldElem[0, 0, 0, 0, 0, 0, 0, 0, 0, 0, 0, 0, 0, 0, 3//4, 0],
	[18, 13, 17, 11, 19, 1, 1, 6, 1, 1] => QQFieldElem[0, 0, 0, 0, 0, 0, -1//6, 0, 0, 0, 0, 0, 0, 0, 0, 0],
	[18, 13, 17, 11, 21, 1, 1, 9, 1, 1] => QQFieldElem[0, 0, 0, 0, 0, 0, -1//8, 0, 0, 0, 0, 0, 0, 0, 1//8, 0],
	[18, 13, 17, 11, 14, 1, 1, 19, 1, 1] => QQFieldElem[0, 0, 0, 0, 0, 0, 0, 0, 0, 0, 0, 0, 0, 0, 0, 0],
	[18, 13, 17, 11, 7, 1, 1, 6, 1, 1] => QQFieldElem[0, 0, -1//4, 0, 0, 0, 0, 0, 0, 0, 1//4, 0, 1//4, 0, 0, 0],
	[18, 13, 17, 11, 8, 1, 1, 20, 1, 1] => QQFieldElem[0, 0, 0, 0, 0, 0, 0, 0, 0, 0, 0, 0, 0, 0, -3//4, 0],
	[18, 13, 17, 11, 14, 1, 1, 21, 1, 1] => QQFieldElem[0, 0, 0, 0, 0, 0, 0, 0, 0, 0, 0, 0, 0, 0, 0, 0],
	[18, 13, 17, 11, 14, 1, 1, 9, 1, 1] => QQFieldElem[0, 0, 3//16, 0, 0, 0, 0, 0, 0, 0, -3//16, 0, 3//16, 0, 0, 0],
	[18, 13, 17, 11, 20, 1, 1, 19, 1, 1] => QQFieldElem[0, 0, 0, 0, -1//4, 0, -1//4, 0, 0, 0, 0, 0, 0, 0, 0, 0],
	[18, 13, 17, 11, 8, 1, 1, 6, 1, 1] => QQFieldElem[0, 0, -1//4, 0, 0, 0, 0, 0, 0, 0, 1//4, 0, 1//4, 0, 0, 0],
	[18, 13, 17, 11, 20, 1, 1, 21, 1, 1] => QQFieldElem[0, 0, 0, 0, 0, 0, -1//4, 0, 0, 0, 0, 0, 1//4, 0, 0, 0],
	[18, 13, 17, 11, 21, 1, 1, 20, 1, 1] => QQFieldElem[0, 0, 0, 0, 0, 0, -1//4, 0, 0, 0, 0, 0, 1//4, 0, 0, 0],
	[18, 13, 17, 11, 20, 1, 1, 9, 1, 1] => QQFieldElem[0, 0, 0, 0, 0, 0, 0, 0, 0, 0, 0, 0, 0, 0, -1//8, 0],
	[18, 13, 17, 11, 19, 1, 1, 14, 1, 1] => QQFieldElem[0, 0, 0, 0, 0, 0, 0, 0, 0, 0, 0, 0, 0, 0, 0, 0],
	[18, 13, 17, 11, 21, 1, 1, 6, 1, 1] => QQFieldElem[0, 0, 0, 0, 0, 0, 1//6, 0, 0, 0, 0, 0, 0, 0, -1//6, 0],
	[18, 13, 17, 11, 7, 1, 1, 14, 1, 1] => QQFieldElem[0, 0, 3//8, 0, 0, 0, 0, 0, 0, 0, -3//8, 0, 3//8, 0, 0, 0],
	[18, 13, 17, 11, 14, 1, 1, 20, 1, 1] => QQFieldElem[0, 0, 0, 0, 0, 0, 0, 0, 0, 0, 0, 0, 0, 0, 0, 0],
	[18, 13, 17, 11, 14, 1, 1, 6, 1, 1] => QQFieldElem[0, 0, 1//4, 0, 0, 0, 0, 0, 0, 0, -1//4, 0, 1//4, 0, 0, 0],
	[18, 13, 17, 11, 8, 1, 1, 14, 1, 1] => QQFieldElem[0, 0, 3//8, 0, 0, 0, 0, 0, 0, 0, -3//8, 0, 3//8, 0, 0, 0],
	[18, 13, 17, 11, 20, 1, 1, 20, 1, 1] => QQFieldElem[0, 0, 0, 0, 1//4, 0, -1//4, 0, 0, 0, 0, 0, -1//4, 0, 0, 0],
	[18, 13, 17, 11, 20, 1, 1, 6, 1, 1] => QQFieldElem[0, 0, 0, 0, 0, 0, 0, 0, 0, 0, 0, 0, 0, 0, 1//6, 0],
	[18, 13, 17, 11, 21, 1, 1, 14, 1, 1] => QQFieldElem[0, 0, 0, 0, 0, 0, 0, 0, 0, 0, 0, 0, 0, 0, 0, 0],
	[18, 13, 17, 11, 19, 1, 1, 19, 1, 1] => QQFieldElem[0, 0, 0, 0, 0, 0, -1//4, 0, 0, 0, 0, 0, 1//4, 0, 0, 0],
	[18, 13, 17, 11, 7, 1, 1, 19, 1, 1] => QQFieldElem[0, 0, 0, 0, 0, 0, -3//4, 0, 0, 0, 0, 0, 0, 0, 0, 0],
	[18, 13, 17, 11, 19, 1, 1, 21, 1, 1] => QQFieldElem[0, 0, 0, 0, 1//4, 0, -1//4, 0, 0, 0, 0, 0, -1//4, 0, 0, 0],
	[18, 13, 17, 11, 14, 1, 1, 14, 1, 1] => QQFieldElem[0, 0, -3//8, 0, 0, 0, 0, 0, 0, 0, 3//8, 0, 3//8, 0, 0, 0],
	[18, 13, 17, 11, 7, 1, 1, 21, 1, 1] => QQFieldElem[0, 0, 0, 0, 0, 0, 3//4, 0, 0, 0, 0, 0, 0, 0, -3//4, 0],
	[18, 13, 17, 11, 19, 1, 1, 9, 1, 1] => QQFieldElem[0, 0, 0, 0, 0, 0, 1//8, 0, 0, 0, 0, 0, 0, 0, 0, 0],
	[18, 13, 17, 11, 8, 1, 1, 19, 1, 1] => QQFieldElem[0, 0, 0, 0, 0, 0, 3//4, 0, 0, 0, 0, 0, 0, 0, 0, 0],
	[18, 13, 17, 11, 7, 1, 1, 9, 1, 1] => QQFieldElem[0, 0, -3//16, 0, 0, 0, 0, 0, 0, 0, 3//16, 0, 3//16, 0, 0, 0],
	[18, 13, 17, 11, 8, 1, 1, 21, 1, 1] => QQFieldElem[0, 0, 0, 0, 0, 0, -3//4, 0, 0, 0, 0, 0, 0, 0, 3//4, 0],
	[18, 13, 17, 11, 20, 1, 1, 14, 1, 1] => QQFieldElem[0, 0, 0, 0, 0, 0, 0, 0, 0, 0, 0, 0, 0, 0, 0, 0],
	[18, 13, 17, 11, 19, 1, 1, 20, 1, 1] => QQFieldElem[0, 0, 0, 0, -1//4, 0, -1//4, 0, 0, 0, 0, 0, 0, 0, 0, 0])