Dict(
	[18, 13, 13, 10, 20, 1, 1, 20, 1, 1] => QQFieldElem[0, 0, 0, -1//4, 0, 0, 0, 0, 0, 0, 0, 1//4, 1//4, 0, 0, 0],
	[18, 13, 13, 10, 9, 1, 1, 20, 1, 1] => QQFieldElem[0, 0, 0, 0, 0, 0, 0, 0, 0, 0, 96, 0, 0, 0, 0, 0],
	[18, 13, 13, 10, 21, 1, 1, 14, 1, 1] => QQFieldElem[0, 0, 0, 0, -3//1024, 0, 0, 0, 0, 0, 0, 0, 3//1024, 0, 0, 0],
	[18, 13, 13, 10, 19, 1, 1, 19, 1, 1] => QQFieldElem[0, 0, 0, 1//4, 0, 0, 0, 0, 0, 0, 0, 0, 1//4, 0, 0, 0],
	[18, 13, 13, 10, 19, 1, 1, 21, 1, 1] => QQFieldElem[0, 0, 0, -1//4, 0, 0, 0, 0, 0, 0, 0, 1//4, 1//4, 0, 0, 0],
	[18, 13, 13, 10, 20, 1, 1, 14, 1, 1] => QQFieldElem[0, 0, 0, 0, 3//1024, 0, 0, 0, 0, 0, 0, 0, 0, 0, 0, 0],
	[18, 13, 13, 10, 21, 1, 1, 19, 1, 1] => QQFieldElem[0, 0, 0, -1//4, 0, 0, 0, 0, 0, 0, 0, 1//4, 1//4, 0, 0, 0],
	[18, 13, 13, 10, 9, 1, 1, 14, 1, 1] => QQFieldElem[0, 0, 0, 0, 0, 0, 0, 0, 0, 0, 0, 0, 0, 0, 0, 0],
	[18, 13, 13, 10, 19, 1, 1, 20, 1, 1] => QQFieldElem[0, 0, 0, 0, 0, 0, 0, 0, 0, 0, 0, -1//4, 1//4, 0, 0, 0],
	[18, 13, 13, 10, 21, 1, 1, 21, 1, 1] => QQFieldElem[0, 0, 0, 0, 0, 0, 0, 0, 0, 0, 0, -1//4, 1//4, 0, 0, 0],
	[18, 13, 13, 10, 20, 1, 1, 19, 1, 1] => QQFieldElem[0, 0, 0, 0, 0, 0, 0, 0, 0, 0, 0, -1//4, 1//4, 0, 0, 0],
	[18, 13, 13, 10, 21, 1, 1, 20, 1, 1] => QQFieldElem[0, 0, 0, 1//4, 0, 0, 0, 0, 0, 0, 0, 0, 1//4, 0, 0, 0],
	[18, 13, 13, 10, 9, 1, 1, 19, 1, 1] => QQFieldElem[0, 0, 96, 0, 0, 0, 0, 0, 0, 0, -96, 0, 0, 0, 0, 0],
	[18, 13, 13, 10, 20, 1, 1, 21, 1, 1] => QQFieldElem[0, 0, 0, 1//4, 0, 0, 0, 0, 0, 0, 0, 0, 1//4, 0, 0, 0],
	[18, 13, 13, 10, 19, 1, 1, 14, 1, 1] => QQFieldElem[0, 0, 0, 0, 0, 0, 0, 0, 0, 0, 0, 0, -3//1024, 0, 0, 0],
	[18, 13, 13, 10, 9, 1, 1, 21, 1, 1] => QQFieldElem[0, 0, -96, 0, 0, 0, 0, 0, 0, 0, 0, 0, 0, 0, 0, 0])