Dict(
	[18, 12, 15, 13, 6, 1, 1, 21, 1, 1] => QQFieldElem[0, 0, 0, 0, 0, 0, -1, 0, 0, 0, 0, 0, 0, 0, 1, 0],
	[18, 12, 15, 13, 19, 1, 1, 14, 1, 1] => QQFieldElem[0, 0, 0, 0, 0, 0, 0, 0, 0, 0, 0, 0, 0, 0, 0, 0],
	[18, 12, 15, 13, 9, 1, 1, 21, 1, 1] => QQFieldElem[0, 0, 0, 0, 0, 0, 1, 0, 0, 0, 0, 0, 0, 0, -1, 0],
	[18, 12, 15, 13, 14, 1, 1, 20, 1, 1] => QQFieldElem[0, 0, 0, 0, 0, 0, 0, 0, 0, 0, 0, 0, 0, 0, 0, 0],
	[18, 12, 15, 13, 21, 1, 1, 8, 1, 1] => QQFieldElem[0, 0, 0, 0, 0, 0, 1//6, 0, 0, 0, 0, 0, 0, 0, -1//6, 0],
	[18, 12, 15, 13, 19, 1, 1, 7, 1, 1] => QQFieldElem[0, 0, 0, 0, 0, 0, -1//6, 0, 0, 0, 0, 0, 0, 0, 0, 0],
	[18, 12, 15, 13, 20, 1, 1, 20, 1, 1] => QQFieldElem[0, 0, 0, 0, 1//3, 0, -1//3, 0, 0, 0, 0, 0, -1//3, 0, 0, 0],
	[18, 12, 15, 13, 14, 1, 1, 8, 1, 1] => QQFieldElem[0, 0, -1//4, 0, 0, 0, 0, 0, 0, 0, 1//4, 0, -1//4, 0, 0, 0],
	[18, 12, 15, 13, 6, 1, 1, 20, 1, 1] => QQFieldElem[0, 0, 0, 0, 0, 0, 0, 0, 0, 0, 0, 0, 0, 0, -1, 0],
	[18, 12, 15, 13, 9, 1, 1, 20, 1, 1] => QQFieldElem[0, 0, 0, 0, 0, 0, 0, 0, 0, 0, 0, 0, 0, 0, 1, 0],
	[18, 12, 15, 13, 20, 1, 1, 8, 1, 1] => QQFieldElem[0, 0, 0, 0, 0, 0, 0, 0, 0, 0, 0, 0, 0, 0, 1//6, 0],
	[18, 12, 15, 13, 21, 1, 1, 14, 1, 1] => QQFieldElem[0, 0, 0, 0, 0, 0, 0, 0, 0, 0, 0, 0, 0, 0, 0, 0],
	[18, 12, 15, 13, 19, 1, 1, 19, 1, 1] => QQFieldElem[0, 0, 0, 0, 0, 0, -1//3, 0, 0, 0, 0, 0, 1//3, 0, 0, 0],
	[18, 12, 15, 13, 6, 1, 1, 8, 1, 1] => QQFieldElem[0, 0, 1//4, 0, 0, 0, 0, 0, 0, 0, -1//4, 0, -1//4, 0, 0, 0],
	[18, 12, 15, 13, 19, 1, 1, 21, 1, 1] => QQFieldElem[0, 0, 0, 0, 1//3, 0, -1//3, 0, 0, 0, 0, 0, -1//3, 0, 0, 0],
	[18, 12, 15, 13, 9, 1, 1, 8, 1, 1] => QQFieldElem[0, 0, 1//4, 0, 0, 0, 0, 0, 0, 0, -1//4, 0, -1//4, 0, 0, 0],
	[18, 12, 15, 13, 21, 1, 1, 7, 1, 1] => QQFieldElem[0, 0, 0, 0, 0, 0, 1//6, 0, 0, 0, 0, 0, 0, 0, -1//6, 0],
	[18, 12, 15, 13, 14, 1, 1, 14, 1, 1] => QQFieldElem[0, 0, 1//2, 0, 0, 0, 0, 0, 0, 0, -1//2, 0, -1//2, 0, 0, 0],
	[18, 12, 15, 13, 14, 1, 1, 7, 1, 1] => QQFieldElem[0, 0, 1//4, 0, 0, 0, 0, 0, 0, 0, -1//4, 0, 1//4, 0, 0, 0],
	[18, 12, 15, 13, 20, 1, 1, 14, 1, 1] => QQFieldElem[0, 0, 0, 0, 0, 0, 0, 0, 0, 0, 0, 0, 0, 0, 0, 0],
	[18, 12, 15, 13, 6, 1, 1, 14, 1, 1] => QQFieldElem[0, 0, -1//2, 0, 0, 0, 0, 0, 0, 0, 1//2, 0, -1//2, 0, 0, 0],
	[18, 12, 15, 13, 21, 1, 1, 19, 1, 1] => QQFieldElem[0, 0, 0, 0, 1//3, 0, -1//3, 0, 0, 0, 0, 0, -1//3, 0, 0, 0],
	[18, 12, 15, 13, 9, 1, 1, 14, 1, 1] => QQFieldElem[0, 0, -1//2, 0, 0, 0, 0, 0, 0, 0, 1//2, 0, -1//2, 0, 0, 0],
	[18, 12, 15, 13, 19, 1, 1, 20, 1, 1] => QQFieldElem[0, 0, 0, 0, -1//3, 0, -1//3, 0, 0, 0, 0, 0, 0, 0, 0, 0],
	[18, 12, 15, 13, 20, 1, 1, 7, 1, 1] => QQFieldElem[0, 0, 0, 0, 0, 0, 0, 0, 0, 0, 0, 0, 0, 0, 1//6, 0],
	[18, 12, 15, 13, 21, 1, 1, 21, 1, 1] => QQFieldElem[0, 0, 0, 0, -1//3, 0, -1//3, 0, 0, 0, 0, 0, 0, 0, 0, 0],
	[18, 12, 15, 13, 6, 1, 1, 7, 1, 1] => QQFieldElem[0, 0, -1//4, 0, 0, 0, 0, 0, 0, 0, 1//4, 0, 1//4, 0, 0, 0],
	[18, 12, 15, 13, 9, 1, 1, 7, 1, 1] => QQFieldElem[0, 0, -1//4, 0, 0, 0, 0, 0, 0, 0, 1//4, 0, 1//4, 0, 0, 0],
	[18, 12, 15, 13, 19, 1, 1, 8, 1, 1] => QQFieldElem[0, 0, 0, 0, 0, 0, -1//6, 0, 0, 0, 0, 0, 0, 0, 0, 0],
	[18, 12, 15, 13, 14, 1, 1, 19, 1, 1] => QQFieldElem[0, 0, 0, 0, 0, 0, 0, 0, 0, 0, 0, 0, 0, 0, 0, 0],
	[18, 12, 15, 13, 14, 1, 1, 21, 1, 1] => QQFieldElem[0, 0, 0, 0, 0, 0, 0, 0, 0, 0, 0, 0, 0, 0, 0, 0],
	[18, 12, 15, 13, 20, 1, 1, 19, 1, 1] => QQFieldElem[0, 0, 0, 0, -1//3, 0, -1//3, 0, 0, 0, 0, 0, 0, 0, 0, 0],
	[18, 12, 15, 13, 6, 1, 1, 19, 1, 1] => QQFieldElem[0, 0, 0, 0, 0, 0, 1, 0, 0, 0, 0, 0, 0, 0, 0, 0],
	[18, 12, 15, 13, 21, 1, 1, 20, 1, 1] => QQFieldElem[0, 0, 0, 0, 0, 0, -1//3, 0, 0, 0, 0, 0, 1//3, 0, 0, 0],
	[18, 12, 15, 13, 9, 1, 1, 19, 1, 1] => QQFieldElem[0, 0, 0, 0, 0, 0, -1, 0, 0, 0, 0, 0, 0, 0, 0, 0],
	[18, 12, 15, 13, 20, 1, 1, 21, 1, 1] => QQFieldElem[0, 0, 0, 0, 0, 0, -1//3, 0, 0, 0, 0, 0, 1//3, 0, 0, 0])