Dict(
	[18, 15, 16, 15, 21, 1, 1, 21, 1, 1] => QQFieldElem[-41//291, 0, 14//291, 0, 52//291, 0, 110//291, 0, 214//291, 0, 199//291, 0, 57//97, 0, 67//291, 0],
	[18, 15, 16, 15, 20, 1, 1, 5, 1, 1] => QQFieldElem[1//96, 0, -1//480, 0, 0, 0, 1//480, 0, 0, 0, -1//240, 0, 0, 0, 1//480, 0],
	[18, 15, 16, 15, 20, 1, 1, 19, 1, 1] => QQFieldElem[-5//51, 0, 16//51, 0, -4//17, 0, 8//17, 0, -14//51, 0, 11//51, 0, -8//51, 0, -11//51, 0],
	[18, 15, 16, 15, 21, 1, 1, 20, 1, 1] => QQFieldElem[-71//291, 0, -40//291, 0, -28//291, 0, -136//291, 0, 34//291, 0, 82//291, 0, -59//291, 0, 46//291, 0],
	[18, 15, 16, 15, 20, 1, 1, 21, 1, 1] => QQFieldElem[-37//291, 0, -82//291, 0, 28//291, 0, -30//97, 0, -34//291, 0, 40//291, 0, -29//97, 0, -46//291, 0],
	[18, 15, 16, 15, 4, 1, 1, 4, 1, 1] => QQFieldElem[-9//512, 0, 0, 0, 0, 0, 0, 0, 0, 0, 0, 0, 0, 0, 0, 0],
	[18, 15, 16, 15, 5, 1, 1, 4, 1, 1] => QQFieldElem[9//512, 0, 0, 0, 0, 0, 0, 0, 0, 0, 0, 0, 0, 0, 0, 0],
	[18, 15, 16, 15, 19, 1, 1, 4, 1, 1] => QQFieldElem[1//96, 0, -1//480, 0, 0, 0, -1//160, 0, 0, 0, 1//480, 0, 0, 0, 0, 0],
	[18, 15, 16, 15, 4, 1, 1, 5, 1, 1] => QQFieldElem[9//512, 0, 0, 0, 0, 0, 0, 0, 0, 0, 0, 0, 0, 0, 0, 0],
	[18, 15, 16, 15, 5, 1, 1, 5, 1, 1] => QQFieldElem[-9//512, 0, 0, 0, 0, 0, 0, 0, 0, 0, 0, 0, 0, 0, 0, 0],
	[18, 15, 16, 15, 20, 1, 1, 20, 1, 1] => QQFieldElem[173//291, 0, -199//291, 0, -52//291, 0, 59//97, 0, -214//291, 0, -14//291, 0, 223//291, 0, -67//291, 0],
	[18, 15, 16, 15, 19, 1, 1, 5, 1, 1] => QQFieldElem[1//96, 0, -1//480, 0, 0, 0, -1//160, 0, 0, 0, 1//480, 0, 0, 0, 0, 0],
	[18, 15, 16, 15, 4, 1, 1, 19, 1, 1] => QQFieldElem[171//272, 0, 9//272, 0, 0, 0, -117//272, 0, 0, 0, -9//272, 0, 9//34, 0, 0, 0],
	[18, 15, 16, 15, 5, 1, 1, 19, 1, 1] => QQFieldElem[171//272, 0, 9//272, 0, 0, 0, -117//272, 0, 0, 0, -9//272, 0, 9//34, 0, 0, 0],
	[18, 15, 16, 15, 4, 1, 1, 21, 1, 1] => QQFieldElem[1197//3104, 0, 81//3104, 0, -99//1552, 0, 387//3104, 0, 27//97, 0, 1089//3104, 0, 927//3104, 0, 225//1552, 0],
	[18, 15, 16, 15, 19, 1, 1, 19, 1, 1] => QQFieldElem[8//17, 0, -5//51, 0, 0, 0, -37//51, 0, 0, 0, 5//51, 0, 28//51, 0, 0, 0],
	[18, 15, 16, 15, 5, 1, 1, 21, 1, 1] => QQFieldElem[1197//3104, 0, 81//3104, 0, -99//1552, 0, 387//3104, 0, 27//97, 0, 1089//3104, 0, 927//3104, 0, 225//1552, 0],
	[18, 15, 16, 15, 19, 1, 1, 21, 1, 1] => QQFieldElem[-63//194, 0, -23//582, 0, 82//291, 0, 41//582, 0, 13//97, 0, -223//582, 0, -59//194, 0, 29//97, 0],
	[18, 15, 16, 15, 21, 1, 1, 4, 1, 1] => QQFieldElem[1//96, 0, 1//240, 0, 0, 0, 1//240, 0, 0, 0, 1//480, 0, 0, 0, -1//480, 0],
	[18, 15, 16, 15, 21, 1, 1, 5, 1, 1] => QQFieldElem[1//96, 0, 1//240, 0, 0, 0, 1//240, 0, 0, 0, 1//480, 0, 0, 0, -1//480, 0],
	[18, 15, 16, 15, 4, 1, 1, 20, 1, 1] => QQFieldElem[2061//3104, 0, -1089//3104, 0, 99//1552, 0, 837//3104, 0, -27//97, 0, -81//3104, 0, 729//3104, 0, -225//1552, 0],
	[18, 15, 16, 15, 5, 1, 1, 20, 1, 1] => QQFieldElem[2061//3104, 0, -1089//3104, 0, 99//1552, 0, 837//3104, 0, -27//97, 0, -81//3104, 0, 729//3104, 0, -225//1552, 0],
	[18, 15, 16, 15, 21, 1, 1, 19, 1, 1] => QQFieldElem[-19//51, 0, -11//51, 0, 4//17, 0, 13//51, 0, 14//51, 0, -16//51, 0, -20//51, 0, 11//51, 0],
	[18, 15, 16, 15, 19, 1, 1, 20, 1, 1] => QQFieldElem[-37//194, 0, 223//582, 0, -82//291, 0, 215//582, 0, -13//97, 0, 23//582, 0, -13//582, 0, -29//97, 0],
	[18, 15, 16, 15, 20, 1, 1, 4, 1, 1] => QQFieldElem[1//96, 0, -1//480, 0, 0, 0, 1//480, 0, 0, 0, -1//240, 0, 0, 0, 1//480, 0])