Dict(
	[18, 14, 16, 20, 12, 1, 1, 12, 1, 1] => QQFieldElem[0, 0, 0, 0, 0, 0, 0, 0, 0, 0, 0, 0, 0, 0, 0, 0],
	[18, 14, 16, 20, 13, 1, 1, 11, 1, 1] => QQFieldElem[0, 0, 0, 0, 0, 0, 2//3, 0, 0, 0, 0, 0, 0, 0, -2//3, 0],
	[18, 14, 16, 20, 18, 1, 1, 11, 1, 1] => QQFieldElem[1//4, 0, 0, 0, 0, 0, 1//4, -1//4, 0, 0, -1//4, -1//4, -1//4, 0, -1//4, 1//4],
	[18, 14, 16, 20, 13, 1, 1, 13, 1, 1] => QQFieldElem[0, 0, 0, 0, 0, 0, 0, 0, 0, 0, 0, 0, 0, 0, 0, 0],
	[18, 14, 16, 20, 16, 1, 1, 10, 1, 1] => QQFieldElem[-1//4, 0, 0, 0, 0, 0, 1//4, 1//4, 0, 0, -1//4, 1//4, 1//4, 0, -1//4, -1//4],
	[18, 14, 16, 20, 18, 1, 1, 13, 1, 1] => QQFieldElem[-1//4, 0, 0, 0, 0, 0, -1//4, -1//4, 0, 0, -1//4, 1//4, -1//4, 0, 1//4, 1//4],
	[18, 14, 16, 20, 10, 1, 1, 12, 1, 1] => QQFieldElem[0, 0, 0, 0, 0, 0, 1//2, 0, 0, 0, 0, 0, 0, 0, -1//2, 0],
	[18, 14, 16, 20, 12, 1, 1, 16, 1, 1] => QQFieldElem[-7//46, 2//23, 1//23, -3//46, 1//46, 5//46, -5//46, -6//23, -1//23, 2//23, 7//46, -9//46, 2//23, 0, 2//23, 9//46],
	[18, 14, 16, 20, 11, 1, 1, 11, 1, 1] => QQFieldElem[0, 0, 0, 0, 0, 0, 0, 0, 0, 0, 0, 0, 0, 0, 0, 0],
	[18, 14, 16, 20, 11, 1, 1, 13, 1, 1] => QQFieldElem[0, 0, 0, 0, 0, 0, 2//3, 0, 0, 0, 0, 0, 0, 0, -2//3, 0],
	[18, 14, 16, 20, 16, 1, 1, 18, 1, 1] => QQFieldElem[0, 0, 0, 0, 0, 0, 0, 0, 0, 0, 0, 0, 0, 0, 0, 0],
	[18, 14, 16, 20, 10, 1, 1, 16, 1, 1] => QQFieldElem[5//46, 5//46, -1//46, -3//46, -1//23, 2//23, 7//46, -9//46, -1//46, -5//46, 5//46, 6//23, 9//46, -4//23, -9//46, 6//23],
	[18, 14, 16, 20, 13, 1, 1, 12, 1, 1] => QQFieldElem[0, 0, 0, 0, 0, 0, 2//3, 0, 0, 0, 0, 0, 0, 0, -2//3, 0],
	[18, 14, 16, 20, 18, 1, 1, 12, 1, 1] => QQFieldElem[-1//4, 0, 0, 0, 0, 0, -1//4, 1//4, 0, 0, 1//4, 1//4, 1//4, 0, 1//4, -1//4],
	[18, 14, 16, 20, 12, 1, 1, 10, 1, 1] => QQFieldElem[0, 0, 0, 0, 0, 0, 1//2, 0, 0, 0, 0, 0, 0, 0, -1//2, 0],
	[18, 14, 16, 20, 11, 1, 1, 12, 1, 1] => QQFieldElem[0, 0, 0, 0, 0, 0, 0, 0, 0, 0, 0, 0, 0, 0, 0, 0],
	[18, 14, 16, 20, 16, 1, 1, 11, 1, 1] => QQFieldElem[-1//4, 0, 0, 0, 0, 0, 1//4, -1//4, 0, 0, 1//4, 1//4, -1//4, 0, -1//4, 1//4],
	[18, 14, 16, 20, 12, 1, 1, 18, 1, 1] => QQFieldElem[1//2, -1//2, 1//2, -1//2, 0, 0, -1//2, 1//2, -1//2, 1//2, -1//2, 0, 1//2, 0, 1//2, 0],
	[18, 14, 16, 20, 18, 1, 1, 16, 1, 1] => QQFieldElem[0, 0, 0, 0, 0, 0, 0, 0, 0, 0, 0, 0, 0, 0, 0, 0],
	[18, 14, 16, 20, 10, 1, 1, 10, 1, 1] => QQFieldElem[0, 0, 0, 0, 0, 0, 0, 0, 0, 0, 0, 0, 0, 0, 0, 0],
	[18, 14, 16, 20, 13, 1, 1, 16, 1, 1] => QQFieldElem[-10//69, -10//69, 2//69, 2//23, 4//69, -8//69, -14//69, 6//23, 2//69, 10//69, -10//69, -8//23, -6//23, 16//69, 6//23, -8//23],
	[18, 14, 16, 20, 16, 1, 1, 13, 1, 1] => QQFieldElem[1//4, 0, 0, 0, 0, 0, -1//4, -1//4, 0, 0, 1//4, -1//4, -1//4, 0, 1//4, 1//4],
	[18, 14, 16, 20, 11, 1, 1, 16, 1, 1] => QQFieldElem[14//69, -8//69, -4//69, 2//23, -2//69, -10//69, 10//69, 8//23, 4//69, -8//69, -14//69, 6//23, -8//69, 0, -8//69, -6//23],
	[18, 14, 16, 20, 10, 1, 1, 18, 1, 1] => QQFieldElem[-1//2, 0, 0, -1//2, 1//2, -1//2, 1//2, 0, 0, 0, -1//2, 1//2, 0, 0, 0, -1//2],
	[18, 14, 16, 20, 13, 1, 1, 10, 1, 1] => QQFieldElem[0, 0, 0, 0, 0, 0, 0, 0, 0, 0, 0, 0, 0, 0, 0, 0],
	[18, 14, 16, 20, 18, 1, 1, 10, 1, 1] => QQFieldElem[1//4, 0, 0, 0, 0, 0, 1//4, 1//4, 0, 0, 1//4, -1//4, 1//4, 0, -1//4, -1//4],
	[18, 14, 16, 20, 12, 1, 1, 11, 1, 1] => QQFieldElem[0, 0, 0, 0, 0, 0, 0, 0, 0, 0, 0, 0, 0, 0, 0, 0],
	[18, 14, 16, 20, 11, 1, 1, 10, 1, 1] => QQFieldElem[0, 0, 0, 0, 0, 0, 2//3, 0, 0, 0, 0, 0, 0, 0, -2//3, 0],
	[18, 14, 16, 20, 16, 1, 1, 12, 1, 1] => QQFieldElem[1//4, 0, 0, 0, 0, 0, -1//4, 1//4, 0, 0, -1//4, -1//4, 1//4, 0, 1//4, -1//4],
	[18, 14, 16, 20, 13, 1, 1, 18, 1, 1] => QQFieldElem[2//3, 0, 0, 2//3, -2//3, 2//3, -2//3, 0, 0, 0, 2//3, -2//3, 0, 0, 0, 2//3],
	[18, 14, 16, 20, 12, 1, 1, 13, 1, 1] => QQFieldElem[0, 0, 0, 0, 0, 0, 1//2, 0, 0, 0, 0, 0, 0, 0, -1//2, 0],
	[18, 14, 16, 20, 10, 1, 1, 11, 1, 1] => QQFieldElem[0, 0, 0, 0, 0, 0, 1//2, 0, 0, 0, 0, 0, 0, 0, -1//2, 0],
	[18, 14, 16, 20, 18, 1, 1, 18, 1, 1] => QQFieldElem[0, 0, 0, 0, 0, 0, 0, 0, 0, 0, 0, 0, 0, 0, 0, 0],
	[18, 14, 16, 20, 10, 1, 1, 13, 1, 1] => QQFieldElem[0, 0, 0, 0, 0, 0, 0, 0, 0, 0, 0, 0, 0, 0, 0, 0],
	[18, 14, 16, 20, 11, 1, 1, 18, 1, 1] => QQFieldElem[-2//3, 2//3, -2//3, 2//3, 0, 0, 2//3, -2//3, 2//3, -2//3, 2//3, 0, -2//3, 0, -2//3, 0],
	[18, 14, 16, 20, 16, 1, 1, 16, 1, 1] => QQFieldElem[0, 0, 0, 0, 0, 0, 0, 0, 0, 0, 0, 0, 0, 0, 0, 0])