Dict(
	[18, 13, 12, 13, 21, 1, 1, 19, 1, 1] => QQFieldElem[0, 0, 0, 1//4, 0, 0, 0, 0, 0, 0, 0, -1//4, 1//4, 0, 0, 0],
	[18, 13, 12, 13, 19, 1, 1, 20, 1, 1] => QQFieldElem[0, 0, 0, 0, 0, 0, 0, 0, 0, 0, 0, 1//4, 1//4, 0, 0, 0],
	[18, 13, 12, 13, 21, 1, 1, 21, 1, 1] => QQFieldElem[0, 0, 0, 0, 0, 0, 0, 0, 0, 0, 0, 1//4, 1//4, 0, 0, 0],
	[18, 13, 12, 13, 14, 1, 1, 19, 1, 1] => QQFieldElem[0, 0, 0, 0, 0, 0, 0, 0, 0, 0, 0, 0, 48, 0, 0, 0],
	[18, 13, 12, 13, 21, 1, 1, 9, 1, 1] => QQFieldElem[0, 0, 0, 0, -1//256, 0, 0, 0, 0, 0, 0, 0, 1//256, 0, 0, 0],
	[18, 13, 12, 13, 14, 1, 1, 21, 1, 1] => QQFieldElem[0, 0, 0, 0, 48, 0, 0, 0, 0, 0, 0, 0, -48, 0, 0, 0],
	[18, 13, 12, 13, 20, 1, 1, 19, 1, 1] => QQFieldElem[0, 0, 0, 0, 0, 0, 0, 0, 0, 0, 0, 1//4, 1//4, 0, 0, 0],
	[18, 13, 12, 13, 14, 1, 1, 9, 1, 1] => QQFieldElem[0, 0, 0, 0, 0, 0, 0, 0, 0, 0, 0, 0, 0, 0, 0, 0],
	[18, 13, 12, 13, 21, 1, 1, 20, 1, 1] => QQFieldElem[0, 0, 0, -1//4, 0, 0, 0, 0, 0, 0, 0, 0, 1//4, 0, 0, 0],
	[18, 13, 12, 13, 20, 1, 1, 21, 1, 1] => QQFieldElem[0, 0, 0, -1//4, 0, 0, 0, 0, 0, 0, 0, 0, 1//4, 0, 0, 0],
	[18, 13, 12, 13, 20, 1, 1, 9, 1, 1] => QQFieldElem[0, 0, 0, 0, 1//256, 0, 0, 0, 0, 0, 0, 0, 0, 0, 0, 0],
	[18, 13, 12, 13, 14, 1, 1, 20, 1, 1] => QQFieldElem[0, 0, 0, 0, -48, 0, 0, 0, 0, 0, 0, 0, 0, 0, 0, 0],
	[18, 13, 12, 13, 20, 1, 1, 20, 1, 1] => QQFieldElem[0, 0, 0, 1//4, 0, 0, 0, 0, 0, 0, 0, -1//4, 1//4, 0, 0, 0],
	[18, 13, 12, 13, 19, 1, 1, 19, 1, 1] => QQFieldElem[0, 0, 0, -1//4, 0, 0, 0, 0, 0, 0, 0, 0, 1//4, 0, 0, 0],
	[18, 13, 12, 13, 19, 1, 1, 21, 1, 1] => QQFieldElem[0, 0, 0, 1//4, 0, 0, 0, 0, 0, 0, 0, -1//4, 1//4, 0, 0, 0],
	[18, 13, 12, 13, 19, 1, 1, 9, 1, 1] => QQFieldElem[0, 0, 0, 0, 0, 0, 0, 0, 0, 0, 0, 0, -1//256, 0, 0, 0])