Dict(
	[18, 14, 13, 14, 16, 1, 1, 12, 1, 1] => QQFieldElem[0, 0, 0, -3//512, 0, 0, 0, 0, 0, 0, 0, 0, 0, 0, 0, 0],
	[18, 14, 13, 14, 13, 1, 1, 18, 1, 1] => QQFieldElem[0, 0, 0, 0, 0, -4, 0, 0, 0, 0, 0, 0, 0, 4, 0, 0],
	[18, 14, 13, 14, 18, 1, 1, 18, 1, 1] => QQFieldElem[0, 0, 0, 0, 0, 0, 0, 0, 0, 0, 0, 0, 0, 0, 0, 0],
	[18, 14, 13, 14, 10, 1, 1, 11, 1, 1] => QQFieldElem[0, 0, 0, 0, 0, 0, 0, 0, 0, 0, 0, 0, 0, 0, 0, 0],
	[18, 14, 13, 14, 16, 1, 1, 16, 1, 1] => QQFieldElem[0, 0, 0, 0, 0, 0, 0, 0, 0, 0, 0, 0, 0, 0, 0, 0],
	[18, 14, 13, 14, 13, 1, 1, 11, 1, 1] => QQFieldElem[0, 0, 0, 0, 0, 0, 0, 0, 0, 0, 0, 0, 0, 0, 0, 0],
	[18, 14, 13, 14, 18, 1, 1, 11, 1, 1] => QQFieldElem[0, 0, 0, 0, 0, 0, 0, 0, 0, 1//256, 0, 0, 0, 0, 0, 0],
	[18, 14, 13, 14, 10, 1, 1, 12, 1, 1] => QQFieldElem[0, 0, 0, 0, 0, 0, 0, 0, 0, 0, 0, 0, 0, 0, 0, 0],
	[18, 14, 13, 14, 16, 1, 1, 18, 1, 1] => QQFieldElem[0, 0, 0, 0, 0, 0, 0, 0, 0, 0, 0, 0, 0, 0, 0, 0],
	[18, 14, 13, 14, 10, 1, 1, 16, 1, 1] => QQFieldElem[0, 0, 0, 1024//9, 0, 0, 0, 0, 0, 0, 0, 0, 0, 0, 0, 0],
	[18, 14, 13, 14, 13, 1, 1, 12, 1, 1] => QQFieldElem[0, 0, 0, 0, 0, 0, 0, 0, 0, 0, 0, 0, 0, 0, 0, 0],
	[18, 14, 13, 14, 18, 1, 1, 12, 1, 1] => QQFieldElem[0, 0, 0, 3//512, 0, 0, 0, 0, 0, 0, 0, 0, 0, 0, 0, 0],
	[18, 14, 13, 14, 16, 1, 1, 11, 1, 1] => QQFieldElem[0, 0, 0, 0, 0, 0, 0, 0, 0, 1//256, 0, 0, 0, 0, 0, 0],
	[18, 14, 13, 14, 13, 1, 1, 16, 1, 1] => QQFieldElem[0, 0, 0, 0, 0, -4, 0, 0, 0, 0, 0, 0, 0, 4, 0, 0],
	[18, 14, 13, 14, 18, 1, 1, 16, 1, 1] => QQFieldElem[0, 0, 0, 0, 0, 0, 0, 0, 0, 0, 0, 0, 0, 0, 0, 0],
	[18, 14, 13, 14, 10, 1, 1, 18, 1, 1] => QQFieldElem[0, 0, 0, -1024//9, 0, 0, 0, 0, 0, 0, 0, 0, 0, 0, 0, 0])