Dict(
	[18, 12, 13, 16, 20, 1, 1, 20, 1, 1] => QQFieldElem[-1//2, 1//3, 1//6, -1//6, 1//3, -1//6, 1//6, 1//3, 0, 1//6, -1//2, 1//3, -1//6, -1//6, 1//3, -1//2],
	[18, 12, 13, 16, 14, 1, 1, 8, 1, 1] => QQFieldElem[3//128, 0, 0, 0, 0, 0, 0, 0, 0, 0, 0, 0, 0, 0, 0, 0],
	[18, 12, 13, 16, 4, 1, 1, 19, 1, 1] => QQFieldElem[0, 0, -1, 1, 0, -1, 1, 0, 0, 0, 1, 0, -1, 1, 0, 0],
	[18, 12, 13, 16, 3, 1, 1, 21, 1, 1] => QQFieldElem[2//3, -4//3, -2//3, 2//3, 0, -2//3, 2//3, 4//3, -4//3, 2//3, 2//3, 0, -2//3, 2//3, 0, -2//3],
	[18, 12, 13, 16, 4, 1, 1, 21, 1, 1] => QQFieldElem[-1//2, 1, 1//2, -1//2, 0, 1//2, -1//2, -1, 1, -1//2, -1//2, 0, 1//2, -1//2, 0, 1//2],
	[18, 12, 13, 16, 21, 1, 1, 14, 1, 1] => QQFieldElem[0, 0, 0, 0, 0, 0, 0, 0, 0, 0, 0, 0, 0, 0, 0, 0],
	[18, 12, 13, 16, 19, 1, 1, 19, 1, 1] => QQFieldElem[0, 0, 1//3, 0, 0, 0, 1//3, 0, 0, 1//3, -1//3, 0, 0, 0, 0, -1//3],
	[18, 12, 13, 16, 20, 1, 1, 8, 1, 1] => QQFieldElem[0, 0, 0, 0, 0, 0, 0, 0, 0, 0, 0, 0, 0, 0, 0, 0],
	[18, 12, 13, 16, 19, 1, 1, 21, 1, 1] => QQFieldElem[1//2, 0, -1//6, -1//6, 1//3, -1//6, -1//6, 0, 0, -1//6, 1//6, 1//3, -1//6, -1//6, 0, 1//6],
	[18, 12, 13, 16, 21, 1, 1, 7, 1, 1] => QQFieldElem[1//192, 0, 0, 0, 0, 0, 0, 0, 0, 0, 0, 0, 0, 0, 0, 0],
	[18, 12, 13, 16, 14, 1, 1, 14, 1, 1] => QQFieldElem[0, 0, 0, -1//8, 0, 0, 0, 0, 0, 0, 0, 0, 0, 0, 0, 0],
	[18, 12, 13, 16, 3, 1, 1, 20, 1, 1] => QQFieldElem[-2//3, 4//3, -2//3, 2//3, 0, -2//3, 2//3, -4//3, 4//3, -2//3, 2//3, 0, -2//3, 2//3, 0, 2//3],
	[18, 12, 13, 16, 4, 1, 1, 20, 1, 1] => QQFieldElem[1//2, -1, 1//2, -1//2, 0, 1//2, -1//2, 1, -1, 1//2, -1//2, 0, 1//2, -1//2, 0, -1//2],
	[18, 12, 13, 16, 14, 1, 1, 7, 1, 1] => QQFieldElem[0, 0, 0, 0, 0, 0, 0, 0, 0, 0, 0, 0, 0, 0, 0, 0],
	[18, 12, 13, 16, 20, 1, 1, 14, 1, 1] => QQFieldElem[0, 0, 0, 0, 0, 0, 0, 0, 0, 0, 0, 0, 0, 0, 0, 0],
	[18, 12, 13, 16, 3, 1, 1, 8, 1, 1] => QQFieldElem[1//32, 0, 0, 0, 0, 0, 0, 0, 0, 0, 0, 0, 0, 0, 0, 0],
	[18, 12, 13, 16, 19, 1, 1, 20, 1, 1] => QQFieldElem[1//2, 0, -1//6, 1//6, -1//3, 1//6, -1//6, 0, 0, -1//6, 1//6, -1//3, 1//6, 1//6, 0, 1//6],
	[18, 12, 13, 16, 21, 1, 1, 19, 1, 1] => QQFieldElem[0, -1//3, 0, 1//3, -2//3, 1//3, 0, -1//3, 0, 0, 1//3, -2//3, 1//3, 1//3, -1//3, 1//3],
	[18, 12, 13, 16, 4, 1, 1, 8, 1, 1] => QQFieldElem[3//128, 0, 0, 0, 0, 0, 0, 0, 0, 0, 0, 0, 0, 0, 0, 0],
	[18, 12, 13, 16, 20, 1, 1, 7, 1, 1] => QQFieldElem[1//192, 0, 0, 0, 0, 0, 0, 0, 0, 0, 0, 0, 0, 0, 0, 0],
	[18, 12, 13, 16, 21, 1, 1, 21, 1, 1] => QQFieldElem[-1//2, -1//3, 1//2, 1//6, -1//3, 1//6, 1//2, -1//3, 0, 1//2, -1//6, -1//3, 1//6, 1//6, -1//3, -1//6],
	[18, 12, 13, 16, 19, 1, 1, 8, 1, 1] => QQFieldElem[0, 0, 0, 0, 0, 0, 0, 0, 0, 0, 0, 0, 0, 0, 0, 0],
	[18, 12, 13, 16, 14, 1, 1, 19, 1, 1] => QQFieldElem[0, 0, 0, 0, 0, 0, 0, 0, 0, 0, 0, 0, 0, 0, 0, 0],
	[18, 12, 13, 16, 14, 1, 1, 21, 1, 1] => QQFieldElem[0, 0, 0, 0, 0, 0, 0, 0, 0, 0, 0, 0, 0, 0, 0, 0],
	[18, 12, 13, 16, 3, 1, 1, 14, 1, 1] => QQFieldElem[0, 0, 0, 1//6, 0, 0, 0, 0, 0, 0, 0, 0, 0, 0, 0, 0],
	[18, 12, 13, 16, 20, 1, 1, 19, 1, 1] => QQFieldElem[0, 1//3, -1//3, -1//3, 2//3, -1//3, -1//3, 1//3, 0, -1//3, 0, 2//3, -1//3, -1//3, 1//3, 0],
	[18, 12, 13, 16, 4, 1, 1, 14, 1, 1] => QQFieldElem[0, 0, 0, 1//8, 0, 0, 0, 0, 0, 0, 0, 0, 0, 0, 0, 0],
	[18, 12, 13, 16, 21, 1, 1, 20, 1, 1] => QQFieldElem[0, -1//3, 0, 0, 0, 0, 0, -1//3, 0, 0, 1//3, 0, 0, 0, -1//3, 1//3],
	[18, 12, 13, 16, 20, 1, 1, 21, 1, 1] => QQFieldElem[0, 1//3, -1//3, 0, 0, 0, -1//3, 1//3, 0, -1//3, 0, 0, 0, 0, 1//3, 0],
	[18, 12, 13, 16, 3, 1, 1, 7, 1, 1] => QQFieldElem[0, 0, 0, 0, 0, 0, 0, 0, 0, 0, 0, 0, 0, 0, 0, 0],
	[18, 12, 13, 16, 19, 1, 1, 14, 1, 1] => QQFieldElem[0, 0, 0, 0, 0, 0, 0, 0, 0, 0, 0, 0, 0, 0, 0, 0],
	[18, 12, 13, 16, 4, 1, 1, 7, 1, 1] => QQFieldElem[0, 0, 0, 0, 0, 0, 0, 0, 0, 0, 0, 0, 0, 0, 0, 0],
	[18, 12, 13, 16, 14, 1, 1, 20, 1, 1] => QQFieldElem[0, 0, 0, 0, 0, 0, 0, 0, 0, 0, 0, 0, 0, 0, 0, 0],
	[18, 12, 13, 16, 21, 1, 1, 8, 1, 1] => QQFieldElem[0, 0, 0, 0, 0, 0, 0, 0, 0, 0, 0, 0, 0, 0, 0, 0],
	[18, 12, 13, 16, 19, 1, 1, 7, 1, 1] => QQFieldElem[1//192, 0, 0, 0, 0, 0, 0, 0, 0, 0, 0, 0, 0, 0, 0, 0],
	[18, 12, 13, 16, 3, 1, 1, 19, 1, 1] => QQFieldElem[0, 0, 4//3, -4//3, 0, 4//3, -4//3, 0, 0, 0, -4//3, 0, 4//3, -4//3, 0, 0])