Dict(
	[18, 18, 13, 13, 19, 1, 1, 1, 1, 1] => QQFieldElem[0, 0, 0, 0, 0, 0, 0, 0, 0, 1//6, 0, 0, -1//6, 0, 0, 1//6],
	[18, 18, 13, 13, 20, 1, 1, 20, 1, 1] => QQFieldElem[-1//3, 0, 1//3, -1//3, 0, 1//3, -1//3, 0, 2//3, 0, -1//3, 1//3, 0, 0, 0, 0],
	[18, 18, 13, 13, 6, 1, 1, 20, 1, 1] => QQFieldElem[0, 0, -2048//9, -2048//9, 0, 2048//9, 2048//9, 0, 0, 2048//9, 2048//9, 0, -2048//9, -2048//9, 0, 2048//9],
	[18, 18, 13, 13, 9, 1, 1, 20, 1, 1] => QQFieldElem[3//2, 0, 0, 0, 0, 0, 0, 0, 0, 0, 0, 0, 0, 0, 0, 0],
	[18, 18, 13, 13, 19, 1, 1, 3, 1, 1] => QQFieldElem[0, 0, 0, 0, 0, 0, 0, 0, 0, -1//6, 0, 0, 1//6, 0, 0, -1//6],
	[18, 18, 13, 13, 21, 1, 1, 14, 1, 1] => QQFieldElem[0, 0, 0, 0, 0, 0, 0, 0, 0, 0, 0, 0, 0, 0, 0, 0],
	[18, 18, 13, 13, 19, 1, 1, 19, 1, 1] => QQFieldElem[0, 0, 1//3, 1//3, 0, -1//3, -1//3, 0, 0, 0, -1//3, 0, 0, 1//3, 0, 0],
	[18, 18, 13, 13, 19, 1, 1, 21, 1, 1] => QQFieldElem[1//3, 0, -1//3, -1//3, 0, 1//3, 1//3, 0, -2//3, 0, 0, 1//3, 0, 0, -1//3, 0],
	[18, 18, 13, 13, 14, 1, 1, 14, 1, 1] => QQFieldElem[0, 0, 0, 0, 0, 256//3, 0, 0, 0, 0, 0, 0, 0, -256//3, 0, 0],
	[18, 18, 13, 13, 21, 1, 1, 1, 1, 1] => QQFieldElem[0, 1//6, 0, 0, 0, 0, 0, -1//6, 0, -1//6, 0, 0, -1//6, 0, 0, 0],
	[18, 18, 13, 13, 20, 1, 1, 14, 1, 1] => QQFieldElem[0, 0, 0, 0, 0, 0, 0, 0, 0, 0, 0, 0, 0, 0, 0, 0],
	[18, 18, 13, 13, 21, 1, 1, 3, 1, 1] => QQFieldElem[0, -1//6, 0, 0, 0, 0, 0, 1//6, 0, 1//6, 0, 0, 1//6, 0, 0, 0],
	[18, 18, 13, 13, 6, 1, 1, 14, 1, 1] => QQFieldElem[0, 0, 1024//9, 1024//9, 0, -1024//9, -1024//9, 0, 0, -1024//9, -1024//9, 0, 1024//9, 1024//9, 0, -1024//9],
	[18, 18, 13, 13, 21, 1, 1, 19, 1, 1] => QQFieldElem[0, 0, 0, -1//3, 0, 1//3, 0, 0, 0, 0, 1//3, 1//3, 0, 0, 1//3, 0],
	[18, 18, 13, 13, 9, 1, 1, 14, 1, 1] => QQFieldElem[3//2, 0, 0, 0, 0, 0, 0, 0, 0, 0, 0, 0, 0, 0, 0, 0],
	[18, 18, 13, 13, 19, 1, 1, 20, 1, 1] => QQFieldElem[-1//3, 0, 0, 0, 0, 0, 0, 0, 2//3, 0, 1//3, -1//3, 0, -1//3, 1//3, 0],
	[18, 18, 13, 13, 14, 1, 1, 1, 1, 1] => QQFieldElem[0, 0, 0, 0, 0, -128//3, 0, 0, 0, 0, 0, 0, 0, 128//3, 0, 0],
	[18, 18, 13, 13, 21, 1, 1, 21, 1, 1] => QQFieldElem[1//3, 0, 1//3, 0, 0, 0, -1//3, 0, -2//3, 0, -1//3, -1//3, 0, -1//3, 0, 0],
	[18, 18, 13, 13, 14, 1, 1, 3, 1, 1] => QQFieldElem[0, 0, 0, 0, 0, -128//3, 0, 0, 0, 0, 0, 0, 0, 128//3, 0, 0],
	[18, 18, 13, 13, 20, 1, 1, 1, 1, 1] => QQFieldElem[0, -1//6, 0, 0, 0, 0, 0, 1//6, 0, 0, 0, 0, -1//6, 0, 0, -1//6],
	[18, 18, 13, 13, 14, 1, 1, 19, 1, 1] => QQFieldElem[0, 0, 0, 0, 0, 0, 0, 0, 0, 0, 0, 0, 0, 0, 0, 0],
	[18, 18, 13, 13, 6, 1, 1, 1, 1, 1] => QQFieldElem[0, 0, 512//9, 512//9, 0, -512//9, -512//9, 0, 0, -512//9, -512//9, 0, 512//9, 512//9, 0, -512//9],
	[18, 18, 13, 13, 9, 1, 1, 1, 1, 1] => QQFieldElem[3//4, 0, 0, 0, 0, 0, 0, 0, 0, 0, 0, 0, 0, 0, 0, 0],
	[18, 18, 13, 13, 14, 1, 1, 21, 1, 1] => QQFieldElem[0, 0, 0, 0, 0, 0, 0, 0, 0, 0, 0, 0, 0, 0, 0, 0],
	[18, 18, 13, 13, 20, 1, 1, 3, 1, 1] => QQFieldElem[0, 1//6, 0, 0, 0, 0, 0, -1//6, 0, 0, 0, 0, 1//6, 0, 0, 1//6],
	[18, 18, 13, 13, 20, 1, 1, 19, 1, 1] => QQFieldElem[0, 0, -1//3, 0, 0, 0, 1//3, 0, 0, 0, 0, -1//3, 0, -1//3, -1//3, 0],
	[18, 18, 13, 13, 6, 1, 1, 3, 1, 1] => QQFieldElem[0, 0, 512//9, 512//9, 0, -512//9, -512//9, 0, 0, -512//9, -512//9, 0, 512//9, 512//9, 0, -512//9],
	[18, 18, 13, 13, 9, 1, 1, 3, 1, 1] => QQFieldElem[3//4, 0, 0, 0, 0, 0, 0, 0, 0, 0, 0, 0, 0, 0, 0, 0],
	[18, 18, 13, 13, 6, 1, 1, 19, 1, 1] => QQFieldElem[0, 0, -2048//9, -2048//9, 0, 2048//9, 2048//9, 0, 0, 2048//9, 2048//9, 0, -2048//9, -2048//9, 0, 2048//9],
	[18, 18, 13, 13, 20, 1, 1, 21, 1, 1] => QQFieldElem[1//3, 0, 0, 1//3, 0, -1//3, 0, 0, -2//3, 0, 1//3, 0, 0, 1//3, 1//3, 0],
	[18, 18, 13, 13, 21, 1, 1, 20, 1, 1] => QQFieldElem[-1//3, 0, -1//3, 1//3, 0, -1//3, 1//3, 0, 2//3, 0, 0, 0, 0, 1//3, -1//3, 0],
	[18, 18, 13, 13, 9, 1, 1, 19, 1, 1] => QQFieldElem[3//2, 0, 0, 0, 0, 0, 0, 0, 0, 0, 0, 0, 0, 0, 0, 0],
	[18, 18, 13, 13, 6, 1, 1, 21, 1, 1] => QQFieldElem[0, 0, -2048//9, -2048//9, 0, 2048//9, 2048//9, 0, 0, 2048//9, 2048//9, 0, -2048//9, -2048//9, 0, 2048//9],
	[18, 18, 13, 13, 9, 1, 1, 21, 1, 1] => QQFieldElem[3//2, 0, 0, 0, 0, 0, 0, 0, 0, 0, 0, 0, 0, 0, 0, 0],
	[18, 18, 13, 13, 19, 1, 1, 14, 1, 1] => QQFieldElem[0, 0, 0, 0, 0, 0, 0, 0, 0, 0, 0, 0, 0, 0, 0, 0],
	[18, 18, 13, 13, 14, 1, 1, 20, 1, 1] => QQFieldElem[0, 0, 0, 0, 0, 0, 0, 0, 0, 0, 0, 0, 0, 0, 0, 0])