Dict(
	[18, 16, 11, 11, 8, 1, 1, 4, 1, 1] => QQFieldElem[3//4, 0, 0, 0, 0, 0, 0, 0, 0, 0, 0, 0, 0, 0, 0, 0],
	[18, 16, 11, 11, 19, 1, 1, 3, 1, 1] => QQFieldElem[0, 0, 0, 0, 0, 0, 0, 0, 0, -1//6, 0, 0, -1//6, 0, 0, 1//6],
	[18, 16, 11, 11, 19, 1, 1, 19, 1, 1] => QQFieldElem[0, 0, 1//3, 1//3, 0, 1//3, -1//3, 0, 0, 0, -1//3, 0, 0, -1//3, 0, 0],
	[18, 16, 11, 11, 21, 1, 1, 14, 1, 1] => QQFieldElem[0, 0, 0, 0, 0, 0, 0, 0, 0, 0, 0, 0, 0, 0, 0, 0],
	[18, 16, 11, 11, 7, 1, 1, 3, 1, 1] => QQFieldElem[0, 0, 0, 0, 0, 0, 0, 0, 0, 0, 0, 0, 0, 0, 0, 0],
	[18, 16, 11, 11, 19, 1, 1, 21, 1, 1] => QQFieldElem[-1//3, 0, -1//3, -1//3, 0, -1//3, 1//3, 0, 2//3, 0, 0, 1//3, 0, 0, -1//3, 0],
	[18, 16, 11, 11, 7, 1, 1, 19, 1, 1] => QQFieldElem[3//2, 0, 0, 0, 0, 0, 0, 0, 0, 0, 0, 0, 0, 0, 0, 0],
	[18, 16, 11, 11, 21, 1, 1, 4, 1, 1] => QQFieldElem[0, 1//6, 0, 0, 0, 0, 0, 1//6, 0, -1//6, 0, 0, 1//6, 0, 0, 0],
	[18, 16, 11, 11, 14, 1, 1, 14, 1, 1] => QQFieldElem[0, 0, 0, 0, 0, 0, 0, 0, 0, 0, 0, 0, 0, 0, 0, 48],
	[18, 16, 11, 11, 7, 1, 1, 21, 1, 1] => QQFieldElem[3//2, 0, 0, 0, 0, 0, 0, 0, 0, 0, 0, 0, 0, 0, 0, 0],
	[18, 16, 11, 11, 8, 1, 1, 3, 1, 1] => QQFieldElem[3//4, 0, 0, 0, 0, 0, 0, 0, 0, 0, 0, 0, 0, 0, 0, 0],
	[18, 16, 11, 11, 8, 1, 1, 19, 1, 1] => QQFieldElem[0, 0, 0, 0, 0, 0, 0, 0, 0, 0, 0, 0, 0, 0, 0, 0],
	[18, 16, 11, 11, 14, 1, 1, 4, 1, 1] => QQFieldElem[0, 0, 0, 0, 0, 0, 0, 0, 0, 0, 0, 0, 0, 0, 0, -24],
	[18, 16, 11, 11, 20, 1, 1, 14, 1, 1] => QQFieldElem[0, 0, 0, 0, 0, 0, 0, 0, 0, 0, 0, 0, 0, 0, 0, 0],
	[18, 16, 11, 11, 8, 1, 1, 21, 1, 1] => QQFieldElem[0, 0, 0, 0, 0, 0, 0, 0, 0, 0, 0, 0, 0, 0, 0, 0],
	[18, 16, 11, 11, 21, 1, 1, 3, 1, 1] => QQFieldElem[0, -1//6, 0, 0, 0, 0, 0, -1//6, 0, 1//6, 0, 0, -1//6, 0, 0, 0],
	[18, 16, 11, 11, 21, 1, 1, 19, 1, 1] => QQFieldElem[0, 0, 0, -1//3, 0, -1//3, 0, 0, 0, 0, 1//3, 1//3, 0, 0, 1//3, 0],
	[18, 16, 11, 11, 19, 1, 1, 20, 1, 1] => QQFieldElem[1//3, 0, 0, 0, 0, 0, 0, 0, -2//3, 0, 1//3, -1//3, 0, 1//3, 1//3, 0],
	[18, 16, 11, 11, 20, 1, 1, 4, 1, 1] => QQFieldElem[0, -1//6, 0, 0, 0, 0, 0, -1//6, 0, 0, 0, 0, 1//6, 0, 0, 1//6],
	[18, 16, 11, 11, 21, 1, 1, 21, 1, 1] => QQFieldElem[-1//3, 0, 1//3, 0, 0, 0, -1//3, 0, 2//3, 0, -1//3, -1//3, 0, 1//3, 0, 0],
	[18, 16, 11, 11, 7, 1, 1, 20, 1, 1] => QQFieldElem[3//2, 0, 0, 0, 0, 0, 0, 0, 0, 0, 0, 0, 0, 0, 0, 0],
	[18, 16, 11, 11, 14, 1, 1, 3, 1, 1] => QQFieldElem[0, 0, 0, 0, 0, 0, 0, 0, 0, 0, 0, 0, 0, 0, 0, -24],
	[18, 16, 11, 11, 14, 1, 1, 19, 1, 1] => QQFieldElem[0, 0, 0, 0, 0, 0, 0, 0, 0, 0, 0, 0, 0, 0, 0, 0],
	[18, 16, 11, 11, 14, 1, 1, 21, 1, 1] => QQFieldElem[0, 0, 0, 0, 0, 0, 0, 0, 0, 0, 0, 0, 0, 0, 0, 0],
	[18, 16, 11, 11, 8, 1, 1, 20, 1, 1] => QQFieldElem[0, 0, 0, 0, 0, 0, 0, 0, 0, 0, 0, 0, 0, 0, 0, 0],
	[18, 16, 11, 11, 20, 1, 1, 3, 1, 1] => QQFieldElem[0, 1//6, 0, 0, 0, 0, 0, 1//6, 0, 0, 0, 0, -1//6, 0, 0, -1//6],
	[18, 16, 11, 11, 20, 1, 1, 19, 1, 1] => QQFieldElem[0, 0, -1//3, 0, 0, 0, 1//3, 0, 0, 0, 0, -1//3, 0, 1//3, -1//3, 0],
	[18, 16, 11, 11, 21, 1, 1, 20, 1, 1] => QQFieldElem[1//3, 0, -1//3, 1//3, 0, 1//3, 1//3, 0, -2//3, 0, 0, 0, 0, -1//3, -1//3, 0],
	[18, 16, 11, 11, 20, 1, 1, 21, 1, 1] => QQFieldElem[-1//3, 0, 0, 1//3, 0, 1//3, 0, 0, 2//3, 0, 1//3, 0, 0, -1//3, 1//3, 0],
	[18, 16, 11, 11, 19, 1, 1, 14, 1, 1] => QQFieldElem[0, 0, 0, 0, 0, 0, 0, 0, 0, 0, 0, 0, 0, 0, 0, 0],
	[18, 16, 11, 11, 7, 1, 1, 14, 1, 1] => QQFieldElem[0, 0, 0, 0, 0, 0, 0, 0, 0, 0, 0, 0, 0, 0, 0, 0],
	[18, 16, 11, 11, 14, 1, 1, 20, 1, 1] => QQFieldElem[0, 0, 0, 0, 0, 0, 0, 0, 0, 0, 0, 0, 0, 0, 0, 0],
	[18, 16, 11, 11, 19, 1, 1, 4, 1, 1] => QQFieldElem[0, 0, 0, 0, 0, 0, 0, 0, 0, 1//6, 0, 0, 1//6, 0, 0, -1//6],
	[18, 16, 11, 11, 7, 1, 1, 4, 1, 1] => QQFieldElem[0, 0, 0, 0, 0, 0, 0, 0, 0, 0, 0, 0, 0, 0, 0, 0],
	[18, 16, 11, 11, 8, 1, 1, 14, 1, 1] => QQFieldElem[3//2, 0, 0, 0, 0, 0, 0, 0, 0, 0, 0, 0, 0, 0, 0, 0],
	[18, 16, 11, 11, 20, 1, 1, 20, 1, 1] => QQFieldElem[1//3, 0, 1//3, -1//3, 0, -1//3, -1//3, 0, -2//3, 0, -1//3, 1//3, 0, 0, 0, 0])