Dict(
	[18, 17, 14, 14, 13, 1, 1, 6, 1, 1] => QQFieldElem[0, 0, 0, 0, 0, 0, 0, 0, 0, 0, 0, 0, 0, 0, 0, 0],
	[18, 17, 14, 14, 13, 1, 1, 8, 1, 1] => QQFieldElem[0, 0, 0, 0, 0, 0, 0, 0, 0, 0, 0, 0, -1, 0, 0, 0],
	[18, 17, 14, 14, 12, 1, 1, 4, 1, 1] => QQFieldElem[0, 0, 0, 0, 0, 0, 0, 0, 0, 0, 0, 0, 0, 0, 0, 0],
	[18, 17, 14, 14, 11, 1, 1, 6, 1, 1] => QQFieldElem[0, 0, 9//8, 0, 0, 0, 9//16, 0, 0, 0, -9//8, 0, 0, 0, 0, 0],
	[18, 17, 14, 14, 11, 1, 1, 8, 1, 1] => QQFieldElem[0, 0, -9//8, 0, 0, 0, -9//16, 0, 0, 0, 9//8, 0, 0, 0, 0, 0],
	[18, 17, 14, 14, 12, 1, 1, 5, 1, 1] => QQFieldElem[0, 0, 0, 0, 0, 0, 0, 0, 0, 0, 0, 0, 4//3, 0, 0, 0],
	[18, 17, 14, 14, 10, 1, 1, 4, 1, 1] => QQFieldElem[9//16, 0, 0, 0, 0, 0, 0, 0, 0, 0, 0, 0, 0, 0, 0, 0],
	[18, 17, 14, 14, 10, 1, 1, 5, 1, 1] => QQFieldElem[9//16, 0, 0, 0, 0, 0, 0, 0, 0, 0, 0, 0, 0, 0, 0, 0],
	[18, 17, 14, 14, 13, 1, 1, 4, 1, 1] => QQFieldElem[0, 0, 0, 0, 0, 0, 0, 0, 0, 0, 0, 0, 1, 0, 0, 0],
	[18, 17, 14, 14, 13, 1, 1, 5, 1, 1] => QQFieldElem[0, 0, 0, 0, 0, 0, 0, 0, 0, 0, 0, 0, 0, 0, 0, 0],
	[18, 17, 14, 14, 11, 1, 1, 4, 1, 1] => QQFieldElem[0, 0, -9//8, 0, 0, 0, -9//16, 0, 0, 0, 9//8, 0, 0, 0, 0, 0],
	[18, 17, 14, 14, 11, 1, 1, 5, 1, 1] => QQFieldElem[0, 0, 9//8, 0, 0, 0, 9//16, 0, 0, 0, -9//8, 0, 0, 0, 0, 0],
	[18, 17, 14, 14, 12, 1, 1, 6, 1, 1] => QQFieldElem[0, 0, 0, 0, 0, 0, 0, 0, 0, 0, 0, 0, -4//3, 0, 0, 0],
	[18, 17, 14, 14, 12, 1, 1, 8, 1, 1] => QQFieldElem[0, 0, 0, 0, 0, 0, 0, 0, 0, 0, 0, 0, 0, 0, 0, 0],
	[18, 17, 14, 14, 10, 1, 1, 6, 1, 1] => QQFieldElem[9//16, 0, 0, 0, 0, 0, 0, 0, 0, 0, 0, 0, 0, 0, 0, 0],
	[18, 17, 14, 14, 10, 1, 1, 8, 1, 1] => QQFieldElem[9//16, 0, 0, 0, 0, 0, 0, 0, 0, 0, 0, 0, 0, 0, 0, 0])