Dict(
	[19, 10, 12, 21, 14, 1, 1, 11, 1, 1] => QQFieldElem[0, 0, 0, 0, 0, 0, 0, 0, 1//64, 0, 0, 0, 0, 0, 0, 0],
	[19, 10, 12, 21, 5, 1, 1, 10, 1, 1] => QQFieldElem[1//72, 0, 0, 0, 0, 0, 0, 0, -1//144, 0, 0, 0, 0, 0, 0, 0],
	[19, 10, 12, 21, 20, 2, 1, 11, 1, 1] => QQFieldElem[1//128, 0, 0, 0, 0, 0, 0, 0, -1//128, 0, 0, 0, 0, 0, 0, 0],
	[19, 10, 12, 21, 5, 1, 1, 18, 1, 1] => QQFieldElem[0, 0, 0, 0, 0, 0, 0, 0, 0, 0, 0, 0, -2//3, 0, 0, 0],
	[19, 10, 12, 21, 14, 2, 1, 15, 1, 1] => QQFieldElem[0, 0, 0, 0, 0, 0, 0, 0, 0, 0, 0, 0, -2//3, 0, 0, 0],
	[19, 10, 12, 21, 20, 1, 1, 15, 1, 1] => QQFieldElem[0, 0, 0, 1//4, 0, 1//4, 0, 0, 0, 0, 0, -1//4, 0, -1//4, 0, 0],
	[19, 10, 12, 21, 5, 1, 1, 17, 1, 1] => QQFieldElem[0, 0, 0, 0, 0, 0, 0, 0, 1//3, 0, 0, 0, -1//3, 0, 0, 0],
	[19, 10, 12, 21, 14, 2, 1, 12, 1, 1] => QQFieldElem[0, 0, 0, 0, 32//81, 0, 0, 0, 32//81, 0, 0, 0, 0, 0, 0, 0],
	[19, 10, 12, 21, 3, 1, 1, 11, 1, 1] => QQFieldElem[0, 0, 0, 0, 0, 0, 0, 0, 1//64, 0, 0, 0, 0, 0, 0, 0],
	[19, 10, 12, 21, 20, 1, 1, 12, 1, 1] => QQFieldElem[0, 0, 0, 0, 0, 0, 0, 0, 0, 0, 4//27, 0, 0, 0, 4//27, 0],
	[19, 10, 12, 21, 21, 1, 1, 10, 1, 1] => QQFieldElem[1//384, 0, 0, 0, 0, 0, 0, 0, 1//384, 0, 0, 0, 0, 0, 0, 0],
	[19, 10, 12, 21, 14, 2, 1, 16, 1, 1] => QQFieldElem[0, 0, 0, 0, 0, 0, 0, 0, 1//3, 0, 0, 0, -1//3, 0, 0, 0],
	[19, 10, 12, 21, 19, 1, 1, 11, 1, 1] => QQFieldElem[1//128, 0, 0, 0, 0, 0, 0, 0, -1//128, 0, 0, 0, 0, 0, 0, 0],
	[19, 10, 12, 21, 20, 1, 1, 16, 1, 1] => QQFieldElem[0, 0, 0, 0, 0, -1//8, 0, 0, 0, 0, 0, 1//8, 0, 0, 0, 0],
	[19, 10, 12, 21, 14, 1, 1, 10, 1, 1] => QQFieldElem[1//96, 0, 0, 0, 0, 0, 0, 0, -1//192, 0, 0, 0, 0, 0, 0, 0],
	[19, 10, 12, 21, 21, 1, 1, 18, 1, 1] => QQFieldElem[0, 0, 0, 1//4, 0, 0, 0, 0, 0, 0, 0, 0, 0, -1//4, 0, 0],
	[19, 10, 12, 21, 21, 1, 1, 17, 1, 1] => QQFieldElem[0, 0, 0, 0, 0, 1//8, 0, 0, 0, 0, 0, -1//8, 0, 0, 0, 0],
	[19, 10, 12, 21, 14, 1, 1, 18, 1, 1] => QQFieldElem[0, 0, 0, 0, 0, 0, 0, 0, 0, 0, 0, 0, 1//2, 0, 0, 0],
	[19, 10, 12, 21, 20, 2, 1, 10, 1, 1] => QQFieldElem[1//384, 0, 0, 0, 0, 0, 0, 0, 1//384, 0, 0, 0, 0, 0, 0, 0],
	[19, 10, 12, 21, 14, 1, 1, 17, 1, 1] => QQFieldElem[0, 0, 0, 0, 0, 0, 0, 0, -1//4, 0, 0, 0, 1//4, 0, 0, 0],
	[19, 10, 12, 21, 20, 2, 1, 18, 1, 1] => QQFieldElem[0, 1//4, 0, 0, 0, 0, 0, 0, 0, 0, 0, 0, 0, 0, 0, -1//4],
	[19, 10, 12, 21, 3, 1, 1, 10, 1, 1] => QQFieldElem[1//96, 0, 0, 0, 0, 0, 0, 0, -1//192, 0, 0, 0, 0, 0, 0, 0],
	[19, 10, 12, 21, 20, 2, 1, 17, 1, 1] => QQFieldElem[0, -1//8, 0, 0, 0, 0, 0, -1//8, 0, 1//8, 0, 0, 0, 0, 0, 1//8],
	[19, 10, 12, 21, 14, 2, 1, 13, 1, 1] => QQFieldElem[4//9, 0, 0, 0, 4//9, 0, 0, 0, 0, 0, 0, 0, -4//9, 0, 0, 0],
	[19, 10, 12, 21, 3, 1, 1, 18, 1, 1] => QQFieldElem[0, 0, 0, 0, 0, 0, 0, 0, 0, 0, 0, 0, 1//2, 0, 0, 0],
	[19, 10, 12, 21, 19, 1, 1, 10, 1, 1] => QQFieldElem[1//384, 0, 0, 0, 0, 0, 0, 0, 1//384, 0, 0, 0, 0, 0, 0, 0],
	[19, 10, 12, 21, 20, 1, 1, 13, 1, 1] => QQFieldElem[0, 0, 0, 0, 0, 0, 1//6, 0, 0, 0, 1//6, 0, 0, 0, 0, 0],
	[19, 10, 12, 21, 3, 1, 1, 17, 1, 1] => QQFieldElem[0, 0, 0, 0, 0, 0, 0, 0, 1//4, 0, 0, 0, 1//4, 0, 0, 0],
	[19, 10, 12, 21, 19, 1, 1, 18, 1, 1] => QQFieldElem[0, -1//4, 0, 0, 0, 0, 0, 0, 0, 0, 0, 0, 0, 0, 0, 1//4],
	[19, 10, 12, 21, 19, 1, 1, 17, 1, 1] => QQFieldElem[0, 1//8, 0, 0, 0, 0, 0, 1//8, 0, -1//8, 0, 0, 0, 0, 0, -1//8],
	[19, 10, 12, 21, 5, 1, 1, 15, 1, 1] => QQFieldElem[0, 0, 0, 0, 0, 0, 0, 0, 0, 0, 0, 0, -2//3, 0, 0, 0],
	[19, 10, 12, 21, 5, 1, 1, 12, 1, 1] => QQFieldElem[0, 0, 0, 0, -32//81, 0, 0, 0, -32//81, 0, 0, 0, 0, 0, 0, 0],
	[19, 10, 12, 21, 5, 1, 1, 16, 1, 1] => QQFieldElem[0, 0, 0, 0, 0, 0, 0, 0, -1//3, 0, 0, 0, -1//3, 0, 0, 0],
	[19, 10, 12, 21, 21, 1, 1, 15, 1, 1] => QQFieldElem[0, 0, 0, -1//4, 0, -1//4, 0, 0, 0, 0, 0, 1//4, 0, 1//4, 0, 0],
	[19, 10, 12, 21, 14, 2, 1, 11, 1, 1] => QQFieldElem[0, 0, 0, 0, 0, 0, 0, 0, 1//48, 0, 0, 0, 0, 0, 0, 0],
	[19, 10, 12, 21, 20, 1, 1, 11, 1, 1] => QQFieldElem[1//128, 0, 0, 0, 0, 0, 0, 0, -1//128, 0, 0, 0, 0, 0, 0, 0],
	[19, 10, 12, 21, 21, 1, 1, 12, 1, 1] => QQFieldElem[0, 0, 0, 0, 0, 0, 0, 0, 0, 0, 4//27, 0, 0, 0, 4//27, 0],
	[19, 10, 12, 21, 14, 1, 1, 15, 1, 1] => QQFieldElem[0, 0, 0, 0, 0, 0, 0, 0, 0, 0, 0, 0, 1//2, 0, 0, 0],
	[19, 10, 12, 21, 14, 1, 1, 12, 1, 1] => QQFieldElem[0, 0, 0, 0, -8//27, 0, 0, 0, -8//27, 0, 0, 0, 0, 0, 0, 0],
	[19, 10, 12, 21, 21, 1, 1, 16, 1, 1] => QQFieldElem[0, 0, 0, 0, 0, 1//8, 0, 0, 0, 0, 0, -1//8, 0, 0, 0, 0],
	[19, 10, 12, 21, 20, 2, 1, 15, 1, 1] => QQFieldElem[0, 0, 0, 0, 0, 0, 0, 1//4, 0, -1//4, 0, 0, 0, 0, 0, 0],
	[19, 10, 12, 21, 14, 1, 1, 16, 1, 1] => QQFieldElem[0, 0, 0, 0, 0, 0, 0, 0, 1//4, 0, 0, 0, 1//4, 0, 0, 0],
	[19, 10, 12, 21, 20, 2, 1, 12, 1, 1] => QQFieldElem[0, 0, 0, 0, 0, 0, 0, 0, 0, 0, -4//27, 0, 0, 0, -4//27, 0],
	[19, 10, 12, 21, 5, 1, 1, 13, 1, 1] => QQFieldElem[-4//9, 0, 0, 0, -4//9, 0, 0, 0, 0, 0, 0, 0, 4//9, 0, 0, 0],
	[19, 10, 12, 21, 3, 1, 1, 15, 1, 1] => QQFieldElem[0, 0, 0, 0, 0, 0, 0, 0, 0, 0, 0, 0, 1//2, 0, 0, 0],
	[19, 10, 12, 21, 20, 2, 1, 16, 1, 1] => QQFieldElem[0, -1//8, 0, 0, 0, 0, 0, -1//8, 0, 1//8, 0, 0, 0, 0, 0, 1//8],
	[19, 10, 12, 21, 3, 1, 1, 12, 1, 1] => QQFieldElem[0, 0, 0, 0, 8//27, 0, 0, 0, 8//27, 0, 0, 0, 0, 0, 0, 0],
	[19, 10, 12, 21, 14, 2, 1, 10, 1, 1] => QQFieldElem[1//72, 0, 0, 0, 0, 0, 0, 0, -1//144, 0, 0, 0, 0, 0, 0, 0],
	[19, 10, 12, 21, 20, 1, 1, 10, 1, 1] => QQFieldElem[1//384, 0, 0, 0, 0, 0, 0, 0, 1//384, 0, 0, 0, 0, 0, 0, 0],
	[19, 10, 12, 21, 19, 1, 1, 15, 1, 1] => QQFieldElem[0, 0, 0, 0, 0, 0, 0, -1//4, 0, 1//4, 0, 0, 0, 0, 0, 0],
	[19, 10, 12, 21, 14, 2, 1, 18, 1, 1] => QQFieldElem[0, 0, 0, 0, 0, 0, 0, 0, 0, 0, 0, 0, -2//3, 0, 0, 0],
	[19, 10, 12, 21, 3, 1, 1, 16, 1, 1] => QQFieldElem[0, 0, 0, 0, 0, 0, 0, 0, -1//4, 0, 0, 0, 1//4, 0, 0, 0],
	[19, 10, 12, 21, 20, 1, 1, 18, 1, 1] => QQFieldElem[0, 0, 0, -1//4, 0, 0, 0, 0, 0, 0, 0, 0, 0, 1//4, 0, 0],
	[19, 10, 12, 21, 19, 1, 1, 12, 1, 1] => QQFieldElem[0, 0, 0, 0, 0, 0, 0, 0, 0, 0, -4//27, 0, 0, 0, -4//27, 0],
	[19, 10, 12, 21, 21, 1, 1, 13, 1, 1] => QQFieldElem[0, 0, 0, 0, 0, 0, 1//6, 0, 0, 0, 1//6, 0, 0, 0, 0, 0],
	[19, 10, 12, 21, 14, 2, 1, 17, 1, 1] => QQFieldElem[0, 0, 0, 0, 0, 0, 0, 0, -1//3, 0, 0, 0, -1//3, 0, 0, 0],
	[19, 10, 12, 21, 20, 1, 1, 17, 1, 1] => QQFieldElem[0, 0, 0, 0, 0, -1//8, 0, 0, 0, 0, 0, 1//8, 0, 0, 0, 0],
	[19, 10, 12, 21, 19, 1, 1, 16, 1, 1] => QQFieldElem[0, 1//8, 0, 0, 0, 0, 0, 1//8, 0, -1//8, 0, 0, 0, 0, 0, -1//8],
	[19, 10, 12, 21, 14, 1, 1, 13, 1, 1] => QQFieldElem[-1//3, 0, 0, 0, -1//3, 0, 0, 0, 0, 0, 0, 0, 1//3, 0, 0, 0],
	[19, 10, 12, 21, 20, 2, 1, 13, 1, 1] => QQFieldElem[0, 0, 0, 0, 0, 0, -1//6, 0, 0, 0, -1//6, 0, 0, 0, 0, 0],
	[19, 10, 12, 21, 3, 1, 1, 13, 1, 1] => QQFieldElem[1//3, 0, 0, 0, 1//3, 0, 0, 0, 0, 0, 0, 0, -1//3, 0, 0, 0],
	[19, 10, 12, 21, 5, 1, 1, 11, 1, 1] => QQFieldElem[0, 0, 0, 0, 0, 0, 0, 0, 1//48, 0, 0, 0, 0, 0, 0, 0],
	[19, 10, 12, 21, 19, 1, 1, 13, 1, 1] => QQFieldElem[0, 0, 0, 0, 0, 0, -1//6, 0, 0, 0, -1//6, 0, 0, 0, 0, 0],
	[19, 10, 12, 21, 21, 1, 1, 11, 1, 1] => QQFieldElem[1//128, 0, 0, 0, 0, 0, 0, 0, -1//128, 0, 0, 0, 0, 0, 0, 0])