Dict(
	[19, 4, 20, 20, 21, 1, 1, 20, 1, 2] => QQFieldElem[128//9, 0, 0, 0, 0, 0, 0, 0, -256//27, 0, 0, 0, 0, 0, 0, 0],
	[19, 4, 20, 20, 21, 1, 1, 19, 1, 1] => QQFieldElem[512//27, 0, 0, 0, 0, 0, 0, 0, 0, 0, 0, 0, 0, 0, 0, 0],
	[19, 4, 20, 20, 21, 2, 1, 20, 1, 2] => QQFieldElem[256//27, 0, 0, 0, 0, 0, 0, 0, 0, 0, 0, 0, 0, 0, 0, 0],
	[19, 4, 20, 20, 19, 1, 1, 20, 1, 1] => QQFieldElem[-256//27, 0, 0, 0, 0, 0, 0, 0, 0, 0, 0, 0, 0, 0, 0, 0],
	[19, 4, 20, 20, 21, 1, 1, 21, 1, 1] => QQFieldElem[-128//7, 0, 0, 0, 0, 0, 0, 0, 512//189, 0, 0, 0, 0, 0, 0, 0],
	[19, 4, 20, 20, 21, 2, 1, 19, 1, 1] => QQFieldElem[-2048//189, 0, 0, 0, 0, 0, 0, 0, 1280//189, 0, 0, 0, 0, 0, 0, 0],
	[19, 4, 20, 20, 20, 1, 1, 20, 1, 2] => QQFieldElem[-256//9, 0, 0, 0, 0, 0, 0, 0, 256//27, 0, 0, 0, 0, 0, 0, 0],
	[19, 4, 20, 20, 21, 2, 1, 21, 1, 1] => QQFieldElem[256//27, 0, 0, 0, 0, 0, 0, 0, 0, 0, 0, 0, 0, 0, 0, 0],
	[19, 4, 20, 20, 20, 1, 1, 19, 1, 1] => QQFieldElem[512//27, 0, 0, 0, 0, 0, 0, 0, 0, 0, 0, 0, 0, 0, 0, 0],
	[19, 4, 20, 20, 21, 1, 1, 20, 1, 1] => QQFieldElem[-1024//189, 0, 0, 0, 0, 0, 0, 0, -512//189, 0, 0, 0, 0, 0, 0, 0],
	[19, 4, 20, 20, 20, 1, 1, 21, 1, 1] => QQFieldElem[128//9, 0, 0, 0, 0, 0, 0, 0, -256//27, 0, 0, 0, 0, 0, 0, 0],
	[19, 4, 20, 20, 21, 2, 1, 20, 1, 1] => QQFieldElem[-128//7, 0, 0, 0, 0, 0, 0, 0, 512//189, 0, 0, 0, 0, 0, 0, 0],
	[19, 4, 20, 20, 20, 1, 1, 20, 1, 1] => QQFieldElem[-512//27, 0, 0, 0, 0, 0, 0, 0, -256//27, 0, 0, 0, 0, 0, 0, 0],
	[19, 4, 20, 20, 19, 1, 1, 20, 1, 2] => QQFieldElem[-512//27, 0, 0, 0, 0, 0, 0, 0, -256//27, 0, 0, 0, 0, 0, 0, 0],
	[19, 4, 20, 20, 19, 1, 1, 19, 1, 1] => QQFieldElem[-1024//63, 0, 0, 0, 0, 0, 0, 0, 1024//189, 0, 0, 0, 0, 0, 0, 0],
	[19, 4, 20, 20, 19, 1, 1, 21, 1, 1] => QQFieldElem[-1024//189, 0, 0, 0, 0, 0, 0, 0, -512//189, 0, 0, 0, 0, 0, 0, 0])