Dict(
	[19, 21, 11, 13, 17, 1, 1, 7, 1, 1] => QQFieldElem[0, 0, 0, 0, 0, 0, 0, 0, -1//2, 0, 0, 0, -1//6, 0, 0, 0],
	[19, 21, 11, 13, 11, 1, 1, 20, 1, 1] => QQFieldElem[-64//3, 0, 0, 0, 0, 0, 0, 0, 0, 0, 0, 0, 0, 0, 64//3, 0],
	[19, 21, 11, 13, 15, 1, 1, 20, 1, 1] => QQFieldElem[-3//8, 0, 0, 0, 0, 0, 0, 0, 3//8, 0, 0, 0, 0, 0, 0, 0],
	[19, 21, 11, 13, 11, 1, 1, 6, 1, 1] => QQFieldElem[3//8, 0, 0, 0, 0, 0, 0, 0, 3//16, 0, 0, 0, 0, 0, 0, 0],
	[19, 21, 11, 13, 16, 1, 1, 21, 1, 1] => QQFieldElem[0, 0, 0, 0, 0, -1//3, 0, 0, 0, 0, 0, -1//3, 0, 0, 0, 0],
	[19, 21, 11, 13, 15, 1, 1, 6, 1, 1] => QQFieldElem[0, 0, 0, 0, 0, 0, 0, 0, 0, 0, 0, 0, 1//6, 0, 0, 0],
	[19, 21, 11, 13, 11, 1, 1, 20, 2, 1] => QQFieldElem[64//3, 0, 0, 0, 0, 0, 0, 0, 0, 0, 0, 0, 0, 0, 64//3, 0],
	[19, 21, 11, 13, 10, 1, 1, 5, 1, 1] => QQFieldElem[3//8, 0, 0, 0, 0, 0, 0, 0, -3//16, 0, 0, 0, 0, 0, 0, 0],
	[19, 21, 11, 13, 15, 1, 1, 20, 2, 1] => QQFieldElem[15//8, 0, 0, 0, 0, 0, 0, 0, -3//8, 0, 0, 0, 0, 0, 0, 0],
	[19, 21, 11, 13, 12, 1, 1, 21, 1, 1] => QQFieldElem[-64//3, 0, 0, 0, 0, 0, 0, 0, 0, 0, 0, 0, 0, 0, 64//3, 0],
	[19, 21, 11, 13, 17, 1, 1, 20, 1, 1] => QQFieldElem[0, 0, 0, 0, 0, 0, 0, 1//3, 0, 1//3, 0, 0, 0, 0, 0, 0],
	[19, 21, 11, 13, 10, 1, 1, 19, 1, 1] => QQFieldElem[-3//8, 0, 0, 0, 0, 0, 0, 0, 3//8, 0, 0, 0, 0, 0, 0, 0],
	[19, 21, 11, 13, 13, 1, 1, 7, 1, 1] => QQFieldElem[0, 0, -32//3, 0, 32//3, 0, 0, 0, 0, 0, 32//3, 0, 0, 0, 0, 0],
	[19, 21, 11, 13, 11, 1, 1, 4, 1, 1] => QQFieldElem[3//8, 0, 0, 0, 0, 0, 0, 0, 3//16, 0, 0, 0, 0, 0, 0, 0],
	[19, 21, 11, 13, 18, 1, 1, 5, 1, 1] => QQFieldElem[0, 0, 0, 0, 0, 0, 0, 0, 0, 0, 0, 0, -1//6, 0, 0, 0],
	[19, 21, 11, 13, 17, 1, 1, 6, 1, 1] => QQFieldElem[0, 0, 0, 0, 0, 0, 0, 0, -1//2, 0, 0, 0, 1//6, 0, 0, 0],
	[19, 21, 11, 13, 15, 1, 1, 4, 1, 1] => QQFieldElem[0, 0, 0, 0, 0, 0, 0, 0, 0, 0, 0, 0, 1//6, 0, 0, 0],
	[19, 21, 11, 13, 18, 1, 1, 19, 1, 1] => QQFieldElem[0, 1//3, 0, 0, 0, 0, 0, 0, 0, 0, 0, 0, 0, 0, 0, 1//3],
	[19, 21, 11, 13, 17, 1, 1, 20, 2, 1] => QQFieldElem[0, 1//3, 0, 0, 0, 0, 0, -1//3, 0, -1//3, 0, 0, 0, 0, 0, 1//3],
	[19, 21, 11, 13, 17, 1, 1, 4, 1, 1] => QQFieldElem[0, 0, 0, 0, 0, 0, 0, 0, 1//2, 0, 0, 0, 1//6, 0, 0, 0],
	[19, 21, 11, 13, 16, 1, 1, 7, 1, 1] => QQFieldElem[0, 0, 0, 0, 0, 0, 0, 0, 1//2, 0, 0, 0, -1//6, 0, 0, 0],
	[19, 21, 11, 13, 13, 1, 1, 20, 1, 1] => QQFieldElem[0, 0, 0, 0, 0, 1//3, 0, 0, 0, 0, 0, 1//3, 0, 0, 0, 0],
	[19, 21, 11, 13, 13, 1, 1, 6, 1, 1] => QQFieldElem[0, 0, 32//3, 0, -32//3, 0, 0, 0, 0, 0, -32//3, 0, 0, 0, 0, 0],
	[19, 21, 11, 13, 12, 1, 1, 7, 1, 1] => QQFieldElem[0, 0, 32//3, 0, 32//3, 0, 0, 0, 0, 0, -32//3, 0, 0, 0, 0, 0],
	[19, 21, 11, 13, 13, 1, 1, 20, 2, 1] => QQFieldElem[0, 0, 0, -1//3, 0, 0, 0, 0, 0, 0, 0, 0, 0, -1//3, 0, 0],
	[19, 21, 11, 13, 16, 1, 1, 20, 1, 1] => QQFieldElem[64//3, 0, 0, 0, 0, 0, 0, 0, 0, 0, 0, 0, 0, 0, -64//3, 0],
	[19, 21, 11, 13, 13, 1, 1, 4, 1, 1] => QQFieldElem[0, 0, -32//3, 0, 32//3, 0, 0, 0, 0, 0, 32//3, 0, 0, 0, 0, 0],
	[19, 21, 11, 13, 10, 1, 1, 21, 1, 1] => QQFieldElem[-3//8, 0, 0, 0, 0, 0, 0, 0, 3//8, 0, 0, 0, 0, 0, 0, 0],
	[19, 21, 11, 13, 16, 1, 1, 6, 1, 1] => QQFieldElem[0, 0, 0, 0, 0, 0, 0, 0, 1//2, 0, 0, 0, 1//6, 0, 0, 0],
	[19, 21, 11, 13, 12, 1, 1, 20, 1, 1] => QQFieldElem[0, 0, 0, 1//3, 0, -1//3, 0, 0, 0, 0, 0, -1//3, 0, 1//3, 0, 0],
	[19, 21, 11, 13, 16, 1, 1, 20, 2, 1] => QQFieldElem[-64//3, 0, 0, 0, 0, 0, 0, 0, 0, 0, 0, 0, 0, 0, -64//3, 0],
	[19, 21, 11, 13, 11, 1, 1, 5, 1, 1] => QQFieldElem[3//8, 0, 0, 0, 0, 0, 0, 0, 3//16, 0, 0, 0, 0, 0, 0, 0],
	[19, 21, 11, 13, 18, 1, 1, 21, 1, 1] => QQFieldElem[0, 0, 0, 1//3, 0, 0, 0, 0, 0, 0, 0, 0, 0, 1//3, 0, 0],
	[19, 21, 11, 13, 15, 1, 1, 5, 1, 1] => QQFieldElem[0, 0, 0, 0, 0, 0, 0, 0, 0, 0, 0, 0, -1//6, 0, 0, 0],
	[19, 21, 11, 13, 12, 1, 1, 6, 1, 1] => QQFieldElem[0, 0, -32//3, 0, -32//3, 0, 0, 0, 0, 0, 32//3, 0, 0, 0, 0, 0],
	[19, 21, 11, 13, 11, 1, 1, 19, 1, 1] => QQFieldElem[15//8, 0, 0, 0, 0, 0, 0, 0, -3//8, 0, 0, 0, 0, 0, 0, 0],
	[19, 21, 11, 13, 12, 1, 1, 20, 2, 1] => QQFieldElem[0, 0, 0, 0, 0, 1//3, 0, 0, 0, 0, 0, 1//3, 0, 0, 0, 0],
	[19, 21, 11, 13, 15, 1, 1, 19, 1, 1] => QQFieldElem[0, 0, 0, 0, 0, 0, 0, -1//3, 0, -1//3, 0, 0, 0, 0, 0, 0],
	[19, 21, 11, 13, 16, 1, 1, 4, 1, 1] => QQFieldElem[0, 0, 0, 0, 0, 0, 0, 0, -1//2, 0, 0, 0, 1//6, 0, 0, 0],
	[19, 21, 11, 13, 17, 1, 1, 5, 1, 1] => QQFieldElem[0, 0, 0, 0, 0, 0, 0, 0, 1//2, 0, 0, 0, -1//6, 0, 0, 0],
	[19, 21, 11, 13, 12, 1, 1, 4, 1, 1] => QQFieldElem[0, 0, 32//3, 0, 32//3, 0, 0, 0, 0, 0, -32//3, 0, 0, 0, 0, 0],
	[19, 21, 11, 13, 17, 1, 1, 19, 1, 1] => QQFieldElem[0, -1//3, 0, 0, 0, 0, 0, 1//3, 0, 1//3, 0, 0, 0, 0, 0, -1//3],
	[19, 21, 11, 13, 10, 1, 1, 7, 1, 1] => QQFieldElem[3//8, 0, 0, 0, 0, 0, 0, 0, -3//16, 0, 0, 0, 0, 0, 0, 0],
	[19, 21, 11, 13, 18, 1, 1, 7, 1, 1] => QQFieldElem[0, 0, 0, 0, 0, 0, 0, 0, 0, 0, 0, 0, -1//6, 0, 0, 0],
	[19, 21, 11, 13, 13, 1, 1, 5, 1, 1] => QQFieldElem[0, 0, 32//3, 0, -32//3, 0, 0, 0, 0, 0, -32//3, 0, 0, 0, 0, 0],
	[19, 21, 11, 13, 13, 1, 1, 19, 1, 1] => QQFieldElem[-64//3, 0, 0, 0, 0, 0, 0, 0, 0, 0, 0, 0, 0, 0, -64//3, 0],
	[19, 21, 11, 13, 10, 1, 1, 20, 1, 1] => QQFieldElem[-3//8, 0, 0, 0, 0, 0, 0, 0, 3//8, 0, 0, 0, 0, 0, 0, 0],
	[19, 21, 11, 13, 11, 1, 1, 21, 1, 1] => QQFieldElem[15//8, 0, 0, 0, 0, 0, 0, 0, -3//8, 0, 0, 0, 0, 0, 0, 0],
	[19, 21, 11, 13, 10, 1, 1, 6, 1, 1] => QQFieldElem[3//8, 0, 0, 0, 0, 0, 0, 0, -3//16, 0, 0, 0, 0, 0, 0, 0],
	[19, 21, 11, 13, 15, 1, 1, 21, 1, 1] => QQFieldElem[0, 0, 0, -1//3, 0, 1//3, 0, 0, 0, 0, 0, 1//3, 0, -1//3, 0, 0],
	[19, 21, 11, 13, 18, 1, 1, 20, 1, 1] => QQFieldElem[0, 1//3, 0, 0, 0, 0, 0, -1//3, 0, -1//3, 0, 0, 0, 0, 0, 1//3],
	[19, 21, 11, 13, 10, 1, 1, 20, 2, 1] => QQFieldElem[15//8, 0, 0, 0, 0, 0, 0, 0, -3//8, 0, 0, 0, 0, 0, 0, 0],
	[19, 21, 11, 13, 16, 1, 1, 5, 1, 1] => QQFieldElem[0, 0, 0, 0, 0, 0, 0, 0, -1//2, 0, 0, 0, -1//6, 0, 0, 0],
	[19, 21, 11, 13, 18, 1, 1, 6, 1, 1] => QQFieldElem[0, 0, 0, 0, 0, 0, 0, 0, 0, 0, 0, 0, 1//6, 0, 0, 0],
	[19, 21, 11, 13, 16, 1, 1, 19, 1, 1] => QQFieldElem[0, -1//3, 0, 0, 0, 0, 0, 1//3, 0, 1//3, 0, 0, 0, 0, 0, -1//3],
	[19, 21, 11, 13, 18, 1, 1, 20, 2, 1] => QQFieldElem[0, -1//3, 0, 0, 0, 0, 0, 0, 0, 0, 0, 0, 0, 0, 0, -1//3],
	[19, 21, 11, 13, 17, 1, 1, 21, 1, 1] => QQFieldElem[0, 0, 0, 0, 0, -1//3, 0, 0, 0, 0, 0, -1//3, 0, 0, 0, 0],
	[19, 21, 11, 13, 12, 1, 1, 5, 1, 1] => QQFieldElem[0, 0, -32//3, 0, -32//3, 0, 0, 0, 0, 0, 32//3, 0, 0, 0, 0, 0],
	[19, 21, 11, 13, 10, 1, 1, 4, 1, 1] => QQFieldElem[3//8, 0, 0, 0, 0, 0, 0, 0, -3//16, 0, 0, 0, 0, 0, 0, 0],
	[19, 21, 11, 13, 12, 1, 1, 19, 1, 1] => QQFieldElem[64//3, 0, 0, 0, 0, 0, 0, 0, 0, 0, 0, 0, 0, 0, -64//3, 0],
	[19, 21, 11, 13, 18, 1, 1, 4, 1, 1] => QQFieldElem[0, 0, 0, 0, 0, 0, 0, 0, 0, 0, 0, 0, 1//6, 0, 0, 0],
	[19, 21, 11, 13, 11, 1, 1, 7, 1, 1] => QQFieldElem[3//8, 0, 0, 0, 0, 0, 0, 0, 3//16, 0, 0, 0, 0, 0, 0, 0],
	[19, 21, 11, 13, 15, 1, 1, 7, 1, 1] => QQFieldElem[0, 0, 0, 0, 0, 0, 0, 0, 0, 0, 0, 0, -1//6, 0, 0, 0],
	[19, 21, 11, 13, 13, 1, 1, 21, 1, 1] => QQFieldElem[64//3, 0, 0, 0, 0, 0, 0, 0, 0, 0, 0, 0, 0, 0, 64//3, 0])