Dict(
	[19, 12, 13, 14, 21, 1, 1, 18, 1, 1] => QQFieldElem[0, 1//8, 0, 0, 0, 0, 1//8, 0, 0, 0, 0, -1//8, -1//8, 0, -1//8, 0],
	[19, 12, 13, 14, 19, 2, 1, 11, 1, 1] => QQFieldElem[0, 0, 0, 0, 0, 0, 0, 0, 0, 0, 0, 0, -2, 0, 0, 0],
	[19, 12, 13, 14, 20, 2, 1, 16, 1, 1] => QQFieldElem[0, 0, 0, 0, 0, -1//8, 0, 1//8, 0, 0, 0, 0, -1//8, 0, -1//8, 0],
	[19, 12, 13, 14, 21, 2, 1, 18, 1, 1] => QQFieldElem[0, 0, 0, 0, 0, 0, -1//8, 1//8, 0, 0, 0, 0, -1//8, -1//8, 1//8, -1//8],
	[19, 12, 13, 14, 21, 1, 1, 17, 1, 1] => QQFieldElem[0, 1//8, 0, 0, 0, 0, -1//8, 0, 0, 0, 0, 1//8, -1//8, 0, 1//8, 0],
	[19, 12, 13, 14, 19, 1, 1, 15, 1, 1] => QQFieldElem[0, 0, 0, 0, -512//9, 0, 0, 0, 0, 0, 0, 0, 0, 0, 0, 0],
	[19, 12, 13, 14, 21, 2, 1, 17, 1, 1] => QQFieldElem[0, 0, 0, 0, 0, 0, 1//8, -1//8, 0, 0, 0, 0, -1//8, -1//8, -1//8, 1//8],
	[19, 12, 13, 14, 21, 1, 1, 11, 1, 1] => QQFieldElem[0, 0, 0, -1//8, 0, 0, 1//8, 0, 0, -1//8, 0, 0, -1//8, 0, 0, 0],
	[19, 12, 13, 14, 19, 1, 1, 12, 1, 1] => QQFieldElem[0, 0, 0, 0, 0, 0, 0, 0, 0, 0, 0, 0, 512//9, 0, 0, 0],
	[19, 12, 13, 14, 20, 1, 1, 18, 1, 1] => QQFieldElem[0, -1//8, 0, 0, 0, 0, 1//8, 0, 0, 0, 0, 1//8, -1//8, 0, -1//8, 0],
	[19, 12, 13, 14, 19, 2, 1, 15, 1, 1] => QQFieldElem[0, 0, 0, 0, 0, 0, 0, 0, 0, 0, 0, 0, -2, 0, 0, 0],
	[19, 12, 13, 14, 21, 2, 1, 11, 1, 1] => QQFieldElem[0, 0, 0, 0, 0, -1//8, -1//8, 0, 0, 0, 0, 0, -1//8, 1//8, 0, -1//8],
	[19, 12, 13, 14, 19, 2, 1, 12, 1, 1] => QQFieldElem[0, 0, 0, 0, 0, 0, 0, 0, 0, 0, 0, 0, 2, 0, 0, 0],
	[19, 12, 13, 14, 20, 2, 1, 18, 1, 1] => QQFieldElem[0, 0, 0, 0, 0, 0, -1//8, -1//8, 0, 0, 0, 0, -1//8, 1//8, 1//8, 1//8],
	[19, 12, 13, 14, 20, 1, 1, 17, 1, 1] => QQFieldElem[0, -1//8, 0, 0, 0, 0, -1//8, 0, 0, 0, 0, -1//8, -1//8, 0, 1//8, 0],
	[19, 12, 13, 14, 19, 1, 1, 16, 1, 1] => QQFieldElem[0, 0, 0, 0, -512//9, 0, 0, 0, 0, 0, 0, 0, 0, 0, 0, 0],
	[19, 12, 13, 14, 20, 2, 1, 17, 1, 1] => QQFieldElem[0, 0, 0, 0, 0, 0, 1//8, 1//8, 0, 0, 0, 0, -1//8, 1//8, -1//8, -1//8],
	[19, 12, 13, 14, 21, 1, 1, 15, 1, 1] => QQFieldElem[0, -1//8, 0, 1//8, 0, 0, 0, 0, 0, 1//8, 0, -1//8, -1//8, 0, -1//8, 0],
	[19, 12, 13, 14, 20, 1, 1, 11, 1, 1] => QQFieldElem[0, 0, 0, 1//8, 0, 0, 1//8, 0, 0, 1//8, 0, 0, -1//8, 0, 0, 0],
	[19, 12, 13, 14, 19, 2, 1, 16, 1, 1] => QQFieldElem[0, 0, 0, 0, 0, 0, 0, 0, 0, 0, 0, 0, 2, 0, 0, 0],
	[19, 12, 13, 14, 21, 1, 1, 12, 1, 1] => QQFieldElem[0, 0, 0, 1//8, 0, 0, -1//8, 0, 0, -1//8, 0, 0, -1//8, 0, 0, 0],
	[19, 12, 13, 14, 21, 2, 1, 15, 1, 1] => QQFieldElem[0, 0, 0, 0, 0, 1//8, 0, 1//8, 0, 0, 0, 0, -1//8, 0, 1//8, 0],
	[19, 12, 13, 14, 20, 2, 1, 11, 1, 1] => QQFieldElem[0, 0, 0, 0, 0, 1//8, -1//8, 0, 0, 0, 0, 0, -1//8, -1//8, 0, 1//8],
	[19, 12, 13, 14, 21, 2, 1, 12, 1, 1] => QQFieldElem[0, 0, 0, 0, 0, -1//8, 1//8, 0, 0, 0, 0, 0, -1//8, 1//8, 0, 1//8],
	[19, 12, 13, 14, 20, 1, 1, 15, 1, 1] => QQFieldElem[0, 1//8, 0, -1//8, 0, 0, 0, 0, 0, -1//8, 0, 1//8, -1//8, 0, -1//8, 0],
	[19, 12, 13, 14, 19, 1, 1, 18, 1, 1] => QQFieldElem[0, 0, 0, 0, 512//9, 0, 0, 0, 0, 0, 0, 0, -512//9, 0, 0, 0],
	[19, 12, 13, 14, 21, 1, 1, 16, 1, 1] => QQFieldElem[0, -1//8, 0, -1//8, 0, 0, 0, 0, 0, 1//8, 0, 1//8, -1//8, 0, 1//8, 0],
	[19, 12, 13, 14, 19, 2, 1, 18, 1, 1] => QQFieldElem[0, 0, 0, 0, 0, 0, 0, 0, 0, 0, 0, 0, 2, 0, 0, 0],
	[19, 12, 13, 14, 21, 2, 1, 16, 1, 1] => QQFieldElem[0, 0, 0, 0, 0, 1//8, 0, -1//8, 0, 0, 0, 0, -1//8, 0, -1//8, 0],
	[19, 12, 13, 14, 19, 1, 1, 17, 1, 1] => QQFieldElem[0, 0, 0, 0, 512//9, 0, 0, 0, 0, 0, 0, 0, -512//9, 0, 0, 0],
	[19, 12, 13, 14, 20, 1, 1, 12, 1, 1] => QQFieldElem[0, 0, 0, -1//8, 0, 0, -1//8, 0, 0, 1//8, 0, 0, -1//8, 0, 0, 0],
	[19, 12, 13, 14, 20, 2, 1, 15, 1, 1] => QQFieldElem[0, 0, 0, 0, 0, -1//8, 0, -1//8, 0, 0, 0, 0, -1//8, 0, 1//8, 0],
	[19, 12, 13, 14, 19, 2, 1, 17, 1, 1] => QQFieldElem[0, 0, 0, 0, 0, 0, 0, 0, 0, 0, 0, 0, -2, 0, 0, 0],
	[19, 12, 13, 14, 20, 2, 1, 12, 1, 1] => QQFieldElem[0, 0, 0, 0, 0, 1//8, 1//8, 0, 0, 0, 0, 0, -1//8, -1//8, 0, -1//8],
	[19, 12, 13, 14, 19, 1, 1, 11, 1, 1] => QQFieldElem[0, 0, 0, 0, 0, 0, 0, 0, 0, 0, 0, 0, 512//9, 0, 0, 0],
	[19, 12, 13, 14, 20, 1, 1, 16, 1, 1] => QQFieldElem[0, 1//8, 0, 1//8, 0, 0, 0, 0, 0, -1//8, 0, -1//8, -1//8, 0, 1//8, 0])