Dict(
	[19, 9, 19, 21, 20, 1, 1, 20, 1, 1] => QQFieldElem[0, 0, 0, 0, 0, 0, 1//6, 0, 0, 0, -1//6, 0, 1//3, 0, -1//6, 0],
	[19, 9, 19, 21, 19, 1, 1, 20, 1, 2] => QQFieldElem[0, 0, 0, 0, 0, 0, 1//6, 0, 0, 0, -1//6, 0, -2//3, 0, -1//6, 0],
	[19, 9, 19, 21, 20, 2, 1, 20, 1, 1] => QQFieldElem[-1//3, 0, -1//2, 0, -1//2, 0, -1//3, 0, 1//6, 0, 1//3, 0, 1//3, 0, 1//3, 0],
	[19, 9, 19, 21, 19, 1, 1, 19, 1, 1] => QQFieldElem[0, 0, 0, 0, 0, 0, 0, 0, 0, 0, -1//3, 0, 0, 0, 1//3, 0],
	[19, 9, 19, 21, 19, 1, 1, 21, 1, 1] => QQFieldElem[-1, 0, 2//3, 0, 1//3, 0, -1, 0, 1, 0, 1//3, 0, -2//3, 0, 1//3, 0],
	[19, 9, 19, 21, 21, 1, 1, 20, 1, 2] => QQFieldElem[1//3, 0, 1//6, 0, -1//6, 0, 0, 0, -1//6, 0, 0, 0, 0, 0, -1//3, 0],
	[19, 9, 19, 21, 21, 1, 1, 19, 1, 1] => QQFieldElem[0, 0, 1//3, 0, -1//3, 0, -1//3, 0, 0, 0, 0, 0, 2//3, 0, 0, 0],
	[19, 9, 19, 21, 19, 1, 1, 20, 1, 1] => QQFieldElem[-1//6, 0, 0, 0, 0, 0, 1//6, 0, 1//3, 0, 1//3, 0, 1//3, 0, 1//3, 0],
	[19, 9, 19, 21, 21, 1, 1, 21, 1, 1] => QQFieldElem[0, 0, 0, 0, 0, 0, -1//3, 0, 0, 0, -1//3, 0, 0, 0, 0, 0],
	[19, 9, 19, 21, 20, 1, 1, 20, 1, 2] => QQFieldElem[1//6, 0, 1//3, 0, 2//3, 0, 5//6, 0, 2//3, 0, 2//3, 0, 1//3, 0, 0, 0],
	[19, 9, 19, 21, 20, 1, 1, 19, 1, 1] => QQFieldElem[-1//2, 0, 7//6, 0, -2//3, 0, 5//6, 0, -1, 0, -1//6, 0, -1//6, 0, 2//3, 0],
	[19, 9, 19, 21, 20, 2, 1, 20, 1, 2] => QQFieldElem[0, 0, 0, 0, 0, 0, 1//6, 0, 0, 0, -1//6, 0, -1//3, 0, -1//6, 0],
	[19, 9, 19, 21, 20, 1, 1, 21, 1, 1] => QQFieldElem[3, 0, -2//3, 0, -7//3, 0, 4//3, 0, -1, 0, -2, 0, 5//3, 0, 5//3, 0],
	[19, 9, 19, 21, 21, 1, 1, 20, 1, 1] => QQFieldElem[0, 0, 0, 0, 0, 0, 1//6, 0, 0, 0, -1//6, 0, 2//3, 0, -1//6, 0],
	[19, 9, 19, 21, 20, 2, 1, 19, 1, 1] => QQFieldElem[1//2, 0, -5//6, 0, 1//3, 0, -1//6, 0, 0, 0, 5//6, 0, -1//6, 0, -1//3, 0],
	[19, 9, 19, 21, 20, 2, 1, 21, 1, 1] => QQFieldElem[-1, 0, 4//3, 0, -1//3, 0, -2//3, 0, 1, 0, 0, 0, -1//3, 0, -1//3, 0])