Dict(
	[19, 4, 14, 20, 9, 1, 1, 19, 1, 2] => QQFieldElem[0, 0, 0, 0, 0, 0, 0, 0, -1024//81, 0, -1024//81, 0, -1024//81, 0, -1024//81, 0],
	[19, 4, 14, 20, 6, 1, 1, 19, 1, 2] => QQFieldElem[0, 0, 0, 0, 0, 0, 0, 0, -1024//81, 0, 1024//81, 0, -1024//81, 0, 1024//81, 0],
	[19, 4, 14, 20, 8, 1, 1, 21, 1, 1] => QQFieldElem[0, 0, 0, 0, 256//27, 0, 0, 0, 0, 0, 0, 0, -128//9, 0, 0, 0],
	[19, 4, 14, 20, 6, 1, 1, 21, 1, 2] => QQFieldElem[0, 0, 0, 0, -4096//243, 0, 0, 0, 4096//243, 0, 0, 0, 0, 0, 0, 0],
	[19, 4, 14, 20, 9, 1, 1, 21, 1, 2] => QQFieldElem[-256//27, 0, 0, 0, 0, 0, 0, 0, 512//27, 0, 0, 0, -512//27, 0, 0, 0],
	[19, 4, 14, 20, 14, 1, 1, 20, 1, 2] => QQFieldElem[16, 0, 16, 0, 16, 0, 32, 0, -16//3, 0, -16//3, 0, -16//3, 0, -32//3, 0],
	[19, 4, 14, 20, 7, 1, 1, 20, 1, 1] => QQFieldElem[16//3, 0, -16//3, 0, 16//3, 0, -16, 0, -16, 0, 16, 0, -16, 0, 32//3, 0],
	[19, 4, 14, 20, 14, 2, 1, 20, 1, 2] => QQFieldElem[512//27, 0, 256//27, 0, 256//27, 0, 256//27, 0, -256//9, 0, -128//9, 0, -128//9, 0, -128//9, 0],
	[19, 4, 14, 20, 14, 1, 1, 19, 1, 1] => QQFieldElem[32//9, 0, 32//9, 0, 32//9, 0, -32//3, 0, -32//3, 0, -32//3, 0, -32//3, 0, 64//9, 0],
	[19, 4, 14, 20, 14, 1, 1, 21, 1, 1] => QQFieldElem[-16//3, 0, 0, 0, 16//3, 0, 0, 0, 16, 0, 0, 0, -16, 0, 0, 0],
	[19, 4, 14, 20, 8, 1, 1, 20, 1, 1] => QQFieldElem[16, 0, -16, 0, 16, 0, -32, 0, -16//3, 0, 16//3, 0, -16//3, 0, 32//3, 0],
	[19, 4, 14, 20, 14, 2, 1, 19, 1, 1] => QQFieldElem[-256//27, 0, 512//81, 0, 512//81, 0, 512//81, 0, 512//81, 0, 256//81, 0, 256//81, 0, 256//81, 0],
	[19, 4, 14, 20, 6, 1, 1, 20, 1, 2] => QQFieldElem[-512//27, 0, 0, 0, 0, 0, 0, 0, 512//27, 0, -512//27, 0, 512//27, 0, -512//27, 0],
	[19, 4, 14, 20, 9, 1, 1, 20, 1, 2] => QQFieldElem[-512//27, 0, 0, 0, 0, 0, 0, 0, 512//27, 0, 512//27, 0, 512//27, 0, 512//27, 0],
	[19, 4, 14, 20, 14, 2, 1, 21, 1, 1] => QQFieldElem[-128//27, 0, 0, 0, 256//27, 0, 0, 0, -512//27, 0, 0, 0, 128//27, 0, 0, 0],
	[19, 4, 14, 20, 6, 1, 1, 19, 1, 1] => QQFieldElem[-128//9, 0, 128//9, 0, -128//9, 0, 128//9, 0, 128//9, 0, -128//9, 0, 128//9, 0, -128//9, 0],
	[19, 4, 14, 20, 9, 1, 1, 19, 1, 1] => QQFieldElem[-128//9, 0, -128//9, 0, -128//9, 0, -128//9, 0, 128//9, 0, 128//9, 0, 128//9, 0, 128//9, 0],
	[19, 4, 14, 20, 7, 1, 1, 19, 1, 2] => QQFieldElem[-256//27, 0, -512//81, 0, 512//81, 0, -512//81, 0, 512//81, 0, -256//81, 0, 256//81, 0, -256//81, 0],
	[19, 4, 14, 20, 6, 1, 1, 21, 1, 1] => QQFieldElem[256//27, 0, 0, 0, 0, 0, 0, 0, -512//27, 0, 0, 0, 512//27, 0, 0, 0],
	[19, 4, 14, 20, 9, 1, 1, 21, 1, 1] => QQFieldElem[64//3, 0, 0, 0, -64//3, 0, 0, 0, -64//3, 0, 0, 0, 64//3, 0, 0, 0],
	[19, 4, 14, 20, 7, 1, 1, 21, 1, 2] => QQFieldElem[-2048//243, 0, 0, 0, 1024//81, 0, 0, 0, -1024//243, 0, 0, 0, -2048//243, 0, 0, 0],
	[19, 4, 14, 20, 14, 1, 1, 20, 1, 1] => QQFieldElem[16//3, 0, 16//3, 0, 16//3, 0, 16, 0, -16, 0, -16, 0, -16, 0, -32//3, 0],
	[19, 4, 14, 20, 8, 1, 1, 19, 1, 2] => QQFieldElem[-512//27, 0, 512//81, 0, -512//81, 0, 512//81, 0, 512//81, 0, -256//27, 0, 256//27, 0, -256//27, 0],
	[19, 4, 14, 20, 8, 1, 1, 21, 1, 2] => QQFieldElem[2048//243, 0, 0, 0, 1024//243, 0, 0, 0, -1024//81, 0, 0, 0, 2048//243, 0, 0, 0],
	[19, 4, 14, 20, 14, 2, 1, 20, 1, 1] => QQFieldElem[-128//9, 0, -256//27, 0, -256//27, 0, -256//27, 0, 256//27, 0, -128//27, 0, -128//27, 0, -128//27, 0],
	[19, 4, 14, 20, 6, 1, 1, 20, 1, 1] => QQFieldElem[-64//3, 0, 64//3, 0, -64//3, 0, 0, 0, 64//3, 0, -64//3, 0, 64//3, 0, -64//3, 0],
	[19, 4, 14, 20, 9, 1, 1, 20, 1, 1] => QQFieldElem[-64//3, 0, -64//3, 0, -64//3, 0, 0, 0, 64//3, 0, 64//3, 0, 64//3, 0, 64//3, 0],
	[19, 4, 14, 20, 7, 1, 1, 20, 1, 2] => QQFieldElem[-128//9, 0, 256//27, 0, -256//27, 0, 256//27, 0, 256//27, 0, 128//27, 0, -128//27, 0, 128//27, 0],
	[19, 4, 14, 20, 14, 1, 1, 19, 1, 2] => QQFieldElem[32//3, 0, 32//3, 0, 32//3, 0, 128//9, 0, -32//9, 0, -32//9, 0, -32//9, 0, -64//3, 0],
	[19, 4, 14, 20, 7, 1, 1, 19, 1, 1] => QQFieldElem[32//9, 0, -32//9, 0, 32//9, 0, 32//3, 0, -32//3, 0, 32//3, 0, -32//3, 0, -64//9, 0],
	[19, 4, 14, 20, 14, 1, 1, 21, 1, 2] => QQFieldElem[-16, 0, 0, 0, 16, 0, 0, 0, 16//3, 0, 0, 0, -16//3, 0, 0, 0],
	[19, 4, 14, 20, 8, 1, 1, 20, 1, 2] => QQFieldElem[512//27, 0, -256//27, 0, 256//27, 0, -256//27, 0, -256//9, 0, 128//9, 0, -128//9, 0, 128//9, 0],
	[19, 4, 14, 20, 14, 2, 1, 19, 1, 2] => QQFieldElem[-512//27, 0, -512//81, 0, -512//81, 0, -512//81, 0, 512//81, 0, 256//27, 0, 256//27, 0, 256//27, 0],
	[19, 4, 14, 20, 7, 1, 1, 21, 1, 1] => QQFieldElem[128//27, 0, 0, 0, -256//27, 0, 0, 0, 512//27, 0, 0, 0, -128//27, 0, 0, 0],
	[19, 4, 14, 20, 14, 2, 1, 21, 1, 2] => QQFieldElem[0, 0, 0, 0, -256//27, 0, 0, 0, 0, 0, 0, 0, 128//9, 0, 0, 0],
	[19, 4, 14, 20, 8, 1, 1, 19, 1, 1] => QQFieldElem[32//3, 0, -32//3, 0, 32//3, 0, -128//9, 0, -32//9, 0, 32//9, 0, -32//9, 0, 64//3, 0])