Dict(
	[19, 12, 13, 19, 19, 1, 1, 18, 1, 1] => QQFieldElem[0, 1//4, 0, 0, 0, 0, 0, -1//4, 0, 0, 0, 0, 0, 0, 0, 1//4],
	[19, 12, 13, 19, 1, 1, 1, 11, 1, 1] => QQFieldElem[-3//256, 0, 0, 0, 0, 0, 0, 0, 0, 0, 0, 0, 0, 0, 0, 0],
	[19, 12, 13, 19, 19, 1, 1, 17, 1, 1] => QQFieldElem[0, -1//4, 0, 0, 0, 0, 0, 1//4, 0, 1//4, 0, 0, 0, 0, 0, 0],
	[19, 12, 13, 19, 4, 1, 1, 11, 1, 1] => QQFieldElem[-1//64, 0, 0, 0, 0, 0, 0, 0, 0, 0, 0, 0, 0, 0, 0, 0],
	[19, 12, 13, 19, 19, 2, 1, 13, 1, 1] => QQFieldElem[0, 0, 1//32, 0, 0, 0, 1//32, 0, 0, 0, -1//32, 0, 0, 0, 0, 0],
	[19, 12, 13, 19, 1, 1, 1, 10, 1, 1] => QQFieldElem[3//2048, 0, 0, 0, 0, 0, 0, 0, 0, 0, 0, 0, 0, 0, 0, 0],
	[19, 12, 13, 19, 21, 1, 1, 15, 1, 1] => QQFieldElem[0, 0, 0, -1//8, 0, 1//8, 0, 0, 0, 0, 0, 0, 0, -1//8, 0, 0],
	[19, 12, 13, 19, 14, 2, 1, 11, 1, 1] => QQFieldElem[-1//64, 0, 0, 0, 0, 0, 0, 0, 0, 0, 0, 0, 0, 0, 0, 0],
	[19, 12, 13, 19, 20, 1, 1, 11, 1, 1] => QQFieldElem[3//512, 0, 0, 0, 0, 0, 0, 0, 0, 0, 0, 0, 0, 0, 0, 0],
	[19, 12, 13, 19, 4, 1, 1, 10, 1, 1] => QQFieldElem[1//512, 0, 0, 0, 0, 0, 0, 0, 0, 0, 0, 0, 0, 0, 0, 0],
	[19, 12, 13, 19, 1, 1, 1, 18, 1, 1] => QQFieldElem[0, 0, 0, 0, 0, 0, 0, 0, 0, 0, 0, 0, -1//2, 0, 0, 0],
	[19, 12, 13, 19, 21, 1, 1, 12, 1, 1] => QQFieldElem[0, 0, 1//36, 0, 0, 0, -1//36, 0, 0, 0, -1//36, 0, 0, 0, 0, 0],
	[19, 12, 13, 19, 14, 1, 1, 15, 1, 1] => QQFieldElem[1//4, 0, 0, 0, 0, 0, 0, 0, 0, 0, 0, 0, -1//4, 0, 0, 0],
	[19, 12, 13, 19, 1, 1, 1, 17, 1, 1] => QQFieldElem[0, 0, 0, 0, 0, 0, 0, 0, 0, 0, 0, 0, -1//2, 0, 0, 0],
	[19, 12, 13, 19, 4, 1, 1, 18, 1, 1] => QQFieldElem[0, 0, 0, 0, 0, 0, 0, 0, 0, 0, 0, 0, 2//3, 0, 0, 0],
	[19, 12, 13, 19, 14, 1, 1, 12, 1, 1] => QQFieldElem[-1//18, 0, 0, 0, 0, 0, 0, 0, 0, 0, 0, 0, -1//18, 0, 0, 0],
	[19, 12, 13, 19, 4, 1, 1, 17, 1, 1] => QQFieldElem[0, 0, 0, 0, 0, 0, 0, 0, 0, 0, 0, 0, 2//3, 0, 0, 0],
	[19, 12, 13, 19, 21, 1, 1, 16, 1, 1] => QQFieldElem[0, 0, 0, -1//8, 0, 1//8, 0, 0, 0, 0, 0, 0, 0, -1//8, 0, 0],
	[19, 12, 13, 19, 14, 1, 1, 16, 1, 1] => QQFieldElem[-1//4, 0, 0, 0, 0, 0, 0, 0, 0, 0, 0, 0, -1//4, 0, 0, 0],
	[19, 12, 13, 19, 19, 2, 1, 11, 1, 1] => QQFieldElem[3//512, 0, 0, 0, 0, 0, 0, 0, 0, 0, 0, 0, 0, 0, 0, 0],
	[19, 12, 13, 19, 14, 2, 1, 10, 1, 1] => QQFieldElem[1//512, 0, 0, 0, 0, 0, 0, 0, 0, 0, 0, 0, 0, 0, 0, 0],
	[19, 12, 13, 19, 20, 1, 1, 10, 1, 1] => QQFieldElem[3//4096, 0, 0, 0, 0, 0, 0, 0, 0, 0, 0, 0, 0, 0, 0, 0],
	[19, 12, 13, 19, 19, 1, 1, 15, 1, 1] => QQFieldElem[0, 0, 0, 0, 0, 0, 0, 0, 0, -1//8, 0, 0, 0, 0, 0, -1//8],
	[19, 12, 13, 19, 14, 2, 1, 18, 1, 1] => QQFieldElem[0, 0, 0, 0, 0, 0, 0, 0, 0, 0, 0, 0, 2//3, 0, 0, 0],
	[19, 12, 13, 19, 19, 1, 1, 12, 1, 1] => QQFieldElem[0, 0, -1//36, 0, 0, 0, 1//36, 0, 0, 0, 1//36, 0, 0, 0, 0, 0],
	[19, 12, 13, 19, 20, 1, 1, 18, 1, 1] => QQFieldElem[0, -1//4, 0, 0, 0, 0, 0, 1//4, 0, 0, 0, 0, 0, 0, 0, -1//4],
	[19, 12, 13, 19, 21, 1, 1, 13, 1, 1] => QQFieldElem[0, 0, 1//32, 0, 0, 0, 1//32, 0, 0, 0, -1//32, 0, 0, 0, 0, 0],
	[19, 12, 13, 19, 14, 2, 1, 17, 1, 1] => QQFieldElem[0, 0, 0, 0, 0, 0, 0, 0, 0, 0, 0, 0, 2//3, 0, 0, 0],
	[19, 12, 13, 19, 20, 1, 1, 17, 1, 1] => QQFieldElem[0, 1//4, 0, 0, 0, 0, 0, -1//4, 0, -1//4, 0, 0, 0, 0, 0, 0],
	[19, 12, 13, 19, 19, 1, 1, 16, 1, 1] => QQFieldElem[0, 0, 0, 0, 0, 0, 0, 0, 0, -1//8, 0, 0, 0, 0, 0, -1//8],
	[19, 12, 13, 19, 14, 1, 1, 13, 1, 1] => QQFieldElem[1//16, 0, 0, 0, 0, 0, 0, 0, 0, 0, 0, 0, 1//16, 0, 0, 0],
	[19, 12, 13, 19, 19, 2, 1, 10, 1, 1] => QQFieldElem[3//4096, 0, 0, 0, 0, 0, 0, 0, 0, 0, 0, 0, 0, 0, 0, 0],
	[19, 12, 13, 19, 19, 2, 1, 18, 1, 1] => QQFieldElem[0, 0, 0, 0, 0, 0, 0, 0, 0, 0, 0, -1//4, 0, -1//4, 0, 0],
	[19, 12, 13, 19, 19, 2, 1, 17, 1, 1] => QQFieldElem[0, 0, 0, -1//4, 0, 1//4, 0, 0, 0, 0, 0, 1//4, 0, 0, 0, 0],
	[19, 12, 13, 19, 1, 1, 1, 15, 1, 1] => QQFieldElem[-1//4, 0, 0, 0, 0, 0, 0, 0, 0, 0, 0, 0, -1//4, 0, 0, 0],
	[19, 12, 13, 19, 19, 1, 1, 13, 1, 1] => QQFieldElem[0, 0, -1//32, 0, 0, 0, -1//32, 0, 0, 0, 1//32, 0, 0, 0, 0, 0],
	[19, 12, 13, 19, 1, 1, 1, 12, 1, 1] => QQFieldElem[1//18, 0, 0, 0, 0, 0, 0, 0, 0, 0, 0, 0, 1//18, 0, 0, 0],
	[19, 12, 13, 19, 4, 1, 1, 15, 1, 1] => QQFieldElem[-1//3, 0, 0, 0, 0, 0, 0, 0, 0, 0, 0, 0, 1//3, 0, 0, 0],
	[19, 12, 13, 19, 4, 1, 1, 12, 1, 1] => QQFieldElem[-2//27, 0, 0, 0, 0, 0, 0, 0, 0, 0, 0, 0, -2//27, 0, 0, 0],
	[19, 12, 13, 19, 1, 1, 1, 16, 1, 1] => QQFieldElem[1//4, 0, 0, 0, 0, 0, 0, 0, 0, 0, 0, 0, -1//4, 0, 0, 0],
	[19, 12, 13, 19, 21, 1, 1, 11, 1, 1] => QQFieldElem[3//512, 0, 0, 0, 0, 0, 0, 0, 0, 0, 0, 0, 0, 0, 0, 0],
	[19, 12, 13, 19, 4, 1, 1, 16, 1, 1] => QQFieldElem[1//3, 0, 0, 0, 0, 0, 0, 0, 0, 0, 0, 0, 1//3, 0, 0, 0],
	[19, 12, 13, 19, 14, 1, 1, 11, 1, 1] => QQFieldElem[-3//256, 0, 0, 0, 0, 0, 0, 0, 0, 0, 0, 0, 0, 0, 0, 0],
	[19, 12, 13, 19, 14, 2, 1, 15, 1, 1] => QQFieldElem[1//3, 0, 0, 0, 0, 0, 0, 0, 0, 0, 0, 0, 1//3, 0, 0, 0],
	[19, 12, 13, 19, 20, 1, 1, 15, 1, 1] => QQFieldElem[0, 0, 0, 0, 0, 0, 0, 0, 0, 1//8, 0, 0, 0, 0, 0, 1//8],
	[19, 12, 13, 19, 14, 2, 1, 12, 1, 1] => QQFieldElem[2//27, 0, 0, 0, 0, 0, 0, 0, 0, 0, 0, 0, 2//27, 0, 0, 0],
	[19, 12, 13, 19, 20, 1, 1, 12, 1, 1] => QQFieldElem[0, 0, -1//36, 0, 0, 0, 1//36, 0, 0, 0, 1//36, 0, 0, 0, 0, 0],
	[19, 12, 13, 19, 1, 1, 1, 13, 1, 1] => QQFieldElem[-1//16, 0, 0, 0, 0, 0, 0, 0, 0, 0, 0, 0, -1//16, 0, 0, 0],
	[19, 12, 13, 19, 21, 1, 1, 10, 1, 1] => QQFieldElem[3//4096, 0, 0, 0, 0, 0, 0, 0, 0, 0, 0, 0, 0, 0, 0, 0],
	[19, 12, 13, 19, 4, 1, 1, 13, 1, 1] => QQFieldElem[1//12, 0, 0, 0, 0, 0, 0, 0, 0, 0, 0, 0, 1//12, 0, 0, 0],
	[19, 12, 13, 19, 14, 2, 1, 16, 1, 1] => QQFieldElem[-1//3, 0, 0, 0, 0, 0, 0, 0, 0, 0, 0, 0, 1//3, 0, 0, 0],
	[19, 12, 13, 19, 19, 1, 1, 11, 1, 1] => QQFieldElem[3//512, 0, 0, 0, 0, 0, 0, 0, 0, 0, 0, 0, 0, 0, 0, 0],
	[19, 12, 13, 19, 20, 1, 1, 16, 1, 1] => QQFieldElem[0, 0, 0, 0, 0, 0, 0, 0, 0, 1//8, 0, 0, 0, 0, 0, 1//8],
	[19, 12, 13, 19, 14, 1, 1, 10, 1, 1] => QQFieldElem[3//2048, 0, 0, 0, 0, 0, 0, 0, 0, 0, 0, 0, 0, 0, 0, 0],
	[19, 12, 13, 19, 21, 1, 1, 18, 1, 1] => QQFieldElem[0, 0, 0, 0, 0, 0, 0, 0, 0, 0, 0, 1//4, 0, 1//4, 0, 0],
	[19, 12, 13, 19, 21, 1, 1, 17, 1, 1] => QQFieldElem[0, 0, 0, 1//4, 0, -1//4, 0, 0, 0, 0, 0, -1//4, 0, 0, 0, 0],
	[19, 12, 13, 19, 14, 1, 1, 18, 1, 1] => QQFieldElem[0, 0, 0, 0, 0, 0, 0, 0, 0, 0, 0, 0, -1//2, 0, 0, 0],
	[19, 12, 13, 19, 14, 1, 1, 17, 1, 1] => QQFieldElem[0, 0, 0, 0, 0, 0, 0, 0, 0, 0, 0, 0, -1//2, 0, 0, 0],
	[19, 12, 13, 19, 19, 2, 1, 15, 1, 1] => QQFieldElem[0, 0, 0, 1//8, 0, -1//8, 0, 0, 0, 0, 0, 0, 0, 1//8, 0, 0],
	[19, 12, 13, 19, 19, 2, 1, 12, 1, 1] => QQFieldElem[0, 0, 1//36, 0, 0, 0, -1//36, 0, 0, 0, -1//36, 0, 0, 0, 0, 0],
	[19, 12, 13, 19, 19, 2, 1, 16, 1, 1] => QQFieldElem[0, 0, 0, 1//8, 0, -1//8, 0, 0, 0, 0, 0, 0, 0, 1//8, 0, 0],
	[19, 12, 13, 19, 14, 2, 1, 13, 1, 1] => QQFieldElem[-1//12, 0, 0, 0, 0, 0, 0, 0, 0, 0, 0, 0, -1//12, 0, 0, 0],
	[19, 12, 13, 19, 19, 1, 1, 10, 1, 1] => QQFieldElem[3//4096, 0, 0, 0, 0, 0, 0, 0, 0, 0, 0, 0, 0, 0, 0, 0],
	[19, 12, 13, 19, 20, 1, 1, 13, 1, 1] => QQFieldElem[0, 0, -1//32, 0, 0, 0, -1//32, 0, 0, 0, 1//32, 0, 0, 0, 0, 0])