Dict(
	[19, 9, 14, 19, 9, 1, 1, 20, 1, 1] => QQFieldElem[3//16, 0, 0, 0, 0, 0, 3//8, 0, 0, 0, 0, 0, -3//16, 0, 0, 0],
	[19, 9, 14, 19, 5, 1, 1, 19, 1, 1] => QQFieldElem[0, 0, 0, 0, 3//256, 0, -3//256, 0, 0, 0, 0, 0, 0, 0, 0, 0],
	[19, 9, 14, 19, 4, 1, 1, 21, 1, 1] => QQFieldElem[-1//3, 0, -1//6, 0, 0, 0, -1//6, 0, 0, 0, 1//6, 0, -1//3, 0, 0, 0],
	[19, 9, 14, 19, 5, 1, 1, 21, 1, 1] => QQFieldElem[1//12, 0, 1//12, 0, -1//3, 0, 1//12, 0, 1//6, 0, -1//12, 0, 1//12, 0, 0, 0],
	[19, 9, 14, 19, 14, 1, 1, 19, 1, 2] => QQFieldElem[-3//256, 0, 0, 0, 0, 0, 3//256, 0, 3//256, 0, 0, 0, 0, 0, 0, 0],
	[19, 9, 14, 19, 14, 1, 1, 21, 1, 2] => QQFieldElem[-9//32, 0, -9//32, 0, -3//8, 0, 3//32, 0, 3//8, 0, 9//32, 0, 3//32, 0, -3//16, 0],
	[19, 9, 14, 19, 14, 2, 1, 19, 1, 2] => QQFieldElem[1//96, 0, 0, 0, 0, 0, 0, 0, 0, 0, 0, 0, 0, 0, -1//96, 0],
	[19, 9, 14, 19, 14, 2, 1, 21, 1, 2] => QQFieldElem[1//12, 0, 1//12, 0, 1//3, 0, 1//12, 0, 1//6, 0, -1//12, 0, -1//12, 0, 0, 0],
	[19, 9, 14, 19, 6, 1, 1, 19, 1, 2] => QQFieldElem[1//96, 0, 0, 0, 0, 0, 0, 0, 0, 0, 1//96, 0, 0, 0, 0, 0],
	[19, 9, 14, 19, 4, 1, 1, 20, 1, 1] => QQFieldElem[-3//16, 0, -3//8, 0, 0, 0, 0, 0, 0, 0, 3//8, 0, 3//16, 0, 0, 0],
	[19, 9, 14, 19, 9, 1, 1, 19, 1, 2] => QQFieldElem[1//96, 0, 0, 0, 0, 0, 1//96, 0, 0, 0, 0, 0, 0, 0, 0, 0],
	[19, 9, 14, 19, 5, 1, 1, 20, 1, 1] => QQFieldElem[3//32, 0, -3//32, 0, 0, 0, -3//32, 0, 0, 0, 3//32, 0, -3//32, 0, 3//16, 0],
	[19, 9, 14, 19, 6, 1, 1, 21, 1, 2] => QQFieldElem[2//27, 0, 2//27, 0, -8//27, 0, -2//9, 0, -8//27, 0, 2//27, 0, 2//9, 0, 0, 0],
	[19, 9, 14, 19, 9, 1, 1, 21, 1, 2] => QQFieldElem[-1//3, 0, -1//6, 0, 0, 0, -1//6, 0, 0, 0, 1//6, 0, 1//3, 0, 0, 0],
	[19, 9, 14, 19, 14, 1, 1, 20, 1, 2] => QQFieldElem[3//32, 0, 15//32, 0, -3//8, 0, -3//32, 0, -3//8, 0, -3//32, 0, 9//32, 0, -3//16, 0],
	[19, 9, 14, 19, 14, 1, 1, 19, 1, 1] => QQFieldElem[0, 0, 0, 0, 0, 0, 3//256, 0, -3//256, 0, 0, 0, 0, 0, 0, 0],
	[19, 9, 14, 19, 14, 2, 1, 20, 1, 2] => QQFieldElem[-1//4, 0, -1//12, 0, 1//3, 0, -1//4, 0, 1//6, 0, -1//4, 0, 1//12, 0, 1//3, 0],
	[19, 9, 14, 19, 14, 1, 1, 21, 1, 1] => QQFieldElem[3//32, 0, -9//32, 0, 3//8, 0, -3//32, 0, -3//8, 0, 9//32, 0, -9//32, 0, 3//16, 0],
	[19, 9, 14, 19, 6, 1, 1, 20, 1, 2] => QQFieldElem[-1//12, 0, -1//12, 0, 0, 0, 1//12, 0, 1//6, 0, 1//12, 0, -1//12, 0, 0, 0],
	[19, 9, 14, 19, 14, 2, 1, 19, 1, 1] => QQFieldElem[1//96, 0, 0, 0, 0, 0, -1//96, 0, 0, 0, 0, 0, 0, 0, 1//96, 0],
	[19, 9, 14, 19, 5, 1, 1, 19, 1, 2] => QQFieldElem[1//96, 0, -1//96, 0, 0, 0, 0, 0, 0, 0, 0, 0, 0, 0, 0, 0],
	[19, 9, 14, 19, 4, 1, 1, 19, 1, 2] => QQFieldElem[1//96, 0, 1//96, 0, 0, 0, 0, 0, 0, 0, -1//96, 0, 0, 0, 0, 0],
	[19, 9, 14, 19, 4, 1, 1, 21, 1, 2] => QQFieldElem[4//27, 0, 0, 0, 0, 0, 0, 0, 0, 0, 0, 0, -4//27, 0, 0, 0],
	[19, 9, 14, 19, 14, 2, 1, 21, 1, 1] => QQFieldElem[1//4, 0, 1//12, 0, -1//3, 0, 1//12, 0, -1//6, 0, -1//12, 0, 1//4, 0, 0, 0],
	[19, 9, 14, 19, 5, 1, 1, 21, 1, 2] => QQFieldElem[-2//9, 0, -2//27, 0, 8//27, 0, -2//9, 0, 8//27, 0, -2//27, 0, -2//27, 0, 0, 0],
	[19, 9, 14, 19, 9, 1, 1, 19, 1, 1] => QQFieldElem[3//256, 0, 0, 0, 0, 0, 3//256, 0, 0, 0, 0, 0, 0, 0, 0, 0],
	[19, 9, 14, 19, 9, 1, 1, 20, 1, 2] => QQFieldElem[1//3, 0, -1//6, 0, 0, 0, 1//6, 0, 0, 0, 1//6, 0, 0, 0, 0, 0],
	[19, 9, 14, 19, 6, 1, 1, 19, 1, 1] => QQFieldElem[0, 0, 0, 0, -3//256, 0, -3//256, 0, 0, 0, 0, 0, 3//256, 0, 0, 0],
	[19, 9, 14, 19, 6, 1, 1, 21, 1, 1] => QQFieldElem[1//4, 0, 1//12, 0, 1//3, 0, 1//12, 0, -1//6, 0, -1//12, 0, -1//4, 0, 0, 0],
	[19, 9, 14, 19, 9, 1, 1, 21, 1, 1] => QQFieldElem[3//16, 0, 0, 0, 0, 0, 0, 0, 0, 0, 0, 0, 3//16, 0, 0, 0],
	[19, 9, 14, 19, 14, 1, 1, 20, 1, 1] => QQFieldElem[-9//32, 0, 3//32, 0, 3//8, 0, -9//32, 0, 3//8, 0, -15//32, 0, -3//32, 0, 3//16, 0],
	[19, 9, 14, 19, 4, 1, 1, 20, 1, 2] => QQFieldElem[0, 0, 1//6, 0, 0, 0, -1//6, 0, 0, 0, -1//6, 0, -1//3, 0, 0, 0],
	[19, 9, 14, 19, 14, 2, 1, 20, 1, 1] => QQFieldElem[-1//12, 0, 1//4, 0, -1//3, 0, 1//12, 0, -1//6, 0, 1//12, 0, 5//12, 0, -1//3, 0],
	[19, 9, 14, 19, 5, 1, 1, 20, 1, 2] => QQFieldElem[1//12, 0, -1//12, 0, 0, 0, 1//12, 0, -1//6, 0, 1//12, 0, -1//12, 0, 0, 0],
	[19, 9, 14, 19, 4, 1, 1, 19, 1, 1] => QQFieldElem[0, 0, 0, 0, 0, 0, -3//256, 0, 0, 0, 0, 0, -3//256, 0, 0, 0],
	[19, 9, 14, 19, 6, 1, 1, 20, 1, 1] => QQFieldElem[3//32, 0, -3//32, 0, 0, 0, 3//32, 0, 0, 0, 3//32, 0, -3//32, 0, -3//16, 0])