Dict(
	[19, 3, 14, 19, 14, 2, 1, 20, 1, 1] => QQFieldElem[512//243, 0, 0, 0, 0, 0, 0, 0, -1024//243, 0, 0, 0, -512//81, 0, 0, 0],
	[19, 3, 14, 19, 14, 1, 2, 21, 1, 2] => QQFieldElem[8, 0, 0, 0, 16, 0, 0, 0, -16, 0, 0, 0, -8, 0, 0, 0],
	[19, 3, 14, 19, 14, 1, 1, 21, 1, 2] => QQFieldElem[-8, 0, 0, 0, -16, 0, 0, 0, 16, 0, 0, 0, 8, 0, 0, 0],
	[19, 3, 14, 19, 14, 2, 2, 21, 1, 2] => QQFieldElem[-64//9, 0, 0, 0, -128//9, 0, 0, 0, 0, 0, 0, 0, 64//9, 0, 0, 0],
	[19, 3, 14, 19, 14, 2, 1, 21, 1, 2] => QQFieldElem[-64//9, 0, 0, 0, 128//9, 0, 0, 0, 0, 0, 0, 0, -64//9, 0, 0, 0],
	[19, 3, 14, 19, 14, 1, 2, 20, 1, 2] => QQFieldElem[8, 0, 0, 0, -16//3, 0, 0, 0, 0, 0, 0, 0, 8//3, 0, 0, 0],
	[19, 3, 14, 19, 14, 1, 1, 20, 1, 2] => QQFieldElem[8, 0, 0, 0, 16//3, 0, 0, 0, 0, 0, 0, 0, -8//3, 0, 0, 0],
	[19, 3, 14, 19, 14, 2, 2, 20, 1, 2] => QQFieldElem[64//27, 0, 0, 0, -128//27, 0, 0, 0, -128//27, 0, 0, 0, 64//27, 0, 0, 0],
	[19, 3, 14, 19, 14, 2, 1, 20, 1, 2] => QQFieldElem[-64//27, 0, 0, 0, 128//27, 0, 0, 0, 128//27, 0, 0, 0, -64//27, 0, 0, 0],
	[19, 3, 14, 19, 14, 1, 2, 21, 1, 1] => QQFieldElem[-64//9, 0, 0, 0, -128//9, 0, 0, 0, 0, 0, 0, 0, 64//9, 0, 0, 0],
	[19, 3, 14, 19, 14, 1, 1, 21, 1, 1] => QQFieldElem[-64//9, 0, 0, 0, 128//9, 0, 0, 0, 0, 0, 0, 0, -64//9, 0, 0, 0],
	[19, 3, 14, 19, 14, 2, 2, 21, 1, 1] => QQFieldElem[-512//81, 0, 0, 0, 1024//81, 0, 0, 0, 1024//81, 0, 0, 0, -512//81, 0, 0, 0],
	[19, 3, 14, 19, 14, 2, 1, 21, 1, 1] => QQFieldElem[512//81, 0, 0, 0, -1024//81, 0, 0, 0, -1024//81, 0, 0, 0, 512//81, 0, 0, 0],
	[19, 3, 14, 19, 14, 1, 2, 20, 1, 1] => QQFieldElem[-64//27, 0, 0, 0, 128//27, 0, 0, 0, 128//27, 0, 0, 0, -64//27, 0, 0, 0],
	[19, 3, 14, 19, 14, 1, 1, 20, 1, 1] => QQFieldElem[64//27, 0, 0, 0, -128//27, 0, 0, 0, -128//27, 0, 0, 0, 64//27, 0, 0, 0],
	[19, 3, 14, 19, 14, 2, 2, 20, 1, 1] => QQFieldElem[-512//243, 0, 0, 0, 0, 0, 0, 0, 1024//243, 0, 0, 0, -512//81, 0, 0, 0])