Dict(
	[19, 14, 7, 19, 8, 1, 1, 21, 1, 1] => QQFieldElem[-3//16, 0, 0, 0, 0, 0, 0, 0, 0, 0, 0, 0, -3//16, 0, 0, 0],
	[19, 14, 7, 19, 5, 1, 1, 20, 1, 1] => QQFieldElem[-9//32, 0, 3//32, 0, 3//8, 0, -9//32, 0, 3//8, 0, -15//32, 0, -3//32, 0, 3//16, 0],
	[19, 14, 7, 19, 7, 1, 1, 19, 2, 1] => QQFieldElem[1//64, 0, 0, 0, 0, 0, 0, 0, 0, 0, 1//64, 0, 0, 0, 0, 0],
	[19, 14, 7, 19, 7, 1, 1, 21, 2, 1] => QQFieldElem[-2//27, 0, -2//27, 0, 8//27, 0, 2//9, 0, 8//27, 0, -2//27, 0, -2//9, 0, 0, 0],
	[19, 14, 7, 19, 7, 1, 1, 20, 1, 1] => QQFieldElem[3//32, 0, 15//32, 0, -3//8, 0, -3//32, 0, -3//8, 0, -3//32, 0, 9//32, 0, -3//16, 0],
	[19, 14, 7, 19, 8, 1, 1, 19, 2, 1] => QQFieldElem[1//192, 0, 0, 0, 0, 0, 1//192, 0, 0, 0, 0, 0, 0, 0, 0, 0],
	[19, 14, 7, 19, 4, 1, 1, 20, 2, 1] => QQFieldElem[1//3, 0, -1//6, 0, 0, 0, 1//6, 0, 0, 0, 1//6, 0, 0, 0, 0, 0],
	[19, 14, 7, 19, 14, 1, 1, 19, 1, 1] => QQFieldElem[0, 0, 0, 0, 0, 0, 3//512, 0, -3//512, 0, 0, 0, 0, 0, 0, 0],
	[19, 14, 7, 19, 8, 1, 1, 21, 2, 1] => QQFieldElem[1//3, 0, 1//6, 0, 0, 0, 1//6, 0, 0, 0, -1//6, 0, -1//3, 0, 0, 0],
	[19, 14, 7, 19, 5, 1, 1, 20, 2, 1] => QQFieldElem[-1//12, 0, 1//4, 0, -1//3, 0, 1//12, 0, -1//6, 0, 1//12, 0, 5//12, 0, -1//3, 0],
	[19, 14, 7, 19, 14, 1, 1, 21, 1, 1] => QQFieldElem[-3//32, 0, 9//32, 0, -3//8, 0, 3//32, 0, 3//8, 0, -9//32, 0, 9//32, 0, -3//16, 0],
	[19, 14, 7, 19, 8, 1, 1, 20, 1, 1] => QQFieldElem[-3//16, 0, -3//8, 0, 0, 0, 0, 0, 0, 0, 3//8, 0, 3//16, 0, 0, 0],
	[19, 14, 7, 19, 14, 2, 1, 19, 1, 1] => QQFieldElem[1//192, 0, 0, 0, 0, 0, -1//192, 0, 0, 0, 0, 0, 0, 0, 1//192, 0],
	[19, 14, 7, 19, 7, 1, 1, 20, 2, 1] => QQFieldElem[-1//4, 0, -1//12, 0, 1//3, 0, -1//4, 0, 1//6, 0, -1//4, 0, 1//12, 0, 1//3, 0],
	[19, 14, 7, 19, 14, 2, 1, 21, 1, 1] => QQFieldElem[-1//4, 0, -1//12, 0, 1//3, 0, -1//12, 0, 1//6, 0, 1//12, 0, -1//4, 0, 0, 0],
	[19, 14, 7, 19, 14, 1, 1, 19, 2, 1] => QQFieldElem[-3//512, 0, 0, 0, 0, 0, 3//512, 0, 3//512, 0, 0, 0, 0, 0, 0, 0],
	[19, 14, 7, 19, 14, 1, 1, 21, 2, 1] => QQFieldElem[9//32, 0, 9//32, 0, 3//8, 0, -3//32, 0, -3//8, 0, -9//32, 0, -3//32, 0, 3//16, 0],
	[19, 14, 7, 19, 8, 1, 1, 20, 2, 1] => QQFieldElem[0, 0, 1//6, 0, 0, 0, -1//6, 0, 0, 0, -1//6, 0, -1//3, 0, 0, 0],
	[19, 14, 7, 19, 14, 2, 1, 19, 2, 1] => QQFieldElem[1//192, 0, 0, 0, 0, 0, 0, 0, 0, 0, 0, 0, 0, 0, -1//192, 0],
	[19, 14, 7, 19, 14, 1, 1, 20, 1, 1] => QQFieldElem[3//32, 0, -3//32, 0, 0, 0, -3//32, 0, 0, 0, 3//32, 0, -3//32, 0, 3//16, 0],
	[19, 14, 7, 19, 14, 2, 1, 21, 2, 1] => QQFieldElem[-1//12, 0, -1//12, 0, -1//3, 0, -1//12, 0, -1//6, 0, 1//12, 0, 1//12, 0, 0, 0],
	[19, 14, 7, 19, 14, 2, 1, 20, 1, 1] => QQFieldElem[1//12, 0, -1//12, 0, 0, 0, 1//12, 0, -1//6, 0, 1//12, 0, -1//12, 0, 0, 0],
	[19, 14, 7, 19, 4, 1, 1, 19, 1, 1] => QQFieldElem[0, 0, 0, 0, 0, 0, -9//512, 0, 0, 0, 0, 0, -9//512, 0, 0, 0],
	[19, 14, 7, 19, 5, 1, 1, 19, 1, 1] => QQFieldElem[0, 0, 0, 0, 9//512, 0, -9//512, 0, 0, 0, 0, 0, 0, 0, 0, 0],
	[19, 14, 7, 19, 4, 1, 1, 21, 1, 1] => QQFieldElem[1//3, 0, 1//6, 0, 0, 0, 1//6, 0, 0, 0, -1//6, 0, 1//3, 0, 0, 0],
	[19, 14, 7, 19, 14, 1, 1, 20, 2, 1] => QQFieldElem[3//32, 0, -3//32, 0, 0, 0, 3//32, 0, 0, 0, 3//32, 0, -3//32, 0, -3//16, 0],
	[19, 14, 7, 19, 5, 1, 1, 21, 1, 1] => QQFieldElem[-1//12, 0, -1//12, 0, 1//3, 0, -1//12, 0, -1//6, 0, 1//12, 0, -1//12, 0, 0, 0],
	[19, 14, 7, 19, 14, 2, 1, 20, 2, 1] => QQFieldElem[-1//12, 0, -1//12, 0, 0, 0, 1//12, 0, 1//6, 0, 1//12, 0, -1//12, 0, 0, 0],
	[19, 14, 7, 19, 7, 1, 1, 19, 1, 1] => QQFieldElem[0, 0, 0, 0, -9//512, 0, -9//512, 0, 0, 0, 0, 0, 9//512, 0, 0, 0],
	[19, 14, 7, 19, 7, 1, 1, 21, 1, 1] => QQFieldElem[-1//4, 0, -1//12, 0, -1//3, 0, -1//12, 0, 1//6, 0, 1//12, 0, 1//4, 0, 0, 0],
	[19, 14, 7, 19, 4, 1, 1, 19, 2, 1] => QQFieldElem[1//64, 0, 1//64, 0, 0, 0, 0, 0, 0, 0, -1//64, 0, 0, 0, 0, 0],
	[19, 14, 7, 19, 5, 1, 1, 19, 2, 1] => QQFieldElem[1//64, 0, -1//64, 0, 0, 0, 0, 0, 0, 0, 0, 0, 0, 0, 0, 0],
	[19, 14, 7, 19, 8, 1, 1, 19, 1, 1] => QQFieldElem[3//512, 0, 0, 0, 0, 0, 3//512, 0, 0, 0, 0, 0, 0, 0, 0, 0],
	[19, 14, 7, 19, 4, 1, 1, 21, 2, 1] => QQFieldElem[-4//27, 0, 0, 0, 0, 0, 0, 0, 0, 0, 0, 0, 4//27, 0, 0, 0],
	[19, 14, 7, 19, 4, 1, 1, 20, 1, 1] => QQFieldElem[3//16, 0, 0, 0, 0, 0, 3//8, 0, 0, 0, 0, 0, -3//16, 0, 0, 0],
	[19, 14, 7, 19, 5, 1, 1, 21, 2, 1] => QQFieldElem[2//9, 0, 2//27, 0, -8//27, 0, 2//9, 0, -8//27, 0, 2//27, 0, 2//27, 0, 0, 0])