Dict(
	[19, 19, 9, 21, 21, 1, 1, 19, 1, 1] => QQFieldElem[1//3, 0, 1//6, 0, 0, 0, 0, 0, -1//6, 0, -1//6, 0, -1//6, 0, -1//6, 0],
	[19, 19, 9, 21, 19, 1, 1, 20, 1, 1] => QQFieldElem[-7//6, 0, -7//6, 0, -5//6, 0, -7//6, 0, -1//6, 0, 0, 0, 1//3, 0, 7//6, 0],
	[19, 19, 9, 21, 21, 1, 1, 21, 1, 1] => QQFieldElem[0, 0, -2//3, 0, 1//3, 0, 2//3, 0, -1, 0, 2//3, 0, 1//3, 0, -2//3, 0],
	[19, 19, 9, 21, 21, 1, 1, 19, 2, 1] => QQFieldElem[0, 0, 1//6, 0, 0, 0, 0, 0, 0, 0, -1//6, 0, -1//6, 0, -1//6, 0],
	[19, 19, 9, 21, 20, 1, 1, 19, 1, 1] => QQFieldElem[0, 0, -1//3, 0, 0, 0, 0, 0, 0, 0, 0, 0, 0, 0, -1//3, 0],
	[19, 19, 9, 21, 21, 1, 1, 20, 1, 1] => QQFieldElem[0, 0, 1//6, 0, 0, 0, 0, 0, 0, 0, -1//6, 0, 1//6, 0, -1//6, 0],
	[19, 19, 9, 21, 20, 1, 1, 21, 1, 1] => QQFieldElem[0, 0, 0, 0, 0, 0, 0, 0, 0, 0, 1//3, 0, 1, 0, -1//3, 0],
	[19, 19, 9, 21, 20, 2, 1, 19, 1, 1] => QQFieldElem[1//2, 0, -1//6, 0, -1//3, 0, -1//6, 0, 0, 0, 1//6, 0, 1//6, 0, 0, 0],
	[19, 19, 9, 21, 20, 2, 1, 21, 1, 1] => QQFieldElem[0, 0, -1//3, 0, -1//3, 0, 1//3, 0, 0, 0, 0, 0, 2//3, 0, 0, 0],
	[19, 19, 9, 21, 20, 1, 1, 19, 2, 1] => QQFieldElem[-5//6, 0, -5//6, 0, -1//2, 0, -1//2, 0, 1//6, 0, 1//3, 0, 1//3, 0, 5//6, 0],
	[19, 19, 9, 21, 20, 1, 1, 20, 1, 1] => QQFieldElem[5//6, 0, 5//6, 0, 1//6, 0, -1//6, 0, -7//6, 0, -1, 0, -2//3, 0, -5//6, 0],
	[19, 19, 9, 21, 20, 2, 1, 19, 2, 1] => QQFieldElem[7//6, 0, 7//6, 0, 1//2, 0, 1//2, 0, -5//6, 0, -2//3, 0, -2//3, 0, -7//6, 0],
	[19, 19, 9, 21, 20, 2, 1, 20, 1, 1] => QQFieldElem[-1//3, 0, -1//2, 0, -2//3, 0, -1//3, 0, 1//6, 0, 1//6, 0, 1//2, 0, 1//2, 0],
	[19, 19, 9, 21, 19, 1, 1, 19, 1, 1] => QQFieldElem[0, 0, -1, 0, -2//3, 0, -1//3, 0, 1, 0, 1//3, 0, 1//3, 0, -2//3, 0],
	[19, 19, 9, 21, 19, 1, 1, 21, 1, 1] => QQFieldElem[0, 0, 0, 0, 0, 0, 0, 0, 0, 0, 1//3, 0, -1, 0, -1//3, 0],
	[19, 19, 9, 21, 19, 1, 1, 19, 2, 1] => QQFieldElem[-1, 0, 1, 0, 1//3, 0, 2//3, 0, 0, 0, -2//3, 0, 1//3, 0, 1//3, 0])