Dict(
	[19, 12, 11, 21, 20, 2, 1, 13, 1, 1] => QQFieldElem[3//512, 0, -3//512, 0, 0, 0, 3//512, 0, -3//512, 0, 0, 0, 3//512, 0, -3//512, 0],
	[19, 12, 11, 21, 5, 1, 1, 11, 1, 1] => QQFieldElem[0, 0, 0, 0, 0, 0, 0, 0, -1//96, 0, 0, 0, 0, 0, 0, 0],
	[19, 12, 11, 21, 19, 1, 1, 13, 1, 1] => QQFieldElem[3//512, 0, -3//512, 0, 0, 0, 3//512, 0, -3//512, 0, 0, 0, 3//512, 0, -3//512, 0],
	[19, 12, 11, 21, 4, 1, 1, 15, 1, 1] => QQFieldElem[0, 0, 0, 0, 0, 0, 0, 0, 0, 0, 0, 0, -1//2, 0, 0, 0],
	[19, 12, 11, 21, 4, 1, 1, 12, 1, 1] => QQFieldElem[3//256, 0, 3//256, 0, -3//256, 0, -3//256, 0, -3//256, 0, 0, 0, 3//256, 0, 0, 0],
	[19, 12, 11, 21, 8, 1, 1, 13, 1, 1] => QQFieldElem[-3//256, 0, 3//256, 0, 3//256, 0, -3//256, 0, 3//256, 0, 0, 0, -3//256, 0, 0, 0],
	[19, 12, 11, 21, 21, 1, 1, 11, 1, 1] => QQFieldElem[1//256, 0, 0, 0, 0, 0, 0, 0, 1//256, 0, 0, 0, 0, 0, 0, 0],
	[19, 12, 11, 21, 4, 1, 1, 16, 1, 1] => QQFieldElem[0, 0, 0, 0, 0, 0, 0, 0, -1//4, 0, 0, 0, -1//4, 0, 0, 0],
	[19, 12, 11, 21, 5, 1, 1, 10, 1, 1] => QQFieldElem[1//56, 0, 0, 0, 0, 0, 0, 0, -5//224, 0, 0, 0, 0, 0, 0, 0],
	[19, 12, 11, 21, 20, 2, 1, 11, 1, 1] => QQFieldElem[1//256, 0, 0, 0, 0, 0, 0, 0, 1//256, 0, 0, 0, 0, 0, 0, 0],
	[19, 12, 11, 21, 5, 1, 1, 18, 1, 1] => QQFieldElem[0, 0, 0, 0, 0, 0, 0, 0, 0, 0, 0, 0, 2//3, 0, 0, 0],
	[19, 12, 11, 21, 20, 1, 1, 15, 1, 1] => QQFieldElem[0, 0, 0, -1//4, 0, 1//4, 0, 0, 0, 0, 0, 1//4, 0, -1//4, 0, 0],
	[19, 12, 11, 21, 5, 1, 1, 17, 1, 1] => QQFieldElem[0, 0, 0, 0, 0, 0, 0, 0, 1//3, 0, 0, 0, 1//3, 0, 0, 0],
	[19, 12, 11, 21, 9, 1, 1, 15, 1, 1] => QQFieldElem[0, 0, 0, 0, 0, 0, 0, 0, 0, 0, 0, 0, 2//3, 0, 0, 0],
	[19, 12, 11, 21, 20, 1, 1, 12, 1, 1] => QQFieldElem[3//512, 0, 3//512, 0, 0, 0, -3//512, 0, -3//512, 0, 0, 0, 3//512, 0, 3//512, 0],
	[19, 12, 11, 21, 9, 1, 1, 12, 1, 1] => QQFieldElem[1//64, 0, 1//64, 0, -1//64, 0, -1//64, 0, -1//64, 0, 0, 0, 1//64, 0, 0, 0],
	[19, 12, 11, 21, 21, 1, 1, 10, 1, 1] => QQFieldElem[3//1792, 0, 0, 0, 0, 0, 0, 0, -9//1792, 0, 0, 0, 0, 0, 0, 0],
	[19, 12, 11, 21, 4, 1, 1, 13, 1, 1] => QQFieldElem[3//256, 0, -3//256, 0, -3//256, 0, 3//256, 0, -3//256, 0, 0, 0, 3//256, 0, 0, 0],
	[19, 12, 11, 21, 19, 1, 1, 11, 1, 1] => QQFieldElem[1//256, 0, 0, 0, 0, 0, 0, 0, 1//256, 0, 0, 0, 0, 0, 0, 0],
	[19, 12, 11, 21, 20, 1, 1, 16, 1, 1] => QQFieldElem[0, 0, 0, 0, 0, -1//8, 0, 0, 0, 0, 0, -1//8, 0, 0, 0, 0],
	[19, 12, 11, 21, 9, 1, 1, 16, 1, 1] => QQFieldElem[0, 0, 0, 0, 0, 0, 0, 0, 1//3, 0, 0, 0, 1//3, 0, 0, 0],
	[19, 12, 11, 21, 21, 1, 1, 18, 1, 1] => QQFieldElem[0, 0, 0, -1//4, 0, 0, 0, 0, 0, 0, 0, 0, 0, -1//4, 0, 0],
	[19, 12, 11, 21, 21, 1, 1, 17, 1, 1] => QQFieldElem[0, 0, 0, 0, 0, 1//8, 0, 0, 0, 0, 0, 1//8, 0, 0, 0, 0],
	[19, 12, 11, 21, 8, 1, 1, 11, 1, 1] => QQFieldElem[0, 0, 0, 0, 0, 0, 0, 0, -1//128, 0, 0, 0, 0, 0, 0, 0],
	[19, 12, 11, 21, 20, 2, 1, 10, 1, 1] => QQFieldElem[3//1792, 0, 0, 0, 0, 0, 0, 0, -9//1792, 0, 0, 0, 0, 0, 0, 0],
	[19, 12, 11, 21, 20, 2, 1, 18, 1, 1] => QQFieldElem[0, 1//4, 0, 0, 0, 0, 0, 0, 0, 0, 0, 0, 0, 0, 0, 1//4],
	[19, 12, 11, 21, 20, 2, 1, 17, 1, 1] => QQFieldElem[0, -1//8, 0, 0, 0, 0, 0, 1//8, 0, 1//8, 0, 0, 0, 0, 0, -1//8],
	[19, 12, 11, 21, 19, 1, 1, 10, 1, 1] => QQFieldElem[3//1792, 0, 0, 0, 0, 0, 0, 0, -9//1792, 0, 0, 0, 0, 0, 0, 0],
	[19, 12, 11, 21, 20, 1, 1, 13, 1, 1] => QQFieldElem[-3//512, 0, 3//512, 0, 0, 0, -3//512, 0, 3//512, 0, 0, 0, -3//512, 0, 3//512, 0],
	[19, 12, 11, 21, 9, 1, 1, 13, 1, 1] => QQFieldElem[1//64, 0, -1//64, 0, -1//64, 0, 1//64, 0, -1//64, 0, 0, 0, 1//64, 0, 0, 0],
	[19, 12, 11, 21, 19, 1, 1, 18, 1, 1] => QQFieldElem[0, -1//4, 0, 0, 0, 0, 0, 0, 0, 0, 0, 0, 0, 0, 0, -1//4],
	[19, 12, 11, 21, 8, 1, 1, 10, 1, 1] => QQFieldElem[3//224, 0, 0, 0, 0, 0, 0, 0, -15//896, 0, 0, 0, 0, 0, 0, 0],
	[19, 12, 11, 21, 19, 1, 1, 17, 1, 1] => QQFieldElem[0, 1//8, 0, 0, 0, 0, 0, -1//8, 0, -1//8, 0, 0, 0, 0, 0, 1//8],
	[19, 12, 11, 21, 4, 1, 1, 11, 1, 1] => QQFieldElem[0, 0, 0, 0, 0, 0, 0, 0, -1//128, 0, 0, 0, 0, 0, 0, 0],
	[19, 12, 11, 21, 8, 1, 1, 18, 1, 1] => QQFieldElem[0, 0, 0, 0, 0, 0, 0, 0, 0, 0, 0, 0, -1//2, 0, 0, 0],
	[19, 12, 11, 21, 8, 1, 1, 17, 1, 1] => QQFieldElem[0, 0, 0, 0, 0, 0, 0, 0, -1//4, 0, 0, 0, -1//4, 0, 0, 0],
	[19, 12, 11, 21, 5, 1, 1, 15, 1, 1] => QQFieldElem[0, 0, 0, 0, 0, 0, 0, 0, 0, 0, 0, 0, 2//3, 0, 0, 0],
	[19, 12, 11, 21, 5, 1, 1, 12, 1, 1] => QQFieldElem[-1//64, 0, -1//64, 0, 1//64, 0, 1//64, 0, 1//64, 0, 0, 0, -1//64, 0, 0, 0],
	[19, 12, 11, 21, 5, 1, 1, 16, 1, 1] => QQFieldElem[0, 0, 0, 0, 0, 0, 0, 0, -1//3, 0, 0, 0, 1//3, 0, 0, 0],
	[19, 12, 11, 21, 21, 1, 1, 15, 1, 1] => QQFieldElem[0, 0, 0, 1//4, 0, -1//4, 0, 0, 0, 0, 0, -1//4, 0, 1//4, 0, 0],
	[19, 12, 11, 21, 4, 1, 1, 10, 1, 1] => QQFieldElem[3//224, 0, 0, 0, 0, 0, 0, 0, -15//896, 0, 0, 0, 0, 0, 0, 0],
	[19, 12, 11, 21, 20, 1, 1, 11, 1, 1] => QQFieldElem[1//256, 0, 0, 0, 0, 0, 0, 0, 1//256, 0, 0, 0, 0, 0, 0, 0],
	[19, 12, 11, 21, 9, 1, 1, 11, 1, 1] => QQFieldElem[0, 0, 0, 0, 0, 0, 0, 0, -1//96, 0, 0, 0, 0, 0, 0, 0],
	[19, 12, 11, 21, 21, 1, 1, 12, 1, 1] => QQFieldElem[3//512, 0, 3//512, 0, 0, 0, -3//512, 0, -3//512, 0, 0, 0, 3//512, 0, 3//512, 0],
	[19, 12, 11, 21, 4, 1, 1, 18, 1, 1] => QQFieldElem[0, 0, 0, 0, 0, 0, 0, 0, 0, 0, 0, 0, -1//2, 0, 0, 0],
	[19, 12, 11, 21, 21, 1, 1, 16, 1, 1] => QQFieldElem[0, 0, 0, 0, 0, 1//8, 0, 0, 0, 0, 0, 1//8, 0, 0, 0, 0],
	[19, 12, 11, 21, 4, 1, 1, 17, 1, 1] => QQFieldElem[0, 0, 0, 0, 0, 0, 0, 0, 1//4, 0, 0, 0, -1//4, 0, 0, 0],
	[19, 12, 11, 21, 20, 2, 1, 15, 1, 1] => QQFieldElem[0, 0, 0, 0, 0, 0, 0, -1//4, 0, -1//4, 0, 0, 0, 0, 0, 0],
	[19, 12, 11, 21, 20, 2, 1, 12, 1, 1] => QQFieldElem[-3//512, 0, -3//512, 0, 0, 0, 3//512, 0, 3//512, 0, 0, 0, -3//512, 0, -3//512, 0],
	[19, 12, 11, 21, 5, 1, 1, 13, 1, 1] => QQFieldElem[-1//64, 0, 1//64, 0, 1//64, 0, -1//64, 0, 1//64, 0, 0, 0, -1//64, 0, 0, 0],
	[19, 12, 11, 21, 20, 2, 1, 16, 1, 1] => QQFieldElem[0, -1//8, 0, 0, 0, 0, 0, 1//8, 0, 1//8, 0, 0, 0, 0, 0, -1//8],
	[19, 12, 11, 21, 20, 1, 1, 10, 1, 1] => QQFieldElem[3//1792, 0, 0, 0, 0, 0, 0, 0, -9//1792, 0, 0, 0, 0, 0, 0, 0],
	[19, 12, 11, 21, 19, 1, 1, 15, 1, 1] => QQFieldElem[0, 0, 0, 0, 0, 0, 0, 1//4, 0, 1//4, 0, 0, 0, 0, 0, 0],
	[19, 12, 11, 21, 9, 1, 1, 10, 1, 1] => QQFieldElem[1//56, 0, 0, 0, 0, 0, 0, 0, -5//224, 0, 0, 0, 0, 0, 0, 0],
	[19, 12, 11, 21, 19, 1, 1, 12, 1, 1] => QQFieldElem[-3//512, 0, -3//512, 0, 0, 0, 3//512, 0, 3//512, 0, 0, 0, -3//512, 0, -3//512, 0],
	[19, 12, 11, 21, 20, 1, 1, 18, 1, 1] => QQFieldElem[0, 0, 0, 1//4, 0, 0, 0, 0, 0, 0, 0, 0, 0, 1//4, 0, 0],
	[19, 12, 11, 21, 21, 1, 1, 13, 1, 1] => QQFieldElem[-3//512, 0, 3//512, 0, 0, 0, -3//512, 0, 3//512, 0, 0, 0, -3//512, 0, 3//512, 0],
	[19, 12, 11, 21, 8, 1, 1, 15, 1, 1] => QQFieldElem[0, 0, 0, 0, 0, 0, 0, 0, 0, 0, 0, 0, -1//2, 0, 0, 0],
	[19, 12, 11, 21, 9, 1, 1, 18, 1, 1] => QQFieldElem[0, 0, 0, 0, 0, 0, 0, 0, 0, 0, 0, 0, 2//3, 0, 0, 0],
	[19, 12, 11, 21, 20, 1, 1, 17, 1, 1] => QQFieldElem[0, 0, 0, 0, 0, -1//8, 0, 0, 0, 0, 0, -1//8, 0, 0, 0, 0],
	[19, 12, 11, 21, 19, 1, 1, 16, 1, 1] => QQFieldElem[0, 1//8, 0, 0, 0, 0, 0, -1//8, 0, -1//8, 0, 0, 0, 0, 0, 1//8],
	[19, 12, 11, 21, 9, 1, 1, 17, 1, 1] => QQFieldElem[0, 0, 0, 0, 0, 0, 0, 0, -1//3, 0, 0, 0, 1//3, 0, 0, 0],
	[19, 12, 11, 21, 8, 1, 1, 12, 1, 1] => QQFieldElem[-3//256, 0, -3//256, 0, 3//256, 0, 3//256, 0, 3//256, 0, 0, 0, -3//256, 0, 0, 0],
	[19, 12, 11, 21, 8, 1, 1, 16, 1, 1] => QQFieldElem[0, 0, 0, 0, 0, 0, 0, 0, 1//4, 0, 0, 0, -1//4, 0, 0, 0])