Dict(
	[19, 20, 6, 14, 20, 1, 1, 8, 1, 1] => QQFieldElem[0, 0, 1, 0, 2//3, 0, -1//3, 0, -2//3, 0, -2//3, 0, 2//3, 0, 1, 0],
	[19, 20, 6, 14, 21, 1, 1, 14, 1, 1] => QQFieldElem[1//3, 0, 0, 0, 1//3, 0, 1//3, 0, -1//3, 0, 1//3, 0, 1//3, 0, -1//3, 0],
	[19, 20, 6, 14, 21, 1, 1, 4, 1, 1] => QQFieldElem[-1//4, 0, 0, 0, 0, 0, 0, 0, 0, 0, -1//4, 0, 1//2, 0, -1//4, 0],
	[19, 20, 6, 14, 20, 2, 1, 8, 1, 1] => QQFieldElem[-1//2, 0, 3//4, 0, 1//2, 0, -1//4, 0, -1//2, 0, -1//2, 0, 0, 0, 3//4, 0],
	[19, 20, 6, 14, 21, 1, 1, 7, 1, 1] => QQFieldElem[1//2, 0, 1//4, 0, 0, 0, -1//4, 0, 0, 0, 0, 0, 1//2, 0, 1//4, 0],
	[19, 20, 6, 14, 21, 2, 1, 14, 1, 1] => QQFieldElem[1//2, 0, -1//4, 0, -1//4, 0, 0, 0, -1//4, 0, 0, 0, 0, 0, 1//4, 0],
	[19, 20, 6, 14, 21, 2, 1, 4, 1, 1] => QQFieldElem[-5//4, 0, 1, 0, -1, 0, 1, 0, 1//2, 0, -1//4, 0, 1//2, 0, -3//4, 0],
	[19, 20, 6, 14, 21, 1, 1, 5, 1, 1] => QQFieldElem[3//4, 0, -1, 0, 1, 0, -1, 0, 1//2, 0, 1//4, 0, -1//2, 0, 3//4, 0],
	[19, 20, 6, 14, 21, 2, 1, 7, 1, 1] => QQFieldElem[-1, 0, 1//4, 0, 1, 0, 1//4, 0, 0, 0, -1, 0, -1//2, 0, 3//4, 0],
	[19, 20, 6, 14, 21, 1, 1, 14, 2, 1] => QQFieldElem[-1//4, 0, -1//4, 0, 0, 0, -1//4, 0, -1//2, 0, 1//4, 0, 0, 0, 0, 0],
	[19, 20, 6, 14, 20, 1, 1, 14, 1, 1] => QQFieldElem[-1//4, 0, -1//4, 0, 0, 0, 1//4, 0, 0, 0, 1//4, 0, 1//2, 0, 0, 0],
	[19, 20, 6, 14, 21, 2, 1, 5, 1, 1] => QQFieldElem[-1//4, 0, 0, 0, 0, 0, 0, 0, 0, 0, 1//4, 0, -1//2, 0, 1//4, 0],
	[19, 20, 6, 14, 21, 2, 1, 14, 2, 1] => QQFieldElem[-1//4, 0, 1//4, 0, 0, 0, -1//4, 0, 0, 0, -1//4, 0, -1//2, 0, 0, 0],
	[19, 20, 6, 14, 20, 1, 1, 4, 1, 1] => QQFieldElem[-1//3, 0, 0, 0, 0, 0, 0, 0, 2//3, 0, -1//3, 0, 0, 0, 1//3, 0],
	[19, 20, 6, 14, 20, 2, 1, 14, 1, 1] => QQFieldElem[3//4, 0, 1//4, 0, 0, 0, 1//4, 0, -1//2, 0, -1//4, 0, 0, 0, 0, 0],
	[19, 20, 6, 14, 20, 1, 1, 7, 1, 1] => QQFieldElem[2//3, 0, -1, 0, -2//3, 0, 1, 0, 2//3, 0, 2//3, 0, -2//3, 0, -5//3, 0],
	[19, 20, 6, 14, 20, 2, 1, 4, 1, 1] => QQFieldElem[-3//4, 0, 1, 0, -1, 0, 1, 0, -1//2, 0, 1//4, 0, 0, 0, -1//4, 0],
	[19, 20, 6, 14, 19, 1, 1, 8, 1, 1] => QQFieldElem[3//8, 0, -9//8, 0, -3//4, 0, 3//8, 0, 3//4, 0, 3//4, 0, -3//8, 0, -9//8, 0],
	[19, 20, 6, 14, 20, 2, 1, 7, 1, 1] => QQFieldElem[0, 0, 1//4, 0, 1//2, 0, -1//4, 0, -1//2, 0, -1//2, 0, 0, 0, 3//4, 0],
	[19, 20, 6, 14, 20, 1, 1, 14, 2, 1] => QQFieldElem[3//16, 0, -3//16, 0, 3//8, 0, 9//16, 0, 0, 0, 9//16, 0, 3//16, 0, -3//8, 0],
	[19, 20, 6, 14, 20, 1, 1, 5, 1, 1] => QQFieldElem[-1//3, 0, 0, 0, 0, 0, 0, 0, 0, 0, 1//3, 0, 0, 0, 1//3, 0],
	[19, 20, 6, 14, 19, 2, 1, 8, 1, 1] => QQFieldElem[1//8, 0, 1//8, 0, -1//4, 0, -3//8, 0, 1//4, 0, 1//4, 0, 3//8, 0, 1//8, 0],
	[19, 20, 6, 14, 20, 2, 1, 5, 1, 1] => QQFieldElem[-3//4, 0, 1, 0, -1, 0, 1, 0, 0, 0, -1//4, 0, 0, 0, -1//4, 0],
	[19, 20, 6, 14, 20, 2, 1, 14, 2, 1] => QQFieldElem[-3//16, 0, 3//16, 0, 1//8, 0, -1//16, 0, 1//2, 0, -1//16, 0, -3//16, 0, -1//8, 0],
	[19, 20, 6, 14, 19, 1, 1, 14, 1, 1] => QQFieldElem[-9//16, 0, 3//16, 0, 0, 0, -3//16, 0, 3//8, 0, -3//16, 0, -3//16, 0, 0, 0],
	[19, 20, 6, 14, 21, 1, 1, 8, 1, 1] => QQFieldElem[1, 0, -1//4, 0, -1, 0, -1//4, 0, 0, 0, 1, 0, 1//2, 0, -3//4, 0],
	[19, 20, 6, 14, 19, 1, 1, 4, 1, 1] => QQFieldElem[-3//4, 0, 0, 0, 0, 0, 0, 0, 3//4, 0, -3//8, 0, 3//8, 0, -3//8, 0],
	[19, 20, 6, 14, 19, 2, 1, 14, 1, 1] => QQFieldElem[1//16, 0, 5//16, 0, 1//2, 0, 3//16, 0, 1//8, 0, 3//16, 0, -5//16, 0, -1//2, 0],
	[19, 20, 6, 14, 19, 1, 1, 7, 1, 1] => QQFieldElem[-3//8, 0, 3//8, 0, 0, 0, -3//8, 0, 0, 0, 0, 0, 3//8, 0, 3//8, 0],
	[19, 20, 6, 14, 21, 2, 1, 8, 1, 1] => QQFieldElem[1//2, 0, -1//4, 0, 0, 0, 1//4, 0, 0, 0, 0, 0, -1//2, 0, -1//4, 0],
	[19, 20, 6, 14, 19, 2, 1, 4, 1, 1] => QQFieldElem[-3//4, 0, 1, 0, -1, 0, 1, 0, 1//4, 0, -5//8, 0, 5//8, 0, -5//8, 0],
	[19, 20, 6, 14, 19, 1, 1, 5, 1, 1] => QQFieldElem[0, 0, 3//4, 0, -3//4, 0, 3//4, 0, -3//4, 0, 3//8, 0, -3//8, 0, 3//8, 0],
	[19, 20, 6, 14, 19, 1, 1, 14, 2, 1] => QQFieldElem[-1//3, 0, 0, 0, -1//3, 0, -1, 0, -1//3, 0, -1//3, 0, -1//3, 0, 1//3, 0],
	[19, 20, 6, 14, 19, 2, 1, 7, 1, 1] => QQFieldElem[7//8, 0, -3//8, 0, -1, 0, -5//8, 0, 0, 0, 1, 0, 5//8, 0, -3//8, 0],
	[19, 20, 6, 14, 19, 2, 1, 5, 1, 1] => QQFieldElem[-1//2, 0, 1//4, 0, -1//4, 0, 1//4, 0, 3//4, 0, -3//8, 0, 3//8, 0, -3//8, 0],
	[19, 20, 6, 14, 19, 2, 1, 14, 2, 1] => QQFieldElem[0, 0, 1//4, 0, -1//4, 0, 0, 0, 1//4, 0, -1//2, 0, 0, 0, 1//4, 0])