Dict(
	[19, 19, 5, 14, 21, 1, 1, 6, 1, 1] => QQFieldElem[3//8, 0, 0, 0, 0, 0, 0, 0, 0, 0, 0, 0, -3//8, 0, 0, 0],
	[19, 19, 5, 14, 21, 1, 1, 8, 1, 1] => QQFieldElem[3//4, 0, 0, 0, 3//4, 0, 0, 0, -3//4, 0, 0, 0, -3//4, 0, 0, 0],
	[19, 19, 5, 14, 20, 2, 1, 9, 1, 1] => QQFieldElem[-1//4, 0, 0, 0, 0, 0, 1//2, 0, 0, 0, 1//4, 0, 0, 0, -1//4, 0],
	[19, 19, 5, 14, 19, 2, 1, 14, 1, 1] => QQFieldElem[-1//2, 0, 1//6, 0, 0, 0, 1//6, 0, 1//3, 0, -1//3, 0, 0, 0, -1//6, 0],
	[19, 19, 5, 14, 19, 1, 1, 7, 1, 1] => QQFieldElem[1//6, 0, 0, 0, 0, 0, 1//6, 0, 0, 0, 0, 0, 0, 0, 0, 0],
	[19, 19, 5, 14, 21, 2, 1, 6, 1, 1] => QQFieldElem[3//8, 0, 0, 0, 0, 0, 0, 0, 0, 0, 0, 0, 3//8, 0, 0, 0],
	[19, 19, 5, 14, 21, 2, 1, 8, 1, 1] => QQFieldElem[3//4, 0, 0, 0, -3//4, 0, 0, 0, -3//4, 0, 0, 0, 3//4, 0, 0, 0],
	[19, 19, 5, 14, 19, 2, 1, 7, 1, 1] => QQFieldElem[1//6, 0, 0, 0, 0, 0, -1//6, 0, 0, 0, 0, 0, 0, 0, 0, 0],
	[19, 19, 5, 14, 19, 1, 1, 14, 2, 1] => QQFieldElem[-1//4, 0, -1//4, 0, 0, 0, -1//4, 0, -1//2, 0, 0, 0, 0, 0, -1//4, 0],
	[19, 19, 5, 14, 20, 1, 1, 6, 1, 1] => QQFieldElem[1//4, 0, 1//4, 0, 0, 0, 0, 0, 0, 0, -1//4, 0, 0, 0, 0, 0],
	[19, 19, 5, 14, 19, 2, 1, 14, 2, 1] => QQFieldElem[-1//4, 0, 1//4, 0, 0, 0, 1//4, 0, -1//2, 0, 0, 0, 0, 0, 1//4, 0],
	[19, 19, 5, 14, 20, 1, 1, 8, 1, 1] => QQFieldElem[-3//4, 0, 0, 0, 0, 0, -1//2, 0, 1//2, 0, 1//4, 0, 0, 0, 1//4, 0],
	[19, 19, 5, 14, 21, 1, 1, 14, 1, 1] => QQFieldElem[-1//4, 0, 1//4, 0, 0, 0, -1//4, 0, 0, 0, 0, 0, 0, 0, -1//4, 0],
	[19, 19, 5, 14, 20, 2, 1, 6, 1, 1] => QQFieldElem[1//4, 0, -1//4, 0, 0, 0, 0, 0, 0, 0, 1//4, 0, 0, 0, 0, 0],
	[19, 19, 5, 14, 20, 2, 1, 8, 1, 1] => QQFieldElem[-3//4, 0, 0, 0, 0, 0, 1//2, 0, 1//2, 0, -1//4, 0, 0, 0, -1//4, 0],
	[19, 19, 5, 14, 21, 2, 1, 14, 1, 1] => QQFieldElem[-1//4, 0, -1//4, 0, 0, 0, 1//4, 0, 0, 0, 0, 0, 0, 0, 1//4, 0],
	[19, 19, 5, 14, 21, 1, 1, 7, 1, 1] => QQFieldElem[-3//8, 0, 0, 0, 0, 0, 0, 0, 0, 0, 0, 0, -3//8, 0, 0, 0],
	[19, 19, 5, 14, 19, 1, 1, 9, 1, 1] => QQFieldElem[1//6, 0, 1//3, 0, 0, 0, 0, 0, 0, 0, -1//6, 0, 0, 0, -1//6, 0],
	[19, 19, 5, 14, 21, 1, 1, 14, 2, 1] => QQFieldElem[0, 0, 0, 0, -3//4, 0, 0, 0, -3//4, 0, 0, 0, 0, 0, 0, 0],
	[19, 19, 5, 14, 19, 2, 1, 9, 1, 1] => QQFieldElem[1//6, 0, -1//3, 0, 0, 0, 0, 0, 0, 0, 1//6, 0, 0, 0, 1//6, 0],
	[19, 19, 5, 14, 20, 1, 1, 14, 1, 1] => QQFieldElem[0, 0, 0, 0, -3//4, 0, 0, 0, 3//4, 0, 0, 0, 0, 0, 0, 0],
	[19, 19, 5, 14, 21, 2, 1, 7, 1, 1] => QQFieldElem[-3//8, 0, 0, 0, 0, 0, 0, 0, 0, 0, 0, 0, 3//8, 0, 0, 0],
	[19, 19, 5, 14, 21, 2, 1, 14, 2, 1] => QQFieldElem[0, 0, 0, 0, 3//4, 0, 0, 0, -3//4, 0, 0, 0, 0, 0, 0, 0],
	[19, 19, 5, 14, 20, 2, 1, 14, 1, 1] => QQFieldElem[0, 0, 0, 0, 3//4, 0, 0, 0, 3//4, 0, 0, 0, 0, 0, 0, 0],
	[19, 19, 5, 14, 20, 1, 1, 7, 1, 1] => QQFieldElem[-1//4, 0, -1//4, 0, 0, 0, 0, 0, 0, 0, 1//4, 0, 0, 0, 0, 0],
	[19, 19, 5, 14, 19, 1, 1, 6, 1, 1] => QQFieldElem[1//6, 0, 0, 0, 0, 0, 1//6, 0, 0, 0, 0, 0, 0, 0, 0, 0],
	[19, 19, 5, 14, 21, 1, 1, 9, 1, 1] => QQFieldElem[-3//4, 0, 0, 0, 3//4, 0, 0, 0, 3//4, 0, 0, 0, -3//4, 0, 0, 0],
	[19, 19, 5, 14, 19, 1, 1, 8, 1, 1] => QQFieldElem[-1//6, 0, -1//3, 0, 0, 0, 0, 0, -1//3, 0, 1//6, 0, 0, 0, -1//6, 0],
	[19, 19, 5, 14, 20, 1, 1, 14, 2, 1] => QQFieldElem[1//6, 0, 1//6, 0, 0, 0, -1//6, 0, 0, 0, -1//3, 0, 0, 0, 1//6, 0],
	[19, 19, 5, 14, 20, 2, 1, 7, 1, 1] => QQFieldElem[-1//4, 0, 1//4, 0, 0, 0, 0, 0, 0, 0, -1//4, 0, 0, 0, 0, 0],
	[19, 19, 5, 14, 19, 2, 1, 6, 1, 1] => QQFieldElem[1//6, 0, 0, 0, 0, 0, -1//6, 0, 0, 0, 0, 0, 0, 0, 0, 0],
	[19, 19, 5, 14, 21, 2, 1, 9, 1, 1] => QQFieldElem[-3//4, 0, 0, 0, -3//4, 0, 0, 0, 3//4, 0, 0, 0, 3//4, 0, 0, 0],
	[19, 19, 5, 14, 19, 2, 1, 8, 1, 1] => QQFieldElem[-1//6, 0, 1//3, 0, 0, 0, 0, 0, -1//3, 0, -1//6, 0, 0, 0, 1//6, 0],
	[19, 19, 5, 14, 20, 2, 1, 14, 2, 1] => QQFieldElem[1//6, 0, -1//6, 0, 0, 0, 1//6, 0, 0, 0, 1//3, 0, 0, 0, -1//6, 0],
	[19, 19, 5, 14, 20, 1, 1, 9, 1, 1] => QQFieldElem[-1//4, 0, 0, 0, 0, 0, -1//2, 0, 0, 0, -1//4, 0, 0, 0, 1//4, 0],
	[19, 19, 5, 14, 19, 1, 1, 14, 1, 1] => QQFieldElem[-1//2, 0, -1//6, 0, 0, 0, -1//6, 0, 1//3, 0, 1//3, 0, 0, 0, 1//6, 0])