Dict(
	[19, 21, 19, 19, 6, 1, 1, 21, 1, 1] => QQFieldElem[-2//3, 0, 1//3, 0, 1//3, 0, 2//3, 0, 1//3, 0, -2//3, 0, -1//3, 0, -1//3, 0],
	[19, 21, 19, 19, 21, 1, 1, 8, 1, 1] => QQFieldElem[-1//3, 0, 1//6, 0, 1//3, 0, -1//6, 0, 1//6, 0, 1//6, 0, -1//3, 0, -1//6, 0],
	[19, 21, 19, 19, 14, 2, 1, 20, 1, 1] => QQFieldElem[0, 0, 0, 0, 0, 0, 0, 0, 0, 0, 0, 0, 0, 0, 0, 0],
	[19, 21, 19, 19, 19, 1, 1, 5, 1, 1] => QQFieldElem[1//336, 0, 0, 0, 0, 0, 0, 0, 1//672, 0, 0, 0, 0, 0, 0, 0],
	[19, 21, 19, 19, 14, 2, 1, 6, 1, 1] => QQFieldElem[-1//4, 0, 0, 0, 1//2, 0, 0, 0, 0, 0, 1//4, 0, -1//4, 0, -1//2, 0],
	[19, 21, 19, 19, 20, 1, 2, 8, 1, 1] => QQFieldElem[-1//4, 0, 5//12, 0, -1//6, 0, -5//12, 0, 1//2, 0, -1//12, 0, -1//12, 0, 1//3, 0],
	[19, 21, 19, 19, 5, 1, 1, 21, 1, 1] => QQFieldElem[9//8, 0, 0, 0, 0, 0, 0, 0, 9//16, 0, 0, 0, 0, 0, 0, 0],
	[19, 21, 19, 19, 8, 1, 1, 5, 1, 1] => QQFieldElem[5//896, 0, -1//896, 0, 0, 0, -1//448, 0, -1//896, 0, 3//896, 0, 0, 0, -1//896, 0],
	[19, 21, 19, 19, 7, 1, 1, 9, 1, 1] => QQFieldElem[1//6, 0, 0, 0, 1//6, 0, 0, 0, -1//6, 0, 0, 0, -1//3, 0, 0, 0],
	[19, 21, 19, 19, 9, 1, 1, 19, 1, 2] => QQFieldElem[0, 0, 0, 0, 0, 0, 0, 0, 0, 0, 0, 0, 0, 0, 0, 0],
	[19, 21, 19, 19, 14, 1, 2, 14, 2, 1] => QQFieldElem[-1//16, 0, 0, 0, 1//16, 0, 0, 0, 1//16, 0, 0, 0, 0, 0, 0, 0],
	[19, 21, 19, 19, 7, 1, 1, 14, 1, 2] => QQFieldElem[2//27, 0, 0, 0, 0, 0, 0, 0, -2//27, 0, 0, 0, -2//27, 0, 0, 0],
	[19, 21, 19, 19, 21, 1, 1, 21, 1, 1] => QQFieldElem[0, 0, 0, 0, 0, 0, 0, 0, 0, 0, 0, 0, 0, 0, 0, 0],
	[19, 21, 19, 19, 9, 1, 1, 4, 1, 1] => QQFieldElem[1//128, 0, 1//128, 0, 0, 0, 0, 0, 1//128, 0, -1//128, 0, 0, 0, 1//128, 0],
	[19, 21, 19, 19, 19, 1, 1, 8, 1, 1] => QQFieldElem[-1//6, 0, -5//6, 0, 1//3, 0, 1//3, 0, -2//3, 0, 2//3, 0, 1//6, 0, -2//3, 0],
	[19, 21, 19, 19, 20, 1, 1, 14, 2, 1] => QQFieldElem[-1//8, 0, 1//16, 0, 1//8, 0, 0, 0, 1//16, 0, 1//8, 0, -1//16, 0, -1//16, 0],
	[19, 21, 19, 19, 20, 1, 2, 21, 1, 1] => QQFieldElem[0, 0, 0, 0, 0, 0, 0, 0, 0, 0, 0, 0, 0, 0, 0, 0],
	[19, 21, 19, 19, 8, 1, 1, 8, 1, 1] => QQFieldElem[1//8, 0, 0, 0, -1//8, 0, 0, 0, -1//8, 0, 0, 0, 1//4, 0, 0, 0],
	[19, 21, 19, 19, 14, 2, 2, 9, 1, 1] => QQFieldElem[0, 0, 1, 0, 1//4, 0, -3//4, 0, -3//4, 0, -1//2, 0, 3//4, 0, 3//4, 0],
	[19, 21, 19, 19, 19, 2, 1, 19, 1, 2] => QQFieldElem[0, 0, 0, 0, -1//2, 0, 0, 0, 1//2, 0, 0, 0, -1//2, 0, 0, 0],
	[19, 21, 19, 19, 14, 2, 2, 14, 1, 2] => QQFieldElem[0, 0, -1//18, 0, -1//18, 0, 0, 0, -1//18, 0, -1//18, 0, 1//18, 0, -1//18, 0],
	[19, 21, 19, 19, 19, 2, 1, 4, 1, 1] => QQFieldElem[0, 0, 0, 0, 0, 0, 0, 0, -1//96, 0, 0, 0, 0, 0, 0, 0],
	[19, 21, 19, 19, 19, 1, 1, 21, 1, 1] => QQFieldElem[0, 0, 0, 0, 0, 0, 0, 0, 0, 0, 0, 0, 0, 0, 0, 0],
	[19, 21, 19, 19, 6, 1, 1, 20, 2, 1] => QQFieldElem[1//4, 0, 0, 0, -1//8, 0, 0, 0, -1//8, 0, -1//8, 0, 0, 0, 1//8, 0],
	[19, 21, 19, 19, 8, 1, 1, 21, 1, 1] => QQFieldElem[-1//2, 0, 1//4, 0, 1//4, 0, 1//2, 0, 1//4, 0, -1//2, 0, -1//4, 0, -1//4, 0],
	[19, 21, 19, 19, 14, 1, 1, 7, 1, 1] => QQFieldElem[0, 0, 1, 0, 1//4, 0, -3//4, 0, -3//4, 0, -1//2, 0, 3//4, 0, 3//4, 0],
	[19, 21, 19, 19, 14, 1, 2, 5, 1, 1] => QQFieldElem[1//448, 0, 0, 0, 0, 0, 0, 0, -3//448, 0, 0, 0, 0, 0, 0, 0],
	[19, 21, 19, 19, 6, 1, 1, 14, 1, 1] => QQFieldElem[0, 0, 0, 0, 0, 0, 0, 0, 0, 0, 0, 0, 0, 0, 0, 0],
	[19, 21, 19, 19, 20, 1, 1, 5, 1, 1] => QQFieldElem[1//336, 0, 0, 0, 0, 0, 0, 0, 1//672, 0, 0, 0, 0, 0, 0, 0],
	[19, 21, 19, 19, 5, 1, 1, 20, 2, 1] => QQFieldElem[1//3, 0, -1//3, 0, -1//2, 0, 1//3, 0, -1//6, 0, -1//6, 0, 2//3, 0, 1//6, 0],
	[19, 21, 19, 19, 5, 1, 1, 14, 1, 1] => QQFieldElem[-1//9, 0, -1//18, 0, 1//18, 0, 1//9, 0, 1//6, 0, -1//18, 0, -1//18, 0, -1//18, 0],
	[19, 21, 19, 19, 7, 1, 1, 19, 1, 2] => QQFieldElem[0, 0, 0, 0, 1//2, 0, 0, 0, -1//2, 0, 0, 0, 1//2, 0, 0, 0],
	[19, 21, 19, 19, 7, 1, 1, 4, 1, 1] => QQFieldElem[1//96, 0, 1//96, 0, 0, 0, 0, 0, 1//96, 0, -1//96, 0, 0, 0, 1//96, 0],
	[19, 21, 19, 19, 21, 1, 1, 20, 2, 1] => QQFieldElem[0, 0, 0, 0, 0, 0, 0, 0, 0, 0, 0, 0, 0, 0, 0, 0],
	[19, 21, 19, 19, 14, 1, 2, 8, 1, 1] => QQFieldElem[-1//4, 0, 0, 0, 1//2, 0, 0, 0, 0, 0, 1//4, 0, -1//4, 0, -1//2, 0],
	[19, 21, 19, 19, 21, 1, 1, 14, 1, 1] => QQFieldElem[-1//3, 0, 0, 0, -1//12, 0, 0, 0, 1//6, 0, 0, 0, 1//12, 0, 0, 0],
	[19, 21, 19, 19, 20, 1, 1, 8, 1, 1] => QQFieldElem[5//4, 0, -7//12, 0, -2//3, 0, 13//12, 0, -1, 0, -7//12, 0, 11//12, 0, -1//6, 0],
	[19, 21, 19, 19, 4, 1, 1, 9, 1, 1] => QQFieldElem[-9//64, 0, 9//32, 0, 27//64, 0, -9//64, 0, -9//64, 0, -27//64, 0, 0, 0, 27//64, 0],
	[19, 21, 19, 19, 20, 1, 2, 20, 2, 1] => QQFieldElem[0, 0, 0, 0, 0, 0, 0, 0, 0, 0, 0, 0, 0, 0, 0, 0],
	[19, 21, 19, 19, 14, 2, 2, 19, 1, 2] => QQFieldElem[0, 0, -1//8, 0, 1//4, 0, -1//4, 0, 0, 0, 0, 0, 0, 0, 3//8, 0],
	[19, 21, 19, 19, 4, 1, 1, 14, 1, 2] => QQFieldElem[-2//27, 0, 2//27, 0, 4//27, 0, -2//27, 0, 0, 0, -4//27, 0, 2//27, 0, 4//27, 0],
	[19, 21, 19, 19, 20, 1, 2, 14, 1, 1] => QQFieldElem[-1//8, 0, -1//16, 0, 1//8, 0, 0, 0, 1//16, 0, -1//8, 0, -1//16, 0, 1//16, 0],
	[19, 21, 19, 19, 14, 2, 2, 4, 1, 1] => QQFieldElem[1//64, 0, 0, 0, 0, 0, 0, 0, 1//64, 0, 0, 0, 0, 0, 0, 0],
	[19, 21, 19, 19, 14, 1, 1, 14, 2, 1] => QQFieldElem[-1//8, 0, 0, 0, 1//12, 0, 0, 0, 0, 0, 0, 0, -7//24, 0, 0, 0],
	[19, 21, 19, 19, 14, 1, 2, 21, 1, 1] => QQFieldElem[0, 0, 0, 0, 1//2, 0, 0, 0, -1//2, 0, 0, 0, 1//2, 0, 0, 0],
	[19, 21, 19, 19, 19, 1, 1, 20, 2, 1] => QQFieldElem[0, 0, 0, 0, -1//4, 0, 0, 0, 1//4, 0, 0, 0, 1//2, 0, 0, 0],
	[19, 21, 19, 19, 6, 1, 1, 19, 1, 1] => QQFieldElem[0, 0, -3//8, 0, 0, 0, 0, 0, 0, 0, 1//4, 0, -1//4, 0, 1//8, 0],
	[19, 21, 19, 19, 20, 1, 1, 21, 1, 1] => QQFieldElem[0, 0, 0, 0, 0, 0, 0, 0, 0, 0, 0, 0, 0, 0, 0, 0],
	[19, 21, 19, 19, 14, 2, 1, 9, 1, 1] => QQFieldElem[0, 0, 1//2, 0, 1//4, 0, -1//4, 0, -1//4, 0, -1//2, 0, 1//4, 0, 1//4, 0],
	[19, 21, 19, 19, 19, 1, 1, 14, 1, 1] => QQFieldElem[-4//27, 0, 0, 0, -4//27, 0, 0, 0, 0, 0, 0, 0, 0, 0, 0, 0],
	[19, 21, 19, 19, 8, 1, 1, 20, 2, 1] => QQFieldElem[1//2, 0, 0, 0, 1//4, 0, 0, 0, -1//4, 0, 0, 0, -1//2, 0, 0, 0],
	[19, 21, 19, 19, 14, 2, 1, 14, 1, 2] => QQFieldElem[-2//27, 0, -2//27, 0, 0, 0, 2//27, 0, 0, 0, 4//27, 0, 2//27, 0, 0, 0],
	[19, 21, 19, 19, 8, 1, 1, 14, 1, 1] => QQFieldElem[-9//128, 0, 0, 0, 9//128, 0, 0, 0, 27//128, 0, 0, 0, 9//32, 0, 0, 0],
	[19, 21, 19, 19, 5, 1, 1, 19, 1, 1] => QQFieldElem[0, 0, -1//6, 0, 1//3, 0, -1//3, 0, 0, 0, 0, 0, 0, 0, 1//2, 0],
	[19, 21, 19, 19, 21, 1, 1, 19, 1, 1] => QQFieldElem[0, 0, 0, 0, 0, 0, 0, 0, 0, 0, 0, 0, 0, 0, 0, 0],
	[19, 21, 19, 19, 14, 1, 1, 5, 1, 1] => QQFieldElem[5//448, 0, 0, 0, 0, 0, 0, 0, -1//448, 0, 0, 0, 0, 0, 0, 0],
	[19, 21, 19, 19, 9, 1, 1, 7, 1, 1] => QQFieldElem[1//8, 0, 0, 0, 1//8, 0, 0, 0, -1//8, 0, 0, 0, -1//4, 0, 0, 0],
	[19, 21, 19, 19, 4, 1, 1, 19, 1, 2] => QQFieldElem[9//16, 0, 0, 0, 0, 0, 0, 0, 9//32, 0, 0, 0, 0, 0, 0, 0],
	[19, 21, 19, 19, 20, 1, 2, 19, 1, 1] => QQFieldElem[0, 0, 0, 0, 0, 0, 0, 0, 0, 0, 0, 0, 0, 0, 0, 0],
	[19, 21, 19, 19, 4, 1, 1, 4, 1, 1] => QQFieldElem[0, 0, 0, 0, 0, 0, 0, 0, 0, 0, 0, 0, 0, 0, 0, 0],
	[19, 21, 19, 19, 14, 1, 1, 8, 1, 1] => QQFieldElem[3//4, 0, 0, 0, -1, 0, 1//2, 0, 0, 0, -3//4, 0, 3//4, 0, 1//2, 0],
	[19, 21, 19, 19, 19, 2, 1, 7, 1, 1] => QQFieldElem[-1//6, 0, 5//6, 0, 1//3, 0, -1//3, 0, -2//3, 0, -2//3, 0, 1//6, 0, 2//3, 0],
	[19, 21, 19, 19, 14, 1, 2, 20, 2, 1] => QQFieldElem[1//3, 0, 0, 0, -1//6, 0, 0, 0, -1//6, 0, -1//6, 0, 0, 0, 1//6, 0],
	[19, 21, 19, 19, 19, 1, 1, 19, 1, 1] => QQFieldElem[0, 0, 1//8, 0, 1//4, 0, 1//4, 0, 0, 0, 0, 0, 0, 0, -3//8, 0],
	[19, 21, 19, 19, 14, 1, 2, 14, 1, 1] => QQFieldElem[0, 0, 0, 0, 1//12, 0, 0, 0, 0, 0, 0, 0, 1//12, 0, 0, 0],
	[19, 21, 19, 19, 6, 1, 1, 14, 2, 2] => QQFieldElem[0, 0, 0, 0, -2//27, 0, 0, 0, 2//27, 0, 0, 0, 2//27, 0, 0, 0],
	[19, 21, 19, 19, 14, 2, 1, 19, 1, 2] => QQFieldElem[0, 0, -1//2, 0, 0, 0, 0, 0, 0, 0, 1//3, 0, -1//3, 0, 1//6, 0],
	[19, 21, 19, 19, 20, 1, 1, 20, 2, 1] => QQFieldElem[0, 0, 0, 0, 0, 0, 0, 0, 0, 0, 0, 0, 0, 0, 0, 0],
	[19, 21, 19, 19, 8, 1, 1, 19, 1, 1] => QQFieldElem[0, 0, 0, 0, 0, 0, 0, 0, 1//2, 0, 0, 0, 0, 0, 0, 0],
	[19, 21, 19, 19, 20, 1, 1, 14, 1, 1] => QQFieldElem[-1//12, 0, 1//12, 0, -1//12, 0, -1//4, 0, 1//6, 0, -1//12, 0, -1//12, 0, 1//6, 0],
	[19, 21, 19, 19, 14, 2, 1, 4, 1, 1] => QQFieldElem[1//64, 0, 0, 0, 0, 0, 0, 0, -1//64, 0, 0, 0, 0, 0, 0, 0],
	[19, 21, 19, 19, 5, 1, 1, 14, 2, 2] => QQFieldElem[-1//9, 0, 0, 0, -1//9, 0, 0, 0, -1//9, 0, 0, 0, 2//9, 0, 0, 0],
	[19, 21, 19, 19, 14, 1, 1, 21, 1, 1] => QQFieldElem[1, 0, 0, 0, 1//2, 0, 0, 0, -1//2, 0, 0, 0, -1//2, 0, 0, 0],
	[19, 21, 19, 19, 9, 1, 1, 14, 2, 1] => QQFieldElem[0, 0, 0, 0, 3//8, 0, 0, 0, 0, 0, 0, 0, 0, 0, 0, 0],
	[19, 21, 19, 19, 21, 1, 1, 14, 2, 2] => QQFieldElem[0, 0, 0, 0, -1//12, 0, 0, 0, 0, 0, 0, 0, 1//12, 0, 0, 0],
	[19, 21, 19, 19, 7, 1, 1, 7, 1, 1] => QQFieldElem[1//6, 0, 0, 0, -1//6, 0, 0, 0, -1//6, 0, 0, 0, 1//3, 0, 0, 0],
	[19, 21, 19, 19, 6, 1, 1, 20, 1, 1] => QQFieldElem[1//4, 0, 0, 0, -1//8, 0, 0, 0, -1//8, 0, 1//8, 0, 0, 0, -1//8, 0],
	[19, 21, 19, 19, 19, 2, 1, 14, 2, 1] => QQFieldElem[-1//9, 0, 0, 0, 4//27, 0, 0, 0, -2//27, 0, 0, 0, -7//27, 0, 0, 0],
	[19, 21, 19, 19, 20, 1, 2, 14, 2, 2] => QQFieldElem[1//6, 0, 0, 0, 1//6, 0, 0, 0, -1//12, 0, 0, 0, -1//6, 0, 0, 0],
	[19, 21, 19, 19, 6, 1, 1, 6, 1, 1] => QQFieldElem[1//6, 0, 0, 0, -1//6, 0, 0, 0, -1//6, 0, 0, 0, 1//3, 0, 0, 0],
	[19, 21, 19, 19, 5, 1, 1, 20, 1, 1] => QQFieldElem[1//3, 0, 1//3, 0, -1//2, 0, -1//3, 0, -1//6, 0, 1//6, 0, 2//3, 0, -1//6, 0],
	[19, 21, 19, 19, 14, 2, 2, 7, 1, 1] => QQFieldElem[3//4, 0, 0, 0, -1, 0, -1//2, 0, 0, 0, 3//4, 0, 3//4, 0, -1//2, 0],
	[19, 21, 19, 19, 5, 1, 1, 6, 1, 1] => QQFieldElem[-45//64, 0, 0, 0, 81//64, 0, -27//64, 0, 9//64, 0, 63//64, 0, -27//32, 0, -45//64, 0],
	[19, 21, 19, 19, 14, 1, 2, 19, 1, 1] => QQFieldElem[0, 0, 0, 0, 0, 0, 0, 0, 0, 0, 0, 0, 0, 0, 0, 0],
	[19, 21, 19, 19, 19, 1, 1, 14, 2, 2] => QQFieldElem[45//128, 0, 0, 0, -27//128, 0, 0, 0, -9//128, 0, 0, 0, 9//64, 0, 0, 0],
	[19, 21, 19, 19, 9, 1, 1, 5, 1, 1] => QQFieldElem[5//896, 0, 1//896, 0, 0, 0, 1//448, 0, -1//896, 0, -3//896, 0, 0, 0, 1//896, 0],
	[19, 21, 19, 19, 20, 1, 1, 19, 1, 1] => QQFieldElem[0, 0, 0, 0, -1//2, 0, 0, 0, 0, 0, 0, 0, 1//2, 0, 0, 0],
	[19, 21, 19, 19, 21, 1, 1, 20, 1, 1] => QQFieldElem[0, 0, 0, 0, 0, 0, 0, 0, 0, 0, 0, 0, 0, 0, 0, 0],
	[19, 21, 19, 19, 8, 1, 1, 14, 2, 2] => QQFieldElem[0, 0, 1//16, 0, -1//8, 0, 0, 0, -1//16, 0, 0, 0, 1//16, 0, -1//16, 0],
	[19, 21, 19, 19, 21, 1, 1, 6, 1, 1] => QQFieldElem[-1//3, 0, 1//6, 0, 1//3, 0, -1//6, 0, 1//6, 0, 1//6, 0, -1//3, 0, -1//6, 0],
	[19, 21, 19, 19, 20, 1, 2, 20, 1, 1] => QQFieldElem[0, 0, 0, 0, 0, 0, 0, 0, 0, 0, 0, 0, 0, 0, 0, 0],
	[19, 21, 19, 19, 20, 1, 2, 6, 1, 1] => QQFieldElem[5//4, 0, -7//12, 0, -2//3, 0, 13//12, 0, -1, 0, -7//12, 0, 11//12, 0, -1//6, 0],
	[19, 21, 19, 19, 7, 1, 1, 14, 2, 1] => QQFieldElem[1//27, 0, 0, 0, 2//27, 0, 0, 0, 0, 0, 0, 0, 1//9, 0, 0, 0],
	[19, 21, 19, 19, 19, 2, 1, 5, 1, 1] => QQFieldElem[1//336, 0, 0, 0, 0, 0, 0, 0, 1//672, 0, 0, 0, 0, 0, 0, 0],
	[19, 21, 19, 19, 14, 1, 1, 20, 2, 1] => QQFieldElem[9//16, 0, 0, 0, 0, 0, 0, 0, 9//32, 0, 0, 0, 0, 0, 0, 0],
	[19, 21, 19, 19, 9, 1, 1, 8, 1, 1] => QQFieldElem[5//8, 0, -1//4, 0, -1//8, 0, 1//2, 0, -5//8, 0, -1//4, 0, 1//4, 0, -1//4, 0],
	[19, 21, 19, 19, 14, 1, 1, 14, 1, 1] => QQFieldElem[1//8, 0, 0, 0, 0, 0, 0, 0, 1//8, 0, 0, 0, 0, 0, 0, 0],
	[19, 21, 19, 19, 19, 1, 1, 20, 1, 1] => QQFieldElem[1//4, 0, -1//4, 0, -3//8, 0, 1//4, 0, -1//8, 0, -1//8, 0, 1//2, 0, 1//8, 0],
	[19, 21, 19, 19, 14, 2, 2, 14, 2, 1] => QQFieldElem[-1//16, 0, 0, 0, 3//16, 0, 0, 0, 3//16, 0, 0, 0, -1//8, 0, 0, 0],
	[19, 21, 19, 19, 19, 1, 1, 6, 1, 1] => QQFieldElem[-1//6, 0, 2//3, 0, -1//6, 0, -2//3, 0, 5//6, 0, -1//3, 0, -1//3, 0, 5//6, 0],
	[19, 21, 19, 19, 8, 1, 1, 20, 1, 1] => QQFieldElem[0, 0, 0, 0, 1//4, 0, 0, 0, -1//4, 0, 0, 0, -1//2, 0, 0, 0],
	[19, 21, 19, 19, 19, 2, 1, 8, 1, 1] => QQFieldElem[-1//6, 0, 2//3, 0, -1//6, 0, -2//3, 0, 5//6, 0, -1//3, 0, -1//3, 0, 5//6, 0],
	[19, 21, 19, 19, 8, 1, 1, 6, 1, 1] => QQFieldElem[1//8, 0, 0, 0, 1//8, 0, 0, 0, -1//8, 0, 0, 0, -1//4, 0, 0, 0],
	[19, 21, 19, 19, 9, 1, 1, 21, 1, 1] => QQFieldElem[-1//2, 0, -1//4, 0, 1//4, 0, -1//2, 0, 1//4, 0, 1//2, 0, -1//4, 0, 1//4, 0],
	[19, 21, 19, 19, 4, 1, 1, 7, 1, 1] => QQFieldElem[-9//64, 0, 9//32, 0, 27//64, 0, -9//64, 0, -9//64, 0, -27//64, 0, 0, 0, 27//64, 0],
	[19, 21, 19, 19, 14, 1, 2, 14, 2, 2] => QQFieldElem[0, 0, 0, 0, 0, 0, 0, 0, 2//9, 0, 0, 0, 2//9, 0, 0, 0],
	[19, 21, 19, 19, 7, 1, 1, 5, 1, 1] => QQFieldElem[5//672, 0, 1//672, 0, 0, 0, 1//336, 0, -1//672, 0, -1//224, 0, 0, 0, 1//672, 0],
	[19, 21, 19, 19, 20, 1, 1, 14, 2, 2] => QQFieldElem[3//8, 0, 0, 0, -1//4, 0, 0, 0, -3//8, 0, 0, 0, 1//2, 0, 0, 0],
	[19, 21, 19, 19, 19, 2, 1, 21, 1, 1] => QQFieldElem[0, 0, 0, 0, 0, 0, 0, 0, 0, 0, 0, 0, 0, 0, 0, 0],
	[19, 21, 19, 19, 14, 2, 1, 7, 1, 1] => QQFieldElem[-1//4, 0, 0, 0, 1//2, 0, 0, 0, 0, 0, -1//4, 0, -1//4, 0, 1//2, 0],
	[19, 21, 19, 19, 14, 2, 2, 5, 1, 1] => QQFieldElem[5//448, 0, 0, 0, 0, 0, 0, 0, -1//448, 0, 0, 0, 0, 0, 0, 0],
	[19, 21, 19, 19, 14, 1, 1, 19, 1, 1] => QQFieldElem[0, 0, 0, 0, 0, 0, 0, 0, 0, 0, 0, 0, 0, 0, 0, 0],
	[19, 21, 19, 19, 7, 1, 1, 8, 1, 1] => QQFieldElem[-13//6, 0, 5//3, 0, 7//6, 0, -7//3, 0, 13//6, 0, 2//3, 0, -7//3, 0, 2//3, 0],
	[19, 21, 19, 19, 14, 1, 2, 20, 1, 1] => QQFieldElem[0, 0, 0, 0, 0, 0, 0, 0, 0, 0, 0, 0, 0, 0, 0, 0],
	[19, 21, 19, 19, 6, 1, 1, 9, 1, 1] => QQFieldElem[-13//6, 0, -5//3, 0, 7//6, 0, 7//3, 0, 13//6, 0, -2//3, 0, -7//3, 0, -2//3, 0],
	[19, 21, 19, 19, 4, 1, 1, 14, 2, 1] => QQFieldElem[5//16, 0, 0, 0, -1//16, 0, 0, 0, -1//16, 0, 0, 0, -1//4, 0, 0, 0],
	[19, 21, 19, 19, 14, 1, 2, 6, 1, 1] => QQFieldElem[0, 0, -1//2, 0, 1//4, 0, 1//4, 0, -1//4, 0, 1//2, 0, 1//4, 0, -1//4, 0],
	[19, 21, 19, 19, 20, 1, 1, 20, 1, 1] => QQFieldElem[1//2, 0, 0, 0, 3//4, 0, 0, 0, -1//4, 0, 0, 0, -1//2, 0, 0, 0],
	[19, 21, 19, 19, 6, 1, 1, 14, 1, 2] => QQFieldElem[0, 0, 0, 0, 4//27, 0, 0, 0, -4//27, 0, 0, 0, -4//27, 0, 0, 0],
	[19, 21, 19, 19, 14, 2, 2, 8, 1, 1] => QQFieldElem[0, 0, -1, 0, 1//4, 0, 3//4, 0, -3//4, 0, 1//2, 0, 3//4, 0, -3//4, 0],
	[19, 21, 19, 19, 20, 1, 1, 6, 1, 1] => QQFieldElem[-1//4, 0, 5//12, 0, -1//6, 0, -5//12, 0, 1//2, 0, -1//12, 0, -1//12, 0, 1//3, 0],
	[19, 21, 19, 19, 5, 1, 1, 9, 1, 1] => QQFieldElem[-45//64, 0, 0, 0, 81//64, 0, 27//64, 0, 9//64, 0, -63//64, 0, -27//32, 0, 45//64, 0],
	[19, 21, 19, 19, 7, 1, 1, 21, 1, 1] => QQFieldElem[-2//3, 0, -1//3, 0, 1//3, 0, -2//3, 0, 1//3, 0, 2//3, 0, -1//3, 0, 1//3, 0],
	[19, 21, 19, 19, 9, 1, 1, 20, 2, 1] => QQFieldElem[0, 0, 0, 0, 0, 0, 0, 0, 0, 0, 0, 0, 0, 0, 0, 0],
	[19, 21, 19, 19, 5, 1, 1, 14, 1, 2] => QQFieldElem[4//9, 0, 0, 0, -4//9, 0, 0, 0, -2//9, 0, 0, 0, 2//9, 0, 0, 0],
	[19, 21, 19, 19, 9, 1, 1, 14, 1, 1] => QQFieldElem[0, 0, -1//16, 0, -1//8, 0, 0, 0, -1//16, 0, 0, 0, 1//16, 0, 1//16, 0],
	[19, 21, 19, 19, 21, 1, 1, 9, 1, 1] => QQFieldElem[-1//3, 0, -1//6, 0, 1//3, 0, 1//6, 0, 1//6, 0, -1//6, 0, -1//3, 0, 1//6, 0],
	[19, 21, 19, 19, 14, 2, 1, 14, 2, 1] => QQFieldElem[0, 0, 0, 0, 1//12, 0, 0, 0, 0, 0, 0, 0, 1//12, 0, 0, 0],
	[19, 21, 19, 19, 14, 2, 2, 21, 1, 1] => QQFieldElem[-1, 0, 0, 0, -1//2, 0, 0, 0, 1//2, 0, 0, 0, 1//2, 0, 0, 0],
	[19, 21, 19, 19, 21, 1, 1, 14, 1, 2] => QQFieldElem[5//24, 0, 0, 0, 1//6, 0, 0, 0, 1//12, 0, 0, 0, -1//24, 0, 0, 0],
	[19, 21, 19, 19, 19, 2, 1, 20, 2, 1] => QQFieldElem[0, 0, 0, 0, -1//4, 0, 0, 0, -1//4, 0, 0, 0, 1//2, 0, 0, 0],
	[19, 21, 19, 19, 20, 1, 2, 9, 1, 1] => QQFieldElem[-1//4, 0, -5//12, 0, -1//6, 0, 5//12, 0, 1//2, 0, 1//12, 0, -1//12, 0, -1//3, 0],
	[19, 21, 19, 19, 19, 2, 1, 14, 1, 1] => QQFieldElem[8//27, 0, 0, 0, 2//27, 0, 0, 0, -2//9, 0, 0, 0, 2//9, 0, 0, 0],
	[19, 21, 19, 19, 4, 1, 1, 5, 1, 1] => QQFieldElem[0, 0, 0, 0, 0, 0, 0, 0, 0, 0, 0, 0, 0, 0, 0, 0],
	[19, 21, 19, 19, 20, 1, 2, 14, 1, 2] => QQFieldElem[-1//4, 0, 0, 0, -1//8, 0, 0, 0, -1//4, 0, 0, 0, 0, 0, 0, 0],
	[19, 21, 19, 19, 14, 1, 1, 14, 2, 2] => QQFieldElem[0, 0, 0, 0, 0, 0, 0, 0, 0, 0, 0, 0, 0, 0, 0, 0],
	[19, 21, 19, 19, 19, 1, 1, 9, 1, 1] => QQFieldElem[-1//6, 0, 5//6, 0, 1//3, 0, -1//3, 0, -2//3, 0, -2//3, 0, 1//6, 0, 2//3, 0],
	[19, 21, 19, 19, 6, 1, 1, 19, 1, 2] => QQFieldElem[0, 0, 3//8, 0, 0, 0, 0, 0, 0, 0, -1//4, 0, -1//4, 0, -1//8, 0],
	[19, 21, 19, 19, 19, 1, 1, 14, 1, 2] => QQFieldElem[-2//27, 0, 0, 0, 0, 0, 0, 0, 2//27, 0, 0, 0, -2//27, 0, 0, 0],
	[19, 21, 19, 19, 8, 1, 1, 9, 1, 1] => QQFieldElem[5//8, 0, 1//4, 0, -1//8, 0, -1//2, 0, -5//8, 0, 1//4, 0, 1//4, 0, 1//4, 0],
	[19, 21, 19, 19, 4, 1, 1, 8, 1, 1] => QQFieldElem[-9//64, 0, -9//32, 0, 27//64, 0, 9//64, 0, -9//64, 0, 27//64, 0, 0, 0, -27//64, 0],
	[19, 21, 19, 19, 6, 1, 1, 4, 1, 1] => QQFieldElem[1//96, 0, -1//96, 0, 0, 0, 0, 0, 1//96, 0, 1//96, 0, 0, 0, -1//96, 0],
	[19, 21, 19, 19, 14, 2, 1, 5, 1, 1] => QQFieldElem[1//448, 0, 0, 0, 0, 0, 0, 0, -3//448, 0, 0, 0, 0, 0, 0, 0],
	[19, 21, 19, 19, 8, 1, 1, 14, 1, 2] => QQFieldElem[-1//12, 0, 1//12, 0, -1//12, 0, -1//12, 0, 0, 0, -1//12, 0, -1//12, 0, 0, 0],
	[19, 21, 19, 19, 5, 1, 1, 19, 1, 2] => QQFieldElem[0, 0, 1//6, 0, 1//3, 0, 1//3, 0, 0, 0, 0, 0, 0, 0, -1//2, 0],
	[19, 21, 19, 19, 7, 1, 1, 20, 2, 1] => QQFieldElem[0, 0, 0, 0, 1//4, 0, 0, 0, 1//4, 0, 0, 0, -1//2, 0, 0, 0],
	[19, 21, 19, 19, 9, 1, 1, 19, 1, 1] => QQFieldElem[0, 0, 0, 0, 0, 0, 0, 0, 0, 0, 0, 0, 0, 0, 0, 0],
	[19, 21, 19, 19, 5, 1, 1, 4, 1, 1] => QQFieldElem[0, 0, 0, 0, 0, 0, 0, 0, 0, 0, 0, 0, 0, 0, 0, 0],
	[19, 21, 19, 19, 7, 1, 1, 14, 1, 1] => QQFieldElem[-5//27, 0, 0, 0, -4//27, 0, 0, 0, 2//9, 0, 0, 0, 1//9, 0, 0, 0],
	[19, 21, 19, 19, 14, 1, 1, 20, 1, 1] => QQFieldElem[0, 0, 0, 0, 0, 0, 0, 0, 0, 0, 0, 0, 0, 0, 0, 0],
	[19, 21, 19, 19, 14, 1, 1, 6, 1, 1] => QQFieldElem[0, 0, -1, 0, 1//4, 0, 3//4, 0, -3//4, 0, 1//2, 0, 3//4, 0, -3//4, 0],
	[19, 21, 19, 19, 21, 1, 1, 19, 1, 2] => QQFieldElem[0, 0, 0, 0, 0, 0, 0, 0, 0, 0, 0, 0, 0, 0, 0, 0],
	[19, 21, 19, 19, 14, 2, 1, 8, 1, 1] => QQFieldElem[0, 0, -1//2, 0, 1//4, 0, 1//4, 0, -1//4, 0, 1//2, 0, 1//4, 0, -1//4, 0],
	[19, 21, 19, 19, 4, 1, 1, 21, 1, 1] => QQFieldElem[0, 0, 0, 0, 0, 0, 0, 0, -9//16, 0, 0, 0, 0, 0, 0, 0],
	[19, 21, 19, 19, 14, 2, 2, 20, 2, 1] => QQFieldElem[1//4, 0, 1//4, 0, -3//8, 0, -1//4, 0, -1//8, 0, 1//8, 0, 1//2, 0, -1//8, 0],
	[19, 21, 19, 19, 21, 1, 1, 4, 1, 1] => QQFieldElem[0, 0, 0, 0, 0, 0, 0, 0, -1//96, 0, 0, 0, 0, 0, 0, 0],
	[19, 21, 19, 19, 19, 2, 1, 19, 1, 1] => QQFieldElem[0, 0, 0, 0, 0, 0, 0, 0, 0, 0, 0, 0, 0, 0, 0, 0],
	[19, 21, 19, 19, 20, 1, 2, 19, 1, 2] => QQFieldElem[0, 0, 0, 0, 0, 0, 0, 0, 0, 0, 0, 0, 0, 0, 0, 0],
	[19, 21, 19, 19, 14, 2, 2, 14, 1, 1] => QQFieldElem[1//8, 0, 0, 0, -1//6, 0, 0, 0, -1//4, 0, 0, 0, 5//24, 0, 0, 0],
	[19, 21, 19, 19, 20, 1, 2, 4, 1, 1] => QQFieldElem[0, 0, 0, 0, 0, 0, 0, 0, -1//96, 0, 0, 0, 0, 0, 0, 0],
	[19, 21, 19, 19, 14, 1, 2, 9, 1, 1] => QQFieldElem[-1//4, 0, 0, 0, 1//2, 0, 0, 0, 0, 0, -1//4, 0, -1//4, 0, 1//2, 0],
	[19, 21, 19, 19, 14, 2, 1, 21, 1, 1] => QQFieldElem[0, 0, 0, 0, -1//2, 0, 0, 0, 1//2, 0, 0, 0, -1//2, 0, 0, 0],
	[19, 21, 19, 19, 19, 1, 1, 19, 1, 2] => QQFieldElem[0, 0, 0, 0, 0, 0, 0, 0, -1//2, 0, 0, 0, 0, 0, 0, 0],
	[19, 21, 19, 19, 20, 1, 1, 9, 1, 1] => QQFieldElem[5//4, 0, 7//12, 0, -2//3, 0, -13//12, 0, -1, 0, 7//12, 0, 11//12, 0, 1//6, 0],
	[19, 21, 19, 19, 14, 1, 2, 14, 1, 2] => QQFieldElem[0, 0, 1//18, 0, -1//18, 0, 0, 0, -1//18, 0, 1//18, 0, 1//18, 0, 1//18, 0],
	[19, 21, 19, 19, 8, 1, 1, 19, 1, 2] => QQFieldElem[0, 0, 0, 0, 0, 0, 0, 0, 0, 0, 0, 0, 0, 0, 0, 0],
	[19, 21, 19, 19, 19, 1, 1, 4, 1, 1] => QQFieldElem[0, 0, 0, 0, 0, 0, 0, 0, -1//96, 0, 0, 0, 0, 0, 0, 0],
	[19, 21, 19, 19, 20, 1, 1, 14, 1, 2] => QQFieldElem[1//8, 0, 0, 0, 1//4, 0, 0, 0, 1//8, 0, 0, 0, 0, 0, 0, 0],
	[19, 21, 19, 19, 8, 1, 1, 4, 1, 1] => QQFieldElem[1//128, 0, -1//128, 0, 0, 0, 0, 0, 1//128, 0, 1//128, 0, 0, 0, -1//128, 0],
	[19, 21, 19, 19, 7, 1, 1, 19, 1, 1] => QQFieldElem[0, 0, 0, 0, 1//2, 0, 0, 0, 0, 0, 0, 0, -1//2, 0, 0, 0],
	[19, 21, 19, 19, 9, 1, 1, 14, 2, 2] => QQFieldElem[1//4, 0, 0, 0, 1//8, 0, 0, 0, -1//4, 0, 0, 0, -1//4, 0, 0, 0],
	[19, 21, 19, 19, 4, 1, 1, 20, 2, 1] => QQFieldElem[9//16, 0, 0, 0, 0, 0, 0, 0, 9//32, 0, 0, 0, 0, 0, 0, 0],
	[19, 21, 19, 19, 14, 2, 2, 19, 1, 1] => QQFieldElem[0, 0, 0, 0, 0, 0, 0, 0, -9//32, 0, 0, 0, 0, 0, 0, 0],
	[19, 21, 19, 19, 19, 2, 1, 14, 2, 2] => QQFieldElem[-1//12, 0, -1//12, 0, -1//12, 0, 1//4, 0, 1//6, 0, 1//12, 0, -1//12, 0, -1//6, 0],
	[19, 21, 19, 19, 4, 1, 1, 14, 1, 1] => QQFieldElem[1//16, 0, 0, 0, 1//16, 0, 0, 0, 1//16, 0, 0, 0, -1//8, 0, 0, 0],
	[19, 21, 19, 19, 9, 1, 1, 20, 1, 1] => QQFieldElem[0, 0, 0, 0, 0, 0, 0, 0, 0, 0, 0, 0, 0, 0, 0, 0],
	[19, 21, 19, 19, 14, 1, 2, 19, 1, 2] => QQFieldElem[0, 0, 1//2, 0, 0, 0, 0, 0, 0, 0, -1//3, 0, -1//3, 0, -1//6, 0],
	[19, 21, 19, 19, 9, 1, 1, 6, 1, 1] => QQFieldElem[-13//8, 0, 5//4, 0, 7//8, 0, -7//4, 0, 13//8, 0, 1//2, 0, -7//4, 0, 1//2, 0],
	[19, 21, 19, 19, 14, 2, 1, 20, 2, 1] => QQFieldElem[1//3, 0, 0, 0, -1//6, 0, 0, 0, -1//6, 0, 1//6, 0, 0, 0, -1//6, 0],
	[19, 21, 19, 19, 20, 1, 1, 19, 1, 2] => QQFieldElem[0, 0, 0, 0, 0, 0, 0, 0, 0, 0, 0, 0, 0, 0, 0, 0],
	[19, 21, 19, 19, 14, 1, 2, 4, 1, 1] => QQFieldElem[1//64, 0, 0, 0, 0, 0, 0, 0, -1//64, 0, 0, 0, 0, 0, 0, 0],
	[19, 21, 19, 19, 14, 2, 1, 14, 1, 1] => QQFieldElem[0, 0, 0, 0, -1//6, 0, 0, 0, 1//4, 0, 0, 0, -1//6, 0, 0, 0],
	[19, 21, 19, 19, 20, 1, 1, 4, 1, 1] => QQFieldElem[0, 0, 0, 0, 0, 0, 0, 0, -1//96, 0, 0, 0, 0, 0, 0, 0],
	[19, 21, 19, 19, 19, 2, 1, 20, 1, 1] => QQFieldElem[-1//2, 0, 0, 0, -1//4, 0, 0, 0, 1//4, 0, 0, 0, 1//2, 0, 0, 0],
	[19, 21, 19, 19, 6, 1, 1, 7, 1, 1] => QQFieldElem[5//6, 0, 1//3, 0, -1//6, 0, -2//3, 0, -5//6, 0, 1//3, 0, 1//3, 0, 1//3, 0],
	[19, 21, 19, 19, 19, 2, 1, 6, 1, 1] => QQFieldElem[-1//6, 0, -5//6, 0, 1//3, 0, 1//3, 0, -2//3, 0, 2//3, 0, 1//6, 0, -2//3, 0],
	[19, 21, 19, 19, 14, 1, 1, 9, 1, 1] => QQFieldElem[3//4, 0, 0, 0, -1, 0, -1//2, 0, 0, 0, 3//4, 0, 3//4, 0, -1//2, 0],
	[19, 21, 19, 19, 7, 1, 1, 14, 2, 2] => QQFieldElem[-9//128, 0, 0, 0, -9//128, 0, 0, 0, 9//128, 0, 0, 0, 9//64, 0, 0, 0],
	[19, 21, 19, 19, 14, 1, 1, 14, 1, 2] => QQFieldElem[-2//27, 0, 2//27, 0, 0, 0, -2//27, 0, 0, 0, -4//27, 0, 2//27, 0, 0, 0],
	[19, 21, 19, 19, 5, 1, 1, 7, 1, 1] => QQFieldElem[-45//64, 0, 0, 0, 81//64, 0, 27//64, 0, 9//64, 0, -63//64, 0, -27//32, 0, 45//64, 0],
	[19, 21, 19, 19, 4, 1, 1, 19, 1, 1] => QQFieldElem[0, 0, 0, 0, 0, 0, 0, 0, -9//32, 0, 0, 0, 0, 0, 0, 0],
	[19, 21, 19, 19, 14, 2, 2, 14, 2, 2] => QQFieldElem[1//9, 0, 0, 0, 1//9, 0, 0, 0, 1//9, 0, 0, 0, -2//9, 0, 0, 0],
	[19, 21, 19, 19, 21, 1, 1, 7, 1, 1] => QQFieldElem[-1//3, 0, -1//6, 0, 1//3, 0, 1//6, 0, 1//6, 0, -1//6, 0, -1//3, 0, 1//6, 0],
	[19, 21, 19, 19, 20, 1, 2, 7, 1, 1] => QQFieldElem[5//4, 0, 7//12, 0, -2//3, 0, -13//12, 0, -1, 0, 7//12, 0, 11//12, 0, 1//6, 0],
	[19, 21, 19, 19, 7, 1, 1, 20, 1, 1] => QQFieldElem[-1//2, 0, 0, 0, -3//4, 0, 0, 0, 1//4, 0, 0, 0, 1//2, 0, 0, 0],
	[19, 21, 19, 19, 7, 1, 1, 6, 1, 1] => QQFieldElem[5//6, 0, -1//3, 0, -1//6, 0, 2//3, 0, -5//6, 0, -1//3, 0, 1//3, 0, -1//3, 0],
	[19, 21, 19, 19, 6, 1, 1, 14, 2, 1] => QQFieldElem[-1//9, 0, 0, 0, 1//9, 0, 0, 0, -1//9, 0, 0, 0, -2//9, 0, 0, 0],
	[19, 21, 19, 19, 14, 2, 1, 19, 1, 1] => QQFieldElem[0, 0, 0, 0, 0, 0, 0, 0, 0, 0, 0, 0, 0, 0, 0, 0],
	[19, 21, 19, 19, 14, 2, 2, 20, 1, 1] => QQFieldElem[0, 0, 0, 0, 0, 0, 0, 0, -9//32, 0, 0, 0, 0, 0, 0, 0],
	[19, 21, 19, 19, 19, 1, 1, 7, 1, 1] => QQFieldElem[-1//6, 0, -2//3, 0, -1//6, 0, 2//3, 0, 5//6, 0, 1//3, 0, -1//3, 0, -5//6, 0],
	[19, 21, 19, 19, 5, 1, 1, 14, 2, 1] => QQFieldElem[-1//9, 0, 1//18, 0, 1//18, 0, -1//9, 0, 1//6, 0, 1//18, 0, -1//18, 0, 1//18, 0],
	[19, 21, 19, 19, 14, 2, 2, 6, 1, 1] => QQFieldElem[3//4, 0, 0, 0, -1, 0, 1//2, 0, 0, 0, -3//4, 0, 3//4, 0, 1//2, 0],
	[19, 21, 19, 19, 8, 1, 1, 7, 1, 1] => QQFieldElem[-13//8, 0, -5//4, 0, 7//8, 0, 7//4, 0, 13//8, 0, -1//2, 0, -7//4, 0, -1//2, 0],
	[19, 21, 19, 19, 14, 1, 1, 19, 1, 2] => QQFieldElem[9//16, 0, 0, 0, 0, 0, 0, 0, 9//32, 0, 0, 0, 0, 0, 0, 0],
	[19, 21, 19, 19, 14, 1, 1, 4, 1, 1] => QQFieldElem[1//64, 0, 0, 0, 0, 0, 0, 0, 1//64, 0, 0, 0, 0, 0, 0, 0],
	[19, 21, 19, 19, 21, 1, 1, 14, 2, 1] => QQFieldElem[-1//24, 0, 0, 0, -1//12, 0, 0, 0, -1//6, 0, 0, 0, -1//24, 0, 0, 0],
	[19, 21, 19, 19, 4, 1, 1, 14, 2, 2] => QQFieldElem[-2//27, 0, -2//27, 0, 4//27, 0, 2//27, 0, 0, 0, 4//27, 0, 2//27, 0, -4//27, 0],
	[19, 21, 19, 19, 20, 1, 2, 14, 2, 1] => QQFieldElem[0, 0, 0, 0, 1//8, 0, 0, 0, 0, 0, 0, 0, -1//4, 0, 0, 0],
	[19, 21, 19, 19, 6, 1, 1, 5, 1, 1] => QQFieldElem[5//672, 0, -1//672, 0, 0, 0, -1//336, 0, -1//672, 0, 1//224, 0, 0, 0, -1//672, 0],
	[19, 21, 19, 19, 9, 1, 1, 9, 1, 1] => QQFieldElem[1//8, 0, 0, 0, -1//8, 0, 0, 0, -1//8, 0, 0, 0, 1//4, 0, 0, 0],
	[19, 21, 19, 19, 5, 1, 1, 5, 1, 1] => QQFieldElem[0, 0, 0, 0, 0, 0, 0, 0, 0, 0, 0, 0, 0, 0, 0, 0],
	[19, 21, 19, 19, 19, 1, 1, 14, 2, 1] => QQFieldElem[1//9, 0, 0, 0, -2//27, 0, 0, 0, 4//27, 0, 0, 0, 5//27, 0, 0, 0],
	[19, 21, 19, 19, 9, 1, 1, 14, 1, 2] => QQFieldElem[-1//8, 0, 0, 0, 0, 0, 0, 0, 1//8, 0, 0, 0, 0, 0, 0, 0],
	[19, 21, 19, 19, 14, 2, 1, 14, 2, 2] => QQFieldElem[1//9, 0, 0, 0, -1//9, 0, 0, 0, -1//3, 0, 0, 0, -2//9, 0, 0, 0],
	[19, 21, 19, 19, 6, 1, 1, 8, 1, 1] => QQFieldElem[1//6, 0, 0, 0, 1//6, 0, 0, 0, -1//6, 0, 0, 0, -1//3, 0, 0, 0],
	[19, 21, 19, 19, 8, 1, 1, 14, 2, 1] => QQFieldElem[-1//12, 0, -1//12, 0, -1//12, 0, 1//12, 0, 0, 0, 1//12, 0, -1//12, 0, 0, 0],
	[19, 21, 19, 19, 21, 1, 1, 5, 1, 1] => QQFieldElem[1//336, 0, 0, 0, 0, 0, 0, 0, 1//672, 0, 0, 0, 0, 0, 0, 0],
	[19, 21, 19, 19, 4, 1, 1, 20, 1, 1] => QQFieldElem[0, 0, 0, 0, 0, 0, 0, 0, -9//32, 0, 0, 0, 0, 0, 0, 0],
	[19, 21, 19, 19, 14, 1, 2, 7, 1, 1] => QQFieldElem[0, 0, 1//2, 0, 1//4, 0, -1//4, 0, -1//4, 0, -1//2, 0, 1//4, 0, 1//4, 0],
	[19, 21, 19, 19, 19, 2, 1, 9, 1, 1] => QQFieldElem[-1//6, 0, -2//3, 0, -1//6, 0, 2//3, 0, 5//6, 0, 1//3, 0, -1//3, 0, -5//6, 0],
	[19, 21, 19, 19, 4, 1, 1, 6, 1, 1] => QQFieldElem[-9//64, 0, -9//32, 0, 27//64, 0, 9//64, 0, -9//64, 0, 27//64, 0, 0, 0, -27//64, 0],
	[19, 21, 19, 19, 20, 1, 1, 7, 1, 1] => QQFieldElem[-1//4, 0, -5//12, 0, -1//6, 0, 5//12, 0, 1//2, 0, 1//12, 0, -1//12, 0, -1//3, 0],
	[19, 21, 19, 19, 5, 1, 1, 8, 1, 1] => QQFieldElem[-45//64, 0, 0, 0, 81//64, 0, -27//64, 0, 9//64, 0, 63//64, 0, -27//32, 0, -45//64, 0],
	[19, 21, 19, 19, 19, 2, 1, 14, 1, 2] => QQFieldElem[9//128, 0, 0, 0, -9//128, 0, 0, 0, 9//128, 0, 0, 0, 0, 0, 0, 0],
	[19, 21, 19, 19, 20, 1, 2, 5, 1, 1] => QQFieldElem[1//336, 0, 0, 0, 0, 0, 0, 0, 1//672, 0, 0, 0, 0, 0, 0, 0])