Dict(
	[19, 13, 12, 19, 19, 2, 1, 16, 1, 1] => QQFieldElem[0, 0, 0, -3//32, 0, 3//32, 0, 0, 0, 0, 0, 0, 0, -3//32, 0, 0],
	[19, 13, 12, 19, 14, 2, 1, 13, 1, 1] => QQFieldElem[-1//256, 0, 0, 0, 0, 0, 0, 0, 0, 0, 0, 0, 1//256, 0, 0, 0],
	[19, 13, 12, 19, 19, 1, 1, 10, 1, 1] => QQFieldElem[3//4096, 0, 0, 0, 0, 0, 0, 0, 0, 0, 0, 0, 0, 0, 0, 0],
	[19, 13, 12, 19, 20, 1, 1, 13, 1, 1] => QQFieldElem[0, 0, 3//2048, 0, 0, 0, 3//2048, 0, 0, 0, -3//2048, 0, 0, 0, 0, 0],
	[19, 13, 12, 19, 19, 1, 1, 18, 1, 1] => QQFieldElem[0, -3//16, 0, 0, 0, 0, 0, 3//16, 0, 0, 0, 0, 0, 0, 0, -3//16],
	[19, 13, 12, 19, 1, 1, 1, 11, 1, 1] => QQFieldElem[3//256, 0, 0, 0, 0, 0, 0, 0, 0, 0, 0, 0, 0, 0, 0, 0],
	[19, 13, 12, 19, 19, 1, 1, 17, 1, 1] => QQFieldElem[0, 3//16, 0, 0, 0, 0, 0, -3//16, 0, -3//16, 0, 0, 0, 0, 0, 0],
	[19, 13, 12, 19, 4, 1, 1, 11, 1, 1] => QQFieldElem[1//64, 0, 0, 0, 0, 0, 0, 0, 0, 0, 0, 0, 0, 0, 0, 0],
	[19, 13, 12, 19, 19, 2, 1, 13, 1, 1] => QQFieldElem[0, 0, -3//2048, 0, 0, 0, -3//2048, 0, 0, 0, 3//2048, 0, 0, 0, 0, 0],
	[19, 13, 12, 19, 1, 1, 1, 10, 1, 1] => QQFieldElem[3//2048, 0, 0, 0, 0, 0, 0, 0, 0, 0, 0, 0, 0, 0, 0, 0],
	[19, 13, 12, 19, 21, 1, 1, 15, 1, 1] => QQFieldElem[0, 0, 0, 3//32, 0, -3//32, 0, 0, 0, 0, 0, 0, 0, 3//32, 0, 0],
	[19, 13, 12, 19, 4, 1, 1, 10, 1, 1] => QQFieldElem[1//512, 0, 0, 0, 0, 0, 0, 0, 0, 0, 0, 0, 0, 0, 0, 0],
	[19, 13, 12, 19, 20, 1, 1, 11, 1, 1] => QQFieldElem[-3//512, 0, 0, 0, 0, 0, 0, 0, 0, 0, 0, 0, 0, 0, 0, 0],
	[19, 13, 12, 19, 1, 1, 1, 18, 1, 1] => QQFieldElem[0, 0, 0, 0, 0, 0, 0, 0, 0, 0, 0, 0, -3//8, 0, 0, 0],
	[19, 13, 12, 19, 14, 2, 1, 11, 1, 1] => QQFieldElem[1//64, 0, 0, 0, 0, 0, 0, 0, 0, 0, 0, 0, 0, 0, 0, 0],
	[19, 13, 12, 19, 21, 1, 1, 12, 1, 1] => QQFieldElem[0, 0, 1//768, 0, 0, 0, 1//768, 0, 0, 0, -1//768, 0, 0, 0, 0, 0],
	[19, 13, 12, 19, 14, 1, 1, 15, 1, 1] => QQFieldElem[3//16, 0, 0, 0, 0, 0, 0, 0, 0, 0, 0, 0, -3//16, 0, 0, 0],
	[19, 13, 12, 19, 1, 1, 1, 17, 1, 1] => QQFieldElem[0, 0, 0, 0, 0, 0, 0, 0, 0, 0, 0, 0, -3//8, 0, 0, 0],
	[19, 13, 12, 19, 4, 1, 1, 18, 1, 1] => QQFieldElem[0, 0, 0, 0, 0, 0, 0, 0, 0, 0, 0, 0, 1//2, 0, 0, 0],
	[19, 13, 12, 19, 14, 1, 1, 12, 1, 1] => QQFieldElem[-1//384, 0, 0, 0, 0, 0, 0, 0, 0, 0, 0, 0, -1//384, 0, 0, 0],
	[19, 13, 12, 19, 21, 1, 1, 16, 1, 1] => QQFieldElem[0, 0, 0, 3//32, 0, -3//32, 0, 0, 0, 0, 0, 0, 0, 3//32, 0, 0],
	[19, 13, 12, 19, 4, 1, 1, 17, 1, 1] => QQFieldElem[0, 0, 0, 0, 0, 0, 0, 0, 0, 0, 0, 0, 1//2, 0, 0, 0],
	[19, 13, 12, 19, 14, 1, 1, 16, 1, 1] => QQFieldElem[-3//16, 0, 0, 0, 0, 0, 0, 0, 0, 0, 0, 0, -3//16, 0, 0, 0],
	[19, 13, 12, 19, 19, 2, 1, 11, 1, 1] => QQFieldElem[-3//512, 0, 0, 0, 0, 0, 0, 0, 0, 0, 0, 0, 0, 0, 0, 0],
	[19, 13, 12, 19, 14, 2, 1, 10, 1, 1] => QQFieldElem[1//512, 0, 0, 0, 0, 0, 0, 0, 0, 0, 0, 0, 0, 0, 0, 0],
	[19, 13, 12, 19, 20, 1, 1, 10, 1, 1] => QQFieldElem[3//4096, 0, 0, 0, 0, 0, 0, 0, 0, 0, 0, 0, 0, 0, 0, 0],
	[19, 13, 12, 19, 19, 1, 1, 15, 1, 1] => QQFieldElem[0, 0, 0, 0, 0, 0, 0, 0, 0, 3//32, 0, 0, 0, 0, 0, 3//32],
	[19, 13, 12, 19, 14, 2, 1, 18, 1, 1] => QQFieldElem[0, 0, 0, 0, 0, 0, 0, 0, 0, 0, 0, 0, 1//2, 0, 0, 0],
	[19, 13, 12, 19, 19, 1, 1, 12, 1, 1] => QQFieldElem[0, 0, -1//768, 0, 0, 0, -1//768, 0, 0, 0, 1//768, 0, 0, 0, 0, 0],
	[19, 13, 12, 19, 20, 1, 1, 18, 1, 1] => QQFieldElem[0, 3//16, 0, 0, 0, 0, 0, -3//16, 0, 0, 0, 0, 0, 0, 0, 3//16],
	[19, 13, 12, 19, 21, 1, 1, 13, 1, 1] => QQFieldElem[0, 0, -3//2048, 0, 0, 0, -3//2048, 0, 0, 0, 3//2048, 0, 0, 0, 0, 0],
	[19, 13, 12, 19, 14, 2, 1, 17, 1, 1] => QQFieldElem[0, 0, 0, 0, 0, 0, 0, 0, 0, 0, 0, 0, 1//2, 0, 0, 0],
	[19, 13, 12, 19, 20, 1, 1, 17, 1, 1] => QQFieldElem[0, -3//16, 0, 0, 0, 0, 0, 3//16, 0, 3//16, 0, 0, 0, 0, 0, 0],
	[19, 13, 12, 19, 19, 1, 1, 16, 1, 1] => QQFieldElem[0, 0, 0, 0, 0, 0, 0, 0, 0, 3//32, 0, 0, 0, 0, 0, 3//32],
	[19, 13, 12, 19, 14, 1, 1, 13, 1, 1] => QQFieldElem[3//1024, 0, 0, 0, 0, 0, 0, 0, 0, 0, 0, 0, -3//1024, 0, 0, 0],
	[19, 13, 12, 19, 19, 2, 1, 10, 1, 1] => QQFieldElem[3//4096, 0, 0, 0, 0, 0, 0, 0, 0, 0, 0, 0, 0, 0, 0, 0],
	[19, 13, 12, 19, 19, 2, 1, 18, 1, 1] => QQFieldElem[0, 0, 0, 0, 0, 0, 0, 0, 0, 0, 0, 3//16, 0, 3//16, 0, 0],
	[19, 13, 12, 19, 19, 2, 1, 17, 1, 1] => QQFieldElem[0, 0, 0, 3//16, 0, -3//16, 0, 0, 0, 0, 0, -3//16, 0, 0, 0, 0],
	[19, 13, 12, 19, 1, 1, 1, 15, 1, 1] => QQFieldElem[-3//16, 0, 0, 0, 0, 0, 0, 0, 0, 0, 0, 0, -3//16, 0, 0, 0],
	[19, 13, 12, 19, 19, 1, 1, 13, 1, 1] => QQFieldElem[0, 0, 3//2048, 0, 0, 0, 3//2048, 0, 0, 0, -3//2048, 0, 0, 0, 0, 0],
	[19, 13, 12, 19, 1, 1, 1, 12, 1, 1] => QQFieldElem[1//384, 0, 0, 0, 0, 0, 0, 0, 0, 0, 0, 0, 1//384, 0, 0, 0],
	[19, 13, 12, 19, 4, 1, 1, 15, 1, 1] => QQFieldElem[-1//4, 0, 0, 0, 0, 0, 0, 0, 0, 0, 0, 0, 1//4, 0, 0, 0],
	[19, 13, 12, 19, 4, 1, 1, 12, 1, 1] => QQFieldElem[-1//288, 0, 0, 0, 0, 0, 0, 0, 0, 0, 0, 0, -1//288, 0, 0, 0],
	[19, 13, 12, 19, 1, 1, 1, 16, 1, 1] => QQFieldElem[3//16, 0, 0, 0, 0, 0, 0, 0, 0, 0, 0, 0, -3//16, 0, 0, 0],
	[19, 13, 12, 19, 21, 1, 1, 11, 1, 1] => QQFieldElem[-3//512, 0, 0, 0, 0, 0, 0, 0, 0, 0, 0, 0, 0, 0, 0, 0],
	[19, 13, 12, 19, 4, 1, 1, 16, 1, 1] => QQFieldElem[1//4, 0, 0, 0, 0, 0, 0, 0, 0, 0, 0, 0, 1//4, 0, 0, 0],
	[19, 13, 12, 19, 14, 1, 1, 11, 1, 1] => QQFieldElem[3//256, 0, 0, 0, 0, 0, 0, 0, 0, 0, 0, 0, 0, 0, 0, 0],
	[19, 13, 12, 19, 14, 2, 1, 15, 1, 1] => QQFieldElem[1//4, 0, 0, 0, 0, 0, 0, 0, 0, 0, 0, 0, 1//4, 0, 0, 0],
	[19, 13, 12, 19, 20, 1, 1, 15, 1, 1] => QQFieldElem[0, 0, 0, 0, 0, 0, 0, 0, 0, -3//32, 0, 0, 0, 0, 0, -3//32],
	[19, 13, 12, 19, 14, 2, 1, 12, 1, 1] => QQFieldElem[1//288, 0, 0, 0, 0, 0, 0, 0, 0, 0, 0, 0, 1//288, 0, 0, 0],
	[19, 13, 12, 19, 1, 1, 1, 13, 1, 1] => QQFieldElem[-3//1024, 0, 0, 0, 0, 0, 0, 0, 0, 0, 0, 0, 3//1024, 0, 0, 0],
	[19, 13, 12, 19, 20, 1, 1, 12, 1, 1] => QQFieldElem[0, 0, -1//768, 0, 0, 0, -1//768, 0, 0, 0, 1//768, 0, 0, 0, 0, 0],
	[19, 13, 12, 19, 21, 1, 1, 10, 1, 1] => QQFieldElem[3//4096, 0, 0, 0, 0, 0, 0, 0, 0, 0, 0, 0, 0, 0, 0, 0],
	[19, 13, 12, 19, 4, 1, 1, 13, 1, 1] => QQFieldElem[1//256, 0, 0, 0, 0, 0, 0, 0, 0, 0, 0, 0, -1//256, 0, 0, 0],
	[19, 13, 12, 19, 14, 2, 1, 16, 1, 1] => QQFieldElem[-1//4, 0, 0, 0, 0, 0, 0, 0, 0, 0, 0, 0, 1//4, 0, 0, 0],
	[19, 13, 12, 19, 19, 1, 1, 11, 1, 1] => QQFieldElem[-3//512, 0, 0, 0, 0, 0, 0, 0, 0, 0, 0, 0, 0, 0, 0, 0],
	[19, 13, 12, 19, 20, 1, 1, 16, 1, 1] => QQFieldElem[0, 0, 0, 0, 0, 0, 0, 0, 0, -3//32, 0, 0, 0, 0, 0, -3//32],
	[19, 13, 12, 19, 14, 1, 1, 10, 1, 1] => QQFieldElem[3//2048, 0, 0, 0, 0, 0, 0, 0, 0, 0, 0, 0, 0, 0, 0, 0],
	[19, 13, 12, 19, 21, 1, 1, 18, 1, 1] => QQFieldElem[0, 0, 0, 0, 0, 0, 0, 0, 0, 0, 0, -3//16, 0, -3//16, 0, 0],
	[19, 13, 12, 19, 21, 1, 1, 17, 1, 1] => QQFieldElem[0, 0, 0, -3//16, 0, 3//16, 0, 0, 0, 0, 0, 3//16, 0, 0, 0, 0],
	[19, 13, 12, 19, 14, 1, 1, 18, 1, 1] => QQFieldElem[0, 0, 0, 0, 0, 0, 0, 0, 0, 0, 0, 0, -3//8, 0, 0, 0],
	[19, 13, 12, 19, 14, 1, 1, 17, 1, 1] => QQFieldElem[0, 0, 0, 0, 0, 0, 0, 0, 0, 0, 0, 0, -3//8, 0, 0, 0],
	[19, 13, 12, 19, 19, 2, 1, 15, 1, 1] => QQFieldElem[0, 0, 0, -3//32, 0, 3//32, 0, 0, 0, 0, 0, 0, 0, -3//32, 0, 0],
	[19, 13, 12, 19, 19, 2, 1, 12, 1, 1] => QQFieldElem[0, 0, 1//768, 0, 0, 0, 1//768, 0, 0, 0, -1//768, 0, 0, 0, 0, 0])