Dict(
	[19, 19, 14, 9, 20, 1, 2, 6, 1, 1] => QQFieldElem[8//9, 0, -8//9, 0, 4//9, 0, -4//9, 0, -4//9, 0, 8//9, 0, -8//9, 0, 8//9, 0],
	[19, 19, 14, 9, 21, 1, 2, 14, 1, 1] => QQFieldElem[-1, 0, 1//2, 0, 1, 0, 1//2, 0, 0, 0, -1, 0, -1//2, 0, 1//2, 0],
	[19, 19, 14, 9, 20, 1, 1, 6, 1, 1] => QQFieldElem[32//27, 0, 32//27, 0, -16//9, 0, 16//27, 0, -16//27, 0, -32//27, 0, 32//27, 0, 32//27, 0],
	[19, 19, 14, 9, 21, 1, 1, 14, 1, 1] => QQFieldElem[4//3, 0, 2//3, 0, 4//3, 0, 2//3, 0, 0, 0, -4//3, 0, -2, 0, -2, 0],
	[19, 19, 14, 9, 21, 1, 2, 4, 1, 1] => QQFieldElem[4//9, 0, 4//9, 0, 0, 0, 0, 0, 0, 0, -4//9, 0, -4//9, 0, 0, 0],
	[19, 19, 14, 9, 19, 1, 2, 9, 1, 1] => QQFieldElem[0, 0, 0, 0, 0, 0, 0, 0, 0, 0, 9//8, 0, -9//8, 0, 0, 0],
	[19, 19, 14, 9, 21, 1, 1, 4, 1, 1] => QQFieldElem[8//9, 0, 0, 0, 0, 0, 4//9, 0, 0, 0, 0, 0, 0, 0, 0, 0],
	[19, 19, 14, 9, 19, 1, 1, 9, 1, 1] => QQFieldElem[0, 0, 0, 0, 0, 0, 0, 0, 0, 0, 0, 0, 9//8, 0, -9//8, 0],
	[19, 19, 14, 9, 21, 1, 2, 5, 1, 1] => QQFieldElem[-1//2, 0, -1//2, 0, 0, 0, 1//2, 0, 0, 0, 1//2, 0, 1, 0, 0, 0],
	[19, 19, 14, 9, 21, 1, 2, 14, 2, 1] => QQFieldElem[1, 0, 1//2, 0, 1, 0, -1//2, 0, 0, 0, 0, 0, 1//2, 0, 1//2, 0],
	[19, 19, 14, 9, 21, 1, 1, 5, 1, 1] => QQFieldElem[0, 0, 0, 0, 0, 0, 0, 0, 0, 0, 0, 0, 1//2, 0, 0, 0],
	[19, 19, 14, 9, 21, 1, 1, 14, 2, 1] => QQFieldElem[0, 0, 1//2, 0, 2, 0, 1//2, 0, 0, 0, -1, 0, -1//2, 0, 1//2, 0],
	[19, 19, 14, 9, 20, 1, 2, 14, 1, 1] => QQFieldElem[4//9, 0, -8//9, 0, -4//9, 0, 4//9, 0, 4//3, 0, 8//9, 0, 4//9, 0, -8//9, 0],
	[19, 19, 14, 9, 20, 1, 1, 14, 1, 1] => QQFieldElem[-4//9, 0, 0, 0, 4//9, 0, 4//9, 0, 4//3, 0, 0, 0, 4//9, 0, 0, 0],
	[19, 19, 14, 9, 20, 1, 2, 4, 1, 1] => QQFieldElem[0, 0, 4//9, 0, 0, 0, 0, 0, 0, 0, -4//9, 0, 0, 0, 0, 0],
	[19, 19, 14, 9, 20, 1, 1, 4, 1, 1] => QQFieldElem[0, 0, -16//27, 0, 0, 0, 32//27, 0, 0, 0, 16//27, 0, 32//27, 0, 0, 0],
	[19, 19, 14, 9, 19, 1, 2, 6, 1, 1] => QQFieldElem[0, 0, 0, 0, 0, 0, -1, 0, 1, 0, 0, 0, 0, 0, 0, 0],
	[19, 19, 14, 9, 21, 1, 2, 9, 1, 1] => QQFieldElem[1, 0, 0, 0, -1, 0, 0, 0, 0, 0, -1//2, 0, 3//2, 0, -1//2, 0],
	[19, 19, 14, 9, 20, 1, 2, 5, 1, 1] => QQFieldElem[1//2, 0, 0, 0, 0, 0, 0, 0, 0, 0, 0, 0, 0, 0, 0, 0],
	[19, 19, 14, 9, 21, 1, 1, 9, 1, 1] => QQFieldElem[0, 0, 1, 0, -2, 0, 1, 0, 0, 0, -1//2, 0, 3//2, 0, -1//2, 0],
	[19, 19, 14, 9, 20, 1, 2, 14, 2, 1] => QQFieldElem[0, 0, -9//8, 0, 0, 0, 0, 0, 0, 0, 0, 0, -9//8, 0, 0, 0],
	[19, 19, 14, 9, 20, 1, 1, 14, 2, 1] => QQFieldElem[0, 0, 0, 0, 0, 0, -9//8, 0, 0, 0, 0, 0, 9//8, 0, 9//8, 0],
	[19, 19, 14, 9, 20, 1, 1, 5, 1, 1] => QQFieldElem[-2//3, 0, 0, 0, 0, 0, -4//3, 0, 0, 0, 0, 0, -4//3, 0, 0, 0],
	[19, 19, 14, 9, 19, 1, 1, 6, 1, 1] => QQFieldElem[0, 0, 0, 0, 1, 0, -1, 0, 0, 0, 0, 0, 0, 0, 0, 0],
	[19, 19, 14, 9, 19, 1, 2, 14, 1, 1] => QQFieldElem[1, 0, 0, 0, 0, 0, -1, 0, -1, 0, 0, 0, 0, 0, 0, 0],
	[19, 19, 14, 9, 20, 1, 2, 9, 1, 1] => QQFieldElem[-1, 0, 1, 0, -1, 0, 1, 0, 0, 0, -1//2, 0, 1//2, 0, -1//2, 0],
	[19, 19, 14, 9, 20, 1, 1, 9, 1, 1] => QQFieldElem[4//3, 0, 4//3, 0, -4//3, 0, -4//3, 0, 0, 0, -2//3, 0, -2//3, 0, 2, 0],
	[19, 19, 14, 9, 21, 1, 2, 6, 1, 1] => QQFieldElem[16//9, 0, -8//9, 0, 4//9, 0, -4//9, 0, -4//3, 0, 8//9, 0, 0, 0, 8//9, 0],
	[19, 19, 14, 9, 19, 1, 1, 14, 1, 1] => QQFieldElem[0, 0, 0, 0, -1, 0, -1, 0, 0, 0, 0, 0, 1, 0, 0, 0],
	[19, 19, 14, 9, 21, 1, 1, 6, 1, 1] => QQFieldElem[8//9, 0, 0, 0, -4//9, 0, 4//9, 0, -4//3, 0, 0, 0, 8//9, 0, 0, 0],
	[19, 19, 14, 9, 19, 1, 2, 4, 1, 1] => QQFieldElem[1//2, 0, 0, 0, 0, 0, 1//2, 0, 0, 0, 0, 0, 0, 0, 0, 0],
	[19, 19, 14, 9, 19, 1, 1, 4, 1, 1] => QQFieldElem[0, 0, 0, 0, 0, 0, 1//2, 0, 0, 0, 0, 0, 1//2, 0, 0, 0],
	[19, 19, 14, 9, 19, 1, 2, 5, 1, 1] => QQFieldElem[0, 0, -9//16, 0, 0, 0, 0, 0, 0, 0, 9//16, 0, 9//16, 0, 0, 0],
	[19, 19, 14, 9, 19, 1, 2, 14, 2, 1] => QQFieldElem[4//9, 0, -8//9, 0, -4//9, 0, 4//9, 0, 4//9, 0, 8//9, 0, -4//9, 0, -8//9, 0],
	[19, 19, 14, 9, 19, 1, 1, 5, 1, 1] => QQFieldElem[0, 0, 0, 0, 0, 0, -9//16, 0, 0, 0, 0, 0, -9//16, 0, 0, 0],
	[19, 19, 14, 9, 19, 1, 1, 14, 2, 1] => QQFieldElem[16//27, 0, 32//27, 0, 16//9, 0, 16//9, 0, 16//27, 0, -32//27, 0, -16//27, 0, -32//27, 0])