Dict(
	[20, 21, 11, 11, 13, 1, 1, 19, 1, 1] => QQFieldElem[0, 0, 0, 0, 0, 0, 0, -1//3, 0, -1//3, 0, 0, 0, 0, 0, 1//3],
	[20, 21, 11, 11, 10, 1, 1, 20, 1, 1] => QQFieldElem[3//2, 0, 0, 0, 0, 0, 0, 0, -3//4, 0, 0, 0, 0, 0, 0, 0],
	[20, 21, 11, 11, 11, 1, 1, 21, 1, 1] => QQFieldElem[0, 0, 0, 0, 0, 0, 0, 0, 3//4, 0, 0, 0, 0, 0, 0, 0],
	[20, 21, 11, 11, 13, 1, 1, 19, 2, 1] => QQFieldElem[0, -1//3, 0, 0, 0, 0, 0, 0, 0, 1//3, 0, 0, 0, 0, 0, -1//3],
	[20, 21, 11, 11, 15, 1, 1, 21, 1, 1] => QQFieldElem[0, 0, 0, 1//3, 0, 0, 0, 0, 0, 0, 0, -1//3, 0, 1//3, 0, 0],
	[20, 21, 11, 11, 18, 1, 1, 20, 1, 1] => QQFieldElem[0, 1//3, 0, 0, 0, 0, 0, 0, 0, -1//3, 0, 0, 0, 0, 0, 1//3],
	[20, 21, 11, 11, 16, 1, 1, 19, 1, 1] => QQFieldElem[0, 0, 0, 0, 0, 0, 0, 0, 0, 0, 0, 0, 0, 0, -48, 0],
	[20, 21, 11, 11, 10, 1, 1, 14, 1, 1] => QQFieldElem[3//8, 0, 0, 0, 0, 0, 0, 0, 3//8, 0, 0, 0, 0, 0, 0, 0],
	[20, 21, 11, 11, 17, 1, 1, 21, 1, 1] => QQFieldElem[0, 0, 0, 0, 0, 1//3, 0, 0, 0, 0, 0, 1//3, 0, -1//3, 0, 0],
	[20, 21, 11, 11, 10, 1, 1, 4, 1, 1] => QQFieldElem[3//8, 0, 0, 0, 0, 0, 0, 0, 3//8, 0, 0, 0, 0, 0, 0, 0],
	[20, 21, 11, 11, 12, 1, 1, 19, 1, 1] => QQFieldElem[0, 1//3, 0, 0, 0, 0, 0, 1//3, 0, 0, 0, 0, 0, 0, 0, 0],
	[20, 21, 11, 11, 16, 1, 1, 19, 2, 1] => QQFieldElem[0, 0, 0, 0, 0, 0, 0, 0, 0, 0, 0, 0, 0, 0, -48, 0],
	[20, 21, 11, 11, 18, 1, 1, 14, 1, 1] => QQFieldElem[0, 0, 0, 0, 0, 0, 0, 0, 0, 0, 0, 0, -1//6, 0, 0, 0],
	[20, 21, 11, 11, 10, 1, 1, 14, 2, 1] => QQFieldElem[3//8, 0, 0, 0, 0, 0, 0, 0, -3//8, 0, 0, 0, 0, 0, 0, 0],
	[20, 21, 11, 11, 10, 1, 1, 3, 1, 1] => QQFieldElem[3//8, 0, 0, 0, 0, 0, 0, 0, 3//8, 0, 0, 0, 0, 0, 0, 0],
	[20, 21, 11, 11, 18, 1, 1, 4, 1, 1] => QQFieldElem[0, 0, 0, 0, 0, 0, 0, 0, 0, 0, 0, 0, -1//6, 0, 0, 0],
	[20, 21, 11, 11, 12, 1, 1, 19, 2, 1] => QQFieldElem[0, 1//3, 0, 0, 0, 0, 0, 1//3, 0, 0, 0, 0, 0, 0, 0, 0],
	[20, 21, 11, 11, 18, 1, 1, 14, 2, 1] => QQFieldElem[0, 0, 0, 0, 0, 0, 0, 0, 0, 0, 0, 0, -1//6, 0, 0, 0],
	[20, 21, 11, 11, 18, 1, 1, 3, 1, 1] => QQFieldElem[0, 0, 0, 0, 0, 0, 0, 0, 0, 0, 0, 0, 1//6, 0, 0, 0],
	[20, 21, 11, 11, 13, 1, 1, 21, 1, 1] => QQFieldElem[0, 0, 0, 0, 0, 0, 0, 0, 0, 0, 0, 0, 0, 0, -48, 0],
	[20, 21, 11, 11, 11, 1, 1, 20, 1, 1] => QQFieldElem[0, 0, 0, 0, 0, 0, 0, 0, 3//4, 0, 0, 0, 0, 0, 0, 0],
	[20, 21, 11, 11, 15, 1, 1, 20, 1, 1] => QQFieldElem[0, -1//3, 0, 0, 0, 0, 0, -1//3, 0, 0, 0, 0, 0, 0, 0, 0],
	[20, 21, 11, 11, 16, 1, 1, 21, 1, 1] => QQFieldElem[0, 0, 0, 1//3, 0, 0, 0, 0, 0, 0, 0, -1//3, 0, 1//3, 0, 0],
	[20, 21, 11, 11, 12, 1, 1, 21, 1, 1] => QQFieldElem[0, 0, 0, 0, 0, 0, 0, 0, 0, 0, 0, 0, 0, 0, -48, 0],
	[20, 21, 11, 11, 11, 1, 1, 14, 1, 1] => QQFieldElem[-24, 0, 0, 0, 0, 0, 0, 0, 24, 0, 0, 0, 0, 0, 0, 0],
	[20, 21, 11, 11, 10, 1, 1, 19, 1, 1] => QQFieldElem[3//2, 0, 0, 0, 0, 0, 0, 0, -3//4, 0, 0, 0, 0, 0, 0, 0],
	[20, 21, 11, 11, 17, 1, 1, 20, 1, 1] => QQFieldElem[0, 0, 0, 0, 0, 0, 0, 1//3, 0, 1//3, 0, 0, 0, 0, 0, -1//3],
	[20, 21, 11, 11, 15, 1, 1, 14, 1, 1] => QQFieldElem[3//8, 0, 0, 0, 0, 0, 0, 0, 3//8, 0, 0, 0, 0, 0, 0, 0],
	[20, 21, 11, 11, 11, 1, 1, 4, 1, 1] => QQFieldElem[3//8, 0, 0, 0, 0, 0, 0, 0, -3//8, 0, 0, 0, 0, 0, 0, 0],
	[20, 21, 11, 11, 15, 1, 1, 4, 1, 1] => QQFieldElem[1//2, 0, 0, 0, 0, 0, 0, 0, -1//2, 0, 0, 0, -1//6, 0, 0, 0],
	[20, 21, 11, 11, 18, 1, 1, 19, 1, 1] => QQFieldElem[0, 0, 0, 0, 0, -1//3, 0, 0, 0, 0, 0, -1//3, 0, 1//3, 0, 0],
	[20, 21, 11, 11, 11, 1, 1, 14, 2, 1] => QQFieldElem[24, 0, 0, 0, 0, 0, 0, 0, -24, 0, 0, 0, 0, 0, 0, 0],
	[20, 21, 11, 11, 10, 1, 1, 19, 2, 1] => QQFieldElem[0, 0, 0, 0, 0, 0, 0, 0, 3//4, 0, 0, 0, 0, 0, 0, 0],
	[20, 21, 11, 11, 11, 1, 1, 3, 1, 1] => QQFieldElem[3//8, 0, 0, 0, 0, 0, 0, 0, -3//8, 0, 0, 0, 0, 0, 0, 0],
	[20, 21, 11, 11, 15, 1, 1, 14, 2, 1] => QQFieldElem[3//8, 0, 0, 0, 0, 0, 0, 0, -3//8, 0, 0, 0, 0, 0, 0, 0],
	[20, 21, 11, 11, 17, 1, 1, 14, 1, 1] => QQFieldElem[-1//2, 0, 0, 0, 0, 0, 0, 0, 1//2, 0, 0, 0, -1//6, 0, 0, 0],
	[20, 21, 11, 11, 15, 1, 1, 3, 1, 1] => QQFieldElem[1//2, 0, 0, 0, 0, 0, 0, 0, -1//2, 0, 0, 0, 1//6, 0, 0, 0],
	[20, 21, 11, 11, 18, 1, 1, 19, 2, 1] => QQFieldElem[0, 0, 0, 1//3, 0, 1//3, 0, 0, 0, 0, 0, 0, 0, 0, 0, 0],
	[20, 21, 11, 11, 17, 1, 1, 4, 1, 1] => QQFieldElem[0, 0, 0, 0, 0, 0, 0, 0, 0, 0, 0, 0, -1//6, 0, 0, 0],
	[20, 21, 11, 11, 13, 1, 1, 20, 1, 1] => QQFieldElem[0, 0, 0, 0, 0, 0, 0, 0, 0, 0, 0, 0, 0, 0, 48, 0],
	[20, 21, 11, 11, 17, 1, 1, 14, 2, 1] => QQFieldElem[1//2, 0, 0, 0, 0, 0, 0, 0, -1//2, 0, 0, 0, -1//6, 0, 0, 0],
	[20, 21, 11, 11, 17, 1, 1, 3, 1, 1] => QQFieldElem[0, 0, 0, 0, 0, 0, 0, 0, 0, 0, 0, 0, 1//6, 0, 0, 0],
	[20, 21, 11, 11, 13, 1, 1, 14, 1, 1] => QQFieldElem[0, 0, 0, 0, 0, 0, 0, 0, 0, 0, 0, 0, 1//6, 0, 0, 0],
	[20, 21, 11, 11, 16, 1, 1, 20, 1, 1] => QQFieldElem[0, -1//3, 0, 0, 0, 0, 0, -1//3, 0, 0, 0, 0, 0, 0, 0, 0],
	[20, 21, 11, 11, 13, 1, 1, 4, 1, 1] => QQFieldElem[24, 0, 0, 0, 0, 0, 0, 0, -24, 0, 0, 0, 0, 0, 0, 0],
	[20, 21, 11, 11, 10, 1, 1, 21, 1, 1] => QQFieldElem[3//2, 0, 0, 0, 0, 0, 0, 0, -3//4, 0, 0, 0, 0, 0, 0, 0],
	[20, 21, 11, 11, 13, 1, 1, 14, 2, 1] => QQFieldElem[0, 0, 0, 0, 0, 0, 0, 0, 0, 0, 0, 0, 1//6, 0, 0, 0],
	[20, 21, 11, 11, 13, 1, 1, 3, 1, 1] => QQFieldElem[-24, 0, 0, 0, 0, 0, 0, 0, 24, 0, 0, 0, 0, 0, 0, 0],
	[20, 21, 11, 11, 12, 1, 1, 20, 1, 1] => QQFieldElem[0, 0, 0, 0, 0, 0, 0, 0, 0, 0, 0, 0, 0, 0, 48, 0],
	[20, 21, 11, 11, 18, 1, 1, 21, 1, 1] => QQFieldElem[0, 0, 0, -1//3, 0, -1//3, 0, 0, 0, 0, 0, 0, 0, 0, 0, 0],
	[20, 21, 11, 11, 11, 1, 1, 19, 1, 1] => QQFieldElem[0, 0, 0, 0, 0, 0, 0, 0, 0, 0, 0, 0, 0, 0, 48, 0],
	[20, 21, 11, 11, 16, 1, 1, 14, 1, 1] => QQFieldElem[24, 0, 0, 0, 0, 0, 0, 0, -24, 0, 0, 0, 0, 0, 0, 0],
	[20, 21, 11, 11, 15, 1, 1, 19, 1, 1] => QQFieldElem[3//2, 0, 0, 0, 0, 0, 0, 0, -3//4, 0, 0, 0, 0, 0, 0, 0],
	[20, 21, 11, 11, 16, 1, 1, 4, 1, 1] => QQFieldElem[-1//2, 0, 0, 0, 0, 0, 0, 0, 1//2, 0, 0, 0, -1//6, 0, 0, 0],
	[20, 21, 11, 11, 11, 1, 1, 19, 2, 1] => QQFieldElem[0, 0, 0, 0, 0, 0, 0, 0, 0, 0, 0, 0, 0, 0, 48, 0],
	[20, 21, 11, 11, 12, 1, 1, 14, 1, 1] => QQFieldElem[-1//2, 0, 0, 0, 0, 0, 0, 0, 1//2, 0, 0, 0, 1//6, 0, 0, 0],
	[20, 21, 11, 11, 16, 1, 1, 14, 2, 1] => QQFieldElem[-24, 0, 0, 0, 0, 0, 0, 0, 24, 0, 0, 0, 0, 0, 0, 0],
	[20, 21, 11, 11, 15, 1, 1, 19, 2, 1] => QQFieldElem[0, 0, 0, 0, 0, 0, 0, 0, 3//4, 0, 0, 0, 0, 0, 0, 0],
	[20, 21, 11, 11, 16, 1, 1, 3, 1, 1] => QQFieldElem[-1//2, 0, 0, 0, 0, 0, 0, 0, 1//2, 0, 0, 0, 1//6, 0, 0, 0],
	[20, 21, 11, 11, 12, 1, 1, 4, 1, 1] => QQFieldElem[-24, 0, 0, 0, 0, 0, 0, 0, 24, 0, 0, 0, 0, 0, 0, 0],
	[20, 21, 11, 11, 17, 1, 1, 19, 1, 1] => QQFieldElem[0, 0, 0, -1//3, 0, 0, 0, 0, 0, 0, 0, 1//3, 0, -1//3, 0, 0],
	[20, 21, 11, 11, 12, 1, 1, 14, 2, 1] => QQFieldElem[1//2, 0, 0, 0, 0, 0, 0, 0, -1//2, 0, 0, 0, 1//6, 0, 0, 0],
	[20, 21, 11, 11, 12, 1, 1, 3, 1, 1] => QQFieldElem[24, 0, 0, 0, 0, 0, 0, 0, -24, 0, 0, 0, 0, 0, 0, 0],
	[20, 21, 11, 11, 17, 1, 1, 19, 2, 1] => QQFieldElem[0, 0, 0, -1//3, 0, 0, 0, 0, 0, 0, 0, 1//3, 0, -1//3, 0, 0])