Dict(
	[20, 13, 14, 11, 15, 1, 1, 15, 1, 1] => QQFieldElem[0, 0, 0, 0, 0, 0, 0, 0, 0, 0, 0, 0, 0, 0, 0, 0],
	[20, 13, 14, 11, 16, 1, 1, 11, 1, 1] => QQFieldElem[0, 0, 0, 0, -1//24, 0, 0, 0, 0, 0, 0, 0, 1//24, 0, 0, 0],
	[20, 13, 14, 11, 13, 1, 1, 16, 1, 1] => QQFieldElem[0, 0, 0, 0, 27//16, 0, 0, 0, 0, 0, 0, 0, -27//16, 0, 0, 0],
	[20, 13, 14, 11, 18, 1, 1, 16, 1, 1] => QQFieldElem[0, 0, 0, 0, 0, 0, 0, 0, 0, 0, 0, 0, 0, 0, 0, 0],
	[20, 13, 14, 11, 17, 1, 1, 11, 1, 1] => QQFieldElem[0, 0, 0, 0, -1//24, 0, 0, 0, 0, 0, 0, 0, 1//24, 0, 0, 0],
	[20, 13, 14, 11, 15, 1, 1, 12, 1, 1] => QQFieldElem[0, 0, 1//12, 0, 0, 0, 0, 0, 0, 0, 0, 0, 0, 0, 0, 0],
	[20, 13, 14, 11, 10, 1, 1, 18, 1, 1] => QQFieldElem[0, 0, 27//16, 0, 0, 0, 0, 0, 0, 0, 0, 0, 0, 0, 0, 0],
	[20, 13, 14, 11, 15, 1, 1, 16, 1, 1] => QQFieldElem[0, 0, 0, 0, 0, 0, 0, 0, 0, 0, -3//8, 0, 0, 0, 0, 0],
	[20, 13, 14, 11, 16, 1, 1, 15, 1, 1] => QQFieldElem[0, 0, 0, 0, 0, 0, 0, 0, 0, 0, -3//8, 0, 0, 0, 0, 0],
	[20, 13, 14, 11, 17, 1, 1, 15, 1, 1] => QQFieldElem[0, 0, 0, 0, 0, 0, 0, 0, 0, 0, 0, 0, 0, 0, 0, 0],
	[20, 13, 14, 11, 10, 1, 1, 17, 1, 1] => QQFieldElem[0, 0, -27//16, 0, 0, 0, 0, 0, 0, 0, 0, 0, 0, 0, 0, 0],
	[20, 13, 14, 11, 16, 1, 1, 12, 1, 1] => QQFieldElem[0, 0, -1//12, 0, 0, 0, 0, 0, 0, 0, 0, 0, 0, 0, 0, 0],
	[20, 13, 14, 11, 13, 1, 1, 18, 1, 1] => QQFieldElem[0, 0, 0, 0, 27//16, 0, 0, 0, 0, 0, 0, 0, -27//16, 0, 0, 0],
	[20, 13, 14, 11, 17, 1, 1, 12, 1, 1] => QQFieldElem[0, 0, 1//12, 0, 0, 0, 0, 0, 0, 0, 0, 0, 0, 0, 0, 0],
	[20, 13, 14, 11, 10, 1, 1, 11, 1, 1] => QQFieldElem[0, 0, 0, 0, 0, 0, 0, 0, 0, 0, 0, 0, 0, 0, 0, 0],
	[20, 13, 14, 11, 18, 1, 1, 18, 1, 1] => QQFieldElem[0, 0, 0, 0, 0, 0, 0, 0, 0, 0, 0, 0, 0, 0, 0, 0],
	[20, 13, 14, 11, 13, 1, 1, 17, 1, 1] => QQFieldElem[0, 0, 0, 0, 27//16, 0, 0, 0, 0, 0, 0, 0, -27//16, 0, 0, 0],
	[20, 13, 14, 11, 18, 1, 1, 17, 1, 1] => QQFieldElem[0, 0, 0, 0, 0, 0, 0, 0, 0, 0, -3//8, 0, 0, 0, 0, 0],
	[20, 13, 14, 11, 16, 1, 1, 16, 1, 1] => QQFieldElem[0, 0, 0, 0, 0, 0, 0, 0, 0, 0, 0, 0, 0, 0, 0, 0],
	[20, 13, 14, 11, 17, 1, 1, 16, 1, 1] => QQFieldElem[0, 0, 0, 0, 0, 0, 0, 0, 0, 0, 3//8, 0, 0, 0, 0, 0],
	[20, 13, 14, 11, 15, 1, 1, 18, 1, 1] => QQFieldElem[0, 0, 0, 0, 0, 0, 0, 0, 0, 0, 3//8, 0, 0, 0, 0, 0],
	[20, 13, 14, 11, 13, 1, 1, 11, 1, 1] => QQFieldElem[0, 0, 0, 0, 0, 0, 0, 0, 0, 0, 0, 0, 0, 0, 0, 0],
	[20, 13, 14, 11, 18, 1, 1, 11, 1, 1] => QQFieldElem[0, 0, 0, 0, -1//24, 0, 0, 0, 0, 0, 0, 0, 1//24, 0, 0, 0],
	[20, 13, 14, 11, 10, 1, 1, 15, 1, 1] => QQFieldElem[0, 0, -27//16, 0, 0, 0, 0, 0, 0, 0, 0, 0, 0, 0, 0, 0],
	[20, 13, 14, 11, 15, 1, 1, 17, 1, 1] => QQFieldElem[0, 0, 0, 0, 0, 0, 0, 0, 0, 0, 0, 0, 0, 0, 0, 0],
	[20, 13, 14, 11, 10, 1, 1, 12, 1, 1] => QQFieldElem[0, 0, 0, 0, 0, 0, 0, 0, 0, 0, 0, 0, 0, 0, 0, 0],
	[20, 13, 14, 11, 15, 1, 1, 11, 1, 1] => QQFieldElem[0, 0, 0, 0, -1//24, 0, 0, 0, 0, 0, 0, 0, 1//24, 0, 0, 0],
	[20, 13, 14, 11, 13, 1, 1, 15, 1, 1] => QQFieldElem[0, 0, 0, 0, 27//16, 0, 0, 0, 0, 0, 0, 0, -27//16, 0, 0, 0],
	[20, 13, 14, 11, 18, 1, 1, 15, 1, 1] => QQFieldElem[0, 0, 0, 0, 0, 0, 0, 0, 0, 0, 3//8, 0, 0, 0, 0, 0],
	[20, 13, 14, 11, 16, 1, 1, 18, 1, 1] => QQFieldElem[0, 0, 0, 0, 0, 0, 0, 0, 0, 0, 0, 0, 0, 0, 0, 0],
	[20, 13, 14, 11, 17, 1, 1, 18, 1, 1] => QQFieldElem[0, 0, 0, 0, 0, 0, 0, 0, 0, 0, -3//8, 0, 0, 0, 0, 0],
	[20, 13, 14, 11, 10, 1, 1, 16, 1, 1] => QQFieldElem[0, 0, 27//16, 0, 0, 0, 0, 0, 0, 0, 0, 0, 0, 0, 0, 0],
	[20, 13, 14, 11, 13, 1, 1, 12, 1, 1] => QQFieldElem[0, 0, 0, 0, 0, 0, 0, 0, 0, 0, 0, 0, 0, 0, 0, 0],
	[20, 13, 14, 11, 16, 1, 1, 17, 1, 1] => QQFieldElem[0, 0, 0, 0, 0, 0, 0, 0, 0, 0, 3//8, 0, 0, 0, 0, 0],
	[20, 13, 14, 11, 18, 1, 1, 12, 1, 1] => QQFieldElem[0, 0, -1//12, 0, 0, 0, 0, 0, 0, 0, 0, 0, 0, 0, 0, 0],
	[20, 13, 14, 11, 17, 1, 1, 17, 1, 1] => QQFieldElem[0, 0, 0, 0, 0, 0, 0, 0, 0, 0, 0, 0, 0, 0, 0, 0])