Dict(
	[20, 20, 11, 10, 18, 1, 1, 4, 1, 1] => QQFieldElem[0, 0, 0, 0, 0, 0, 0, 0, 0, 0, 0, 0, -1//6, 0, 0, 0],
	[20, 20, 11, 10, 16, 1, 1, 8, 1, 1] => QQFieldElem[1//2, 0, 0, 0, 0, 0, 0, 0, 0, 0, 0, 0, -1//6, 0, 0, 0],
	[20, 20, 11, 10, 13, 1, 1, 21, 1, 1] => QQFieldElem[0, 0, 0, 0, 0, 0, 64//3, 0, -64//3, 0, 0, 0, 0, 0, -64//3, 0],
	[20, 20, 11, 10, 12, 1, 1, 8, 1, 1] => QQFieldElem[0, 0, 0, 0, 32//3, 0, 0, 0, 0, 0, -32//3, 0, -32//3, 0, 0, 0],
	[20, 20, 11, 10, 13, 1, 1, 9, 1, 1] => QQFieldElem[0, 0, 0, 0, -32//3, 0, 0, 0, 0, 0, -32//3, 0, 32//3, 0, 0, 0],
	[20, 20, 11, 10, 11, 1, 1, 20, 1, 1] => QQFieldElem[0, 0, 0, 0, 0, 0, 64//3, 0, 64//3, 0, 0, 0, 0, 0, -64//3, 0],
	[20, 20, 11, 10, 15, 1, 1, 20, 1, 1] => QQFieldElem[0, 0, 0, 0, 0, 0, 0, 0, 0, 0, 0, 0, 0, 0, 0, 0],
	[20, 20, 11, 10, 16, 1, 1, 21, 1, 1] => QQFieldElem[0, 0, 0, 1//3, 0, 1//3, 0, 0, 0, 0, 0, 0, 0, -1//3, 0, 0],
	[20, 20, 11, 10, 16, 1, 1, 9, 1, 1] => QQFieldElem[1//2, 0, 0, 0, 0, 0, 0, 0, 0, 0, 0, 0, 1//6, 0, 0, 0],
	[20, 20, 11, 10, 11, 1, 1, 20, 2, 1] => QQFieldElem[0, 0, 0, 0, 0, 0, 64//3, 0, -64//3, 0, 0, 0, 0, 0, -64//3, 0],
	[20, 20, 11, 10, 10, 1, 1, 5, 1, 1] => QQFieldElem[3//2, 0, 0, 0, 0, 0, 0, 0, 0, 0, 0, 0, 0, 0, 0, 0],
	[20, 20, 11, 10, 15, 1, 1, 20, 2, 1] => QQFieldElem[1, 0, 0, 0, 0, 0, 0, 0, 0, 0, 0, 0, 0, 0, 0, 0],
	[20, 20, 11, 10, 12, 1, 1, 21, 1, 1] => QQFieldElem[0, 0, 0, 0, 0, 0, 64//3, 0, 64//3, 0, 0, 0, 0, 0, -64//3, 0],
	[20, 20, 11, 10, 12, 1, 1, 9, 1, 1] => QQFieldElem[0, 0, 0, 0, -32//3, 0, 0, 0, 0, 0, 32//3, 0, 32//3, 0, 0, 0],
	[20, 20, 11, 10, 10, 1, 1, 19, 1, 1] => QQFieldElem[0, 0, 0, 0, 0, 0, 0, 0, 0, 0, 0, 0, 0, 0, 0, 0],
	[20, 20, 11, 10, 17, 1, 1, 20, 1, 1] => QQFieldElem[0, -1//3, 0, 0, 0, 0, 0, -1//3, 0, 0, 0, 0, 0, 0, 0, 1//3],
	[20, 20, 11, 10, 11, 1, 1, 4, 1, 1] => QQFieldElem[0, 0, 0, 0, 0, 0, 0, 0, 0, 0, 0, 0, 0, 0, 0, 0],
	[20, 20, 11, 10, 18, 1, 1, 5, 1, 1] => QQFieldElem[0, 0, 0, 0, 0, 0, 0, 0, 0, 0, 0, 0, 1//6, 0, 0, 0],
	[20, 20, 11, 10, 15, 1, 1, 4, 1, 1] => QQFieldElem[0, 0, 0, 0, 0, 0, 0, 0, 0, 0, 0, 0, -1//6, 0, 0, 0],
	[20, 20, 11, 10, 17, 1, 1, 20, 2, 1] => QQFieldElem[0, 0, 0, 0, 0, 0, 0, 0, 0, 1//3, 0, 0, 0, 0, 0, -1//3],
	[20, 20, 11, 10, 18, 1, 1, 19, 1, 1] => QQFieldElem[0, -1//3, 0, 0, 0, 0, 0, -1//3, 0, 1//3, 0, 0, 0, 0, 0, 0],
	[20, 20, 11, 10, 10, 1, 1, 8, 1, 1] => QQFieldElem[3//2, 0, 0, 0, 0, 0, 0, 0, 0, 0, 0, 0, 0, 0, 0, 0],
	[20, 20, 11, 10, 17, 1, 1, 4, 1, 1] => QQFieldElem[1//2, 0, 0, 0, 0, 0, 0, 0, 0, 0, 0, 0, -1//6, 0, 0, 0],
	[20, 20, 11, 10, 13, 1, 1, 20, 1, 1] => QQFieldElem[0, 0, 0, -1//3, 0, -1//3, 0, 0, 0, 0, 0, 0, 0, 1//3, 0, 0],
	[20, 20, 11, 10, 18, 1, 1, 8, 1, 1] => QQFieldElem[0, 0, 0, 0, 0, 0, 0, 0, 0, 0, 0, 0, -1//6, 0, 0, 0],
	[20, 20, 11, 10, 13, 1, 1, 20, 2, 1] => QQFieldElem[0, 0, 0, 1//3, 0, 1//3, 0, 0, 0, 0, 0, -1//3, 0, 0, 0, 0],
	[20, 20, 11, 10, 16, 1, 1, 20, 1, 1] => QQFieldElem[0, 0, 0, 0, 0, 0, -64//3, 0, -64//3, 0, 0, 0, 0, 0, 64//3, 0],
	[20, 20, 11, 10, 13, 1, 1, 4, 1, 1] => QQFieldElem[0, 0, 0, 0, -32//3, 0, 0, 0, 0, 0, -32//3, 0, 32//3, 0, 0, 0],
	[20, 20, 11, 10, 10, 1, 1, 21, 1, 1] => QQFieldElem[0, 0, 0, 0, 0, 0, 0, 0, 0, 0, 0, 0, 0, 0, 0, 0],
	[20, 20, 11, 10, 10, 1, 1, 9, 1, 1] => QQFieldElem[3//2, 0, 0, 0, 0, 0, 0, 0, 0, 0, 0, 0, 0, 0, 0, 0],
	[20, 20, 11, 10, 12, 1, 1, 20, 1, 1] => QQFieldElem[0, 0, 0, 0, 0, 0, 0, 0, 0, 0, 0, 1//3, 0, -1//3, 0, 0],
	[20, 20, 11, 10, 16, 1, 1, 20, 2, 1] => QQFieldElem[0, 0, 0, 0, 0, 0, -64//3, 0, 64//3, 0, 0, 0, 0, 0, 64//3, 0],
	[20, 20, 11, 10, 11, 1, 1, 5, 1, 1] => QQFieldElem[0, 0, 0, 0, 0, 0, 0, 0, 0, 0, 0, 0, 0, 0, 0, 0],
	[20, 20, 11, 10, 18, 1, 1, 21, 1, 1] => QQFieldElem[0, 0, 0, -1//3, 0, -1//3, 0, 0, 0, 0, 0, 1//3, 0, 0, 0, 0],
	[20, 20, 11, 10, 15, 1, 1, 5, 1, 1] => QQFieldElem[0, 0, 0, 0, 0, 0, 0, 0, 0, 0, 0, 0, 1//6, 0, 0, 0],
	[20, 20, 11, 10, 11, 1, 1, 19, 1, 1] => QQFieldElem[1, 0, 0, 0, 0, 0, 0, 0, 0, 0, 0, 0, 0, 0, 0, 0],
	[20, 20, 11, 10, 18, 1, 1, 9, 1, 1] => QQFieldElem[0, 0, 0, 0, 0, 0, 0, 0, 0, 0, 0, 0, 1//6, 0, 0, 0],
	[20, 20, 11, 10, 12, 1, 1, 20, 2, 1] => QQFieldElem[0, 0, 0, -1//3, 0, -1//3, 0, 0, 0, 0, 0, 0, 0, 1//3, 0, 0],
	[20, 20, 11, 10, 15, 1, 1, 19, 1, 1] => QQFieldElem[0, 1//3, 0, 0, 0, 0, 0, 1//3, 0, 0, 0, 0, 0, 0, 0, -1//3],
	[20, 20, 11, 10, 16, 1, 1, 4, 1, 1] => QQFieldElem[-1//2, 0, 0, 0, 0, 0, 0, 0, 0, 0, 0, 0, -1//6, 0, 0, 0],
	[20, 20, 11, 10, 17, 1, 1, 5, 1, 1] => QQFieldElem[1//2, 0, 0, 0, 0, 0, 0, 0, 0, 0, 0, 0, 1//6, 0, 0, 0],
	[20, 20, 11, 10, 12, 1, 1, 4, 1, 1] => QQFieldElem[0, 0, 0, 0, -32//3, 0, 0, 0, 0, 0, 32//3, 0, 32//3, 0, 0, 0],
	[20, 20, 11, 10, 17, 1, 1, 19, 1, 1] => QQFieldElem[0, 0, 0, 0, 0, 0, 0, 0, 0, -1//3, 0, 0, 0, 0, 0, 1//3],
	[20, 20, 11, 10, 11, 1, 1, 8, 1, 1] => QQFieldElem[0, 0, 0, 0, 0, 0, 0, 0, 0, 0, 0, 0, 0, 0, 0, 0],
	[20, 20, 11, 10, 15, 1, 1, 8, 1, 1] => QQFieldElem[0, 0, 0, 0, 0, 0, 0, 0, 0, 0, 0, 0, -1//6, 0, 0, 0],
	[20, 20, 11, 10, 13, 1, 1, 5, 1, 1] => QQFieldElem[0, 0, 0, 0, 32//3, 0, 0, 0, 0, 0, 32//3, 0, -32//3, 0, 0, 0],
	[20, 20, 11, 10, 17, 1, 1, 8, 1, 1] => QQFieldElem[-1//2, 0, 0, 0, 0, 0, 0, 0, 0, 0, 0, 0, -1//6, 0, 0, 0],
	[20, 20, 11, 10, 13, 1, 1, 19, 1, 1] => QQFieldElem[0, 0, 0, 0, 0, 0, -64//3, 0, 64//3, 0, 0, 0, 0, 0, 64//3, 0],
	[20, 20, 11, 10, 10, 1, 1, 20, 1, 1] => QQFieldElem[0, 0, 0, 0, 0, 0, 0, 0, 0, 0, 0, 0, 0, 0, 0, 0],
	[20, 20, 11, 10, 11, 1, 1, 21, 1, 1] => QQFieldElem[1, 0, 0, 0, 0, 0, 0, 0, 0, 0, 0, 0, 0, 0, 0, 0],
	[20, 20, 11, 10, 11, 1, 1, 9, 1, 1] => QQFieldElem[0, 0, 0, 0, 0, 0, 0, 0, 0, 0, 0, 0, 0, 0, 0, 0],
	[20, 20, 11, 10, 15, 1, 1, 21, 1, 1] => QQFieldElem[0, 0, 0, 0, 0, 0, 0, 0, 0, 0, 0, -1//3, 0, 1//3, 0, 0],
	[20, 20, 11, 10, 15, 1, 1, 9, 1, 1] => QQFieldElem[0, 0, 0, 0, 0, 0, 0, 0, 0, 0, 0, 0, 1//6, 0, 0, 0],
	[20, 20, 11, 10, 16, 1, 1, 5, 1, 1] => QQFieldElem[-1//2, 0, 0, 0, 0, 0, 0, 0, 0, 0, 0, 0, 1//6, 0, 0, 0],
	[20, 20, 11, 10, 10, 1, 1, 20, 2, 1] => QQFieldElem[1, 0, 0, 0, 0, 0, 0, 0, 0, 0, 0, 0, 0, 0, 0, 0],
	[20, 20, 11, 10, 18, 1, 1, 20, 1, 1] => QQFieldElem[0, 0, 0, 0, 0, 0, 0, 0, 0, 1//3, 0, 0, 0, 0, 0, -1//3],
	[20, 20, 11, 10, 13, 1, 1, 8, 1, 1] => QQFieldElem[0, 0, 0, 0, 32//3, 0, 0, 0, 0, 0, 32//3, 0, -32//3, 0, 0, 0],
	[20, 20, 11, 10, 16, 1, 1, 19, 1, 1] => QQFieldElem[0, 0, 0, 0, 0, 0, 0, 0, 0, -1//3, 0, 0, 0, 0, 0, 1//3],
	[20, 20, 11, 10, 18, 1, 1, 20, 2, 1] => QQFieldElem[0, 1//3, 0, 0, 0, 0, 0, 1//3, 0, -1//3, 0, 0, 0, 0, 0, 0],
	[20, 20, 11, 10, 12, 1, 1, 5, 1, 1] => QQFieldElem[0, 0, 0, 0, 32//3, 0, 0, 0, 0, 0, -32//3, 0, -32//3, 0, 0, 0],
	[20, 20, 11, 10, 17, 1, 1, 21, 1, 1] => QQFieldElem[0, 0, 0, 1//3, 0, 1//3, 0, 0, 0, 0, 0, 0, 0, -1//3, 0, 0],
	[20, 20, 11, 10, 10, 1, 1, 4, 1, 1] => QQFieldElem[3//2, 0, 0, 0, 0, 0, 0, 0, 0, 0, 0, 0, 0, 0, 0, 0],
	[20, 20, 11, 10, 17, 1, 1, 9, 1, 1] => QQFieldElem[-1//2, 0, 0, 0, 0, 0, 0, 0, 0, 0, 0, 0, 1//6, 0, 0, 0],
	[20, 20, 11, 10, 12, 1, 1, 19, 1, 1] => QQFieldElem[0, 0, 0, 0, 0, 0, -64//3, 0, -64//3, 0, 0, 0, 0, 0, 64//3, 0])