Dict(
	[20, 11, 13, 14, 21, 1, 1, 11, 1, 1] => QQFieldElem[0, -3//32, 0, 3//32, 0, 0, 0, 0, 0, 0, 0, 0, 3//32, 0, 3//32, 0],
	[20, 11, 13, 14, 19, 1, 1, 12, 1, 1] => QQFieldElem[0, 0, 0, 0, 0, 0, 0, 0, 0, 0, 0, 0, 128//3, 0, 0, 0],
	[20, 11, 13, 14, 20, 1, 1, 18, 1, 1] => QQFieldElem[0, -3//32, 0, 0, 0, 0, 3//32, 0, 0, 3//32, 0, -3//32, 3//32, 0, 0, 0],
	[20, 11, 13, 14, 19, 2, 1, 15, 1, 1] => QQFieldElem[0, 0, 0, 0, -3//2, 0, 0, 0, 0, 0, 0, 0, 3//2, 0, 0, 0],
	[20, 11, 13, 14, 19, 2, 1, 12, 1, 1] => QQFieldElem[0, 0, 0, 0, 3//2, 0, 0, 0, 0, 0, 0, 0, -3//2, 0, 0, 0],
	[20, 11, 13, 14, 21, 2, 1, 11, 1, 1] => QQFieldElem[0, 0, 0, 0, 0, 0, 0, 0, 0, 0, 0, 0, 3//32, 3//32, -3//32, 3//32],
	[20, 11, 13, 14, 20, 1, 1, 17, 1, 1] => QQFieldElem[0, -3//32, 0, 0, 0, 0, -3//32, 0, 0, 3//32, 0, 3//32, 3//32, 0, 0, 0],
	[20, 11, 13, 14, 20, 2, 1, 18, 1, 1] => QQFieldElem[0, 0, 0, 0, 0, 3//32, -3//32, 3//32, 0, 0, 0, 0, 3//32, 0, 0, -3//32],
	[20, 11, 13, 14, 19, 1, 1, 16, 1, 1] => QQFieldElem[0, 0, 0, 0, -128//3, 0, 0, 0, 0, 0, 0, 0, 0, 0, 0, 0],
	[20, 11, 13, 14, 21, 1, 1, 15, 1, 1] => QQFieldElem[0, 0, 0, -3//32, 0, 0, 3//32, 0, 0, 3//32, 0, 3//32, 3//32, 0, -3//32, 0],
	[20, 11, 13, 14, 20, 2, 1, 17, 1, 1] => QQFieldElem[0, 0, 0, 0, 0, 3//32, 3//32, -3//32, 0, 0, 0, 0, 3//32, 0, 0, 3//32],
	[20, 11, 13, 14, 20, 1, 1, 11, 1, 1] => QQFieldElem[0, 3//32, 0, -3//32, 0, 0, 0, 0, 0, 0, 0, 0, 3//32, 0, 3//32, 0],
	[20, 11, 13, 14, 19, 2, 1, 16, 1, 1] => QQFieldElem[0, 0, 0, 0, 3//2, 0, 0, 0, 0, 0, 0, 0, -3//2, 0, 0, 0],
	[20, 11, 13, 14, 21, 1, 1, 12, 1, 1] => QQFieldElem[0, -3//32, 0, -3//32, 0, 0, 0, 0, 0, 0, 0, 0, 3//32, 0, -3//32, 0],
	[20, 11, 13, 14, 21, 2, 1, 15, 1, 1] => QQFieldElem[0, 0, 0, 0, 0, 3//32, -3//32, -3//32, 0, 0, 0, 0, 3//32, -3//32, 3//32, 0],
	[20, 11, 13, 14, 20, 2, 1, 11, 1, 1] => QQFieldElem[0, 0, 0, 0, 0, 0, 0, 0, 0, 0, 0, 0, 3//32, -3//32, -3//32, -3//32],
	[20, 11, 13, 14, 21, 2, 1, 12, 1, 1] => QQFieldElem[0, 0, 0, 0, 0, 0, 0, 0, 0, 0, 0, 0, 3//32, 3//32, 3//32, -3//32],
	[20, 11, 13, 14, 20, 1, 1, 15, 1, 1] => QQFieldElem[0, 0, 0, 3//32, 0, 0, 3//32, 0, 0, -3//32, 0, -3//32, 3//32, 0, -3//32, 0],
	[20, 11, 13, 14, 19, 1, 1, 18, 1, 1] => QQFieldElem[0, 0, 0, 0, 128//3, 0, 0, 0, 0, 0, 0, 0, -128//3, 0, 0, 0],
	[20, 11, 13, 14, 21, 1, 1, 16, 1, 1] => QQFieldElem[0, 0, 0, 3//32, 0, 0, -3//32, 0, 0, 3//32, 0, -3//32, 3//32, 0, 3//32, 0],
	[20, 11, 13, 14, 19, 2, 1, 18, 1, 1] => QQFieldElem[0, 0, 0, 0, 3//2, 0, 0, 0, 0, 0, 0, 0, -3//2, 0, 0, 0],
	[20, 11, 13, 14, 21, 2, 1, 16, 1, 1] => QQFieldElem[0, 0, 0, 0, 0, 3//32, 3//32, 3//32, 0, 0, 0, 0, 3//32, -3//32, -3//32, 0],
	[20, 11, 13, 14, 19, 1, 1, 17, 1, 1] => QQFieldElem[0, 0, 0, 0, 128//3, 0, 0, 0, 0, 0, 0, 0, -128//3, 0, 0, 0],
	[20, 11, 13, 14, 20, 1, 1, 12, 1, 1] => QQFieldElem[0, 3//32, 0, 3//32, 0, 0, 0, 0, 0, 0, 0, 0, 3//32, 0, -3//32, 0],
	[20, 11, 13, 14, 20, 2, 1, 15, 1, 1] => QQFieldElem[0, 0, 0, 0, 0, -3//32, -3//32, 3//32, 0, 0, 0, 0, 3//32, 3//32, 3//32, 0],
	[20, 11, 13, 14, 19, 2, 1, 17, 1, 1] => QQFieldElem[0, 0, 0, 0, -3//2, 0, 0, 0, 0, 0, 0, 0, 3//2, 0, 0, 0],
	[20, 11, 13, 14, 20, 2, 1, 12, 1, 1] => QQFieldElem[0, 0, 0, 0, 0, 0, 0, 0, 0, 0, 0, 0, 3//32, -3//32, 3//32, 3//32],
	[20, 11, 13, 14, 19, 1, 1, 11, 1, 1] => QQFieldElem[0, 0, 0, 0, 0, 0, 0, 0, 0, 0, 0, 0, 128//3, 0, 0, 0],
	[20, 11, 13, 14, 20, 1, 1, 16, 1, 1] => QQFieldElem[0, 0, 0, -3//32, 0, 0, -3//32, 0, 0, -3//32, 0, 3//32, 3//32, 0, 3//32, 0],
	[20, 11, 13, 14, 19, 2, 1, 11, 1, 1] => QQFieldElem[0, 0, 0, 0, -3//2, 0, 0, 0, 0, 0, 0, 0, 3//2, 0, 0, 0],
	[20, 11, 13, 14, 21, 1, 1, 18, 1, 1] => QQFieldElem[0, 3//32, 0, 0, 0, 0, 3//32, 0, 0, -3//32, 0, 3//32, 3//32, 0, 0, 0],
	[20, 11, 13, 14, 20, 2, 1, 16, 1, 1] => QQFieldElem[0, 0, 0, 0, 0, -3//32, 3//32, -3//32, 0, 0, 0, 0, 3//32, 3//32, -3//32, 0],
	[20, 11, 13, 14, 21, 1, 1, 17, 1, 1] => QQFieldElem[0, 3//32, 0, 0, 0, 0, -3//32, 0, 0, -3//32, 0, -3//32, 3//32, 0, 0, 0],
	[20, 11, 13, 14, 21, 2, 1, 18, 1, 1] => QQFieldElem[0, 0, 0, 0, 0, -3//32, -3//32, -3//32, 0, 0, 0, 0, 3//32, 0, 0, 3//32],
	[20, 11, 13, 14, 19, 1, 1, 15, 1, 1] => QQFieldElem[0, 0, 0, 0, -128//3, 0, 0, 0, 0, 0, 0, 0, 0, 0, 0, 0],
	[20, 11, 13, 14, 21, 2, 1, 17, 1, 1] => QQFieldElem[0, 0, 0, 0, 0, -3//32, 3//32, 3//32, 0, 0, 0, 0, 3//32, 0, 0, -3//32])