Dict(
	[20, 19, 13, 11, 18, 1, 1, 8, 1, 1] => QQFieldElem[0, 0, 0, 0, 0, 0, 0, 0, -1//2, 0, 0, 0, 1//6, 0, 0, 0],
	[20, 19, 13, 11, 16, 1, 1, 20, 1, 1] => QQFieldElem[0, 0, 0, -1//3, 0, 1//3, 0, 0, 0, 0, 0, 1//3, 0, -1//3, 0, 0],
	[20, 19, 13, 11, 13, 1, 1, 4, 1, 1] => QQFieldElem[0, 0, 0, 0, 0, 0, 0, 0, 0, 0, -64//3, 0, -64//3, 0, 0, 0],
	[20, 19, 13, 11, 10, 1, 1, 21, 1, 1] => QQFieldElem[-3//8, 0, 0, 0, 0, 0, 0, 0, 3//8, 0, 0, 0, 0, 0, 0, 0],
	[20, 19, 13, 11, 10, 1, 1, 9, 1, 1] => QQFieldElem[3//8, 0, 0, 0, 0, 0, 0, 0, -3//16, 0, 0, 0, 0, 0, 0, 0],
	[20, 19, 13, 11, 12, 1, 1, 20, 1, 1] => QQFieldElem[0, 0, 0, 0, 0, 0, 128//3, 0, -128//3, 0, 0, 0, 0, 0, 0, 0],
	[20, 19, 13, 11, 11, 1, 1, 5, 1, 1] => QQFieldElem[3//8, 0, 0, 0, 0, 0, 0, 0, 3//16, 0, 0, 0, 0, 0, 0, 0],
	[20, 19, 13, 11, 18, 1, 1, 21, 1, 1] => QQFieldElem[0, 0, 0, 0, 0, 1//3, 0, 0, 0, 0, 0, 1//3, 0, 0, 0, 0],
	[20, 19, 13, 11, 15, 1, 1, 5, 1, 1] => QQFieldElem[0, 0, 0, 0, 0, 0, 0, 0, 0, 0, 0, 0, -1//6, 0, 0, 0],
	[20, 19, 13, 11, 11, 1, 1, 19, 1, 1] => QQFieldElem[15//8, 0, 0, 0, 0, 0, 0, 0, -3//8, 0, 0, 0, 0, 0, 0, 0],
	[20, 19, 13, 11, 10, 1, 1, 21, 2, 1] => QQFieldElem[15//8, 0, 0, 0, 0, 0, 0, 0, -3//8, 0, 0, 0, 0, 0, 0, 0],
	[20, 19, 13, 11, 18, 1, 1, 9, 1, 1] => QQFieldElem[0, 0, 0, 0, 0, 0, 0, 0, -1//2, 0, 0, 0, -1//6, 0, 0, 0],
	[20, 19, 13, 11, 15, 1, 1, 19, 1, 1] => QQFieldElem[0, -1//3, 0, 0, 0, 0, 0, 0, 0, 0, 0, 0, 0, 0, 0, -1//3],
	[20, 19, 13, 11, 16, 1, 1, 4, 1, 1] => QQFieldElem[0, 0, 0, 0, 0, 0, 0, 0, 0, 0, 0, 0, 1//6, 0, 0, 0],
	[20, 19, 13, 11, 18, 1, 1, 21, 2, 1] => QQFieldElem[0, 0, 0, 0, 0, 1//3, 0, 0, 0, 0, 0, 1//3, 0, 0, 0, 0],
	[20, 19, 13, 11, 17, 1, 1, 5, 1, 1] => QQFieldElem[0, 0, 0, 0, 0, 0, 0, 0, -1//2, 0, 0, 0, -1//6, 0, 0, 0],
	[20, 19, 13, 11, 12, 1, 1, 4, 1, 1] => QQFieldElem[0, 0, 0, 0, 0, 0, 0, 0, 0, 0, 64//3, 0, -64//3, 0, 0, 0],
	[20, 19, 13, 11, 17, 1, 1, 19, 1, 1] => QQFieldElem[0, 1//3, 0, 0, 0, 0, 0, -1//3, 0, -1//3, 0, 0, 0, 0, 0, 1//3],
	[20, 19, 13, 11, 11, 1, 1, 8, 1, 1] => QQFieldElem[3//8, 0, 0, 0, 0, 0, 0, 0, 3//16, 0, 0, 0, 0, 0, 0, 0],
	[20, 19, 13, 11, 15, 1, 1, 8, 1, 1] => QQFieldElem[0, 0, 0, 0, 0, 0, 0, 0, 0, 0, 0, 0, 1//6, 0, 0, 0],
	[20, 19, 13, 11, 13, 1, 1, 5, 1, 1] => QQFieldElem[0, 0, 0, 0, 0, 0, 0, 0, 0, 0, 64//3, 0, 64//3, 0, 0, 0],
	[20, 19, 13, 11, 17, 1, 1, 8, 1, 1] => QQFieldElem[0, 0, 0, 0, 0, 0, 0, 0, 1//2, 0, 0, 0, 1//6, 0, 0, 0],
	[20, 19, 13, 11, 13, 1, 1, 19, 1, 1] => QQFieldElem[0, 0, 0, 0, 0, 0, -128//3, 0, -128//3, 0, 0, 0, 0, 0, 0, 0],
	[20, 19, 13, 11, 10, 1, 1, 20, 1, 1] => QQFieldElem[-3//8, 0, 0, 0, 0, 0, 0, 0, 3//8, 0, 0, 0, 0, 0, 0, 0],
	[20, 19, 13, 11, 11, 1, 1, 21, 1, 1] => QQFieldElem[0, 0, 0, 0, 0, 0, -128//3, 0, 128//3, 0, 0, 0, 0, 0, 0, 0],
	[20, 19, 13, 11, 11, 1, 1, 9, 1, 1] => QQFieldElem[3//8, 0, 0, 0, 0, 0, 0, 0, 3//16, 0, 0, 0, 0, 0, 0, 0],
	[20, 19, 13, 11, 15, 1, 1, 21, 1, 1] => QQFieldElem[-3//8, 0, 0, 0, 0, 0, 0, 0, 3//8, 0, 0, 0, 0, 0, 0, 0],
	[20, 19, 13, 11, 15, 1, 1, 9, 1, 1] => QQFieldElem[0, 0, 0, 0, 0, 0, 0, 0, 0, 0, 0, 0, -1//6, 0, 0, 0],
	[20, 19, 13, 11, 16, 1, 1, 5, 1, 1] => QQFieldElem[0, 0, 0, 0, 0, 0, 0, 0, 0, 0, 0, 0, -1//6, 0, 0, 0],
	[20, 19, 13, 11, 18, 1, 1, 20, 1, 1] => QQFieldElem[0, 0, 0, 0, 0, -1//3, 0, 0, 0, 0, 0, -1//3, 0, 0, 0, 0],
	[20, 19, 13, 11, 11, 1, 1, 21, 2, 1] => QQFieldElem[0, 0, 0, 0, 0, 0, -128//3, 0, -128//3, 0, 0, 0, 0, 0, 0, 0],
	[20, 19, 13, 11, 13, 1, 1, 8, 1, 1] => QQFieldElem[0, 0, 0, 0, 0, 0, 0, 0, 0, 0, 64//3, 0, 64//3, 0, 0, 0],
	[20, 19, 13, 11, 16, 1, 1, 19, 1, 1] => QQFieldElem[0, 0, 0, 0, 0, 0, 0, 1//3, 0, 1//3, 0, 0, 0, 0, 0, 0],
	[20, 19, 13, 11, 15, 1, 1, 21, 2, 1] => QQFieldElem[15//8, 0, 0, 0, 0, 0, 0, 0, -3//8, 0, 0, 0, 0, 0, 0, 0],
	[20, 19, 13, 11, 17, 1, 1, 21, 1, 1] => QQFieldElem[0, 0, 0, -1//3, 0, 0, 0, 0, 0, 0, 0, 0, 0, -1//3, 0, 0],
	[20, 19, 13, 11, 12, 1, 1, 5, 1, 1] => QQFieldElem[0, 0, 0, 0, 0, 0, 0, 0, 0, 0, -64//3, 0, 64//3, 0, 0, 0],
	[20, 19, 13, 11, 10, 1, 1, 4, 1, 1] => QQFieldElem[3//8, 0, 0, 0, 0, 0, 0, 0, -3//16, 0, 0, 0, 0, 0, 0, 0],
	[20, 19, 13, 11, 17, 1, 1, 9, 1, 1] => QQFieldElem[0, 0, 0, 0, 0, 0, 0, 0, 1//2, 0, 0, 0, -1//6, 0, 0, 0],
	[20, 19, 13, 11, 12, 1, 1, 19, 1, 1] => QQFieldElem[0, 0, 0, 0, 0, 0, -128//3, 0, 128//3, 0, 0, 0, 0, 0, 0, 0],
	[20, 19, 13, 11, 17, 1, 1, 21, 2, 1] => QQFieldElem[0, 0, 0, 1//3, 0, -1//3, 0, 0, 0, 0, 0, -1//3, 0, 1//3, 0, 0],
	[20, 19, 13, 11, 18, 1, 1, 4, 1, 1] => QQFieldElem[0, 0, 0, 0, 0, 0, 0, 0, 1//2, 0, 0, 0, 1//6, 0, 0, 0],
	[20, 19, 13, 11, 16, 1, 1, 8, 1, 1] => QQFieldElem[0, 0, 0, 0, 0, 0, 0, 0, 0, 0, 0, 0, 1//6, 0, 0, 0],
	[20, 19, 13, 11, 13, 1, 1, 21, 1, 1] => QQFieldElem[0, -1//3, 0, 0, 0, 0, 0, 1//3, 0, 1//3, 0, 0, 0, 0, 0, -1//3],
	[20, 19, 13, 11, 12, 1, 1, 8, 1, 1] => QQFieldElem[0, 0, 0, 0, 0, 0, 0, 0, 0, 0, -64//3, 0, 64//3, 0, 0, 0],
	[20, 19, 13, 11, 13, 1, 1, 9, 1, 1] => QQFieldElem[0, 0, 0, 0, 0, 0, 0, 0, 0, 0, -64//3, 0, -64//3, 0, 0, 0],
	[20, 19, 13, 11, 13, 1, 1, 21, 2, 1] => QQFieldElem[0, -1//3, 0, 0, 0, 0, 0, 1//3, 0, 1//3, 0, 0, 0, 0, 0, -1//3],
	[20, 19, 13, 11, 11, 1, 1, 20, 1, 1] => QQFieldElem[15//8, 0, 0, 0, 0, 0, 0, 0, -3//8, 0, 0, 0, 0, 0, 0, 0],
	[20, 19, 13, 11, 15, 1, 1, 20, 1, 1] => QQFieldElem[0, 0, 0, 1//3, 0, 0, 0, 0, 0, 0, 0, 0, 0, 1//3, 0, 0],
	[20, 19, 13, 11, 16, 1, 1, 21, 1, 1] => QQFieldElem[0, 0, 0, 0, 0, 0, 128//3, 0, -128//3, 0, 0, 0, 0, 0, 0, 0],
	[20, 19, 13, 11, 16, 1, 1, 9, 1, 1] => QQFieldElem[0, 0, 0, 0, 0, 0, 0, 0, 0, 0, 0, 0, -1//6, 0, 0, 0],
	[20, 19, 13, 11, 10, 1, 1, 5, 1, 1] => QQFieldElem[3//8, 0, 0, 0, 0, 0, 0, 0, -3//16, 0, 0, 0, 0, 0, 0, 0],
	[20, 19, 13, 11, 12, 1, 1, 21, 1, 1] => QQFieldElem[0, 1//3, 0, 0, 0, 0, 0, 0, 0, 0, 0, 0, 0, 0, 0, 1//3],
	[20, 19, 13, 11, 16, 1, 1, 21, 2, 1] => QQFieldElem[0, 0, 0, 0, 0, 0, 128//3, 0, 128//3, 0, 0, 0, 0, 0, 0, 0],
	[20, 19, 13, 11, 12, 1, 1, 9, 1, 1] => QQFieldElem[0, 0, 0, 0, 0, 0, 0, 0, 0, 0, 64//3, 0, -64//3, 0, 0, 0],
	[20, 19, 13, 11, 10, 1, 1, 19, 1, 1] => QQFieldElem[-3//8, 0, 0, 0, 0, 0, 0, 0, 3//8, 0, 0, 0, 0, 0, 0, 0],
	[20, 19, 13, 11, 17, 1, 1, 20, 1, 1] => QQFieldElem[0, 0, 0, 0, 0, -1//3, 0, 0, 0, 0, 0, -1//3, 0, 0, 0, 0],
	[20, 19, 13, 11, 11, 1, 1, 4, 1, 1] => QQFieldElem[3//8, 0, 0, 0, 0, 0, 0, 0, 3//16, 0, 0, 0, 0, 0, 0, 0],
	[20, 19, 13, 11, 18, 1, 1, 5, 1, 1] => QQFieldElem[0, 0, 0, 0, 0, 0, 0, 0, 1//2, 0, 0, 0, -1//6, 0, 0, 0],
	[20, 19, 13, 11, 12, 1, 1, 21, 2, 1] => QQFieldElem[0, 0, 0, 0, 0, 0, 0, -1//3, 0, -1//3, 0, 0, 0, 0, 0, 0],
	[20, 19, 13, 11, 15, 1, 1, 4, 1, 1] => QQFieldElem[0, 0, 0, 0, 0, 0, 0, 0, 0, 0, 0, 0, 1//6, 0, 0, 0],
	[20, 19, 13, 11, 18, 1, 1, 19, 1, 1] => QQFieldElem[0, 1//3, 0, 0, 0, 0, 0, -1//3, 0, -1//3, 0, 0, 0, 0, 0, 1//3],
	[20, 19, 13, 11, 10, 1, 1, 8, 1, 1] => QQFieldElem[3//8, 0, 0, 0, 0, 0, 0, 0, -3//16, 0, 0, 0, 0, 0, 0, 0],
	[20, 19, 13, 11, 17, 1, 1, 4, 1, 1] => QQFieldElem[0, 0, 0, 0, 0, 0, 0, 0, -1//2, 0, 0, 0, 1//6, 0, 0, 0],
	[20, 19, 13, 11, 13, 1, 1, 20, 1, 1] => QQFieldElem[0, 0, 0, 0, 0, 0, 128//3, 0, 128//3, 0, 0, 0, 0, 0, 0, 0])