Dict(
	[20, 12, 10, 21, 5, 1, 1, 17, 1, 1] => QQFieldElem[0, 0, 0, 0, 0, 0, 0, 0, 0, 0, 0, 0, -2//3, 0, 0, 0],
	[20, 12, 10, 21, 14, 2, 1, 12, 1, 1] => QQFieldElem[1//144, 0, 0, 0, 1//144, 0, 0, 0, -1//144, 0, 0, 0, 0, 0, 0, 0],
	[20, 12, 10, 21, 3, 1, 1, 11, 1, 1] => QQFieldElem[1//64, 0, 0, 0, 0, 0, 0, 0, -1//64, 0, 0, 0, 0, 0, 0, 0],
	[20, 12, 10, 21, 20, 1, 1, 12, 1, 1] => QQFieldElem[0, 0, 1//384, 0, 0, 0, 0, 0, 0, 0, 0, 0, 0, 0, 1//384, 0],
	[20, 12, 10, 21, 21, 1, 1, 10, 1, 1] => QQFieldElem[1//192, 0, 0, 0, 0, 0, 0, 0, -1//384, 0, 0, 0, 0, 0, 0, 0],
	[20, 12, 10, 21, 19, 1, 1, 11, 1, 1] => QQFieldElem[0, 0, 0, 0, 0, 0, 0, 0, 1//128, 0, 0, 0, 0, 0, 0, 0],
	[20, 12, 10, 21, 14, 2, 1, 16, 1, 1] => QQFieldElem[-1//3, 0, 0, 0, 0, 0, 0, 0, 1//3, 0, 0, 0, -1//3, 0, 0, 0],
	[20, 12, 10, 21, 20, 1, 1, 16, 1, 1] => QQFieldElem[0, -1//8, 0, 0, 0, 0, 0, -1//8, 0, 0, 0, 0, 0, 0, 0, 0],
	[20, 12, 10, 21, 14, 1, 1, 10, 1, 1] => QQFieldElem[1//192, 0, 0, 0, 0, 0, 0, 0, 1//192, 0, 0, 0, 0, 0, 0, 0],
	[20, 12, 10, 21, 21, 1, 1, 18, 1, 1] => QQFieldElem[0, 0, 0, -1//4, 0, -1//4, 0, 0, 0, 0, 0, 0, 0, 0, 0, 0],
	[20, 12, 10, 21, 21, 1, 1, 17, 1, 1] => QQFieldElem[0, 0, 0, 0, 0, 1//4, 0, 0, 0, 0, 0, 1//4, 0, -1//4, 0, 0],
	[20, 12, 10, 21, 14, 1, 1, 18, 1, 1] => QQFieldElem[0, 0, 0, 0, 0, 0, 0, 0, 0, 0, 0, 0, 1//2, 0, 0, 0],
	[20, 12, 10, 21, 14, 1, 1, 17, 1, 1] => QQFieldElem[0, 0, 0, 0, 0, 0, 0, 0, 0, 0, 0, 0, 1//2, 0, 0, 0],
	[20, 12, 10, 21, 19, 2, 1, 15, 1, 1] => QQFieldElem[0, 0, 0, -1//8, 0, 0, 0, 0, 0, 0, 0, 1//8, 0, -1//8, 0, 0],
	[20, 12, 10, 21, 19, 2, 1, 12, 1, 1] => QQFieldElem[0, 0, -1//384, 0, 0, 0, 0, 0, 0, 0, 0, 0, 0, 0, -1//384, 0],
	[20, 12, 10, 21, 3, 1, 1, 10, 1, 1] => QQFieldElem[1//192, 0, 0, 0, 0, 0, 0, 0, 1//192, 0, 0, 0, 0, 0, 0, 0],
	[20, 12, 10, 21, 19, 2, 1, 16, 1, 1] => QQFieldElem[0, 0, 0, -1//8, 0, 0, 0, 0, 0, 0, 0, 1//8, 0, -1//8, 0, 0],
	[20, 12, 10, 21, 14, 2, 1, 13, 1, 1] => QQFieldElem[-1//128, 0, 0, 0, 1//128, 0, 0, 0, 1//128, 0, 0, 0, 0, 0, 0, 0],
	[20, 12, 10, 21, 3, 1, 1, 18, 1, 1] => QQFieldElem[0, 0, 0, 0, 0, 0, 0, 0, 0, 0, 0, 0, 1//2, 0, 0, 0],
	[20, 12, 10, 21, 19, 1, 1, 10, 1, 1] => QQFieldElem[1//192, 0, 0, 0, 0, 0, 0, 0, -1//384, 0, 0, 0, 0, 0, 0, 0],
	[20, 12, 10, 21, 20, 1, 1, 13, 1, 1] => QQFieldElem[0, 0, -3//1024, 0, 0, 0, 0, 0, 0, 0, 0, 0, 0, 0, -3//1024, 0],
	[20, 12, 10, 21, 3, 1, 1, 17, 1, 1] => QQFieldElem[0, 0, 0, 0, 0, 0, 0, 0, 0, 0, 0, 0, 1//2, 0, 0, 0],
	[20, 12, 10, 21, 19, 1, 1, 18, 1, 1] => QQFieldElem[0, -1//4, 0, 0, 0, 0, 0, 0, 0, 1//4, 0, 0, 0, 0, 0, -1//4],
	[20, 12, 10, 21, 19, 1, 1, 17, 1, 1] => QQFieldElem[0, 0, 0, 0, 0, 0, 0, -1//4, 0, -1//4, 0, 0, 0, 0, 0, 1//4],
	[20, 12, 10, 21, 19, 2, 1, 13, 1, 1] => QQFieldElem[0, 0, 3//1024, 0, 0, 0, 0, 0, 0, 0, 0, 0, 0, 0, 3//1024, 0],
	[20, 12, 10, 21, 5, 1, 1, 15, 1, 1] => QQFieldElem[-1//3, 0, 0, 0, 0, 0, 0, 0, 1//3, 0, 0, 0, -1//3, 0, 0, 0],
	[20, 12, 10, 21, 5, 1, 1, 12, 1, 1] => QQFieldElem[-1//144, 0, 0, 0, -1//144, 0, 0, 0, 1//144, 0, 0, 0, 0, 0, 0, 0],
	[20, 12, 10, 21, 5, 1, 1, 16, 1, 1] => QQFieldElem[1//3, 0, 0, 0, 0, 0, 0, 0, -1//3, 0, 0, 0, -1//3, 0, 0, 0],
	[20, 12, 10, 21, 14, 2, 1, 11, 1, 1] => QQFieldElem[1//48, 0, 0, 0, 0, 0, 0, 0, -1//48, 0, 0, 0, 0, 0, 0, 0],
	[20, 12, 10, 21, 21, 1, 1, 15, 1, 1] => QQFieldElem[0, 0, 0, 1//8, 0, 0, 0, 0, 0, 0, 0, -1//8, 0, 1//8, 0, 0],
	[20, 12, 10, 21, 20, 1, 1, 11, 1, 1] => QQFieldElem[0, 0, 0, 0, 0, 0, 0, 0, 1//128, 0, 0, 0, 0, 0, 0, 0],
	[20, 12, 10, 21, 21, 1, 1, 12, 1, 1] => QQFieldElem[0, 0, -1//384, 0, 0, 0, 0, 0, 0, 0, 0, 0, 0, 0, -1//384, 0],
	[20, 12, 10, 21, 14, 1, 1, 15, 1, 1] => QQFieldElem[1//4, 0, 0, 0, 0, 0, 0, 0, -1//4, 0, 0, 0, 1//4, 0, 0, 0],
	[20, 12, 10, 21, 14, 1, 1, 12, 1, 1] => QQFieldElem[-1//192, 0, 0, 0, -1//192, 0, 0, 0, 1//192, 0, 0, 0, 0, 0, 0, 0],
	[20, 12, 10, 21, 21, 1, 1, 16, 1, 1] => QQFieldElem[0, 0, 0, 1//8, 0, 0, 0, 0, 0, 0, 0, -1//8, 0, 1//8, 0, 0],
	[20, 12, 10, 21, 14, 1, 1, 16, 1, 1] => QQFieldElem[-1//4, 0, 0, 0, 0, 0, 0, 0, 1//4, 0, 0, 0, 1//4, 0, 0, 0],
	[20, 12, 10, 21, 5, 1, 1, 13, 1, 1] => QQFieldElem[1//128, 0, 0, 0, -1//128, 0, 0, 0, -1//128, 0, 0, 0, 0, 0, 0, 0],
	[20, 12, 10, 21, 3, 1, 1, 15, 1, 1] => QQFieldElem[-1//4, 0, 0, 0, 0, 0, 0, 0, 1//4, 0, 0, 0, 1//4, 0, 0, 0],
	[20, 12, 10, 21, 19, 2, 1, 11, 1, 1] => QQFieldElem[0, 0, 0, 0, 0, 0, 0, 0, 1//128, 0, 0, 0, 0, 0, 0, 0],
	[20, 12, 10, 21, 3, 1, 1, 12, 1, 1] => QQFieldElem[1//192, 0, 0, 0, 1//192, 0, 0, 0, -1//192, 0, 0, 0, 0, 0, 0, 0],
	[20, 12, 10, 21, 14, 2, 1, 10, 1, 1] => QQFieldElem[1//144, 0, 0, 0, 0, 0, 0, 0, 1//144, 0, 0, 0, 0, 0, 0, 0],
	[20, 12, 10, 21, 20, 1, 1, 10, 1, 1] => QQFieldElem[1//192, 0, 0, 0, 0, 0, 0, 0, -1//384, 0, 0, 0, 0, 0, 0, 0],
	[20, 12, 10, 21, 19, 1, 1, 15, 1, 1] => QQFieldElem[0, 1//8, 0, 0, 0, 0, 0, 1//8, 0, 0, 0, 0, 0, 0, 0, 0],
	[20, 12, 10, 21, 14, 2, 1, 18, 1, 1] => QQFieldElem[0, 0, 0, 0, 0, 0, 0, 0, 0, 0, 0, 0, -2//3, 0, 0, 0],
	[20, 12, 10, 21, 3, 1, 1, 16, 1, 1] => QQFieldElem[1//4, 0, 0, 0, 0, 0, 0, 0, -1//4, 0, 0, 0, 1//4, 0, 0, 0],
	[20, 12, 10, 21, 20, 1, 1, 18, 1, 1] => QQFieldElem[0, 1//4, 0, 0, 0, 0, 0, 0, 0, -1//4, 0, 0, 0, 0, 0, 1//4],
	[20, 12, 10, 21, 19, 1, 1, 12, 1, 1] => QQFieldElem[0, 0, 1//384, 0, 0, 0, 0, 0, 0, 0, 0, 0, 0, 0, 1//384, 0],
	[20, 12, 10, 21, 21, 1, 1, 13, 1, 1] => QQFieldElem[0, 0, 3//1024, 0, 0, 0, 0, 0, 0, 0, 0, 0, 0, 0, 3//1024, 0],
	[20, 12, 10, 21, 14, 2, 1, 17, 1, 1] => QQFieldElem[0, 0, 0, 0, 0, 0, 0, 0, 0, 0, 0, 0, -2//3, 0, 0, 0],
	[20, 12, 10, 21, 20, 1, 1, 17, 1, 1] => QQFieldElem[0, 0, 0, 0, 0, 0, 0, 1//4, 0, 1//4, 0, 0, 0, 0, 0, -1//4],
	[20, 12, 10, 21, 19, 1, 1, 16, 1, 1] => QQFieldElem[0, 1//8, 0, 0, 0, 0, 0, 1//8, 0, 0, 0, 0, 0, 0, 0, 0],
	[20, 12, 10, 21, 14, 1, 1, 13, 1, 1] => QQFieldElem[3//512, 0, 0, 0, -3//512, 0, 0, 0, -3//512, 0, 0, 0, 0, 0, 0, 0],
	[20, 12, 10, 21, 19, 2, 1, 10, 1, 1] => QQFieldElem[1//192, 0, 0, 0, 0, 0, 0, 0, -1//384, 0, 0, 0, 0, 0, 0, 0],
	[20, 12, 10, 21, 19, 2, 1, 18, 1, 1] => QQFieldElem[0, 0, 0, 1//4, 0, 1//4, 0, 0, 0, 0, 0, 0, 0, 0, 0, 0],
	[20, 12, 10, 21, 3, 1, 1, 13, 1, 1] => QQFieldElem[-3//512, 0, 0, 0, 3//512, 0, 0, 0, 3//512, 0, 0, 0, 0, 0, 0, 0],
	[20, 12, 10, 21, 5, 1, 1, 11, 1, 1] => QQFieldElem[1//48, 0, 0, 0, 0, 0, 0, 0, -1//48, 0, 0, 0, 0, 0, 0, 0],
	[20, 12, 10, 21, 19, 2, 1, 17, 1, 1] => QQFieldElem[0, 0, 0, 0, 0, -1//4, 0, 0, 0, 0, 0, -1//4, 0, 1//4, 0, 0],
	[20, 12, 10, 21, 19, 1, 1, 13, 1, 1] => QQFieldElem[0, 0, -3//1024, 0, 0, 0, 0, 0, 0, 0, 0, 0, 0, 0, -3//1024, 0],
	[20, 12, 10, 21, 21, 1, 1, 11, 1, 1] => QQFieldElem[0, 0, 0, 0, 0, 0, 0, 0, 1//128, 0, 0, 0, 0, 0, 0, 0],
	[20, 12, 10, 21, 14, 1, 1, 11, 1, 1] => QQFieldElem[1//64, 0, 0, 0, 0, 0, 0, 0, -1//64, 0, 0, 0, 0, 0, 0, 0],
	[20, 12, 10, 21, 5, 1, 1, 10, 1, 1] => QQFieldElem[1//144, 0, 0, 0, 0, 0, 0, 0, 1//144, 0, 0, 0, 0, 0, 0, 0],
	[20, 12, 10, 21, 5, 1, 1, 18, 1, 1] => QQFieldElem[0, 0, 0, 0, 0, 0, 0, 0, 0, 0, 0, 0, -2//3, 0, 0, 0],
	[20, 12, 10, 21, 14, 2, 1, 15, 1, 1] => QQFieldElem[1//3, 0, 0, 0, 0, 0, 0, 0, -1//3, 0, 0, 0, -1//3, 0, 0, 0],
	[20, 12, 10, 21, 20, 1, 1, 15, 1, 1] => QQFieldElem[0, -1//8, 0, 0, 0, 0, 0, -1//8, 0, 0, 0, 0, 0, 0, 0, 0])