Dict(
	[20, 7, 14, 19, 8, 1, 1, 19, 1, 1] => QQFieldElem[-3//512, 0, 0, 0, 3//512, 0, 3//512, 0, -3//512, 0, 0, 0, -3//512, 0, 0, 0],
	[20, 7, 14, 19, 14, 2, 1, 21, 1, 2] => QQFieldElem[-1//8, 0, 0, 0, 1//2, 0, 0, 0, -1//4, 0, 1//4, 0, -1//8, 0, -1//4, 0],
	[20, 7, 14, 19, 4, 1, 1, 20, 1, 1] => QQFieldElem[-3//16, 0, 0, 0, -3//16, 0, 3//16, 0, 3//16, 0, 0, 0, 3//16, 0, 0, 0],
	[20, 7, 14, 19, 8, 1, 1, 21, 1, 1] => QQFieldElem[27//64, 0, 0, 0, -27//64, 0, -9//64, 0, 9//64, 0, 0, 0, -9//64, 0, 9//32, 0],
	[20, 7, 14, 19, 5, 1, 1, 20, 1, 1] => QQFieldElem[9//16, 0, 3//4, 0, 9//16, 0, 3//8, 0, -3//16, 0, -3//8, 0, -3//16, 0, -3//8, 0],
	[20, 7, 14, 19, 14, 1, 1, 20, 1, 2] => QQFieldElem[0, 0, 9//64, 0, 0, 0, 9//64, 0, 9//32, 0, -27//64, 0, 9//32, 0, -9//32, 0],
	[20, 7, 14, 19, 7, 1, 1, 20, 1, 1] => QQFieldElem[-3//8, 0, -3//16, 0, -3//8, 0, -9//16, 0, 0, 0, -3//16, 0, 0, 0, 3//8, 0],
	[20, 7, 14, 19, 14, 2, 1, 20, 1, 2] => QQFieldElem[1//8, 0, -1//4, 0, 1//4, 0, -1//4, 0, -1//4, 0, 1//4, 0, -3//8, 0, 1//4, 0],
	[20, 7, 14, 19, 14, 1, 1, 19, 1, 1] => QQFieldElem[-3//512, 0, 0, 0, 0, 0, 3//512, 0, 3//256, 0, 0, 0, 3//512, 0, 0, 0],
	[20, 7, 14, 19, 14, 1, 1, 21, 1, 1] => QQFieldElem[9//64, 0, 0, 0, -9//64, 0, 0, 0, -9//64, 0, 0, 0, 9//64, 0, 0, 0],
	[20, 7, 14, 19, 8, 1, 1, 20, 1, 1] => QQFieldElem[-27//64, 0, 9//16, 0, -27//64, 0, 27//64, 0, -9//64, 0, 0, 0, -9//64, 0, 0, 0],
	[20, 7, 14, 19, 14, 2, 1, 19, 1, 1] => QQFieldElem[-1//192, 0, -1//192, 0, 0, 0, -1//192, 0, 0, 0, 1//192, 0, 0, 0, 1//96, 0],
	[20, 7, 14, 19, 5, 1, 1, 19, 1, 2] => QQFieldElem[-5//448, 0, -5//448, 0, 0, 0, 3//448, 0, 1//56, 0, 1//448, 0, 0, 0, -1//224, 0],
	[20, 7, 14, 19, 4, 1, 1, 19, 1, 2] => QQFieldElem[-5//448, 0, 1//112, 0, 0, 0, -1//224, 0, 1//56, 0, -5//448, 0, 0, 0, -1//448, 0],
	[20, 7, 14, 19, 4, 1, 1, 21, 1, 2] => QQFieldElem[4//9, 0, -1//9, 0, -1//3, 0, 0, 0, -1//9, 0, -1//9, 0, 4//9, 0, 0, 0],
	[20, 7, 14, 19, 14, 2, 1, 21, 1, 1] => QQFieldElem[-1//4, 0, 0, 0, 0, 0, 0, 0, 0, 0, -1//8, 0, -1//4, 0, 1//8, 0],
	[20, 7, 14, 19, 5, 1, 1, 21, 1, 2] => QQFieldElem[0, 0, 0, 0, -1//9, 0, 0, 0, 1//9, 0, 0, 0, 0, 0, 0, 0],
	[20, 7, 14, 19, 7, 1, 1, 19, 1, 2] => QQFieldElem[-5//448, 0, 1//448, 0, 0, 0, -1//448, 0, 1//56, 0, 1//112, 0, 0, 0, 3//448, 0],
	[20, 7, 14, 19, 7, 1, 1, 21, 1, 2] => QQFieldElem[-4//9, 0, 1//9, 0, 4//9, 0, -1//3, 0, 0, 0, 1//9, 0, -4//9, 0, 0, 0],
	[20, 7, 14, 19, 14, 1, 1, 20, 1, 1] => QQFieldElem[27//64, 0, -9//32, 0, 27//64, 0, -9//16, 0, -9//64, 0, 0, 0, -9//64, 0, 9//32, 0],
	[20, 7, 14, 19, 8, 1, 1, 19, 1, 2] => QQFieldElem[-1//192, 0, 0, 0, 0, 0, 1//96, 0, 0, 0, -1//192, 0, 0, 0, -1//192, 0],
	[20, 7, 14, 19, 4, 1, 1, 20, 1, 2] => QQFieldElem[-1//6, 0, 0, 0, 0, 0, 0, 0, 0, 0, 1//6, 0, 0, 0, 1//6, 0],
	[20, 7, 14, 19, 8, 1, 1, 21, 1, 2] => QQFieldElem[3//8, 0, 0, 0, -1//2, 0, 0, 0, 1//4, 0, -1//8, 0, 0, 0, 1//8, 0],
	[20, 7, 14, 19, 14, 2, 1, 20, 1, 1] => QQFieldElem[1//4, 0, -1//4, 0, 1//4, 0, -1//4, 0, 1//4, 0, -1//8, 0, 0, 0, -1//8, 0],
	[20, 7, 14, 19, 5, 1, 1, 20, 1, 2] => QQFieldElem[0, 0, -1//3, 0, -1//3, 0, -1//3, 0, -1//3, 0, -1//6, 0, -1//3, 0, -1//6, 0],
	[20, 7, 14, 19, 4, 1, 1, 19, 1, 1] => QQFieldElem[-9//3584, 0, 0, 0, 45//3584, 0, -9//512, 0, 27//3584, 0, 0, 0, -9//3584, 0, 0, 0],
	[20, 7, 14, 19, 5, 1, 1, 19, 1, 1] => QQFieldElem[27//3584, 0, 0, 0, -9//896, 0, -9//512, 0, -9//1792, 0, 0, 0, 45//3584, 0, 0, 0],
	[20, 7, 14, 19, 4, 1, 1, 21, 1, 1] => QQFieldElem[5//8, 0, 0, 0, -1//2, 0, 0, 0, -1//4, 0, -1//8, 0, 1//2, 0, 1//8, 0],
	[20, 7, 14, 19, 7, 1, 1, 20, 1, 2] => QQFieldElem[1//6, 0, 1//3, 0, 1//3, 0, 1//3, 0, 1//3, 0, 0, 0, -1//6, 0, 0, 0],
	[20, 7, 14, 19, 5, 1, 1, 21, 1, 1] => QQFieldElem[-1//4, 0, 0, 0, 0, 0, 0, 0, 0, 0, -1//8, 0, 1//4, 0, 1//8, 0],
	[20, 7, 14, 19, 14, 1, 1, 19, 1, 2] => QQFieldElem[3//256, 0, 0, 0, -3//512, 0, 3//512, 0, -3//512, 0, 0, 0, 0, 0, 0, 0],
	[20, 7, 14, 19, 7, 1, 1, 19, 1, 1] => QQFieldElem[-9//1792, 0, 0, 0, -9//3584, 0, -9//512, 0, -9//3584, 0, 0, 0, -9//896, 0, 0, 0],
	[20, 7, 14, 19, 14, 1, 1, 21, 1, 2] => QQFieldElem[-9//16, 0, -27//64, 0, 9//16, 0, 9//64, 0, 0, 0, 27//64, 0, 0, 0, -9//32, 0],
	[20, 7, 14, 19, 8, 1, 1, 20, 1, 2] => QQFieldElem[-3//8, 0, 1//2, 0, -1//2, 0, 1//2, 0, 0, 0, -1//8, 0, 0, 0, -1//8, 0],
	[20, 7, 14, 19, 7, 1, 1, 21, 1, 1] => QQFieldElem[-3//8, 0, 0, 0, 1//2, 0, 0, 0, 1//4, 0, 1//4, 0, -3//8, 0, -1//4, 0],
	[20, 7, 14, 19, 14, 2, 1, 19, 1, 2] => QQFieldElem[-1//192, 0, 1//192, 0, 0, 0, -1//192, 0, 0, 0, 0, 0, 0, 0, -1//192, 0])