Dict(
	[20, 14, 14, 20, 14, 2, 2, 20, 2, 1] => QQFieldElem[0, 0, 1//6, 0, 0, 0, -1//6, 0, 0, 0, 0, 0, 0, 0, 1//6, 0],
	[20, 14, 14, 20, 14, 1, 1, 19, 1, 2] => QQFieldElem[0, 0, 0, 0, 0, 0, 0, 0, 0, 0, 0, 0, -27//2048, 0, 0, 0],
	[20, 14, 14, 20, 4, 1, 1, 20, 2, 2] => QQFieldElem[-1//6, 0, -1//3, 0, 0, 0, 1//3, 0, 1//3, 0, 0, 0, -1//2, 0, -1//3, 0],
	[20, 14, 14, 20, 1, 1, 1, 21, 2, 1] => QQFieldElem[4//27, 0, 0, 0, 4//27, 0, 0, 0, -4//27, 0, 0, 0, -4//27, 0, 0, 0],
	[20, 14, 14, 20, 14, 2, 2, 19, 1, 2] => QQFieldElem[1//96, 0, 0, 0, 0, 0, 0, 0, 0, 0, 0, 0, 0, 0, 0, 0],
	[20, 14, 14, 20, 2, 1, 1, 21, 1, 2] => QQFieldElem[4//27, 0, 0, 0, 4//27, 0, 0, 0, -4//27, 0, 0, 0, -4//27, 0, 0, 0],
	[20, 14, 14, 20, 4, 1, 1, 21, 2, 1] => QQFieldElem[-8//27, 0, 0, 0, -8//27, 0, 0, 0, 8//27, 0, 0, 0, 8//27, 0, 0, 0],
	[20, 14, 14, 20, 14, 1, 1, 19, 2, 2] => QQFieldElem[0, 0, 0, 0, 0, 0, 0, 0, 0, 0, 0, 0, -27//2048, 0, 0, 0],
	[20, 14, 14, 20, 6, 1, 1, 21, 1, 2] => QQFieldElem[1//6, 0, 0, 0, 0, 0, 0, 0, -1//3, 0, 0, 0, -1//3, 0, 0, 0],
	[20, 14, 14, 20, 14, 1, 2, 20, 1, 2] => QQFieldElem[-3//4, 0, 0, 0, 9//16, 0, -9//16, 0, 3//16, 0, 3//4, 0, -3//4, 0, -3//8, 0],
	[20, 14, 14, 20, 14, 2, 2, 19, 2, 2] => QQFieldElem[1//96, 0, 0, 0, 0, 0, 0, 0, 0, 0, 0, 0, 0, 0, 0, 0],
	[20, 14, 14, 20, 2, 1, 1, 21, 2, 2] => QQFieldElem[-64//243, 0, 0, 0, 64//243, 0, 0, 0, 0, 0, 0, 0, -32//243, 0, 0, 0],
	[20, 14, 14, 20, 14, 2, 1, 20, 1, 2] => QQFieldElem[-3//4, 0, 3//4, 0, 3//16, 0, -15//16, 0, 9//16, 0, 0, 0, -3//4, 0, 3//8, 0],
	[20, 14, 14, 20, 14, 1, 2, 21, 1, 1] => QQFieldElem[1//6, 0, 0, 0, 0, 0, 0, 0, -1//3, 0, 0, 0, -1//6, 0, 0, 0],
	[20, 14, 14, 20, 6, 1, 1, 21, 2, 2] => QQFieldElem[-4//27, 0, 0, 0, -4//27, 0, 0, 0, 4//27, 0, 0, 0, 4//27, 0, 0, 0],
	[20, 14, 14, 20, 8, 1, 1, 20, 1, 1] => QQFieldElem[0, 0, 0, 0, 0, 0, 0, 0, 0, 0, -27//128, 0, 0, 0, 27//128, 0],
	[20, 14, 14, 20, 2, 1, 1, 19, 1, 1] => QQFieldElem[-9//8192, 0, 0, 0, -9//8192, 0, 0, 0, 9//8192, 0, 0, 0, 9//8192, 0, 0, 0],
	[20, 14, 14, 20, 9, 1, 1, 20, 1, 2] => QQFieldElem[-3//4, 0, 0, 0, 9//16, 0, 9//16, 0, 3//16, 0, -3//4, 0, -3//4, 0, 3//8, 0],
	[20, 14, 14, 20, 14, 1, 2, 20, 2, 2] => QQFieldElem[3//4, 0, -3//16, 0, -3//4, 0, 3//16, 0, 0, 0, -9//16, 0, 3//4, 0, 3//8, 0],
	[20, 14, 14, 20, 14, 2, 1, 21, 1, 1] => QQFieldElem[1//6, 0, 0, 0, 0, 0, 0, 0, -1//3, 0, 0, 0, -1//6, 0, 0, 0],
	[20, 14, 14, 20, 5, 1, 1, 21, 1, 2] => QQFieldElem[0, 0, 0, 0, 0, 0, 0, 0, 0, 0, 0, 0, -1//3, 0, 0, 0],
	[20, 14, 14, 20, 6, 1, 1, 19, 1, 1] => QQFieldElem[0, 0, 0, 0, 0, 0, 0, 0, 0, 0, 0, 0, 0, 0, 0, 0],
	[20, 14, 14, 20, 14, 2, 1, 20, 2, 2] => QQFieldElem[3//4, 0, -9//16, 0, 0, 0, 9//16, 0, -3//4, 0, -3//16, 0, 3//4, 0, -3//8, 0],
	[20, 14, 14, 20, 9, 1, 1, 21, 1, 1] => QQFieldElem[0, 0, 0, 0, -3//16, 0, 0, 0, -3//16, 0, 0, 0, 0, 0, 0, 0],
	[20, 14, 14, 20, 14, 1, 2, 21, 2, 1] => QQFieldElem[0, 0, 0, 0, 3//16, 0, 0, 0, 3//16, 0, 0, 0, 0, 0, 0, 0],
	[20, 14, 14, 20, 7, 1, 1, 21, 1, 2] => QQFieldElem[-1//6, 0, 0, 0, 0, 0, 0, 0, 1//3, 0, 0, 0, 1//6, 0, 0, 0],
	[20, 14, 14, 20, 2, 1, 1, 19, 2, 1] => QQFieldElem[1//512, 0, 0, 0, 0, 0, 0, 0, 0, 0, 0, 0, 0, 0, 0, 0],
	[20, 14, 14, 20, 9, 1, 1, 20, 2, 2] => QQFieldElem[-1//6, 0, -1//6, 0, 0, 0, 1//6, 0, 1//3, 0, 0, 0, 0, 0, -1//6, 0],
	[20, 14, 14, 20, 8, 1, 1, 20, 2, 1] => QQFieldElem[0, 0, -3//8, 0, -3//16, 0, -3//8, 0, 3//16, 0, 3//8, 0, 0, 0, 0, 0],
	[20, 14, 14, 20, 8, 1, 1, 19, 1, 2] => QQFieldElem[0, 0, 0, 0, 0, 0, 0, 0, 0, 0, 0, 0, 0, 0, 0, 0],
	[20, 14, 14, 20, 14, 2, 1, 21, 2, 1] => QQFieldElem[0, 0, 0, 0, 3//16, 0, 0, 0, 3//16, 0, 0, 0, 0, 0, 0, 0],
	[20, 14, 14, 20, 5, 1, 1, 21, 2, 2] => QQFieldElem[20//27, 0, 0, 0, 20//27, 0, 0, 0, -20//27, 0, 0, 0, -20//27, 0, 0, 0],
	[20, 14, 14, 20, 6, 1, 1, 19, 2, 1] => QQFieldElem[-9//8192, 0, 0, 0, 9//8192, 0, 0, 0, 9//8192, 0, 0, 0, -9//8192, 0, 0, 0],
	[20, 14, 14, 20, 9, 1, 1, 21, 2, 1] => QQFieldElem[-1//6, 0, 0, 0, 0, 0, 0, 0, 1//3, 0, 0, 0, 1//3, 0, 0, 0],
	[20, 14, 14, 20, 7, 1, 1, 21, 2, 2] => QQFieldElem[-16//27, 0, 0, 0, -16//27, 0, 0, 0, 16//27, 0, 0, 0, 16//27, 0, 0, 0],
	[20, 14, 14, 20, 5, 1, 1, 19, 1, 1] => QQFieldElem[0, 0, 0, 0, 0, 0, 0, 0, 0, 0, 0, 0, 0, 0, 0, 0],
	[20, 14, 14, 20, 8, 1, 1, 19, 2, 2] => QQFieldElem[1//144, 0, 0, 0, 1//144, 0, 0, 0, -1//144, 0, 0, 0, -1//144, 0, 0, 0],
	[20, 14, 14, 20, 7, 1, 1, 19, 1, 1] => QQFieldElem[0, 0, 0, 0, 0, 0, 0, 0, 0, 0, 0, 0, 0, 0, 0, 0],
	[20, 14, 14, 20, 14, 1, 1, 21, 1, 2] => QQFieldElem[-27//64, 0, 0, 0, 27//64, 0, 0, 0, 0, 0, 0, 0, -27//128, 0, 0, 0],
	[20, 14, 14, 20, 1, 1, 1, 20, 1, 1] => QQFieldElem[0, 0, 0, 0, 0, 0, 0, 0, 0, 0, 27//128, 0, 0, 0, -27//128, 0],
	[20, 14, 14, 20, 14, 2, 2, 21, 1, 2] => QQFieldElem[1//6, 0, 0, 0, 0, 0, 0, 0, -1//3, 0, 0, 0, -1//3, 0, 0, 0],
	[20, 14, 14, 20, 5, 1, 1, 19, 2, 1] => QQFieldElem[0, 0, 0, 0, -9//8192, 0, 0, 0, -9//8192, 0, 0, 0, 0, 0, 0, 0],
	[20, 14, 14, 20, 4, 1, 1, 20, 1, 1] => QQFieldElem[-81//128, 0, 0, 0, 27//64, 0, 0, 0, 0, 0, -27//64, 0, -27//128, 0, 27//64, 0],
	[20, 14, 14, 20, 7, 1, 1, 19, 2, 1] => QQFieldElem[9//8192, 0, 0, 0, 0, 0, 0, 0, 0, 0, 0, 0, 9//8192, 0, 0, 0],
	[20, 14, 14, 20, 14, 1, 1, 21, 2, 2] => QQFieldElem[-135//128, 0, 0, 0, -81//64, 0, 0, 0, 0, 0, 0, 0, 81//128, 0, 0, 0],
	[20, 14, 14, 20, 1, 1, 1, 20, 2, 1] => QQFieldElem[0, 0, -3//8, 0, -3//16, 0, 3//8, 0, 3//16, 0, 3//8, 0, 0, 0, 0, 0],
	[20, 14, 14, 20, 14, 2, 2, 21, 2, 2] => QQFieldElem[1//6, 0, 0, 0, 0, 0, 0, 0, -1//3, 0, 0, 0, 1//6, 0, 0, 0],
	[20, 14, 14, 20, 1, 1, 1, 19, 1, 2] => QQFieldElem[1//512, 0, 0, 0, 0, 0, 0, 0, 0, 0, 0, 0, 0, 0, 0, 0],
	[20, 14, 14, 20, 2, 1, 1, 20, 1, 2] => QQFieldElem[3//4, 0, 3//4, 0, -3//16, 0, -15//16, 0, -9//16, 0, 0, 0, 3//4, 0, 3//8, 0],
	[20, 14, 14, 20, 4, 1, 1, 20, 2, 1] => QQFieldElem[-3//4, 0, -3//16, 0, 3//4, 0, 3//16, 0, 0, 0, -9//16, 0, -3//4, 0, 3//8, 0],
	[20, 14, 14, 20, 14, 1, 1, 19, 1, 1] => QQFieldElem[-9//1024, 0, 0, 0, 0, 0, 0, 0, 0, 0, 0, 0, -9//1024, 0, 0, 0],
	[20, 14, 14, 20, 4, 1, 1, 19, 1, 2] => QQFieldElem[1//512, 0, 0, 0, 0, 0, 0, 0, 0, 0, 0, 0, 0, 0, 0, 0],
	[20, 14, 14, 20, 14, 2, 2, 19, 1, 1] => QQFieldElem[-1//144, 0, 0, 0, 0, 0, 0, 0, 0, 0, 0, 0, 1//144, 0, 0, 0],
	[20, 14, 14, 20, 6, 1, 1, 20, 1, 2] => QQFieldElem[3//4, 0, -3//4, 0, -3//16, 0, 15//16, 0, -9//16, 0, 0, 0, 3//4, 0, -3//8, 0],
	[20, 14, 14, 20, 2, 1, 1, 21, 1, 1] => QQFieldElem[-1//6, 0, 0, 0, 0, 0, 0, 0, 1//3, 0, 0, 0, 1//3, 0, 0, 0],
	[20, 14, 14, 20, 1, 1, 1, 19, 2, 2] => QQFieldElem[-1//1152, 0, 0, 0, 1//1152, 0, 0, 0, 1//1152, 0, 0, 0, -1//1152, 0, 0, 0],
	[20, 14, 14, 20, 2, 1, 1, 20, 2, 2] => QQFieldElem[1//6, 0, 1//6, 0, 0, 0, -1//6, 0, -1//3, 0, 0, 0, 0, 0, 1//6, 0],
	[20, 14, 14, 20, 14, 1, 1, 19, 2, 1] => QQFieldElem[0, 0, 0, 0, 0, 0, 0, 0, 0, 0, 0, 0, -27//2048, 0, 0, 0],
	[20, 14, 14, 20, 6, 1, 1, 21, 1, 1] => QQFieldElem[0, 0, 0, 0, 9//16, 0, 0, 0, 9//16, 0, 0, 0, 0, 0, 0, 0],
	[20, 14, 14, 20, 4, 1, 1, 19, 2, 2] => QQFieldElem[1//1152, 0, 0, 0, 0, 0, 0, 0, 0, 0, 0, 0, 1//1152, 0, 0, 0],
	[20, 14, 14, 20, 14, 2, 2, 19, 2, 1] => QQFieldElem[1//96, 0, 0, 0, 0, 0, 0, 0, 0, 0, 0, 0, 0, 0, 0, 0],
	[20, 14, 14, 20, 14, 1, 2, 20, 1, 1] => QQFieldElem[3//4, 0, 3//16, 0, -3//4, 0, -3//16, 0, 0, 0, 9//16, 0, 3//4, 0, -3//8, 0],
	[20, 14, 14, 20, 6, 1, 1, 20, 2, 2] => QQFieldElem[1//6, 0, -1//6, 0, 0, 0, 1//6, 0, -1//3, 0, 0, 0, 0, 0, -1//6, 0],
	[20, 14, 14, 20, 2, 1, 1, 21, 2, 1] => QQFieldElem[4//27, 0, 0, 0, 4//27, 0, 0, 0, -4//27, 0, 0, 0, -4//27, 0, 0, 0],
	[20, 14, 14, 20, 8, 1, 1, 21, 1, 2] => QQFieldElem[0, 0, 0, 0, 0, 0, 0, 0, 0, 0, 0, 0, 1//3, 0, 0, 0],
	[20, 14, 14, 20, 14, 2, 1, 20, 1, 1] => QQFieldElem[3//4, 0, 9//16, 0, 0, 0, -9//16, 0, -3//4, 0, 3//16, 0, 3//4, 0, 3//8, 0],
	[20, 14, 14, 20, 5, 1, 1, 20, 1, 2] => QQFieldElem[0, 0, -3//8, 0, 3//16, 0, -3//8, 0, -3//16, 0, 3//8, 0, 0, 0, 0, 0],
	[20, 14, 14, 20, 6, 1, 1, 21, 2, 1] => QQFieldElem[1//6, 0, 0, 0, 0, 0, 0, 0, -1//3, 0, 0, 0, -1//3, 0, 0, 0],
	[20, 14, 14, 20, 9, 1, 1, 20, 1, 1] => QQFieldElem[0, 0, 0, 0, 27//64, 0, 0, 0, 0, 0, -27//128, 0, -27//128, 0, 27//128, 0],
	[20, 14, 14, 20, 14, 1, 2, 20, 2, 1] => QQFieldElem[0, 0, -3//8, 0, 3//16, 0, 3//8, 0, -3//16, 0, 3//8, 0, 0, 0, 0, 0],
	[20, 14, 14, 20, 7, 1, 1, 20, 1, 2] => QQFieldElem[-3//4, 0, 9//16, 0, 0, 0, -9//16, 0, 3//4, 0, 3//16, 0, -3//4, 0, 3//8, 0],
	[20, 14, 14, 20, 14, 1, 2, 19, 1, 2] => QQFieldElem[-3//512, 0, 0, 0, -3//512, 0, 0, 0, 3//512, 0, 0, 0, 3//512, 0, 0, 0],
	[20, 14, 14, 20, 5, 1, 1, 21, 1, 1] => QQFieldElem[0, 0, 0, 0, -9//16, 0, 0, 0, -9//16, 0, 0, 0, 0, 0, 0, 0],
	[20, 14, 14, 20, 8, 1, 1, 21, 2, 2] => QQFieldElem[-4//9, 0, 0, 0, -4//9, 0, 0, 0, 4//9, 0, 0, 0, 4//9, 0, 0, 0],
	[20, 14, 14, 20, 14, 2, 1, 20, 2, 1] => QQFieldElem[0, 0, 3//8, 0, -3//16, 0, 3//8, 0, 3//16, 0, -3//8, 0, 0, 0, 0, 0],
	[20, 14, 14, 20, 5, 1, 1, 20, 2, 2] => QQFieldElem[0, 0, -1//6, 0, 0, 0, 1//6, 0, 0, 0, 0, 0, 0, 0, -1//6, 0],
	[20, 14, 14, 20, 7, 1, 1, 21, 1, 1] => QQFieldElem[0, 0, 0, 0, 0, 0, 0, 0, 0, 0, 0, 0, 0, 0, 0, 0],
	[20, 14, 14, 20, 14, 2, 1, 19, 1, 2] => QQFieldElem[-3//512, 0, 0, 0, -3//512, 0, 0, 0, 3//512, 0, 0, 0, 3//512, 0, 0, 0],
	[20, 14, 14, 20, 9, 1, 1, 20, 2, 1] => QQFieldElem[-3//4, 0, -3//4, 0, 3//16, 0, 15//16, 0, 9//16, 0, 0, 0, -3//4, 0, -3//8, 0],
	[20, 14, 14, 20, 7, 1, 1, 20, 2, 2] => QQFieldElem[-1//6, 0, 1//3, 0, 0, 0, -1//3, 0, 1//3, 0, 0, 0, -1//2, 0, 1//3, 0],
	[20, 14, 14, 20, 8, 1, 1, 19, 1, 1] => QQFieldElem[0, 0, 0, 0, 9//1024, 0, 0, 0, 9//1024, 0, 0, 0, 0, 0, 0, 0],
	[20, 14, 14, 20, 9, 1, 1, 19, 1, 2] => QQFieldElem[0, 0, 0, 0, 0, 0, 0, 0, 0, 0, 0, 0, 0, 0, 0, 0],
	[20, 14, 14, 20, 5, 1, 1, 21, 2, 1] => QQFieldElem[0, 0, 0, 0, 0, 0, 0, 0, 0, 0, 0, 0, -1//3, 0, 0, 0],
	[20, 14, 14, 20, 14, 1, 2, 19, 2, 2] => QQFieldElem[3//512, 0, 0, 0, 0, 0, 0, 0, 0, 0, 0, 0, -3//512, 0, 0, 0],
	[20, 14, 14, 20, 14, 1, 1, 20, 1, 2] => QQFieldElem[0, 0, 0, 0, 27//64, 0, 0, 0, 0, 0, 27//128, 0, -27//128, 0, -27//128, 0],
	[20, 14, 14, 20, 7, 1, 1, 21, 2, 1] => QQFieldElem[-1//6, 0, 0, 0, 0, 0, 0, 0, 1//3, 0, 0, 0, 1//6, 0, 0, 0],
	[20, 14, 14, 20, 14, 2, 1, 19, 2, 2] => QQFieldElem[3//512, 0, 0, 0, 0, 0, 0, 0, 0, 0, 0, 0, -3//512, 0, 0, 0],
	[20, 14, 14, 20, 14, 2, 2, 20, 1, 2] => QQFieldElem[-1//6, 0, 1//6, 0, 0, 0, -1//6, 0, 1//3, 0, 0, 0, 0, 0, 1//6, 0],
	[20, 14, 14, 20, 8, 1, 1, 19, 2, 1] => QQFieldElem[0, 0, 0, 0, 0, 0, 0, 0, 0, 0, 0, 0, 0, 0, 0, 0],
	[20, 14, 14, 20, 9, 1, 1, 19, 2, 2] => QQFieldElem[0, 0, 0, 0, -1//144, 0, 0, 0, 1//144, 0, 0, 0, 0, 0, 0, 0],
	[20, 14, 14, 20, 1, 1, 1, 21, 1, 2] => QQFieldElem[4//27, 0, 0, 0, 4//27, 0, 0, 0, -4//27, 0, 0, 0, -4//27, 0, 0, 0],
	[20, 14, 14, 20, 14, 1, 1, 21, 1, 1] => QQFieldElem[0, 0, 0, 0, -3//4, 0, 0, 0, -3//4, 0, 0, 0, 0, 0, 0, 0],
	[20, 14, 14, 20, 4, 1, 1, 21, 1, 2] => QQFieldElem[-8//27, 0, 0, 0, -8//27, 0, 0, 0, 8//27, 0, 0, 0, 8//27, 0, 0, 0],
	[20, 14, 14, 20, 14, 1, 1, 20, 2, 2] => QQFieldElem[81//128, 0, 0, 0, -27//64, 0, 0, 0, 0, 0, -27//64, 0, 27//128, 0, 27//64, 0],
	[20, 14, 14, 20, 14, 2, 2, 21, 1, 1] => QQFieldElem[0, 0, 0, 0, 0, 0, 0, 0, 0, 0, 0, 0, 0, 0, 0, 0],
	[20, 14, 14, 20, 14, 2, 2, 20, 2, 2] => QQFieldElem[1//6, 0, -1//3, 0, 0, 0, 1//3, 0, -1//3, 0, 0, 0, 1//2, 0, -1//3, 0],
	[20, 14, 14, 20, 1, 1, 1, 21, 2, 2] => QQFieldElem[128//243, 0, 0, 0, 128//243, 0, 0, 0, 0, 0, 0, 0, -64//243, 0, 0, 0],
	[20, 14, 14, 20, 14, 1, 1, 21, 2, 1] => QQFieldElem[27//32, 0, 0, 0, 27//32, 0, 0, 0, 0, 0, 0, 0, -27//64, 0, 0, 0],
	[20, 14, 14, 20, 4, 1, 1, 21, 2, 2] => QQFieldElem[-160//243, 0, 0, 0, -64//81, 0, 0, 0, 0, 0, 0, 0, 32//81, 0, 0, 0],
	[20, 14, 14, 20, 1, 1, 1, 19, 1, 1] => QQFieldElem[0, 0, 0, 0, 9//8192, 0, 0, 0, -9//8192, 0, 0, 0, 0, 0, 0, 0],
	[20, 14, 14, 20, 14, 2, 2, 21, 2, 1] => QQFieldElem[-1//3, 0, 0, 0, 0, 0, 0, 0, 2//3, 0, 0, 0, 2//3, 0, 0, 0],
	[20, 14, 14, 20, 2, 1, 1, 20, 1, 1] => QQFieldElem[0, 0, 0, 0, -27//64, 0, 0, 0, 0, 0, 27//128, 0, 27//128, 0, -27//128, 0],
	[20, 14, 14, 20, 4, 1, 1, 19, 1, 1] => QQFieldElem[9//8192, 0, 0, 0, 0, 0, 0, 0, 0, 0, 0, 0, -9//8192, 0, 0, 0],
	[20, 14, 14, 20, 6, 1, 1, 20, 1, 1] => QQFieldElem[0, 0, 0, 0, -27//64, 0, 0, 0, 0, 0, -27//128, 0, 27//128, 0, 27//128, 0],
	[20, 14, 14, 20, 1, 1, 1, 19, 2, 1] => QQFieldElem[1//512, 0, 0, 0, 0, 0, 0, 0, 0, 0, 0, 0, 0, 0, 0, 0],
	[20, 14, 14, 20, 2, 1, 1, 20, 2, 1] => QQFieldElem[3//4, 0, 0, 0, -9//16, 0, -9//16, 0, -3//16, 0, 3//4, 0, 3//4, 0, -3//8, 0],
	[20, 14, 14, 20, 14, 1, 2, 21, 1, 2] => QQFieldElem[0, 0, 0, 0, 3//16, 0, 0, 0, 3//16, 0, 0, 0, 0, 0, 0, 0],
	[20, 14, 14, 20, 8, 1, 1, 20, 1, 2] => QQFieldElem[0, 0, 3//8, 0, 3//16, 0, -3//8, 0, -3//16, 0, -3//8, 0, 0, 0, 0, 0],
	[20, 14, 14, 20, 2, 1, 1, 19, 1, 2] => QQFieldElem[1//512, 0, 0, 0, 0, 0, 0, 0, 0, 0, 0, 0, 0, 0, 0, 0],
	[20, 14, 14, 20, 4, 1, 1, 19, 2, 1] => QQFieldElem[1//512, 0, 0, 0, 0, 0, 0, 0, 0, 0, 0, 0, 0, 0, 0, 0],
	[20, 14, 14, 20, 6, 1, 1, 20, 2, 1] => QQFieldElem[3//4, 0, 0, 0, -9//16, 0, 9//16, 0, -3//16, 0, -3//4, 0, 3//4, 0, 3//8, 0],
	[20, 14, 14, 20, 14, 2, 1, 21, 1, 2] => QQFieldElem[0, 0, 0, 0, 3//16, 0, 0, 0, 3//16, 0, 0, 0, 0, 0, 0, 0],
	[20, 14, 14, 20, 6, 1, 1, 19, 1, 2] => QQFieldElem[9//8192, 0, 0, 0, -9//8192, 0, 0, 0, -9//8192, 0, 0, 0, 9//8192, 0, 0, 0],
	[20, 14, 14, 20, 8, 1, 1, 21, 1, 1] => QQFieldElem[0, 0, 0, 0, 15//16, 0, 0, 0, 15//16, 0, 0, 0, 0, 0, 0, 0],
	[20, 14, 14, 20, 5, 1, 1, 20, 1, 1] => QQFieldElem[0, 0, 0, 0, 0, 0, 0, 0, 0, 0, -27//128, 0, 0, 0, 27//128, 0],
	[20, 14, 14, 20, 9, 1, 1, 21, 1, 2] => QQFieldElem[-1//6, 0, 0, 0, 0, 0, 0, 0, 1//3, 0, 0, 0, 1//3, 0, 0, 0],
	[20, 14, 14, 20, 14, 1, 2, 21, 2, 2] => QQFieldElem[0, 0, 0, 0, -3//8, 0, 0, 0, -3//8, 0, 0, 0, 0, 0, 0, 0],
	[20, 14, 14, 20, 8, 1, 1, 20, 2, 2] => QQFieldElem[0, 0, -1//6, 0, 0, 0, 1//6, 0, 0, 0, 0, 0, 0, 0, -1//6, 0],
	[20, 14, 14, 20, 2, 1, 1, 19, 2, 2] => QQFieldElem[0, 0, 0, 0, -1//1152, 0, 0, 0, -1//1152, 0, 0, 0, 0, 0, 0, 0],
	[20, 14, 14, 20, 7, 1, 1, 20, 1, 1] => QQFieldElem[-81//128, 0, 0, 0, 27//64, 0, 0, 0, 0, 0, 27//64, 0, -27//128, 0, -27//64, 0],
	[20, 14, 14, 20, 14, 2, 1, 21, 2, 2] => QQFieldElem[0, 0, 0, 0, -3//8, 0, 0, 0, -3//8, 0, 0, 0, 0, 0, 0, 0],
	[20, 14, 14, 20, 6, 1, 1, 19, 2, 2] => QQFieldElem[0, 0, 0, 0, 0, 0, 0, 0, 0, 0, 0, 0, 0, 0, 0, 0],
	[20, 14, 14, 20, 14, 1, 2, 19, 1, 1] => QQFieldElem[0, 0, 0, 0, 0, 0, 0, 0, 0, 0, 0, 0, 0, 0, 0, 0],
	[20, 14, 14, 20, 8, 1, 1, 21, 2, 1] => QQFieldElem[0, 0, 0, 0, 0, 0, 0, 0, 0, 0, 0, 0, 1//3, 0, 0, 0],
	[20, 14, 14, 20, 5, 1, 1, 20, 2, 1] => QQFieldElem[0, 0, 3//8, 0, -3//16, 0, -3//8, 0, 3//16, 0, -3//8, 0, 0, 0, 0, 0],
	[20, 14, 14, 20, 9, 1, 1, 21, 2, 2] => QQFieldElem[4//9, 0, 0, 0, 4//9, 0, 0, 0, -4//9, 0, 0, 0, -4//9, 0, 0, 0],
	[20, 14, 14, 20, 14, 2, 1, 19, 1, 1] => QQFieldElem[0, 0, 0, 0, 0, 0, 0, 0, 0, 0, 0, 0, 0, 0, 0, 0],
	[20, 14, 14, 20, 5, 1, 1, 19, 1, 2] => QQFieldElem[0, 0, 0, 0, 9//8192, 0, 0, 0, 9//8192, 0, 0, 0, 0, 0, 0, 0],
	[20, 14, 14, 20, 7, 1, 1, 20, 2, 1] => QQFieldElem[-3//4, 0, 3//16, 0, 3//4, 0, -3//16, 0, 0, 0, 9//16, 0, -3//4, 0, -3//8, 0],
	[20, 14, 14, 20, 9, 1, 1, 19, 1, 1] => QQFieldElem[9//1024, 0, 0, 0, -9//1024, 0, 0, 0, -9//1024, 0, 0, 0, 9//1024, 0, 0, 0],
	[20, 14, 14, 20, 14, 1, 2, 19, 2, 1] => QQFieldElem[0, 0, 0, 0, 3//512, 0, 0, 0, -3//512, 0, 0, 0, 0, 0, 0, 0],
	[20, 14, 14, 20, 7, 1, 1, 19, 1, 2] => QQFieldElem[-9//8192, 0, 0, 0, 0, 0, 0, 0, 0, 0, 0, 0, -9//8192, 0, 0, 0],
	[20, 14, 14, 20, 1, 1, 1, 20, 1, 2] => QQFieldElem[0, 0, 3//8, 0, 3//16, 0, 3//8, 0, -3//16, 0, -3//8, 0, 0, 0, 0, 0],
	[20, 14, 14, 20, 14, 1, 1, 20, 1, 1] => QQFieldElem[81//128, 0, 0, 0, -27//64, 0, 0, 0, 0, 0, 27//64, 0, 27//128, 0, -27//64, 0],
	[20, 14, 14, 20, 14, 2, 1, 19, 2, 1] => QQFieldElem[0, 0, 0, 0, 3//512, 0, 0, 0, -3//512, 0, 0, 0, 0, 0, 0, 0],
	[20, 14, 14, 20, 5, 1, 1, 19, 2, 2] => QQFieldElem[0, 0, 0, 0, 0, 0, 0, 0, 0, 0, 0, 0, 0, 0, 0, 0],
	[20, 14, 14, 20, 4, 1, 1, 20, 1, 2] => QQFieldElem[-3//4, 0, -9//16, 0, 0, 0, 9//16, 0, 3//4, 0, -3//16, 0, -3//4, 0, -3//8, 0],
	[20, 14, 14, 20, 14, 2, 2, 20, 1, 1] => QQFieldElem[1//6, 0, 1//3, 0, 0, 0, -1//3, 0, -1//3, 0, 0, 0, 1//2, 0, 1//3, 0],
	[20, 14, 14, 20, 9, 1, 1, 19, 2, 1] => QQFieldElem[0, 0, 0, 0, 0, 0, 0, 0, 0, 0, 0, 0, 0, 0, 0, 0],
	[20, 14, 14, 20, 1, 1, 1, 21, 1, 1] => QQFieldElem[1//3, 0, 0, 0, 0, 0, 0, 0, -2//3, 0, 0, 0, -2//3, 0, 0, 0],
	[20, 14, 14, 20, 7, 1, 1, 19, 2, 2] => QQFieldElem[0, 0, 0, 0, 0, 0, 0, 0, 0, 0, 0, 0, 0, 0, 0, 0],
	[20, 14, 14, 20, 1, 1, 1, 20, 2, 2] => QQFieldElem[0, 0, 1//6, 0, 0, 0, -1//6, 0, 0, 0, 0, 0, 0, 0, 1//6, 0],
	[20, 14, 14, 20, 4, 1, 1, 21, 1, 1] => QQFieldElem[-1//6, 0, 0, 0, 0, 0, 0, 0, 1//3, 0, 0, 0, -1//6, 0, 0, 0],
	[20, 14, 14, 20, 14, 1, 1, 20, 2, 1] => QQFieldElem[0, 0, 0, 0, 0, 0, 0, 0, 0, 0, 27//128, 0, 0, 0, -27//128, 0])