Dict(
	[21, 10, 14, 12, 10, 1, 1, 16, 1, 1] => QQFieldElem[0, 0, 0, 0, -3//2, 0, 0, 0, 0, 0, 0, 0, 0, 0, 0, 0],
	[21, 10, 14, 12, 13, 1, 1, 12, 1, 1] => QQFieldElem[0, 0, 0, 0, 0, 0, 0, 0, 0, 0, 0, 0, 0, 0, 0, 0],
	[21, 10, 14, 12, 16, 1, 1, 17, 1, 1] => QQFieldElem[0, 0, -1//2, 0, 0, 0, 0, 0, 0, 0, 0, 0, 0, 0, 0, 0],
	[21, 10, 14, 12, 18, 1, 1, 12, 1, 1] => QQFieldElem[0, 0, 0, 0, 1//9, 0, 0, 0, 0, 0, 0, 0, 0, 0, 0, 0],
	[21, 10, 14, 12, 17, 1, 1, 17, 1, 1] => QQFieldElem[0, 0, 0, 0, 0, 0, 0, 0, 0, 0, 0, 0, 0, 0, 0, 0],
	[21, 10, 14, 12, 15, 1, 1, 15, 1, 1] => QQFieldElem[0, 0, 0, 0, 0, 0, 0, 0, 0, 0, 0, 0, 0, 0, 0, 0],
	[21, 10, 14, 12, 16, 1, 1, 11, 1, 1] => QQFieldElem[0, 0, 0, 0, 0, 0, 0, 0, 0, 0, -1//6, 0, 0, 0, 0, 0],
	[21, 10, 14, 12, 13, 1, 1, 16, 1, 1] => QQFieldElem[0, 0, 0, 0, 0, 0, 0, 0, 0, 0, 9//2, 0, 0, 0, 0, 0],
	[21, 10, 14, 12, 18, 1, 1, 16, 1, 1] => QQFieldElem[0, 0, 0, 0, 0, 0, 0, 0, 0, 0, 0, 0, 0, 0, 0, 0],
	[21, 10, 14, 12, 17, 1, 1, 11, 1, 1] => QQFieldElem[0, 0, 0, 0, 0, 0, 0, 0, 0, 0, 1//6, 0, 0, 0, 0, 0],
	[21, 10, 14, 12, 15, 1, 1, 12, 1, 1] => QQFieldElem[0, 0, 0, 0, 1//9, 0, 0, 0, 0, 0, 0, 0, 0, 0, 0, 0],
	[21, 10, 14, 12, 10, 1, 1, 18, 1, 1] => QQFieldElem[0, 0, 0, 0, -3//2, 0, 0, 0, 0, 0, 0, 0, 0, 0, 0, 0],
	[21, 10, 14, 12, 15, 1, 1, 16, 1, 1] => QQFieldElem[0, 0, 1//2, 0, 0, 0, 0, 0, 0, 0, 0, 0, 0, 0, 0, 0],
	[21, 10, 14, 12, 16, 1, 1, 15, 1, 1] => QQFieldElem[0, 0, 1//2, 0, 0, 0, 0, 0, 0, 0, 0, 0, 0, 0, 0, 0],
	[21, 10, 14, 12, 17, 1, 1, 15, 1, 1] => QQFieldElem[0, 0, 0, 0, 0, 0, 0, 0, 0, 0, 0, 0, 0, 0, 0, 0],
	[21, 10, 14, 12, 10, 1, 1, 17, 1, 1] => QQFieldElem[0, 0, 0, 0, -3//2, 0, 0, 0, 0, 0, 0, 0, 0, 0, 0, 0],
	[21, 10, 14, 12, 16, 1, 1, 12, 1, 1] => QQFieldElem[0, 0, 0, 0, 1//9, 0, 0, 0, 0, 0, 0, 0, 0, 0, 0, 0],
	[21, 10, 14, 12, 13, 1, 1, 18, 1, 1] => QQFieldElem[0, 0, 0, 0, 0, 0, 0, 0, 0, 0, 9//2, 0, 0, 0, 0, 0],
	[21, 10, 14, 12, 17, 1, 1, 12, 1, 1] => QQFieldElem[0, 0, 0, 0, 1//9, 0, 0, 0, 0, 0, 0, 0, 0, 0, 0, 0],
	[21, 10, 14, 12, 10, 1, 1, 11, 1, 1] => QQFieldElem[0, 0, 0, 0, 0, 0, 0, 0, 0, 0, 0, 0, 0, 0, 0, 0],
	[21, 10, 14, 12, 18, 1, 1, 18, 1, 1] => QQFieldElem[0, 0, 0, 0, 0, 0, 0, 0, 0, 0, 0, 0, 0, 0, 0, 0],
	[21, 10, 14, 12, 13, 1, 1, 17, 1, 1] => QQFieldElem[0, 0, 0, 0, 0, 0, 0, 0, 0, 0, -9//2, 0, 0, 0, 0, 0],
	[21, 10, 14, 12, 18, 1, 1, 17, 1, 1] => QQFieldElem[0, 0, 1//2, 0, 0, 0, 0, 0, 0, 0, 0, 0, 0, 0, 0, 0],
	[21, 10, 14, 12, 16, 1, 1, 16, 1, 1] => QQFieldElem[0, 0, 0, 0, 0, 0, 0, 0, 0, 0, 0, 0, 0, 0, 0, 0],
	[21, 10, 14, 12, 17, 1, 1, 16, 1, 1] => QQFieldElem[0, 0, -1//2, 0, 0, 0, 0, 0, 0, 0, 0, 0, 0, 0, 0, 0],
	[21, 10, 14, 12, 15, 1, 1, 18, 1, 1] => QQFieldElem[0, 0, -1//2, 0, 0, 0, 0, 0, 0, 0, 0, 0, 0, 0, 0, 0],
	[21, 10, 14, 12, 13, 1, 1, 11, 1, 1] => QQFieldElem[0, 0, 0, 0, 0, 0, 0, 0, 0, 0, 0, 0, 0, 0, 0, 0],
	[21, 10, 14, 12, 18, 1, 1, 11, 1, 1] => QQFieldElem[0, 0, 0, 0, 0, 0, 0, 0, 0, 0, -1//6, 0, 0, 0, 0, 0],
	[21, 10, 14, 12, 10, 1, 1, 15, 1, 1] => QQFieldElem[0, 0, 0, 0, -3//2, 0, 0, 0, 0, 0, 0, 0, 0, 0, 0, 0],
	[21, 10, 14, 12, 15, 1, 1, 17, 1, 1] => QQFieldElem[0, 0, 0, 0, 0, 0, 0, 0, 0, 0, 0, 0, 0, 0, 0, 0],
	[21, 10, 14, 12, 10, 1, 1, 12, 1, 1] => QQFieldElem[0, 0, 0, 0, 0, 0, 0, 0, 0, 0, 0, 0, 0, 0, 0, 0],
	[21, 10, 14, 12, 15, 1, 1, 11, 1, 1] => QQFieldElem[0, 0, 0, 0, 0, 0, 0, 0, 0, 0, 1//6, 0, 0, 0, 0, 0],
	[21, 10, 14, 12, 13, 1, 1, 15, 1, 1] => QQFieldElem[0, 0, 0, 0, 0, 0, 0, 0, 0, 0, -9//2, 0, 0, 0, 0, 0],
	[21, 10, 14, 12, 18, 1, 1, 15, 1, 1] => QQFieldElem[0, 0, -1//2, 0, 0, 0, 0, 0, 0, 0, 0, 0, 0, 0, 0, 0],
	[21, 10, 14, 12, 16, 1, 1, 18, 1, 1] => QQFieldElem[0, 0, 0, 0, 0, 0, 0, 0, 0, 0, 0, 0, 0, 0, 0, 0],
	[21, 10, 14, 12, 17, 1, 1, 18, 1, 1] => QQFieldElem[0, 0, 1//2, 0, 0, 0, 0, 0, 0, 0, 0, 0, 0, 0, 0, 0])