Dict(
	[21, 20, 5, 21, 21, 1, 1, 19, 1, 1] => QQFieldElem[-1//3, 0, 0, 0, 0, 0, 0, 0, 1//3, 0, 0, 0, 0, 0, 0, 0],
	[21, 20, 5, 21, 19, 1, 1, 20, 1, 1] => QQFieldElem[1//2, 0, 0, 0, 0, 0, 0, 0, -2//3, 0, 0, 0, 0, 0, 0, 0],
	[21, 20, 5, 21, 21, 1, 1, 21, 1, 1] => QQFieldElem[-1//3, 0, 0, 0, 0, 0, 0, 0, 0, 0, 0, 0, 0, 0, 0, 0],
	[21, 20, 5, 21, 21, 2, 1, 19, 1, 1] => QQFieldElem[-1//3, 0, 0, 0, 0, 0, 0, 0, 1//3, 0, 0, 0, 0, 0, 0, 0],
	[21, 20, 5, 21, 21, 2, 1, 21, 1, 1] => QQFieldElem[-2//3, 0, 0, 0, 0, 0, 0, 0, 2//3, 0, 0, 0, 0, 0, 0, 0],
	[21, 20, 5, 21, 21, 1, 1, 19, 2, 1] => QQFieldElem[0, 0, 0, 0, 0, 0, 0, 0, -1//3, 0, 0, 0, 0, 0, 0, 0],
	[21, 20, 5, 21, 20, 1, 1, 19, 1, 1] => QQFieldElem[-1//3, 0, 0, 0, 0, 0, 0, 0, 1//3, 0, 0, 0, 0, 0, 0, 0],
	[21, 20, 5, 21, 21, 1, 1, 20, 1, 1] => QQFieldElem[-1//3, 0, 0, 0, 0, 0, 0, 0, 0, 0, 0, 0, 0, 0, 0, 0],
	[21, 20, 5, 21, 20, 1, 1, 21, 1, 1] => QQFieldElem[1//2, 0, 0, 0, 0, 0, 0, 0, -2//3, 0, 0, 0, 0, 0, 0, 0],
	[21, 20, 5, 21, 21, 2, 1, 19, 2, 1] => QQFieldElem[1//3, 0, 0, 0, 0, 0, 0, 0, 0, 0, 0, 0, 0, 0, 0, 0],
	[21, 20, 5, 21, 21, 2, 1, 20, 1, 1] => QQFieldElem[-2//3, 0, 0, 0, 0, 0, 0, 0, 2//3, 0, 0, 0, 0, 0, 0, 0],
	[21, 20, 5, 21, 20, 1, 1, 19, 2, 1] => QQFieldElem[0, 0, 0, 0, 0, 0, 0, 0, -4//3, 0, 0, 0, 0, 0, 0, 0],
	[21, 20, 5, 21, 20, 1, 1, 20, 1, 1] => QQFieldElem[-1//2, 0, 0, 0, 0, 0, 0, 0, 1//3, 0, 0, 0, 0, 0, 0, 0],
	[21, 20, 5, 21, 19, 1, 1, 19, 1, 1] => QQFieldElem[-2//3, 0, 0, 0, 0, 0, 0, 0, 0, 0, 0, 0, 0, 0, 0, 0],
	[21, 20, 5, 21, 19, 1, 1, 21, 1, 1] => QQFieldElem[-1//2, 0, 0, 0, 0, 0, 0, 0, 1//3, 0, 0, 0, 0, 0, 0, 0],
	[21, 20, 5, 21, 19, 1, 1, 19, 2, 1] => QQFieldElem[-2//3, 0, 0, 0, 0, 0, 0, 0, 0, 0, 0, 0, 0, 0, 0, 0])