Dict(
	[21, 13, 14, 12, 16, 1, 1, 17, 1, 1] => QQFieldElem[0, 0, -3//8, 0, 0, 0, 0, 0, 0, 0, 0, 0, 0, 0, 0, 0],
	[21, 13, 14, 12, 17, 1, 1, 17, 1, 1] => QQFieldElem[0, 0, 0, 0, 0, 0, 0, 0, 0, 0, 0, 0, 0, 0, 0, 0],
	[21, 13, 14, 12, 15, 1, 1, 15, 1, 1] => QQFieldElem[0, 0, 0, 0, 0, 0, 0, 0, 0, 0, 0, 0, 0, 0, 0, 0],
	[21, 13, 14, 12, 16, 1, 1, 11, 1, 1] => QQFieldElem[0, 0, 0, 0, 1//24, 0, 0, 0, 0, 0, 0, 0, 0, 0, 0, 0],
	[21, 13, 14, 12, 13, 1, 1, 16, 1, 1] => QQFieldElem[0, 0, 0, 0, 0, 0, 0, 0, 0, 0, 27//8, 0, 0, 0, 0, 0],
	[21, 13, 14, 12, 18, 1, 1, 16, 1, 1] => QQFieldElem[0, 0, 0, 0, 0, 0, 0, 0, 0, 0, 0, 0, 0, 0, 0, 0],
	[21, 13, 14, 12, 17, 1, 1, 11, 1, 1] => QQFieldElem[0, 0, 0, 0, 1//24, 0, 0, 0, 0, 0, 0, 0, 0, 0, 0, 0],
	[21, 13, 14, 12, 15, 1, 1, 12, 1, 1] => QQFieldElem[0, 0, 0, 0, 0, 0, 0, 0, 0, 0, -1//12, 0, 0, 0, 0, 0],
	[21, 13, 14, 12, 10, 1, 1, 18, 1, 1] => QQFieldElem[0, 0, 0, 0, -9//8, 0, 0, 0, 0, 0, 0, 0, 0, 0, 0, 0],
	[21, 13, 14, 12, 15, 1, 1, 16, 1, 1] => QQFieldElem[0, 0, 3//8, 0, 0, 0, 0, 0, 0, 0, 0, 0, 0, 0, 0, 0],
	[21, 13, 14, 12, 10, 1, 1, 17, 1, 1] => QQFieldElem[0, 0, 0, 0, -9//8, 0, 0, 0, 0, 0, 0, 0, 0, 0, 0, 0],
	[21, 13, 14, 12, 17, 1, 1, 15, 1, 1] => QQFieldElem[0, 0, 0, 0, 0, 0, 0, 0, 0, 0, 0, 0, 0, 0, 0, 0],
	[21, 13, 14, 12, 16, 1, 1, 15, 1, 1] => QQFieldElem[0, 0, 3//8, 0, 0, 0, 0, 0, 0, 0, 0, 0, 0, 0, 0, 0],
	[21, 13, 14, 12, 16, 1, 1, 12, 1, 1] => QQFieldElem[0, 0, 0, 0, 0, 0, 0, 0, 0, 0, 1//12, 0, 0, 0, 0, 0],
	[21, 13, 14, 12, 13, 1, 1, 18, 1, 1] => QQFieldElem[0, 0, 0, 0, 0, 0, 0, 0, 0, 0, 27//8, 0, 0, 0, 0, 0],
	[21, 13, 14, 12, 18, 1, 1, 18, 1, 1] => QQFieldElem[0, 0, 0, 0, 0, 0, 0, 0, 0, 0, 0, 0, 0, 0, 0, 0],
	[21, 13, 14, 12, 10, 1, 1, 11, 1, 1] => QQFieldElem[0, 0, 0, 0, 0, 0, 0, 0, 0, 0, 0, 0, 0, 0, 0, 0],
	[21, 13, 14, 12, 17, 1, 1, 12, 1, 1] => QQFieldElem[0, 0, 0, 0, 0, 0, 0, 0, 0, 0, -1//12, 0, 0, 0, 0, 0],
	[21, 13, 14, 12, 13, 1, 1, 17, 1, 1] => QQFieldElem[0, 0, 0, 0, 0, 0, 0, 0, 0, 0, -27//8, 0, 0, 0, 0, 0],
	[21, 13, 14, 12, 18, 1, 1, 17, 1, 1] => QQFieldElem[0, 0, 3//8, 0, 0, 0, 0, 0, 0, 0, 0, 0, 0, 0, 0, 0],
	[21, 13, 14, 12, 16, 1, 1, 16, 1, 1] => QQFieldElem[0, 0, 0, 0, 0, 0, 0, 0, 0, 0, 0, 0, 0, 0, 0, 0],
	[21, 13, 14, 12, 17, 1, 1, 16, 1, 1] => QQFieldElem[0, 0, -3//8, 0, 0, 0, 0, 0, 0, 0, 0, 0, 0, 0, 0, 0],
	[21, 13, 14, 12, 15, 1, 1, 18, 1, 1] => QQFieldElem[0, 0, -3//8, 0, 0, 0, 0, 0, 0, 0, 0, 0, 0, 0, 0, 0],
	[21, 13, 14, 12, 13, 1, 1, 11, 1, 1] => QQFieldElem[0, 0, 0, 0, 0, 0, 0, 0, 0, 0, 0, 0, 0, 0, 0, 0],
	[21, 13, 14, 12, 18, 1, 1, 11, 1, 1] => QQFieldElem[0, 0, 0, 0, 1//24, 0, 0, 0, 0, 0, 0, 0, 0, 0, 0, 0],
	[21, 13, 14, 12, 10, 1, 1, 15, 1, 1] => QQFieldElem[0, 0, 0, 0, -9//8, 0, 0, 0, 0, 0, 0, 0, 0, 0, 0, 0],
	[21, 13, 14, 12, 15, 1, 1, 17, 1, 1] => QQFieldElem[0, 0, 0, 0, 0, 0, 0, 0, 0, 0, 0, 0, 0, 0, 0, 0],
	[21, 13, 14, 12, 10, 1, 1, 12, 1, 1] => QQFieldElem[0, 0, 0, 0, 0, 0, 0, 0, 0, 0, 0, 0, 0, 0, 0, 0],
	[21, 13, 14, 12, 15, 1, 1, 11, 1, 1] => QQFieldElem[0, 0, 0, 0, 1//24, 0, 0, 0, 0, 0, 0, 0, 0, 0, 0, 0],
	[21, 13, 14, 12, 13, 1, 1, 15, 1, 1] => QQFieldElem[0, 0, 0, 0, 0, 0, 0, 0, 0, 0, -27//8, 0, 0, 0, 0, 0],
	[21, 13, 14, 12, 16, 1, 1, 18, 1, 1] => QQFieldElem[0, 0, 0, 0, 0, 0, 0, 0, 0, 0, 0, 0, 0, 0, 0, 0],
	[21, 13, 14, 12, 18, 1, 1, 15, 1, 1] => QQFieldElem[0, 0, -3//8, 0, 0, 0, 0, 0, 0, 0, 0, 0, 0, 0, 0, 0],
	[21, 13, 14, 12, 17, 1, 1, 18, 1, 1] => QQFieldElem[0, 0, 3//8, 0, 0, 0, 0, 0, 0, 0, 0, 0, 0, 0, 0, 0],
	[21, 13, 14, 12, 10, 1, 1, 16, 1, 1] => QQFieldElem[0, 0, 0, 0, -9//8, 0, 0, 0, 0, 0, 0, 0, 0, 0, 0, 0],
	[21, 13, 14, 12, 13, 1, 1, 12, 1, 1] => QQFieldElem[0, 0, 0, 0, 0, 0, 0, 0, 0, 0, 0, 0, 0, 0, 0, 0],
	[21, 13, 14, 12, 18, 1, 1, 12, 1, 1] => QQFieldElem[0, 0, 0, 0, 0, 0, 0, 0, 0, 0, 1//12, 0, 0, 0, 0, 0])