Dict(
	[21, 10, 13, 20, 7, 1, 1, 17, 1, 1] => QQFieldElem[0, 0, 0, 0, 0, 0, 0, 0, 0, 0, 0, 0, 2//3, 0, 0, 0],
	[21, 10, 13, 20, 21, 1, 1, 10, 1, 1] => QQFieldElem[3//1792, 0, 0, 0, 0, 0, 0, 0, -9//1792, 0, 0, 0, 0, 0, 0, 0],
	[21, 10, 13, 20, 4, 1, 1, 13, 1, 1] => QQFieldElem[0, 0, -3//1024, 0, -3//1024, 0, 0, 0, 3//1024, 0, 0, 0, 3//1024, 0, -3//1024, 0],
	[21, 10, 13, 20, 19, 1, 1, 11, 1, 1] => QQFieldElem[1//256, 0, 0, 0, 0, 0, 0, 0, 1//256, 0, 0, 0, 0, 0, 0, 0],
	[21, 10, 13, 20, 20, 1, 1, 16, 1, 1] => QQFieldElem[0, 1//8, 0, 0, 0, 0, 0, -1//8, 0, -1//8, 0, 0, 0, 0, 0, 1//8],
	[21, 10, 13, 20, 21, 1, 1, 18, 1, 1] => QQFieldElem[0, 0, 0, -1//4, 0, 1//4, 0, 0, 0, 0, 0, 1//4, 0, -1//4, 0, 0],
	[21, 10, 13, 20, 21, 1, 1, 17, 1, 1] => QQFieldElem[0, 0, 0, 1//4, 0, 0, 0, 0, 0, 0, 0, 0, 0, 1//4, 0, 0],
	[21, 10, 13, 20, 19, 2, 1, 15, 1, 1] => QQFieldElem[0, 0, 0, 0, 0, 1//8, 0, 0, 0, 0, 0, 1//8, 0, 0, 0, 0],
	[21, 10, 13, 20, 19, 2, 1, 12, 1, 1] => QQFieldElem[-3//2048, 0, 0, 0, 3//2048, 0, 3//2048, 0, 3//2048, 0, 3//2048, 0, 0, 0, -3//2048, 0],
	[21, 10, 13, 20, 19, 2, 1, 16, 1, 1] => QQFieldElem[0, 0, 0, 0, 0, 1//8, 0, 0, 0, 0, 0, 1//8, 0, 0, 0, 0],
	[21, 10, 13, 20, 19, 1, 1, 10, 1, 1] => QQFieldElem[3//1792, 0, 0, 0, 0, 0, 0, 0, -9//1792, 0, 0, 0, 0, 0, 0, 0],
	[21, 10, 13, 20, 20, 1, 1, 13, 1, 1] => QQFieldElem[-3//2048, 0, 0, 0, 3//2048, 0, -3//2048, 0, 3//2048, 0, -3//2048, 0, 0, 0, 3//2048, 0],
	[21, 10, 13, 20, 19, 1, 1, 18, 1, 1] => QQFieldElem[0, 0, 0, 0, 0, 0, 0, -1//4, 0, -1//4, 0, 0, 0, 0, 0, 0],
	[21, 10, 13, 20, 6, 1, 1, 15, 1, 1] => QQFieldElem[0, 0, 0, 0, 0, 0, 0, 0, 1//4, 0, 0, 0, -1//4, 0, 0, 0],
	[21, 10, 13, 20, 19, 1, 1, 17, 1, 1] => QQFieldElem[0, 1//4, 0, 0, 0, 0, 0, 0, 0, 0, 0, 0, 0, 0, 0, 1//4],
	[21, 10, 13, 20, 4, 1, 1, 11, 1, 1] => QQFieldElem[0, 0, 0, 0, 0, 0, 0, 0, -1//128, 0, 0, 0, 0, 0, 0, 0],
	[21, 10, 13, 20, 6, 1, 1, 12, 1, 1] => QQFieldElem[0, 0, -3//1024, 0, 3//1024, 0, 0, 0, -3//1024, 0, 0, 0, -3//1024, 0, -3//1024, 0],
	[21, 10, 13, 20, 6, 1, 1, 16, 1, 1] => QQFieldElem[0, 0, 0, 0, 0, 0, 0, 0, -1//4, 0, 0, 0, -1//4, 0, 0, 0],
	[21, 10, 13, 20, 19, 2, 1, 13, 1, 1] => QQFieldElem[3//2048, 0, 0, 0, -3//2048, 0, 3//2048, 0, -3//2048, 0, 3//2048, 0, 0, 0, -3//2048, 0],
	[21, 10, 13, 20, 5, 1, 1, 15, 1, 1] => QQFieldElem[0, 0, 0, 0, 0, 0, 0, 0, -1//3, 0, 0, 0, 1//3, 0, 0, 0],
	[21, 10, 13, 20, 5, 1, 1, 12, 1, 1] => QQFieldElem[0, 0, -1//256, 0, 1//256, 0, 0, 0, -1//256, 0, 0, 0, -1//256, 0, -1//256, 0],
	[21, 10, 13, 20, 7, 1, 1, 15, 1, 1] => QQFieldElem[0, 0, 0, 0, 0, 0, 0, 0, 1//3, 0, 0, 0, 1//3, 0, 0, 0],
	[21, 10, 13, 20, 7, 1, 1, 12, 1, 1] => QQFieldElem[0, 0, 1//256, 0, -1//256, 0, 0, 0, 1//256, 0, 0, 0, 1//256, 0, 1//256, 0],
	[21, 10, 13, 20, 5, 1, 1, 16, 1, 1] => QQFieldElem[0, 0, 0, 0, 0, 0, 0, 0, 1//3, 0, 0, 0, 1//3, 0, 0, 0],
	[21, 10, 13, 20, 7, 1, 1, 16, 1, 1] => QQFieldElem[0, 0, 0, 0, 0, 0, 0, 0, -1//3, 0, 0, 0, 1//3, 0, 0, 0],
	[21, 10, 13, 20, 4, 1, 1, 10, 1, 1] => QQFieldElem[3//224, 0, 0, 0, 0, 0, 0, 0, -15//896, 0, 0, 0, 0, 0, 0, 0],
	[21, 10, 13, 20, 20, 1, 1, 11, 1, 1] => QQFieldElem[1//256, 0, 0, 0, 0, 0, 0, 0, 1//256, 0, 0, 0, 0, 0, 0, 0],
	[21, 10, 13, 20, 21, 1, 1, 15, 1, 1] => QQFieldElem[0, 0, 0, 0, 0, -1//8, 0, 0, 0, 0, 0, -1//8, 0, 0, 0, 0],
	[21, 10, 13, 20, 21, 1, 1, 12, 1, 1] => QQFieldElem[-3//2048, 0, 0, 0, 3//2048, 0, 3//2048, 0, 3//2048, 0, 3//2048, 0, 0, 0, -3//2048, 0],
	[21, 10, 13, 20, 4, 1, 1, 18, 1, 1] => QQFieldElem[0, 0, 0, 0, 0, 0, 0, 0, 0, 0, 0, 0, -1//2, 0, 0, 0],
	[21, 10, 13, 20, 6, 1, 1, 13, 1, 1] => QQFieldElem[0, 0, 3//1024, 0, 3//1024, 0, 0, 0, -3//1024, 0, 0, 0, -3//1024, 0, 3//1024, 0],
	[21, 10, 13, 20, 4, 1, 1, 17, 1, 1] => QQFieldElem[0, 0, 0, 0, 0, 0, 0, 0, 0, 0, 0, 0, -1//2, 0, 0, 0],
	[21, 10, 13, 20, 21, 1, 1, 16, 1, 1] => QQFieldElem[0, 0, 0, 0, 0, -1//8, 0, 0, 0, 0, 0, -1//8, 0, 0, 0, 0],
	[21, 10, 13, 20, 5, 1, 1, 13, 1, 1] => QQFieldElem[0, 0, 1//256, 0, 1//256, 0, 0, 0, -1//256, 0, 0, 0, -1//256, 0, 1//256, 0],
	[21, 10, 13, 20, 19, 2, 1, 11, 1, 1] => QQFieldElem[1//256, 0, 0, 0, 0, 0, 0, 0, 1//256, 0, 0, 0, 0, 0, 0, 0],
	[21, 10, 13, 20, 7, 1, 1, 13, 1, 1] => QQFieldElem[0, 0, -1//256, 0, -1//256, 0, 0, 0, 1//256, 0, 0, 0, 1//256, 0, -1//256, 0],
	[21, 10, 13, 20, 20, 1, 1, 10, 1, 1] => QQFieldElem[3//1792, 0, 0, 0, 0, 0, 0, 0, -9//1792, 0, 0, 0, 0, 0, 0, 0],
	[21, 10, 13, 20, 19, 1, 1, 15, 1, 1] => QQFieldElem[0, -1//8, 0, 0, 0, 0, 0, 1//8, 0, 1//8, 0, 0, 0, 0, 0, -1//8],
	[21, 10, 13, 20, 19, 1, 1, 12, 1, 1] => QQFieldElem[3//2048, 0, 0, 0, -3//2048, 0, -3//2048, 0, -3//2048, 0, -3//2048, 0, 0, 0, 3//2048, 0],
	[21, 10, 13, 20, 20, 1, 1, 18, 1, 1] => QQFieldElem[0, 0, 0, 0, 0, 0, 0, 1//4, 0, 1//4, 0, 0, 0, 0, 0, 0],
	[21, 10, 13, 20, 21, 1, 1, 13, 1, 1] => QQFieldElem[3//2048, 0, 0, 0, -3//2048, 0, 3//2048, 0, -3//2048, 0, 3//2048, 0, 0, 0, -3//2048, 0],
	[21, 10, 13, 20, 20, 1, 1, 17, 1, 1] => QQFieldElem[0, -1//4, 0, 0, 0, 0, 0, 0, 0, 0, 0, 0, 0, 0, 0, -1//4],
	[21, 10, 13, 20, 19, 1, 1, 16, 1, 1] => QQFieldElem[0, -1//8, 0, 0, 0, 0, 0, 1//8, 0, 1//8, 0, 0, 0, 0, 0, -1//8],
	[21, 10, 13, 20, 6, 1, 1, 11, 1, 1] => QQFieldElem[0, 0, 0, 0, 0, 0, 0, 0, -1//128, 0, 0, 0, 0, 0, 0, 0],
	[21, 10, 13, 20, 19, 2, 1, 10, 1, 1] => QQFieldElem[3//1792, 0, 0, 0, 0, 0, 0, 0, -9//1792, 0, 0, 0, 0, 0, 0, 0],
	[21, 10, 13, 20, 19, 2, 1, 18, 1, 1] => QQFieldElem[0, 0, 0, 1//4, 0, -1//4, 0, 0, 0, 0, 0, -1//4, 0, 1//4, 0, 0],
	[21, 10, 13, 20, 5, 1, 1, 11, 1, 1] => QQFieldElem[0, 0, 0, 0, 0, 0, 0, 0, -1//96, 0, 0, 0, 0, 0, 0, 0],
	[21, 10, 13, 20, 19, 2, 1, 17, 1, 1] => QQFieldElem[0, 0, 0, -1//4, 0, 0, 0, 0, 0, 0, 0, 0, 0, -1//4, 0, 0],
	[21, 10, 13, 20, 7, 1, 1, 11, 1, 1] => QQFieldElem[0, 0, 0, 0, 0, 0, 0, 0, -1//96, 0, 0, 0, 0, 0, 0, 0],
	[21, 10, 13, 20, 19, 1, 1, 13, 1, 1] => QQFieldElem[-3//2048, 0, 0, 0, 3//2048, 0, -3//2048, 0, 3//2048, 0, -3//2048, 0, 0, 0, 3//2048, 0],
	[21, 10, 13, 20, 4, 1, 1, 15, 1, 1] => QQFieldElem[0, 0, 0, 0, 0, 0, 0, 0, -1//4, 0, 0, 0, -1//4, 0, 0, 0],
	[21, 10, 13, 20, 4, 1, 1, 12, 1, 1] => QQFieldElem[0, 0, 3//1024, 0, -3//1024, 0, 0, 0, 3//1024, 0, 0, 0, 3//1024, 0, 3//1024, 0],
	[21, 10, 13, 20, 6, 1, 1, 10, 1, 1] => QQFieldElem[3//224, 0, 0, 0, 0, 0, 0, 0, -15//896, 0, 0, 0, 0, 0, 0, 0],
	[21, 10, 13, 20, 21, 1, 1, 11, 1, 1] => QQFieldElem[1//256, 0, 0, 0, 0, 0, 0, 0, 1//256, 0, 0, 0, 0, 0, 0, 0],
	[21, 10, 13, 20, 4, 1, 1, 16, 1, 1] => QQFieldElem[0, 0, 0, 0, 0, 0, 0, 0, 1//4, 0, 0, 0, -1//4, 0, 0, 0],
	[21, 10, 13, 20, 6, 1, 1, 18, 1, 1] => QQFieldElem[0, 0, 0, 0, 0, 0, 0, 0, 0, 0, 0, 0, -1//2, 0, 0, 0],
	[21, 10, 13, 20, 6, 1, 1, 17, 1, 1] => QQFieldElem[0, 0, 0, 0, 0, 0, 0, 0, 0, 0, 0, 0, -1//2, 0, 0, 0],
	[21, 10, 13, 20, 5, 1, 1, 10, 1, 1] => QQFieldElem[1//56, 0, 0, 0, 0, 0, 0, 0, -5//224, 0, 0, 0, 0, 0, 0, 0],
	[21, 10, 13, 20, 7, 1, 1, 10, 1, 1] => QQFieldElem[1//56, 0, 0, 0, 0, 0, 0, 0, -5//224, 0, 0, 0, 0, 0, 0, 0],
	[21, 10, 13, 20, 5, 1, 1, 18, 1, 1] => QQFieldElem[0, 0, 0, 0, 0, 0, 0, 0, 0, 0, 0, 0, 2//3, 0, 0, 0],
	[21, 10, 13, 20, 20, 1, 1, 15, 1, 1] => QQFieldElem[0, 1//8, 0, 0, 0, 0, 0, -1//8, 0, -1//8, 0, 0, 0, 0, 0, 1//8],
	[21, 10, 13, 20, 5, 1, 1, 17, 1, 1] => QQFieldElem[0, 0, 0, 0, 0, 0, 0, 0, 0, 0, 0, 0, 2//3, 0, 0, 0],
	[21, 10, 13, 20, 7, 1, 1, 18, 1, 1] => QQFieldElem[0, 0, 0, 0, 0, 0, 0, 0, 0, 0, 0, 0, 2//3, 0, 0, 0],
	[21, 10, 13, 20, 20, 1, 1, 12, 1, 1] => QQFieldElem[3//2048, 0, 0, 0, -3//2048, 0, -3//2048, 0, -3//2048, 0, -3//2048, 0, 0, 0, 3//2048, 0])