Dict(
	[21, 13, 21, 11, 15, 1, 1, 10, 1, 1] => QQFieldElem[0, 3//32, 0, 0, 0, 0, 0, 0, 0, 0, 0, 0, 3//32, 0, 0, 0],
	[21, 13, 21, 11, 11, 1, 1, 18, 1, 1] => QQFieldElem[0, 0, 0, 0, 0, 0, 0, 0, 0, 0, 0, 0, 3//8, 3//8, 0, 0],
	[21, 13, 21, 11, 11, 1, 1, 17, 1, 1] => QQFieldElem[0, -3//8, 0, 0, 0, 0, 0, 0, 0, 0, 0, 0, 3//8, 0, 0, 0],
	[21, 13, 21, 11, 13, 1, 1, 11, 1, 1] => QQFieldElem[1//4, 0, 0, 0, 0, 0, 0, 0, 0, 0, 0, 0, 0, 0, 0, 0],
	[21, 13, 21, 11, 15, 1, 1, 18, 1, 1] => QQFieldElem[0, 0, 3//16, 0, -3//16, 0, 0, 0, 0, 0, -3//16, 0, 3//16, 0, 0, 0],
	[21, 13, 21, 11, 10, 1, 1, 15, 1, 1] => QQFieldElem[0, 3//8, 0, 0, 0, 0, 0, 0, 0, 0, 0, 0, 3//8, 0, 0, 0],
	[21, 13, 21, 11, 15, 1, 1, 17, 1, 1] => QQFieldElem[0, 0, 0, 0, 3//16, 0, -3//16, 0, 0, 0, 0, 0, -3//16, 0, 0, 0],
	[21, 13, 21, 11, 10, 1, 1, 12, 1, 1] => QQFieldElem[3//16, 0, 0, 0, 0, 0, 0, 0, 0, 0, 0, 0, 0, 0, 0, 0],
	[21, 13, 21, 11, 17, 1, 1, 10, 1, 1] => QQFieldElem[0, -3//32, 0, 0, 0, 0, 0, 0, 0, 0, 0, 0, 3//32, 0, 0, 0],
	[21, 13, 21, 11, 18, 1, 1, 15, 1, 1] => QQFieldElem[0, 0, 3//16, 0, -3//16, 0, 0, 0, 0, 0, -3//16, 0, 3//16, 0, 0, 0],
	[21, 13, 21, 11, 17, 1, 1, 18, 1, 1] => QQFieldElem[0, 0, -3//16, 0, -3//16, 0, 0, 0, 0, 0, 3//16, 0, 3//16, 0, 0, 0],
	[21, 13, 21, 11, 10, 1, 1, 16, 1, 1] => QQFieldElem[0, 0, 0, 0, 0, 0, 0, 0, 0, 0, 0, 0, 3//8, -3//8, 0, 0],
	[21, 13, 21, 11, 18, 1, 1, 12, 1, 1] => QQFieldElem[0, 0, 0, 0, 0, 0, 0, 0, 0, 0, 0, 0, 3//32, -3//32, 0, 0],
	[21, 13, 21, 11, 17, 1, 1, 17, 1, 1] => QQFieldElem[0, 0, 0, 0, 3//16, 0, 3//16, 0, 0, 0, 0, 0, -3//16, 0, 0, 0],
	[21, 13, 21, 11, 16, 1, 1, 11, 1, 1] => QQFieldElem[0, 0, 0, 0, 0, 0, 0, 0, 0, 0, 0, 0, 1//8, -1//8, 0, 0],
	[21, 13, 21, 11, 18, 1, 1, 16, 1, 1] => QQFieldElem[0, 0, 0, 0, 3//16, 0, 3//16, 0, 0, 0, 0, 0, -3//16, 0, 0, 0],
	[21, 13, 21, 11, 13, 1, 1, 10, 1, 1] => QQFieldElem[-3//16, 0, 0, 0, 0, 0, 0, 0, 0, 0, 0, 0, 0, 0, 0, 0],
	[21, 13, 21, 11, 12, 1, 1, 11, 1, 1] => QQFieldElem[-1//4, 0, 0, 0, 0, 0, 0, 0, 0, 0, 0, 0, 0, 0, 0, 0],
	[21, 13, 21, 11, 13, 1, 1, 18, 1, 1] => QQFieldElem[0, 0, 0, 0, 0, 0, 0, 0, 0, 0, 0, 0, 3//8, -3//8, 0, 0],
	[21, 13, 21, 11, 13, 1, 1, 17, 1, 1] => QQFieldElem[0, 3//8, 0, 0, 0, 0, 0, 0, 0, 0, 0, 0, 3//8, 0, 0, 0],
	[21, 13, 21, 11, 10, 1, 1, 13, 1, 1] => QQFieldElem[-1//4, 0, 0, 0, 0, 0, 0, 0, 0, 0, 0, 0, 0, 0, 0, 0],
	[21, 13, 21, 11, 16, 1, 1, 10, 1, 1] => QQFieldElem[0, 0, 0, 0, 0, 0, 0, 0, 0, 0, 0, 0, 3//32, -3//32, 0, 0],
	[21, 13, 21, 11, 18, 1, 1, 13, 1, 1] => QQFieldElem[0, 0, 0, 0, 0, 0, 0, 0, 0, 0, 0, 0, 1//8, -1//8, 0, 0],
	[21, 13, 21, 11, 16, 1, 1, 18, 1, 1] => QQFieldElem[0, 0, 0, 0, 3//16, 0, 3//16, 0, 0, 0, 0, 0, -3//16, 0, 0, 0],
	[21, 13, 21, 11, 12, 1, 1, 10, 1, 1] => QQFieldElem[3//16, 0, 0, 0, 0, 0, 0, 0, 0, 0, 0, 0, 0, 0, 0, 0],
	[21, 13, 21, 11, 16, 1, 1, 17, 1, 1] => QQFieldElem[0, 0, 3//16, 0, -3//16, 0, 0, 0, 0, 0, -3//16, 0, 3//16, 0, 0, 0],
	[21, 13, 21, 11, 11, 1, 1, 15, 1, 1] => QQFieldElem[0, 3//8, 0, 0, 0, 0, 0, 0, 0, 0, 0, 0, 3//8, 0, 0, 0],
	[21, 13, 21, 11, 15, 1, 1, 15, 1, 1] => QQFieldElem[0, 0, 0, 0, 3//16, 0, 3//16, 0, 0, 0, 0, 0, -3//16, 0, 0, 0],
	[21, 13, 21, 11, 11, 1, 1, 12, 1, 1] => QQFieldElem[-3//16, 0, 0, 0, 0, 0, 0, 0, 0, 0, 0, 0, 0, 0, 0, 0],
	[21, 13, 21, 11, 12, 1, 1, 18, 1, 1] => QQFieldElem[0, 0, 0, 0, 0, 0, 0, 0, 0, 0, 0, 0, 3//8, -3//8, 0, 0],
	[21, 13, 21, 11, 15, 1, 1, 12, 1, 1] => QQFieldElem[0, -3//32, 0, 0, 0, 0, 0, 0, 0, 0, 0, 0, 3//32, 0, 0, 0],
	[21, 13, 21, 11, 12, 1, 1, 17, 1, 1] => QQFieldElem[0, 3//8, 0, 0, 0, 0, 0, 0, 0, 0, 0, 0, 3//8, 0, 0, 0],
	[21, 13, 21, 11, 11, 1, 1, 16, 1, 1] => QQFieldElem[0, 0, 0, 0, 0, 0, 0, 0, 0, 0, 0, 0, 3//8, -3//8, 0, 0],
	[21, 13, 21, 11, 15, 1, 1, 16, 1, 1] => QQFieldElem[0, 0, -3//16, 0, -3//16, 0, 0, 0, 0, 0, 3//16, 0, 3//16, 0, 0, 0],
	[21, 13, 21, 11, 17, 1, 1, 15, 1, 1] => QQFieldElem[0, 0, 0, 0, 3//16, 0, -3//16, 0, 0, 0, 0, 0, -3//16, 0, 0, 0],
	[21, 13, 21, 11, 17, 1, 1, 12, 1, 1] => QQFieldElem[0, 3//32, 0, 0, 0, 0, 0, 0, 0, 0, 0, 0, 3//32, 0, 0, 0],
	[21, 13, 21, 11, 10, 1, 1, 11, 1, 1] => QQFieldElem[1//4, 0, 0, 0, 0, 0, 0, 0, -1//2, 0, 0, 0, 0, 0, 0, 0],
	[21, 13, 21, 11, 17, 1, 1, 16, 1, 1] => QQFieldElem[0, 0, 3//16, 0, -3//16, 0, 0, 0, 0, 0, -3//16, 0, 3//16, 0, 0, 0],
	[21, 13, 21, 11, 18, 1, 1, 11, 1, 1] => QQFieldElem[0, 0, 0, 0, 0, 0, 0, 0, 0, 0, 0, 0, 1//8, 1//8, 0, 0],
	[21, 13, 21, 11, 11, 1, 1, 13, 1, 1] => QQFieldElem[1//4, 0, 0, 0, 0, 0, 0, 0, 0, 0, 0, 0, 0, 0, 0, 0],
	[21, 13, 21, 11, 13, 1, 1, 15, 1, 1] => QQFieldElem[0, -3//8, 0, 0, 0, 0, 0, 0, 0, 0, 0, 0, 3//8, 0, 0, 0],
	[21, 13, 21, 11, 15, 1, 1, 13, 1, 1] => QQFieldElem[0, -1//8, 0, 0, 0, 0, 0, 0, 0, 0, 0, 0, 1//8, 0, 0, 0],
	[21, 13, 21, 11, 13, 1, 1, 12, 1, 1] => QQFieldElem[3//16, 0, 0, 0, 0, 0, 0, 0, -3//8, 0, 0, 0, 0, 0, 0, 0],
	[21, 13, 21, 11, 10, 1, 1, 10, 1, 1] => QQFieldElem[-3//16, 0, 0, 0, 0, 0, 0, 0, 3//8, 0, 0, 0, 0, 0, 0, 0],
	[21, 13, 21, 11, 13, 1, 1, 16, 1, 1] => QQFieldElem[0, 0, 0, 0, 0, 0, 0, 0, 0, 0, 0, 0, 3//8, 3//8, 0, 0],
	[21, 13, 21, 11, 17, 1, 1, 13, 1, 1] => QQFieldElem[0, 1//8, 0, 0, 0, 0, 0, 0, 0, 0, 0, 0, 1//8, 0, 0, 0],
	[21, 13, 21, 11, 10, 1, 1, 18, 1, 1] => QQFieldElem[0, 0, 0, 0, 0, 0, 0, 0, 0, 0, 0, 0, 3//8, 3//8, 0, 0],
	[21, 13, 21, 11, 18, 1, 1, 10, 1, 1] => QQFieldElem[0, 0, 0, 0, 0, 0, 0, 0, 0, 0, 0, 0, 3//32, 3//32, 0, 0],
	[21, 13, 21, 11, 16, 1, 1, 15, 1, 1] => QQFieldElem[0, 0, -3//16, 0, -3//16, 0, 0, 0, 0, 0, 3//16, 0, 3//16, 0, 0, 0],
	[21, 13, 21, 11, 10, 1, 1, 17, 1, 1] => QQFieldElem[0, -3//8, 0, 0, 0, 0, 0, 0, 0, 0, 0, 0, 3//8, 0, 0, 0],
	[21, 13, 21, 11, 16, 1, 1, 12, 1, 1] => QQFieldElem[0, 0, 0, 0, 0, 0, 0, 0, 0, 0, 0, 0, 3//32, 3//32, 0, 0],
	[21, 13, 21, 11, 18, 1, 1, 18, 1, 1] => QQFieldElem[0, 0, 0, 0, 3//16, 0, -3//16, 0, 0, 0, 0, 0, -3//16, 0, 0, 0],
	[21, 13, 21, 11, 18, 1, 1, 17, 1, 1] => QQFieldElem[0, 0, -3//16, 0, -3//16, 0, 0, 0, 0, 0, 3//16, 0, 3//16, 0, 0, 0],
	[21, 13, 21, 11, 12, 1, 1, 15, 1, 1] => QQFieldElem[0, -3//8, 0, 0, 0, 0, 0, 0, 0, 0, 0, 0, 3//8, 0, 0, 0],
	[21, 13, 21, 11, 16, 1, 1, 16, 1, 1] => QQFieldElem[0, 0, 0, 0, 3//16, 0, -3//16, 0, 0, 0, 0, 0, -3//16, 0, 0, 0],
	[21, 13, 21, 11, 12, 1, 1, 12, 1, 1] => QQFieldElem[-3//16, 0, 0, 0, 0, 0, 0, 0, 3//8, 0, 0, 0, 0, 0, 0, 0],
	[21, 13, 21, 11, 13, 1, 1, 13, 1, 1] => QQFieldElem[-1//4, 0, 0, 0, 0, 0, 0, 0, 1//2, 0, 0, 0, 0, 0, 0, 0],
	[21, 13, 21, 11, 11, 1, 1, 11, 1, 1] => QQFieldElem[-1//4, 0, 0, 0, 0, 0, 0, 0, 1//2, 0, 0, 0, 0, 0, 0, 0],
	[21, 13, 21, 11, 12, 1, 1, 16, 1, 1] => QQFieldElem[0, 0, 0, 0, 0, 0, 0, 0, 0, 0, 0, 0, 3//8, 3//8, 0, 0],
	[21, 13, 21, 11, 15, 1, 1, 11, 1, 1] => QQFieldElem[0, 1//8, 0, 0, 0, 0, 0, 0, 0, 0, 0, 0, 1//8, 0, 0, 0],
	[21, 13, 21, 11, 17, 1, 1, 11, 1, 1] => QQFieldElem[0, -1//8, 0, 0, 0, 0, 0, 0, 0, 0, 0, 0, 1//8, 0, 0, 0],
	[21, 13, 21, 11, 16, 1, 1, 13, 1, 1] => QQFieldElem[0, 0, 0, 0, 0, 0, 0, 0, 0, 0, 0, 0, 1//8, 1//8, 0, 0],
	[21, 13, 21, 11, 11, 1, 1, 10, 1, 1] => QQFieldElem[3//16, 0, 0, 0, 0, 0, 0, 0, -3//8, 0, 0, 0, 0, 0, 0, 0],
	[21, 13, 21, 11, 12, 1, 1, 13, 1, 1] => QQFieldElem[1//4, 0, 0, 0, 0, 0, 0, 0, -1//2, 0, 0, 0, 0, 0, 0, 0])