Dict(
	[21, 20, 14, 8, 19, 1, 2, 14, 1, 1] => QQFieldElem[-5//8, 0, -7//8, 0, -3//4, 0, -7//8, 0, -3//4, 0, -7//8, 0, -3//8, 0, 0, 0],
	[21, 20, 14, 8, 19, 1, 1, 14, 1, 1] => QQFieldElem[1//8, 0, -1//8, 0, -1//4, 0, -1//8, 0, -1//4, 0, -1//8, 0, -1//8, 0, 0, 0],
	[21, 20, 14, 8, 21, 1, 2, 8, 1, 1] => QQFieldElem[-3//2, 0, 1, 0, -3//2, 0, 3//2, 0, 1//2, 0, 0, 0, 1, 0, -1, 0],
	[21, 20, 14, 8, 19, 1, 2, 4, 1, 1] => QQFieldElem[-15//4, 0, 7//4, 0, 3, 0, -7//2, 0, 5//2, 0, 7//4, 0, -15//4, 0, 0, 0],
	[21, 20, 14, 8, 21, 1, 1, 8, 1, 1] => QQFieldElem[1, 0, 1//2, 0, 1//2, 0, 0, 0, -1//2, 0, 1//2, 0, -1//2, 0, 0, 0],
	[21, 20, 14, 8, 19, 1, 1, 4, 1, 1] => QQFieldElem[-1//4, 0, 1//4, 0, 0, 0, -1//2, 0, 1//2, 0, 1//4, 0, -1//4, 0, 0, 0],
	[21, 20, 14, 8, 19, 1, 2, 7, 1, 1] => QQFieldElem[-1//8, 0, -7//8, 0, 3//4, 0, -7//8, 0, 5//4, 0, -7//8, 0, 3//8, 0, 0, 0],
	[21, 20, 14, 8, 19, 1, 1, 7, 1, 1] => QQFieldElem[1//8, 0, -1//8, 0, 1//4, 0, -1//8, 0, -1//4, 0, -1//8, 0, -3//8, 0, 0, 0],
	[21, 20, 14, 8, 19, 1, 2, 5, 1, 1] => QQFieldElem[-99//32, 0, -45//32, 0, 9//2, 0, -27//32, 0, -9//16, 0, 135//32, 0, -27//16, 0, -27//8, 0],
	[21, 20, 14, 8, 19, 1, 2, 14, 2, 1] => QQFieldElem[-4//3, 0, -16//9, 0, -16//9, 0, -4//3, 0, 0, 0, 4//9, 0, 8//9, 0, 4//3, 0],
	[21, 20, 14, 8, 19, 1, 1, 5, 1, 1] => QQFieldElem[-9//32, 0, 9//32, 0, 0, 0, -9//32, 0, 9//16, 0, 9//32, 0, -9//16, 0, 0, 0],
	[21, 20, 14, 8, 19, 1, 1, 14, 2, 1] => QQFieldElem[0, 0, -16//27, 0, 0, 0, 0, 0, 0, 0, 0, 0, -16//27, 0, -16//27, 0],
	[21, 20, 14, 8, 20, 1, 2, 8, 1, 1] => QQFieldElem[1//2, 0, -1//2, 0, 1, 0, 1//2, 0, 0, 0, 1, 0, -1//2, 0, 1//2, 0],
	[21, 20, 14, 8, 21, 1, 2, 14, 1, 1] => QQFieldElem[2, 0, 3//2, 0, 3//2, 0, 1, 0, -3//2, 0, -3//2, 0, -3//2, 0, -2, 0],
	[21, 20, 14, 8, 20, 1, 1, 8, 1, 1] => QQFieldElem[-4//3, 0, 4//3, 0, -4//3, 0, 4//3, 0, 4//3, 0, -2//3, 0, 4//3, 0, -2, 0],
	[21, 20, 14, 8, 21, 1, 1, 14, 1, 1] => QQFieldElem[2//3, 0, 0, 0, -2//3, 0, -2//3, 0, -2//3, 0, 0, 0, 0, 0, 0, 0],
	[21, 20, 14, 8, 21, 1, 2, 4, 1, 1] => QQFieldElem[-28//9, 0, 8//9, 0, 8//3, 0, -8//3, 0, 16//9, 0, 16//9, 0, -28//9, 0, 0, 0],
	[21, 20, 14, 8, 21, 1, 2, 7, 1, 1] => QQFieldElem[-4//9, 0, 8//9, 0, -8//9, 0, 4//9, 0, -8//9, 0, 4//9, 0, 0, 0, 4//9, 0],
	[21, 20, 14, 8, 21, 1, 1, 4, 1, 1] => QQFieldElem[20//9, 0, 8//9, 0, -8//3, 0, 0, 0, 0, 0, -16//9, 0, 4//3, 0, 16//9, 0],
	[21, 20, 14, 8, 21, 1, 1, 7, 1, 1] => QQFieldElem[8//9, 0, -4//9, 0, 8//9, 0, 0, 0, 0, 0, 8//9, 0, -4//9, 0, 4//9, 0],
	[21, 20, 14, 8, 21, 1, 2, 5, 1, 1] => QQFieldElem[-3, 0, -3//2, 0, 4, 0, -1//2, 0, -1, 0, 7//2, 0, -1, 0, -3, 0],
	[21, 20, 14, 8, 21, 1, 2, 14, 2, 1] => QQFieldElem[0, 0, -1, 0, -1, 0, -1, 0, -1, 0, -1//2, 0, 0, 0, -1//2, 0],
	[21, 20, 14, 8, 21, 1, 1, 5, 1, 1] => QQFieldElem[1, 0, 3//2, 0, -2, 0, -1//2, 0, 1, 0, -3//2, 0, 0, 0, 1, 0],
	[21, 20, 14, 8, 20, 1, 2, 14, 1, 1] => QQFieldElem[-4//9, 0, -4//9, 0, -4//9, 0, -4//9, 0, 4//9, 0, 4//9, 0, 4//9, 0, 8//9, 0],
	[21, 20, 14, 8, 21, 1, 1, 14, 2, 1] => QQFieldElem[-1//2, 0, -1//2, 0, 0, 0, 1//2, 0, 1, 0, 1, 0, 1//2, 0, 1//2, 0],
	[21, 20, 14, 8, 20, 1, 1, 14, 1, 1] => QQFieldElem[8//9, 0, 8//9, 0, 4//9, 0, 0, 0, -4//3, 0, -16//9, 0, -8//9, 0, -8//9, 0],
	[21, 20, 14, 8, 20, 1, 2, 4, 1, 1] => QQFieldElem[20//9, 0, -40//9, 0, 0, 0, 40//9, 0, -40//9, 0, 16//9, 0, 4, 0, -32//9, 0],
	[21, 20, 14, 8, 20, 1, 2, 7, 1, 1] => QQFieldElem[4//9, 0, -4//9, 0, 4//9, 0, -4//9, 0, 4//9, 0, 4//9, 0, 4//9, 0, 8//9, 0],
	[21, 20, 14, 8, 20, 1, 1, 4, 1, 1] => QQFieldElem[-16//27, 0, 32//27, 0, 0, 0, -32//27, 0, 32//27, 0, 0, 0, -16//27, 0, 0, 0],
	[21, 20, 14, 8, 20, 1, 1, 7, 1, 1] => QQFieldElem[-32//27, 0, 32//27, 0, -16//9, 0, 32//27, 0, 16//27, 0, 0, 0, 32//27, 0, -32//27, 0],
	[21, 20, 14, 8, 19, 1, 2, 8, 1, 1] => QQFieldElem[99//64, 0, -99//64, 0, 9//8, 0, -81//64, 0, 9//32, 0, 45//64, 0, -27//64, 0, 27//32, 0],
	[21, 20, 14, 8, 20, 1, 2, 5, 1, 1] => QQFieldElem[5, 0, -5//2, 0, -4, 0, 9//2, 0, -3, 0, -5//2, 0, 5, 0, 0, 0],
	[21, 20, 14, 8, 20, 1, 2, 14, 2, 1] => QQFieldElem[99//64, 0, 81//64, 0, 9//8, 0, 81//64, 0, 9//32, 0, 9//64, 0, -27//64, 0, -27//32, 0],
	[21, 20, 14, 8, 20, 1, 1, 5, 1, 1] => QQFieldElem[-4//3, 0, 2//3, 0, 0, 0, -2//3, 0, 4//3, 0, 2//3, 0, -4//3, 0, 0, 0],
	[21, 20, 14, 8, 20, 1, 1, 14, 2, 1] => QQFieldElem[9//64, 0, -9//64, 0, 0, 0, -9//64, 0, -9//32, 0, -9//64, 0, -9//64, 0, -9//32, 0],
	[21, 20, 14, 8, 19, 1, 1, 8, 1, 1] => QQFieldElem[9//64, 0, -9//64, 0, 0, 0, -27//64, 0, -9//32, 0, -9//64, 0, -9//64, 0, 9//32, 0])