Dict(
	[21, 7, 21, 19, 20, 2, 1, 20, 1, 2] => QQFieldElem[0, 0, 1//8, 0, 0, 0, 0, 0, 0, 0, 0, 0, 1//4, 0, 1//8, 0],
	[21, 7, 21, 19, 20, 1, 1, 19, 1, 1] => QQFieldElem[-3//4, 0, -3//4, 0, 1, 0, 3//4, 0, -3//4, 0, 5//4, 0, 1//4, 0, -5//4, 0],
	[21, 7, 21, 19, 20, 1, 1, 21, 1, 1] => QQFieldElem[-3//2, 0, -7//4, 0, -7//4, 0, -3//4, 0, 3//4, 0, 1, 0, 2, 0, 7//4, 0],
	[21, 7, 21, 19, 21, 1, 1, 20, 1, 1] => QQFieldElem[0, 0, 1//8, 0, 0, 0, 0, 0, 0, 0, 0, 0, -1//2, 0, 1//8, 0],
	[21, 7, 21, 19, 20, 2, 1, 19, 1, 1] => QQFieldElem[3//4, 0, 3//4, 0, -2, 0, -3//4, 0, 3//4, 0, -7//4, 0, 1//4, 0, 7//4, 0],
	[21, 7, 21, 19, 20, 2, 1, 21, 1, 1] => QQFieldElem[3//2, 0, 5//4, 0, 5//4, 0, 3//4, 0, -3//4, 0, -1//2, 0, -1, 0, -5//4, 0],
	[21, 7, 21, 19, 20, 1, 1, 20, 1, 1] => QQFieldElem[0, 0, 1//8, 0, 0, 0, 0, 0, 0, 0, 0, 0, -1//4, 0, 1//8, 0],
	[21, 7, 21, 19, 19, 1, 1, 20, 1, 2] => QQFieldElem[0, 0, 1//8, 0, 0, 0, 0, 0, 0, 0, 0, 0, 1//2, 0, 1//8, 0],
	[21, 7, 21, 19, 20, 2, 1, 20, 1, 1] => QQFieldElem[1//16, 0, 1//16, 0, -1//8, 0, 1//16, 0, -1//8, 0, -1//16, 0, 3//16, 0, 0, 0],
	[21, 7, 21, 19, 19, 1, 1, 19, 1, 1] => QQFieldElem[0, 0, 1//4, 0, 0, 0, -1//4, 0, 0, 0, 0, 0, 0, 0, 0, 0],
	[21, 7, 21, 19, 19, 1, 1, 21, 1, 1] => QQFieldElem[0, 0, 0, 0, 1//4, 0, 1//2, 0, 3//4, 0, 1//2, 0, 1//4, 0, 0, 0],
	[21, 7, 21, 19, 21, 1, 1, 20, 1, 2] => QQFieldElem[5//16, 0, -1//16, 0, 0, 0, -3//16, 0, -1//4, 0, 3//16, 0, 1//16, 0, 1//8, 0],
	[21, 7, 21, 19, 19, 1, 1, 20, 1, 1] => QQFieldElem[-1//4, 0, 3//16, 0, -1//16, 0, 1//8, 0, -1//16, 0, -1//8, 0, 1//16, 0, 1//16, 0],
	[21, 7, 21, 19, 21, 1, 1, 19, 1, 1] => QQFieldElem[0, 0, 1//2, 0, -1//4, 0, -1//2, 0, 3//4, 0, -1//2, 0, -1//4, 0, 1//2, 0],
	[21, 7, 21, 19, 21, 1, 1, 21, 1, 1] => QQFieldElem[0, 0, 1//4, 0, 0, 0, 1//4, 0, 0, 0, 0, 0, 0, 0, -1//4, 0],
	[21, 7, 21, 19, 20, 1, 1, 20, 1, 2] => QQFieldElem[-1//8, 0, -1//16, 0, -3//16, 0, 0, 0, 1//16, 0, 0, 0, 1//16, 0, -1//16, 0])