Dict(
	[3, 3, 14, 14, 14, 1, 2, 3, 1, 2] => QQFieldElem[0, 0, 0, 0, 0, 0, 0, 0, 0, 0, 0, 0, 0, 0, 0, 0],
	[3, 3, 14, 14, 14, 1, 1, 3, 1, 2] => QQFieldElem[8192//81, 0, 0, 0, 0, 0, 0, 0, 0, 0, 0, 0, 0, 0, 0, 0],
	[3, 3, 14, 14, 14, 2, 2, 3, 1, 2] => QQFieldElem[-64//9, 0, 0, 0, 0, 0, 0, 0, 0, 0, 0, 0, 0, 0, 0, 0],
	[3, 3, 14, 14, 14, 2, 1, 3, 1, 2] => QQFieldElem[0, 0, 0, 0, 0, 0, 0, 0, 0, 0, 0, 0, 0, 0, 0, 0],
	[3, 3, 14, 14, 14, 1, 2, 1, 1, 1] => QQFieldElem[0, 0, 0, 0, 0, 0, 0, 0, 0, 0, 0, 0, 0, 0, 0, 0],
	[3, 3, 14, 14, 14, 1, 1, 1, 1, 1] => QQFieldElem[0, 0, 0, 0, 0, 0, 0, 0, 0, 0, 0, 0, -8192//243, 0, 0, 0],
	[3, 3, 14, 14, 14, 2, 2, 1, 1, 1] => QQFieldElem[0, 0, 0, 0, 0, 0, 0, 0, 0, 0, 0, 0, -64//27, 0, 0, 0],
	[3, 3, 14, 14, 14, 1, 2, 3, 1, 1] => QQFieldElem[64//9, 0, 0, 0, 0, 0, 0, 0, 0, 0, 0, 0, 0, 0, 0, 0],
	[3, 3, 14, 14, 14, 2, 1, 1, 1, 1] => QQFieldElem[0, 0, 0, 0, 0, 0, 0, 0, 0, 0, 0, 0, 0, 0, 0, 0],
	[3, 3, 14, 14, 14, 1, 1, 3, 1, 1] => QQFieldElem[0, 0, 0, 0, 0, 0, 0, 0, 0, 0, 0, 0, 0, 0, 0, 0],
	[3, 3, 14, 14, 14, 2, 2, 3, 1, 1] => QQFieldElem[0, 0, 0, 0, 0, 0, 0, 0, 0, 0, 0, 0, 0, 0, 0, 0],
	[3, 3, 14, 14, 14, 2, 1, 3, 1, 1] => QQFieldElem[2048//27, 0, 0, 0, 0, 0, 0, 0, 0, 0, 0, 0, 0, 0, 0, 0],
	[3, 3, 14, 14, 14, 1, 2, 2, 1, 1] => QQFieldElem[64//9, 0, 0, 0, 0, 0, 0, 0, 0, 0, 0, 0, 0, 0, 0, 0],
	[3, 3, 14, 14, 14, 1, 1, 2, 1, 1] => QQFieldElem[0, 0, 0, 0, 0, 0, 0, 0, 0, 0, 0, 0, 0, 0, 0, 0],
	[3, 3, 14, 14, 14, 2, 2, 2, 1, 1] => QQFieldElem[0, 0, 0, 0, 0, 0, 0, 0, 0, 0, 0, 0, 0, 0, 0, 0],
	[3, 3, 14, 14, 14, 2, 1, 2, 1, 1] => QQFieldElem[-2048//27, 0, 0, 0, 0, 0, 0, 0, 0, 0, 0, 0, 0, 0, 0, 0])