Dict(
	[3, 14, 20, 20, 21, 1, 2, 14, 2, 1] => QQFieldElem[-1//2, 0, 0, 0, 0, 0, 0, 0, 1, 0, 0, 0, 0, 0, 0, 0],
	[3, 14, 20, 20, 21, 1, 1, 14, 2, 1] => QQFieldElem[-1//2, 0, 0, 0, 0, 0, 0, 0, 0, 0, 0, 0, 0, 0, 0, 0],
	[3, 14, 20, 20, 19, 1, 2, 14, 1, 2] => QQFieldElem[1//2, 0, 0, 0, 1, 0, 0, 0, -1, 0, 0, 0, -1//2, 0, 0, 0],
	[3, 14, 20, 20, 19, 1, 1, 14, 1, 2] => QQFieldElem[-1//2, 0, 0, 0, 1, 0, 0, 0, 1, 0, 0, 0, -1//2, 0, 0, 0],
	[3, 14, 20, 20, 19, 1, 2, 14, 2, 2] => QQFieldElem[-1//2, 0, 0, 0, 0, 0, 0, 0, 0, 0, 0, 0, 0, 0, 0, 0],
	[3, 14, 20, 20, 19, 1, 1, 14, 2, 2] => QQFieldElem[1//2, 0, 0, 0, 0, 0, 0, 0, -1, 0, 0, 0, 0, 0, 0, 0],
	[3, 14, 20, 20, 21, 1, 2, 14, 1, 2] => QQFieldElem[1, 0, 0, 0, 1//2, 0, 0, 0, -1//2, 0, 0, 0, -1, 0, 0, 0],
	[3, 14, 20, 20, 21, 1, 1, 14, 1, 2] => QQFieldElem[-1, 0, 0, 0, 1//2, 0, 0, 0, 1//2, 0, 0, 0, -1, 0, 0, 0],
	[3, 14, 20, 20, 19, 1, 2, 14, 1, 1] => QQFieldElem[1//2, 0, 0, 0, -1, 0, 0, 0, -1, 0, 0, 0, 1//2, 0, 0, 0],
	[3, 14, 20, 20, 19, 1, 1, 14, 1, 1] => QQFieldElem[-1//2, 0, 0, 0, -1, 0, 0, 0, 1, 0, 0, 0, 1//2, 0, 0, 0],
	[3, 14, 20, 20, 21, 1, 2, 14, 2, 2] => QQFieldElem[-1//2, 0, 0, 0, 0, 0, 0, 0, 0, 0, 0, 0, 0, 0, 0, 0],
	[3, 14, 20, 20, 21, 1, 1, 14, 2, 2] => QQFieldElem[-1//2, 0, 0, 0, 0, 0, 0, 0, 1, 0, 0, 0, 0, 0, 0, 0],
	[3, 14, 20, 20, 19, 1, 2, 14, 2, 1] => QQFieldElem[1//2, 0, 0, 0, 0, 0, 0, 0, -1, 0, 0, 0, 0, 0, 0, 0],
	[3, 14, 20, 20, 19, 1, 1, 14, 2, 1] => QQFieldElem[-1//2, 0, 0, 0, 0, 0, 0, 0, 0, 0, 0, 0, 0, 0, 0, 0],
	[3, 14, 20, 20, 21, 1, 2, 14, 1, 1] => QQFieldElem[1, 0, 0, 0, -1//2, 0, 0, 0, -1//2, 0, 0, 0, 1, 0, 0, 0],
	[3, 14, 20, 20, 21, 1, 1, 14, 1, 1] => QQFieldElem[-1, 0, 0, 0, -1//2, 0, 0, 0, 1//2, 0, 0, 0, 1, 0, 0, 0])