Dict(
	[4, 14, 21, 20, 19, 1, 1, 14, 1, 2] => QQFieldElem[-1//28, 0, 1//7, 0, 0, 0, 1//14, 0, -1//14, 0, 1//28, 0, 0, 0, -3//28, 0],
	[4, 14, 21, 20, 20, 1, 2, 7, 1, 1] => QQFieldElem[-5//28, 0, 1//28, 0, 0, 0, -1//28, 0, 2//7, 0, 1//7, 0, 0, 0, 3//28, 0],
	[4, 14, 21, 20, 20, 1, 1, 7, 1, 1] => QQFieldElem[-5//28, 0, -1//28, 0, 0, 0, 1//28, 0, 2//7, 0, -1//7, 0, 0, 0, -3//28, 0],
	[4, 14, 21, 20, 19, 1, 2, 6, 1, 1] => QQFieldElem[3//14, 0, -3//14, 0, 0, 0, 5//14, 0, -1//7, 0, 1//7, 0, 0, 0, -1//14, 0],
	[4, 14, 21, 20, 21, 1, 2, 9, 1, 1] => QQFieldElem[0, 0, 0, 0, 0, 0, 0, 0, 0, 0, 0, 0, 0, 0, 0, 0],
	[4, 14, 21, 20, 19, 1, 1, 6, 1, 1] => QQFieldElem[3//14, 0, 3//14, 0, 0, 0, -5//14, 0, -1//7, 0, -1//7, 0, 0, 0, 1//14, 0],
	[4, 14, 21, 20, 19, 1, 1, 8, 1, 1] => QQFieldElem[-1//2, 0, 1//2, 0, 0, 0, 0, 0, 0, 0, -1//2, 0, 0, 0, 0, 0],
	[4, 14, 21, 20, 19, 1, 2, 8, 1, 1] => QQFieldElem[-1//2, 0, -1//2, 0, 0, 0, 0, 0, 0, 0, 1//2, 0, 0, 0, 0, 0],
	[4, 14, 21, 20, 21, 1, 1, 9, 1, 1] => QQFieldElem[1, 0, 0, 0, 0, 0, 0, 0, 0, 0, 0, 0, 0, 0, 0, 0],
	[4, 14, 21, 20, 21, 1, 2, 14, 1, 2] => QQFieldElem[-5//7, 0, 0, 0, 0, 0, 0, 0, 4//7, 0, 0, 0, 0, 0, 0, 0],
	[4, 14, 21, 20, 21, 1, 1, 14, 1, 2] => QQFieldElem[-1//7, 0, 0, 0, 0, 0, 0, 0, -2//7, 0, 0, 0, 0, 0, 0, 0],
	[4, 14, 21, 20, 20, 1, 2, 9, 1, 1] => QQFieldElem[-1//4, 0, 0, 0, 0, 0, -1//4, 0, 0, 0, 0, 0, 0, 0, 0, 0],
	[4, 14, 21, 20, 19, 1, 2, 14, 1, 1] => QQFieldElem[1//14, 0, -1//7, 0, 0, 0, 2//7, 0, 1//7, 0, 3//14, 0, 0, 0, 1//14, 0],
	[4, 14, 21, 20, 20, 1, 1, 9, 1, 1] => QQFieldElem[-1//4, 0, 0, 0, 0, 0, 1//4, 0, 0, 0, 0, 0, 0, 0, 0, 0],
	[4, 14, 21, 20, 21, 1, 2, 6, 1, 1] => QQFieldElem[-3//7, 0, 0, 0, 0, 0, 0, 0, 2//7, 0, 0, 0, 0, 0, 0, 0],
	[4, 14, 21, 20, 19, 1, 1, 14, 1, 1] => QQFieldElem[1//14, 0, 1//7, 0, 0, 0, -2//7, 0, 1//7, 0, -3//14, 0, 0, 0, -1//14, 0],
	[4, 14, 21, 20, 21, 1, 1, 6, 1, 1] => QQFieldElem[-1//7, 0, 0, 0, 0, 0, 0, 0, -4//7, 0, 0, 0, 0, 0, 0, 0],
	[4, 14, 21, 20, 21, 1, 1, 8, 1, 1] => QQFieldElem[0, 0, 0, 0, 0, 0, 0, 0, 0, 0, 0, 0, 0, 0, 0, 0],
	[4, 14, 21, 20, 21, 1, 2, 8, 1, 1] => QQFieldElem[1, 0, 0, 0, 0, 0, 0, 0, 0, 0, 0, 0, 0, 0, 0, 0],
	[4, 14, 21, 20, 19, 1, 2, 7, 1, 1] => QQFieldElem[-1//2, 0, -3//14, 0, 0, 0, -5//14, 0, 0, 0, 1//7, 0, 0, 0, 1//14, 0],
	[4, 14, 21, 20, 19, 1, 1, 7, 1, 1] => QQFieldElem[-1//2, 0, 3//14, 0, 0, 0, 5//14, 0, 0, 0, -1//7, 0, 0, 0, -1//14, 0],
	[4, 14, 21, 20, 20, 1, 2, 14, 1, 2] => QQFieldElem[-1//2, 0, -1//7, 0, 0, 0, -2//7, 0, 0, 0, 3//14, 0, 0, 0, -1//14, 0],
	[4, 14, 21, 20, 20, 1, 1, 14, 1, 2] => QQFieldElem[-1//2, 0, 1//7, 0, 0, 0, 2//7, 0, 0, 0, -3//14, 0, 0, 0, 1//14, 0],
	[4, 14, 21, 20, 20, 1, 2, 6, 1, 1] => QQFieldElem[-3//28, 0, 1//28, 0, 0, 0, 1//28, 0, 1//14, 0, 1//7, 0, 0, 0, -3//28, 0],
	[4, 14, 21, 20, 20, 1, 2, 8, 1, 1] => QQFieldElem[1//4, 0, 0, 0, 0, 0, 1//4, 0, 0, 0, 0, 0, 0, 0, 0, 0],
	[4, 14, 21, 20, 21, 1, 2, 14, 1, 1] => QQFieldElem[3//28, 0, -1//7, 0, 0, 0, 1//14, 0, -2//7, 0, -1//28, 0, 0, 0, -3//28, 0],
	[4, 14, 21, 20, 20, 1, 1, 8, 1, 1] => QQFieldElem[1//4, 0, 0, 0, 0, 0, -1//4, 0, 0, 0, 0, 0, 0, 0, 0, 0],
	[4, 14, 21, 20, 21, 1, 1, 14, 1, 1] => QQFieldElem[3//28, 0, 1//7, 0, 0, 0, -1//14, 0, -2//7, 0, 1//28, 0, 0, 0, 3//28, 0],
	[4, 14, 21, 20, 20, 1, 1, 6, 1, 1] => QQFieldElem[-3//28, 0, -1//28, 0, 0, 0, -1//28, 0, 1//14, 0, -1//7, 0, 0, 0, 3//28, 0],
	[4, 14, 21, 20, 21, 1, 2, 7, 1, 1] => QQFieldElem[-1//7, 0, 0, 0, 0, 0, 0, 0, -4//7, 0, 0, 0, 0, 0, 0, 0],
	[4, 14, 21, 20, 19, 1, 2, 9, 1, 1] => QQFieldElem[-1//2, 0, -1//2, 0, 0, 0, 0, 0, 0, 0, 1//2, 0, 0, 0, 0, 0],
	[4, 14, 21, 20, 21, 1, 1, 7, 1, 1] => QQFieldElem[-3//7, 0, 0, 0, 0, 0, 0, 0, 2//7, 0, 0, 0, 0, 0, 0, 0],
	[4, 14, 21, 20, 19, 1, 1, 9, 1, 1] => QQFieldElem[-1//2, 0, 1//2, 0, 0, 0, 0, 0, 0, 0, -1//2, 0, 0, 0, 0, 0],
	[4, 14, 21, 20, 20, 1, 2, 14, 1, 1] => QQFieldElem[-1//7, 0, 0, 0, 0, 0, 0, 0, -2//7, 0, 0, 0, 0, 0, 0, 0],
	[4, 14, 21, 20, 19, 1, 2, 14, 1, 2] => QQFieldElem[-1//28, 0, -1//7, 0, 0, 0, -1//14, 0, -1//14, 0, -1//28, 0, 0, 0, 3//28, 0],
	[4, 14, 21, 20, 20, 1, 1, 14, 1, 1] => QQFieldElem[-5//7, 0, 0, 0, 0, 0, 0, 0, 4//7, 0, 0, 0, 0, 0, 0, 0])