Dict(
	[4, 20, 19, 21, 20, 1, 1, 20, 1, 1] => QQFieldElem[-8//21, 0, 0, 0, 0, 0, 0, 0, -4//21, 0, 0, 0, 0, 0, 0, 0],
	[4, 20, 19, 21, 19, 1, 1, 20, 1, 2] => QQFieldElem[-8//21, 0, 0, 0, 0, 0, 0, 0, -4//21, 0, 0, 0, 0, 0, 0, 0],
	[4, 20, 19, 21, 19, 1, 1, 19, 1, 1] => QQFieldElem[2//3, 0, 0, 0, 0, 0, 0, 0, 0, 0, 0, 0, 0, 0, 0, 0],
	[4, 20, 19, 21, 19, 1, 1, 21, 1, 1] => QQFieldElem[-1//3, 0, 0, 0, 0, 0, 0, 0, -1//6, 0, 0, 0, 0, 0, 0, 0],
	[4, 20, 19, 21, 21, 1, 2, 20, 1, 2] => QQFieldElem[-1//2, 0, 0, 0, 0, 0, 0, 0, 1//6, 0, 0, 0, 0, 0, 0, 0],
	[4, 20, 19, 21, 21, 1, 1, 20, 1, 2] => QQFieldElem[-2//3, 0, 0, 0, 0, 0, 0, 0, 0, 0, 0, 0, 0, 0, 0, 0],
	[4, 20, 19, 21, 21, 1, 2, 19, 1, 1] => QQFieldElem[-8//21, 0, 0, 0, 0, 0, 0, 0, 5//21, 0, 0, 0, 0, 0, 0, 0],
	[4, 20, 19, 21, 21, 1, 1, 19, 1, 1] => QQFieldElem[-4//7, 0, 0, 0, 0, 0, 0, 0, 4//21, 0, 0, 0, 0, 0, 0, 0],
	[4, 20, 19, 21, 19, 1, 1, 20, 1, 1] => QQFieldElem[-1//7, 0, 0, 0, 0, 0, 0, 0, -5//21, 0, 0, 0, 0, 0, 0, 0],
	[4, 20, 19, 21, 21, 1, 2, 21, 1, 1] => QQFieldElem[-1//2, 0, 0, 0, 0, 0, 0, 0, 1//6, 0, 0, 0, 0, 0, 0, 0],
	[4, 20, 19, 21, 21, 1, 1, 21, 1, 1] => QQFieldElem[1//3, 0, 0, 0, 0, 0, 0, 0, 0, 0, 0, 0, 0, 0, 0, 0],
	[4, 20, 19, 21, 20, 1, 1, 20, 1, 2] => QQFieldElem[2//3, 0, 0, 0, 0, 0, 0, 0, 0, 0, 0, 0, 0, 0, 0, 0],
	[4, 20, 19, 21, 20, 1, 1, 19, 1, 1] => QQFieldElem[-4//7, 0, 0, 0, 0, 0, 0, 0, 4//21, 0, 0, 0, 0, 0, 0, 0],
	[4, 20, 19, 21, 21, 1, 2, 20, 1, 1] => QQFieldElem[1//3, 0, 0, 0, 0, 0, 0, 0, 0, 0, 0, 0, 0, 0, 0, 0],
	[4, 20, 19, 21, 21, 1, 1, 20, 1, 1] => QQFieldElem[-1//3, 0, 0, 0, 0, 0, 0, 0, -1//6, 0, 0, 0, 0, 0, 0, 0],
	[4, 20, 19, 21, 20, 1, 1, 21, 1, 1] => QQFieldElem[-2//3, 0, 0, 0, 0, 0, 0, 0, 0, 0, 0, 0, 0, 0, 0, 0])