Dict(
	[4, 20, 21, 14, 9, 1, 1, 21, 1, 2] => QQFieldElem[-1//12, 0, 0, 0, 0, 0, 0, 0, -1//3, 0, 0, 0, 0, 0, 0, 0],
	[4, 20, 21, 14, 14, 1, 2, 20, 1, 2] => QQFieldElem[1//4, 0, 1//4, 0, 1//6, 0, -1//12, 0, -2//3, 0, -1//12, 0, -1//4, 0, -1//6, 0],
	[4, 20, 21, 14, 14, 1, 1, 20, 1, 2] => QQFieldElem[-1//12, 0, 5//12, 0, 2//3, 0, 1//4, 0, -1//6, 0, 1//4, 0, -5//12, 0, -2//3, 0],
	[4, 20, 21, 14, 7, 1, 1, 20, 1, 1] => QQFieldElem[1//3, 0, -1//3, 0, 0, 0, 1//3, 0, 0, 0, 1//3, 0, -1//3, 0, 0, 0],
	[4, 20, 21, 14, 14, 1, 2, 19, 1, 1] => QQFieldElem[1//8, 0, -1//8, 0, 0, 0, 1//8, 0, 0, 0, 1//8, 0, 1//8, 0, 0, 0],
	[4, 20, 21, 14, 14, 1, 1, 19, 1, 1] => QQFieldElem[1//8, 0, -1//8, 0, 0, 0, 1//8, 0, 0, 0, 1//8, 0, 1//8, 0, 0, 0],
	[4, 20, 21, 14, 14, 1, 2, 21, 1, 1] => QQFieldElem[0, 0, 0, 0, 0, 0, 0, 0, 0, 0, 0, 0, 0, 0, 0, 0],
	[4, 20, 21, 14, 8, 1, 1, 20, 1, 1] => QQFieldElem[-1//12, 0, -5//12, 0, 2//3, 0, -1//4, 0, -1//6, 0, -1//4, 0, -5//12, 0, 2//3, 0],
	[4, 20, 21, 14, 6, 1, 1, 20, 1, 2] => QQFieldElem[-5//12, 0, -1//12, 0, -1//6, 0, 1//4, 0, 2//3, 0, 1//4, 0, -1//12, 0, -1//6, 0],
	[4, 20, 21, 14, 9, 1, 1, 20, 1, 2] => QQFieldElem[-5//12, 0, 1//12, 0, -1//6, 0, -1//4, 0, 2//3, 0, -1//4, 0, -1//12, 0, 1//6, 0],
	[4, 20, 21, 14, 14, 1, 1, 21, 1, 1] => QQFieldElem[1//3, 0, 0, 0, 0, 0, 0, 0, 0, 0, 0, 0, 0, 0, 0, 0],
	[4, 20, 21, 14, 6, 1, 1, 19, 1, 1] => QQFieldElem[-3//32, 0, 7//32, 0, 0, 0, -7//32, 0, 1//16, 0, -7//32, 0, 7//32, 0, 0, 0],
	[4, 20, 21, 14, 9, 1, 1, 19, 1, 1] => QQFieldElem[-3//32, 0, -7//32, 0, 0, 0, 7//32, 0, 1//16, 0, 7//32, 0, 7//32, 0, 0, 0],
	[4, 20, 21, 14, 7, 1, 1, 19, 1, 2] => QQFieldElem[1//8, 0, 1//8, 0, 0, 0, -1//8, 0, 0, 0, -1//8, 0, 1//8, 0, 0, 0],
	[4, 20, 21, 14, 6, 1, 1, 21, 1, 1] => QQFieldElem[-1//12, 0, 0, 0, 0, 0, 0, 0, -1//3, 0, 0, 0, 0, 0, 0, 0],
	[4, 20, 21, 14, 9, 1, 1, 21, 1, 1] => QQFieldElem[-1//4, 0, 0, 0, 0, 0, 0, 0, 1//6, 0, 0, 0, 0, 0, 0, 0],
	[4, 20, 21, 14, 7, 1, 1, 21, 1, 2] => QQFieldElem[1//3, 0, 0, 0, 0, 0, 0, 0, 0, 0, 0, 0, 0, 0, 0, 0],
	[4, 20, 21, 14, 14, 1, 2, 20, 1, 1] => QQFieldElem[-1//3, 0, -1//3, 0, 0, 0, 1//3, 0, 0, 0, 1//3, 0, 1//3, 0, 0, 0],
	[4, 20, 21, 14, 14, 1, 1, 20, 1, 1] => QQFieldElem[1//3, 0, 1//3, 0, 0, 0, -1//3, 0, 0, 0, -1//3, 0, -1//3, 0, 0, 0],
	[4, 20, 21, 14, 8, 1, 1, 19, 1, 2] => QQFieldElem[7//32, 0, -3//32, 0, 1//16, 0, 1//32, 0, 0, 0, 1//32, 0, -3//32, 0, 1//16, 0],
	[4, 20, 21, 14, 8, 1, 1, 21, 1, 2] => QQFieldElem[-1//12, 0, 0, 0, 0, 0, 0, 0, -1//6, 0, 0, 0, 0, 0, 0, 0],
	[4, 20, 21, 14, 6, 1, 1, 20, 1, 1] => QQFieldElem[-1//4, 0, 1//4, 0, -2//3, 0, 5//12, 0, 1//6, 0, 5//12, 0, 1//4, 0, -2//3, 0],
	[4, 20, 21, 14, 9, 1, 1, 20, 1, 1] => QQFieldElem[-1//4, 0, -1//4, 0, -2//3, 0, -5//12, 0, 1//6, 0, -5//12, 0, 1//4, 0, 2//3, 0],
	[4, 20, 21, 14, 7, 1, 1, 20, 1, 2] => QQFieldElem[-1//3, 0, 1//3, 0, 0, 0, -1//3, 0, 0, 0, -1//3, 0, 1//3, 0, 0, 0],
	[4, 20, 21, 14, 14, 1, 2, 19, 1, 2] => QQFieldElem[7//32, 0, 3//32, 0, 1//16, 0, -1//32, 0, 0, 0, -1//32, 0, -3//32, 0, -1//16, 0],
	[4, 20, 21, 14, 14, 1, 1, 19, 1, 2] => QQFieldElem[-1//32, 0, -7//32, 0, 0, 0, 7//32, 0, -1//16, 0, 7//32, 0, 7//32, 0, 0, 0],
	[4, 20, 21, 14, 7, 1, 1, 19, 1, 1] => QQFieldElem[1//8, 0, 1//8, 0, 0, 0, -1//8, 0, 0, 0, -1//8, 0, 1//8, 0, 0, 0],
	[4, 20, 21, 14, 14, 1, 2, 21, 1, 2] => QQFieldElem[-5//12, 0, 0, 0, 0, 0, 0, 0, 1//3, 0, 0, 0, 0, 0, 0, 0],
	[4, 20, 21, 14, 14, 1, 1, 21, 1, 2] => QQFieldElem[-1//12, 0, 0, 0, 0, 0, 0, 0, -1//6, 0, 0, 0, 0, 0, 0, 0],
	[4, 20, 21, 14, 8, 1, 1, 20, 1, 2] => QQFieldElem[1//4, 0, -1//4, 0, 1//6, 0, 1//12, 0, -2//3, 0, 1//12, 0, -1//4, 0, 1//6, 0],
	[4, 20, 21, 14, 7, 1, 1, 21, 1, 1] => QQFieldElem[0, 0, 0, 0, 0, 0, 0, 0, 0, 0, 0, 0, 0, 0, 0, 0],
	[4, 20, 21, 14, 8, 1, 1, 19, 1, 1] => QQFieldElem[-1//32, 0, 7//32, 0, 0, 0, -7//32, 0, -1//16, 0, -7//32, 0, 7//32, 0, 0, 0],
	[4, 20, 21, 14, 6, 1, 1, 19, 1, 2] => QQFieldElem[7//32, 0, -1//32, 0, -1//16, 0, 3//32, 0, 0, 0, 3//32, 0, -1//32, 0, -1//16, 0],
	[4, 20, 21, 14, 9, 1, 1, 19, 1, 2] => QQFieldElem[7//32, 0, 1//32, 0, -1//16, 0, -3//32, 0, 0, 0, -3//32, 0, -1//32, 0, 1//16, 0],
	[4, 20, 21, 14, 8, 1, 1, 21, 1, 1] => QQFieldElem[-5//12, 0, 0, 0, 0, 0, 0, 0, 1//3, 0, 0, 0, 0, 0, 0, 0],
	[4, 20, 21, 14, 6, 1, 1, 21, 1, 2] => QQFieldElem[-1//4, 0, 0, 0, 0, 0, 0, 0, 1//6, 0, 0, 0, 0, 0, 0, 0])