Dict(
	[9, 14, 14, 9, 14, 1, 1, 14, 1, 1] => QQFieldElem[0, 0, 0, 0, 0, 0, 0, 0, 0, 0, 0, 0, 1//2, 0, 0, 0],
	[9, 14, 14, 9, 14, 1, 2, 4, 1, 1] => QQFieldElem[0, 0, -1//384, 0, 0, 0, 0, 0, 0, 0, 1//384, 0, 0, 0, 0, 0],
	[9, 14, 14, 9, 1, 1, 1, 6, 1, 1] => QQFieldElem[0, 0, 0, 0, 0, 0, 0, 0, 0, 0, 0, 0, 0, 0, 0, 0],
	[9, 14, 14, 9, 3, 1, 2, 6, 1, 1] => QQFieldElem[1//48, 0, 0, 0, 0, 0, 0, 0, 0, 0, 0, 0, 0, 0, 0, 0],
	[9, 14, 14, 9, 14, 1, 1, 4, 1, 1] => QQFieldElem[0, 0, 1//384, 0, 0, 0, 0, 0, 0, 0, -1//384, 0, 0, 0, 0, 0],
	[9, 14, 14, 9, 3, 1, 1, 6, 1, 1] => QQFieldElem[0, 0, 0, 0, 0, 0, 0, 0, 0, 0, 0, 0, 0, 0, 0, 0],
	[9, 14, 14, 9, 14, 1, 2, 5, 1, 1] => QQFieldElem[0, 0, -1//144, 0, 0, 0, 0, 0, 0, 0, 1//144, 0, 0, 0, 0, 0],
	[9, 14, 14, 9, 14, 1, 1, 5, 1, 1] => QQFieldElem[0, 0, 1//144, 0, 0, 0, 0, 0, 0, 0, -1//144, 0, 0, 0, 0, 0],
	[9, 14, 14, 9, 1, 1, 1, 14, 1, 1] => QQFieldElem[9//32, 0, 0, 0, 0, 0, 0, 0, 0, 0, 0, 0, 0, 0, 0, 0],
	[9, 14, 14, 9, 3, 1, 2, 14, 1, 1] => QQFieldElem[0, 0, 0, 0, 0, 0, 0, 0, 0, 0, 0, 0, -2//3, 0, 0, 0],
	[9, 14, 14, 9, 3, 1, 1, 14, 1, 1] => QQFieldElem[9//32, 0, 0, 0, 0, 0, 0, 0, 0, 0, 0, 0, 0, 0, 0, 0],
	[9, 14, 14, 9, 14, 1, 2, 9, 1, 1] => QQFieldElem[0, 0, 0, 0, 0, 0, 0, 0, 0, 0, 0, 0, 0, 0, 0, 0],
	[9, 14, 14, 9, 14, 1, 1, 9, 1, 1] => QQFieldElem[0, 0, 0, 0, 0, 0, -4//9, 0, 0, 0, 0, 0, 0, 0, 0, 0],
	[9, 14, 14, 9, 1, 1, 1, 4, 1, 1] => QQFieldElem[0, 0, 3//2048, 0, 0, 0, 0, 0, 0, 0, -3//2048, 0, 0, 0, 0, 0],
	[9, 14, 14, 9, 3, 1, 2, 4, 1, 1] => QQFieldElem[0, 0, 1//288, 0, 0, 0, 0, 0, 0, 0, -1//288, 0, 0, 0, 0, 0],
	[9, 14, 14, 9, 3, 1, 1, 4, 1, 1] => QQFieldElem[0, 0, -3//2048, 0, 0, 0, 0, 0, 0, 0, 3//2048, 0, 0, 0, 0, 0],
	[9, 14, 14, 9, 1, 1, 1, 5, 1, 1] => QQFieldElem[0, 0, -1//128, 0, 0, 0, 0, 0, 0, 0, 1//128, 0, 0, 0, 0, 0],
	[9, 14, 14, 9, 3, 1, 2, 5, 1, 1] => QQFieldElem[0, 0, 1//108, 0, 0, 0, 0, 0, 0, 0, -1//108, 0, 0, 0, 0, 0],
	[9, 14, 14, 9, 3, 1, 1, 5, 1, 1] => QQFieldElem[0, 0, 1//128, 0, 0, 0, 0, 0, 0, 0, -1//128, 0, 0, 0, 0, 0],
	[9, 14, 14, 9, 14, 1, 2, 6, 1, 1] => QQFieldElem[1//64, 0, 0, 0, 0, 0, 0, 0, 0, 0, 0, 0, 0, 0, 0, 0],
	[9, 14, 14, 9, 14, 1, 1, 6, 1, 1] => QQFieldElem[1//64, 0, 0, 0, 0, 0, 0, 0, 0, 0, 0, 0, 0, 0, 0, 0],
	[9, 14, 14, 9, 1, 1, 1, 9, 1, 1] => QQFieldElem[0, 0, 1//4, 0, 0, 0, 0, 0, 0, 0, -1//4, 0, 0, 0, 0, 0],
	[9, 14, 14, 9, 3, 1, 2, 9, 1, 1] => QQFieldElem[0, 0, 0, 0, 0, 0, 16//27, 0, 0, 0, 0, 0, 0, 0, 0, 0],
	[9, 14, 14, 9, 3, 1, 1, 9, 1, 1] => QQFieldElem[0, 0, 1//4, 0, 0, 0, 0, 0, 0, 0, -1//4, 0, 0, 0, 0, 0],
	[9, 14, 14, 9, 14, 1, 2, 14, 1, 1] => QQFieldElem[0, 0, 0, 0, 0, 0, 0, 0, 0, 0, 0, 0, 0, 0, 0, 0])