Dict(
	[9, 14, 20, 20, 20, 1, 2, 14, 1, 2] => QQFieldElem[9//32, 0, 9//32, 0, 0, 0, -9//32, 0, 0, 0, -9//32, 0, 9//32, 0, 0, 0],
	[9, 14, 20, 20, 20, 1, 1, 14, 1, 2] => QQFieldElem[9//32, 0, -9//32, 0, 0, 0, 9//32, 0, 0, 0, 9//32, 0, -9//32, 0, 0, 0],
	[9, 14, 20, 20, 19, 1, 2, 5, 1, 1] => QQFieldElem[9//16, 0, 0, 0, 0, 0, 0, 0, -9//16, 0, -9//16, 0, -9//16, 0, -9//16, 0],
	[9, 14, 20, 20, 19, 1, 1, 5, 1, 1] => QQFieldElem[0, 0, 0, 0, 0, 0, 0, 0, 9//16, 0, 9//16, 0, 9//16, 0, 9//16, 0],
	[9, 14, 20, 20, 20, 1, 2, 6, 1, 1] => QQFieldElem[-1//4, 0, 1//4, 0, 0, 0, 1//4, 0, 1//2, 0, 0, 0, 0, 0, -1//4, 0],
	[9, 14, 20, 20, 21, 1, 2, 14, 1, 1] => QQFieldElem[-1//4, 0, 0, 0, 1//4, 0, -1//4, 0, 1//4, 0, -1//4, 0, 1//4, 0, 1//4, 0],
	[9, 14, 20, 20, 20, 1, 1, 6, 1, 1] => QQFieldElem[1, 0, 1, 0, -4//3, 0, -1//3, 0, 2//3, 0, -4//3, 0, 0, 0, 5//3, 0],
	[9, 14, 20, 20, 21, 1, 1, 14, 1, 1] => QQFieldElem[1//3, 0, 0, 0, 1//3, 0, -1//3, 0, 1//3, 0, -1//3, 0, -1//3, 0, 1//3, 0],
	[9, 14, 20, 20, 21, 1, 2, 4, 1, 1] => QQFieldElem[0, 0, -1//2, 0, -1//2, 0, -1//2, 0, -1//2, 0, -3//4, 0, -1//2, 0, -1//4, 0],
	[9, 14, 20, 20, 19, 1, 2, 9, 1, 1] => QQFieldElem[0, 0, 9//16, 0, 0, 0, -9//16, 0, 9//16, 0, 0, 0, -9//16, 0, 9//16, 0],
	[9, 14, 20, 20, 21, 1, 1, 4, 1, 1] => QQFieldElem[-1//2, 0, -1//2, 0, -1//2, 0, -1//2, 0, 1//2, 0, 3//4, 0, 1//2, 0, 3//4, 0],
	[9, 14, 20, 20, 19, 1, 1, 9, 1, 1] => QQFieldElem[9//16, 0, -9//16, 0, 0, 0, 9//16, 0, -9//16, 0, 0, 0, 9//16, 0, -9//16, 0],
	[9, 14, 20, 20, 21, 1, 2, 5, 1, 1] => QQFieldElem[0, 0, -1//2, 0, -1//2, 0, -1//2, 0, -1//2, 0, -1//4, 0, 0, 0, -1//4, 0],
	[9, 14, 20, 20, 21, 1, 1, 5, 1, 1] => QQFieldElem[1//2, 0, 1//2, 0, 1//2, 0, 1//2, 0, -1//2, 0, -3//4, 0, -1, 0, -5//4, 0],
	[9, 14, 20, 20, 20, 1, 2, 14, 1, 1] => QQFieldElem[1//4, 0, -1//2, 0, -1//4, 0, 1//4, 0, -1//4, 0, 3//4, 0, -1//4, 0, -1//4, 0],
	[9, 14, 20, 20, 20, 1, 1, 14, 1, 1] => QQFieldElem[1//4, 0, 0, 0, 1//4, 0, -1//4, 0, -1//4, 0, -1//4, 0, -1//4, 0, 1//4, 0],
	[9, 14, 20, 20, 19, 1, 2, 14, 1, 2] => QQFieldElem[1//2, 0, 1//4, 0, -1//4, 0, -1//2, 0, -1//4, 0, 0, 0, 1//2, 0, -1//4, 0],
	[9, 14, 20, 20, 19, 1, 1, 14, 1, 2] => QQFieldElem[0, 0, 1//3, 0, -1//3, 0, 2//3, 0, -1//3, 0, 0, 0, 0, 0, -1//3, 0],
	[9, 14, 20, 20, 20, 1, 2, 4, 1, 1] => QQFieldElem[-1, 0, -1//2, 0, -1//2, 0, -1//2, 0, 1//2, 0, 3//4, 0, 1, 0, 5//4, 0],
	[9, 14, 20, 20, 20, 1, 1, 4, 1, 1] => QQFieldElem[0, 0, 2//3, 0, 2//3, 0, 2//3, 0, 2//3, 0, 1//3, 0, 0, 0, -1//3, 0],
	[9, 14, 20, 20, 19, 1, 2, 6, 1, 1] => QQFieldElem[0, 0, 9//16, 0, 0, 0, -9//16, 0, 9//16, 0, 0, 0, -9//16, 0, 9//16, 0],
	[9, 14, 20, 20, 21, 1, 2, 9, 1, 1] => QQFieldElem[-3//4, 0, -3//4, 0, 1, 0, -1//4, 0, -1//2, 0, 1, 0, 0, 0, -3//4, 0],
	[9, 14, 20, 20, 20, 1, 2, 5, 1, 1] => QQFieldElem[0, 0, 1//2, 0, 1//2, 0, 1//2, 0, 1//2, 0, 1//4, 0, 1//2, 0, 1//4, 0],
	[9, 14, 20, 20, 21, 1, 1, 9, 1, 1] => QQFieldElem[1//4, 0, -1//4, 0, 0, 0, -1//4, 0, 0, 0, 0, 0, 0, 0, 1//4, 0],
	[9, 14, 20, 20, 20, 1, 1, 5, 1, 1] => QQFieldElem[-4//3, 0, -2//3, 0, -2//3, 0, -2//3, 0, 2//3, 0, 1, 0, 2//3, 0, 1, 0],
	[9, 14, 20, 20, 19, 1, 1, 6, 1, 1] => QQFieldElem[-9//16, 0, 9//16, 0, 0, 0, -9//16, 0, 9//16, 0, 0, 0, -9//16, 0, 9//16, 0],
	[9, 14, 20, 20, 21, 1, 2, 14, 1, 2] => QQFieldElem[0, 0, -1//4, 0, 1//4, 0, 0, 0, 1//4, 0, 0, 0, 0, 0, 1//4, 0],
	[9, 14, 20, 20, 21, 1, 1, 14, 1, 2] => QQFieldElem[0, 0, -1//4, 0, 1//4, 0, 1//2, 0, -1//4, 0, 0, 0, -1//2, 0, 1//4, 0],
	[9, 14, 20, 20, 19, 1, 2, 14, 1, 1] => QQFieldElem[9//32, 0, 9//32, 0, 0, 0, -9//32, 0, 0, 0, -9//32, 0, 9//32, 0, 0, 0],
	[9, 14, 20, 20, 20, 1, 2, 9, 1, 1] => QQFieldElem[1//4, 0, 1//4, 0, 0, 0, -1//4, 0, 0, 0, 0, 0, 0, 0, 1//4, 0],
	[9, 14, 20, 20, 20, 1, 1, 9, 1, 1] => QQFieldElem[-1, 0, -1//3, 0, 4//3, 0, -1, 0, 0, 0, 4//3, 0, -4//3, 0, -1//3, 0],
	[9, 14, 20, 20, 21, 1, 2, 6, 1, 1] => QQFieldElem[-1//4, 0, 1//4, 0, 0, 0, 1//4, 0, 0, 0, 0, 0, 0, 0, -1//4, 0],
	[9, 14, 20, 20, 19, 1, 1, 14, 1, 1] => QQFieldElem[-9//32, 0, 9//32, 0, 0, 0, -9//32, 0, 0, 0, -9//32, 0, 9//32, 0, 0, 0],
	[9, 14, 20, 20, 21, 1, 1, 6, 1, 1] => QQFieldElem[-5//4, 0, -1//4, 0, 1, 0, -3//4, 0, 1//2, 0, 1, 0, -1, 0, -1//4, 0],
	[9, 14, 20, 20, 19, 1, 2, 4, 1, 1] => QQFieldElem[9//16, 0, 0, 0, 0, 0, 0, 0, -9//16, 0, -9//16, 0, -9//16, 0, -9//16, 0],
	[9, 14, 20, 20, 19, 1, 1, 4, 1, 1] => QQFieldElem[0, 0, 0, 0, 0, 0, 0, 0, -9//16, 0, -9//16, 0, -9//16, 0, -9//16, 0])