Dict(
	[2, 2, 3, 4, 4, 1, 1, 2, 2, 1] => QQFieldElem[1, -1//3, 0, 2//3],
	[2, 2, 3, 4, 2, 1, 2, 3, 1, 1] => QQFieldElem[-1//3, -4//3, 2//3, -1//3],
	[2, 2, 3, 4, 2, 1, 1, 3, 1, 1] => QQFieldElem[17//9, 17//9, -34//9, -22//9],
	[2, 2, 3, 4, 2, 1, 2, 3, 2, 1] => QQFieldElem[-5//3, 1//3, 1//3, -5//3],
	[2, 2, 3, 4, 2, 1, 2, 2, 1, 1] => QQFieldElem[-43//3, -13//3, 47//3, -23],
	[2, 2, 3, 4, 2, 1, 1, 3, 2, 1] => QQFieldElem[30, -9, -9, 30],
	[2, 2, 3, 4, 2, 1, 1, 2, 1, 1] => QQFieldElem[2//3, 0, -2//3, 1],
	[2, 2, 3, 4, 3, 1, 1, 3, 1, 1] => QQFieldElem[-4//3, -5//9, 13//3, 22//9],
	[2, 2, 3, 4, 4, 1, 1, 3, 1, 1] => QQFieldElem[30, -9, -9, 30],
	[2, 2, 3, 4, 2, 1, 2, 2, 2, 1] => QQFieldElem[-23, 10, 3, -20],
	[2, 2, 3, 4, 2, 1, 1, 2, 2, 1] => QQFieldElem[-11071//3, -3980//3, 12904//3, -18403//3],
	[2, 2, 3, 4, 3, 1, 1, 3, 2, 1] => QQFieldElem[1//3, 0, 1//3, 0],
	[2, 2, 3, 4, 3, 1, 1, 2, 1, 1] => QQFieldElem[0, 4//9, 1, 4//9],
	[2, 2, 3, 4, 4, 1, 1, 3, 2, 1] => QQFieldElem[2//3, -1, 2//3, 1],
	[2, 2, 3, 4, 4, 1, 1, 2, 1, 1] => QQFieldElem[0, -17//3, 22//3, -17//3],
	[2, 2, 3, 4, 3, 1, 1, 2, 2, 1] => QQFieldElem[0, -1//3, 1//3, -1//3])