Dict(
	[2, 2, 2, 3, 2, 1, 2, 4, 1, 1] => QQFieldElem[-670//69, 10//23, 144//23, -845//69],
	[2, 2, 2, 3, 2, 1, 2, 2, 1, 2] => QQFieldElem[83, -55, 14, 53],
	[2, 2, 2, 3, 2, 2, 1, 4, 1, 1] => QQFieldElem[49//207, 16//207, -179//207, -98//207],
	[2, 2, 2, 3, 2, 2, 1, 2, 1, 2] => QQFieldElem[370, -426, 297, 56],
	[2, 2, 2, 3, 2, 1, 2, 3, 1, 1] => QQFieldElem[0, -1, 1, -2],
	[2, 2, 2, 3, 2, 1, 2, 2, 2, 2] => QQFieldElem[5//9, 17//9, 17//9, 5//9],
	[2, 2, 2, 3, 2, 2, 1, 3, 1, 1] => QQFieldElem[-241//9, -1351//27, 0, 314//27],
	[2, 2, 2, 3, 2, 2, 1, 2, 2, 2] => QQFieldElem[-56, 43, -17, -30],
	[2, 2, 2, 3, 2, 1, 2, 3, 2, 1] => QQFieldElem[1//3, 8//3, 13//3, 5//3],
	[2, 2, 2, 3, 4, 1, 1, 4, 1, 1] => QQFieldElem[-14//23, 29//69, -1//69, -31//69],
	[2, 2, 2, 3, 4, 1, 1, 2, 1, 2] => QQFieldElem[0, 0, 0, 0],
	[2, 2, 2, 3, 2, 2, 1, 3, 2, 1] => QQFieldElem[19//9, 32//9, -5//9, -10//9],
	[2, 2, 2, 3, 4, 1, 1, 3, 1, 1] => QQFieldElem[1//3, 1//3, 1//3, 1//3],
	[2, 2, 2, 3, 4, 1, 1, 2, 2, 2] => QQFieldElem[0, 0, 0, 0],
	[2, 2, 2, 3, 3, 1, 1, 2, 1, 1] => QQFieldElem[-1//3, -1//3, -1//3, 2//3],
	[2, 2, 2, 3, 4, 1, 1, 3, 2, 1] => QQFieldElem[-1, 0, 0, 0],
	[2, 2, 2, 3, 3, 1, 1, 2, 2, 1] => QQFieldElem[1, -2//3, 1//3, 2//3],
	[2, 2, 2, 3, 3, 1, 2, 4, 1, 1] => QQFieldElem[37//69, -25//69, 8//69, 6//23],
	[2, 2, 2, 3, 3, 1, 2, 2, 1, 2] => QQFieldElem[0, 0, 0, 0],
	[2, 2, 2, 3, 2, 1, 2, 2, 1, 1] => QQFieldElem[46, -14, -14, 46],
	[2, 2, 2, 3, 3, 1, 2, 3, 1, 1] => QQFieldElem[21, -1, -13, 26],
	[2, 2, 2, 3, 2, 2, 1, 2, 1, 1] => QQFieldElem[-37//27, -58//27, 29//27, 29//27],
	[2, 2, 2, 3, 3, 1, 2, 2, 2, 2] => QQFieldElem[-17, 5, 5, -17],
	[2, 2, 2, 3, 2, 1, 2, 2, 2, 1] => QQFieldElem[-13//3, 8//3, -4//3, -7//3],
	[2, 2, 2, 3, 3, 1, 2, 3, 2, 1] => QQFieldElem[17//3, 17//3, -34//3, 13],
	[2, 2, 2, 3, 2, 2, 1, 2, 2, 1] => QQFieldElem[25//9, -17//9, 4//9, 13//9],
	[2, 2, 2, 3, 4, 1, 1, 2, 1, 1] => QQFieldElem[1, 0, 0, 0],
	[2, 2, 2, 3, 2, 1, 1, 4, 1, 1] => QQFieldElem[16//69, -22//69, -4//69, 37//69],
	[2, 2, 2, 3, 2, 1, 1, 2, 1, 2] => QQFieldElem[2//3, -4//3, 2//3, 2//3],
	[2, 2, 2, 3, 4, 1, 1, 2, 2, 1] => QQFieldElem[0, 0, 0, 0],
	[2, 2, 2, 3, 2, 2, 2, 4, 1, 1] => QQFieldElem[58//69, -74//69, 43//69, 22//69],
	[2, 2, 2, 3, 2, 2, 2, 2, 1, 2] => QQFieldElem[185, -482//3, 241//3, 241//3],
	[2, 2, 2, 3, 2, 1, 1, 3, 1, 1] => QQFieldElem[4//3, 17//3, 22//3, 8//3],
	[2, 2, 2, 3, 2, 1, 1, 2, 2, 2] => QQFieldElem[33, -23, 7, 20],
	[2, 2, 2, 3, 2, 2, 2, 3, 1, 1] => QQFieldElem[14//9, 37//9, 29//9, 7//9],
	[2, 2, 2, 3, 2, 2, 2, 2, 2, 2] => QQFieldElem[-1760//81, -2702//81, 1351//81, 1351//81],
	[2, 2, 2, 3, 2, 1, 1, 3, 2, 1] => QQFieldElem[0, -1//3, -1//3, -1//3],
	[2, 2, 2, 3, 2, 2, 2, 3, 2, 1] => QQFieldElem[-1, -1, 2, 1],
	[2, 2, 2, 3, 3, 1, 2, 2, 1, 1] => QQFieldElem[37//27, 58//27, -29//27, -29//27],
	[2, 2, 2, 3, 3, 1, 2, 2, 2, 1] => QQFieldElem[-28//27, -52//27, -7//27, 8//27],
	[2, 2, 2, 3, 3, 1, 1, 4, 1, 1] => QQFieldElem[-2885//207, 2308//207, -998//207, -484//69],
	[2, 2, 2, 3, 3, 1, 1, 2, 1, 2] => QQFieldElem[-10//9, -4//3, 17//9, 4//3],
	[2, 2, 2, 3, 2, 1, 1, 2, 1, 1] => QQFieldElem[-2//3, 1//3, 1//3, -2//3],
	[2, 2, 2, 3, 2, 2, 2, 2, 1, 1] => QQFieldElem[53//9, -31//9, 11//9, 29//9],
	[2, 2, 2, 3, 3, 1, 1, 3, 1, 1] => QQFieldElem[-22//9, -73//9, -73//9, -22//9],
	[2, 2, 2, 3, 3, 1, 1, 2, 2, 2] => QQFieldElem[0, 0, 0, 0],
	[2, 2, 2, 3, 2, 1, 1, 2, 2, 1] => QQFieldElem[13//3, -4//3, -4//3, 13//3],
	[2, 2, 2, 3, 2, 2, 2, 2, 2, 1] => QQFieldElem[-13, 4, 4, -13],
	[2, 2, 2, 3, 3, 1, 1, 3, 2, 1] => QQFieldElem[2//3, -4//3, 5//3, 2//3])