Dict(
	[3, 2, 2, 2, 2, 1, 2, 2, 2, 2] => QQFieldElem[5//9, 17//9, 17//9, 5//9],
	[3, 2, 2, 2, 2, 2, 1, 3, 1, 1] => QQFieldElem[98//27, 1, -379//27, -70//9],
	[3, 2, 2, 2, 2, 2, 1, 2, 2, 2] => QQFieldElem[-314//3, 99, -56, -112//3],
	[3, 2, 2, 2, 4, 1, 1, 4, 1, 1] => QQFieldElem[-74//207, -107//207, 205//207, -24//23],
	[3, 2, 2, 2, 4, 1, 1, 2, 1, 2] => QQFieldElem[0, 0, 0, 0],
	[3, 2, 2, 2, 4, 1, 1, 3, 1, 1] => QQFieldElem[-38//3, 26//3, -10//3, -22//3],
	[3, 2, 2, 2, 4, 1, 1, 2, 2, 2] => QQFieldElem[0, 0, 0, 0],
	[3, 2, 2, 2, 3, 1, 1, 2, 1, 1] => QQFieldElem[5//3, 5//3, -10//3, -4//3],
	[3, 2, 2, 2, 2, 1, 1, 3, 1, 2] => QQFieldElem[-8//9, -139//27, -73//9, -85//27],
	[3, 2, 2, 2, 2, 2, 2, 3, 1, 2] => QQFieldElem[-88//27, -175//27, -22//27, 29//27],
	[3, 2, 2, 2, 3, 1, 1, 2, 2, 1] => QQFieldElem[1, -2//3, 1//3, 2//3],
	[3, 2, 2, 2, 3, 1, 2, 4, 1, 1] => QQFieldElem[215//207, -160//207, 86//207, 37//69],
	[3, 2, 2, 2, 3, 1, 2, 2, 1, 2] => QQFieldElem[0, 0, 0, 0],
	[3, 2, 2, 2, 2, 1, 2, 2, 1, 1] => QQFieldElem[41, 2, -31, 55],
	[3, 2, 2, 2, 3, 1, 2, 3, 1, 1] => QQFieldElem[-4//9, 23//9, 80//9, 38//9],
	[3, 2, 2, 2, 2, 2, 1, 2, 1, 1] => QQFieldElem[-109, 89, -40, -53],
	[3, 2, 2, 2, 3, 1, 2, 2, 2, 2] => QQFieldElem[0, 0, 0, 0],
	[3, 2, 2, 2, 2, 1, 2, 2, 2, 1] => QQFieldElem[11794//3, 56, -2814, 15533//3],
	[3, 2, 2, 2, 2, 2, 1, 2, 2, 1] => QQFieldElem[-3481//3, 882, -340, -1889//3],
	[3, 2, 2, 2, 4, 1, 1, 2, 1, 1] => QQFieldElem[-2, 2, -1, -1],
	[3, 2, 2, 2, 2, 1, 1, 4, 1, 1] => QQFieldElem[-73//27, -112//27, 56//27, 56//27],
	[3, 2, 2, 2, 2, 1, 1, 2, 1, 2] => QQFieldElem[29//3, -22//3, 8//3, 17//3],
	[3, 2, 2, 2, 4, 1, 1, 2, 2, 1] => QQFieldElem[0, 0, 0, 0],
	[3, 2, 2, 2, 2, 2, 2, 4, 1, 1] => QQFieldElem[11//69, 10//69, -14//69, 2//23],
	[3, 2, 2, 2, 2, 2, 2, 2, 1, 2] => QQFieldElem[4, -3, 1, 7//3],
	[3, 2, 2, 2, 3, 1, 1, 3, 1, 2] => QQFieldElem[-25//3, 17//3, -7//3, -16//3],
	[3, 2, 2, 2, 2, 1, 1, 3, 1, 1] => QQFieldElem[3016//81, 9647//81, 9238//81, 2702//81],
	[3, 2, 2, 2, 2, 1, 1, 2, 2, 2] => QQFieldElem[284//3, -66, 20, 172//3],
	[3, 2, 2, 2, 2, 2, 2, 3, 1, 1] => QQFieldElem[-44//9, -31//9, -5//9, -1//9],
	[3, 2, 2, 2, 2, 2, 2, 2, 2, 2] => QQFieldElem[8//3, -7//3, 2//3, 5//3],
	[3, 2, 2, 2, 3, 1, 2, 2, 1, 1] => QQFieldElem[28, -23, 10, 14],
	[3, 2, 2, 2, 2, 1, 2, 3, 1, 2] => QQFieldElem[5//3, 2, 7//3, 1],
	[3, 2, 2, 2, 2, 2, 1, 3, 1, 2] => QQFieldElem[-22//9, -14//9, 32//9, 19//9],
	[3, 2, 2, 2, 3, 1, 2, 2, 2, 1] => QQFieldElem[11, -28//3, 14//3, 14//3],
	[3, 2, 2, 2, 4, 1, 1, 3, 1, 2] => QQFieldElem[2, -4//3, 2//3, 5//3],
	[3, 2, 2, 2, 3, 1, 1, 4, 1, 1] => QQFieldElem[8//69, -20//207, -41//207, -4//69],
	[3, 2, 2, 2, 3, 1, 1, 2, 1, 2] => QQFieldElem[26, 22//3, -83//3, 124//3],
	[3, 2, 2, 2, 2, 1, 1, 2, 1, 1] => QQFieldElem[4//3, -5//3, 4//3, 1//3],
	[3, 2, 2, 2, 2, 2, 2, 2, 1, 1] => QQFieldElem[-2900, 1803, -327, -1975],
	[3, 2, 2, 2, 3, 1, 1, 3, 1, 1] => QQFieldElem[-4//9, 8//9, -1//9, -4//9],
	[3, 2, 2, 2, 3, 1, 1, 2, 2, 2] => QQFieldElem[-1//3, 2//3, 5//3, 2//3],
	[3, 2, 2, 2, 2, 1, 1, 2, 2, 1] => QQFieldElem[-172//3, 125//3, -43//3, -33],
	[3, 2, 2, 2, 2, 2, 2, 2, 2, 1] => QQFieldElem[-1//9, -1//9, -7//9, -4//9],
	[3, 2, 2, 2, 2, 1, 2, 4, 1, 1] => QQFieldElem[-53//207, -44//207, 103//207, 61//207],
	[3, 2, 2, 2, 2, 1, 2, 2, 1, 2] => QQFieldElem[238, -158, 40, 152],
	[3, 2, 2, 2, 3, 1, 2, 3, 1, 2] => QQFieldElem[4//9, 16//9, -11//9, -11//9],
	[3, 2, 2, 2, 2, 2, 1, 4, 1, 1] => QQFieldElem[37//207, 88//207, 70//207, 16//207],
	[3, 2, 2, 2, 2, 2, 1, 2, 1, 2] => QQFieldElem[-4//3, 2//3, -1//3, -1//3],
	[3, 2, 2, 2, 2, 1, 2, 3, 1, 1] => QQFieldElem[86//3, 1132//27, -241//9, -650//27])