Dict(
	[10, 23, 21, 24, 14, 25] => QQFieldElem[-1//7, 0, 0, 0, -1//14, 0, 0, 0],
	[10, 23, 21, 24, 22, 24] => QQFieldElem[-5//6, 0, 0, 0, 2//3, 0, 0, 0],
	[10, 23, 21, 24, 22, 17] => QQFieldElem[-3//4, 0, 0, 0, 1//4, 0, 0, 0],
	[10, 23, 21, 24, 19, 24] => QQFieldElem[-2//3, 0, 0, 0, 1//3, 0, 0, 0],
	[10, 23, 21, 24, 19, 17] => QQFieldElem[1//2, 0, 0, 0, 0, 0, 0, 0],
	[10, 23, 21, 24, 23, 24] => QQFieldElem[1//2, 0, 0, 0, 0, 0, 0, 0],
	[10, 23, 21, 24, 14, 15] => QQFieldElem[-3//2, 0, 0, 0, 0, 0, 0, 0],
	[10, 23, 21, 24, 23, 17] => QQFieldElem[-1//4, 0, 0, 0, -1//4, 0, 0, 0],
	[10, 23, 21, 24, 22, 25] => QQFieldElem[1//2, 0, 0, 0, 0, 0, 0, 0],
	[10, 23, 21, 24, 19, 25] => QQFieldElem[-2//7, 0, 0, 0, -1//7, 0, 0, 0],
	[10, 23, 21, 24, 14, 24] => QQFieldElem[-1//3, 0, 0, 0, 1//6, 0, 0, 0],
	[10, 23, 21, 24, 23, 25] => QQFieldElem[-1//14, 0, 0, 0, -2//7, 0, 0, 0],
	[10, 23, 21, 24, 14, 17] => QQFieldElem[-1//4, 0, 0, 0, 0, 0, 0, 0],
	[10, 23, 21, 24, 22, 15] => QQFieldElem[9//2, 0, 0, 0, -3//2, 0, 0, 0],
	[10, 23, 21, 24, 19, 15] => QQFieldElem[3, 0, 0, 0, 0, 0, 0, 0],
	[10, 23, 21, 24, 23, 15] => QQFieldElem[3//2, 0, 0, 0, 3//2, 0, 0, 0])