Dict(
	[10, 21, 25, 22, 25, 10] => QQFieldElem[0, 0, 3//4, 0, 0, 0, -3//4, 0],
	[10, 21, 25, 22, 17, 10] => QQFieldElem[0, 0, -3//4, 0, 0, 0, 3//4, 0],
	[10, 21, 25, 22, 24, 10] => QQFieldElem[0, 0, 1//4, 0, 0, 0, 1//4, 0],
	[10, 21, 25, 22, 25, 12] => QQFieldElem[0, 0, 0, 0, 0, 0, 1//2, 0],
	[10, 21, 25, 22, 15, 10] => QQFieldElem[0, 0, -1//4, 0, 0, 0, 3//4, 0],
	[10, 21, 25, 22, 17, 12] => QQFieldElem[0, 0, 0, 0, 0, 0, 1//2, 0],
	[10, 21, 25, 22, 25, 11] => QQFieldElem[0, 0, -3//7, 0, 0, 0, 9//14, 0],
	[10, 21, 25, 22, 25, 9] => QQFieldElem[0, 0, -3//4, 0, 0, 0, 3//4, 0],
	[10, 21, 25, 22, 24, 12] => QQFieldElem[0, 0, -1, 0, 0, 0, 1//2, 0],
	[10, 21, 25, 22, 17, 11] => QQFieldElem[0, 0, -3//7, 0, 0, 0, 9//14, 0],
	[10, 21, 25, 22, 15, 12] => QQFieldElem[0, 0, 1, 0, 0, 0, 1//2, 0],
	[10, 21, 25, 22, 17, 9] => QQFieldElem[0, 0, 3//4, 0, 0, 0, -3//4, 0],
	[10, 21, 25, 22, 24, 11] => QQFieldElem[0, 0, 2//7, 0, 0, 0, 1//14, 0],
	[10, 21, 25, 22, 24, 9] => QQFieldElem[0, 0, 3//4, 0, 0, 0, 3//4, 0],
	[10, 21, 25, 22, 15, 11] => QQFieldElem[0, 0, 0, 0, 0, 0, -1//2, 0],
	[10, 21, 25, 22, 15, 9] => QQFieldElem[0, 0, -3//4, 0, 0, 0, 9//4, 0])