Dict(
	[10, 9, 25, 25, 20, 5] => QQFieldElem[0, 0, 0, 0, 0, 0, -1, 0],
	[10, 9, 25, 25, 13, 1] => QQFieldElem[4, 0, 0, 0, 0, 0, 0, 0],
	[10, 9, 25, 25, 13, 6] => QQFieldElem[-16//7, 0, 0, 0, 0, 0, 0, 0],
	[10, 9, 25, 25, 22, 21] => QQFieldElem[0, 0, 0, 0, 0, 0, -4//3, 0],
	[10, 9, 25, 25, 20, 1] => QQFieldElem[0, 0, 0, 0, 0, 0, 1, 0],
	[10, 9, 25, 25, 20, 6] => QQFieldElem[0, 0, 0, 0, 0, 0, 2//7, 0],
	[10, 9, 25, 25, 23, 21] => QQFieldElem[0, 0, 0, 0, 0, 0, 2//3, 0],
	[10, 9, 25, 25, 22, 5] => QQFieldElem[0, 0, 0, 0, 0, 0, 1, 0],
	[10, 9, 25, 25, 23, 5] => QQFieldElem[0, 0, 0, 0, 0, 0, 1, 0],
	[10, 9, 25, 25, 22, 1] => QQFieldElem[0, 0, 0, 0, 0, 0, 1, 0],
	[10, 9, 25, 25, 13, 21] => QQFieldElem[-16//3, 0, 0, 0, 0, 0, 0, 0],
	[10, 9, 25, 25, 22, 6] => QQFieldElem[0, 0, 0, 0, 0, 0, 4//7, 0],
	[10, 9, 25, 25, 23, 1] => QQFieldElem[0, 0, 0, 0, 0, 0, 1, 0],
	[10, 9, 25, 25, 23, 6] => QQFieldElem[0, 0, 0, 0, 0, 0, -2//7, 0],
	[10, 9, 25, 25, 20, 21] => QQFieldElem[0, 0, 0, 0, 0, 0, 2//3, 0],
	[10, 9, 25, 25, 13, 5] => QQFieldElem[-4, 0, 0, 0, 0, 0, 0, 0])