Dict(
	[10, 11, 10, 12, 8, 6] => QQFieldElem[2//3, 0, 0, 0, 0, 0, 0, 0],
	[10, 11, 10, 12, 21, 8] => QQFieldElem[-1//3, 0, 0, 0, 0, 0, 0, 0],
	[10, 11, 10, 12, 3, 8] => QQFieldElem[-4//3, 0, 0, 0, 0, 0, 0, 0],
	[10, 11, 10, 12, 21, 6] => QQFieldElem[-1//3, 0, 0, 0, 0, 0, 0, 0],
	[10, 11, 10, 12, 3, 6] => QQFieldElem[-4//3, 0, 0, 0, 0, 0, 0, 0],
	[10, 11, 10, 12, 8, 3] => QQFieldElem[1//18, 0, 0, 0, 0, 0, 0, 0],
	[10, 11, 10, 12, 6, 21] => QQFieldElem[-2//3, 0, 0, 0, 0, 0, 0, 0],
	[10, 11, 10, 12, 21, 3] => QQFieldElem[1//18, 0, 0, 0, 0, 0, 0, 0],
	[10, 11, 10, 12, 3, 3] => QQFieldElem[-1//9, 0, 0, 0, 0, 0, 0, 0],
	[10, 11, 10, 12, 8, 21] => QQFieldElem[-2//3, 0, 0, 0, 0, 0, 0, 0],
	[10, 11, 10, 12, 6, 8] => QQFieldElem[2//3, 0, 0, 0, 0, 0, 0, 0],
	[10, 11, 10, 12, 21, 21] => QQFieldElem[1//3, 0, 0, 0, 0, 0, 0, 0],
	[10, 11, 10, 12, 3, 21] => QQFieldElem[-8//3, 0, 0, 0, 0, 0, 0, 0],
	[10, 11, 10, 12, 6, 6] => QQFieldElem[-1//3, 0, 0, 0, 0, 0, 0, 0],
	[10, 11, 10, 12, 6, 3] => QQFieldElem[1//18, 0, 0, 0, 0, 0, 0, 0],
	[10, 11, 10, 12, 8, 8] => QQFieldElem[-1//3, 0, 0, 0, 0, 0, 0, 0])