Dict(
	[10, 22, 22, 11, 21, 18] => QQFieldElem[0, 0, 0, 0, 0, 0, 7//12, 0],
	[10, 22, 22, 11, 7, 24] => QQFieldElem[0, 0, 0, 0, 0, 0, 1//4, 0],
	[10, 22, 22, 11, 4, 18] => QQFieldElem[0, 0, 0, 0, 0, 0, -1//2, 0],
	[10, 22, 22, 11, 5, 25] => QQFieldElem[0, 0, 0, 0, 0, 0, 1//3, 0],
	[10, 22, 22, 11, 21, 16] => QQFieldElem[-7//432, 0, 0, 0, 0, 0, 0, 0],
	[10, 22, 22, 11, 4, 16] => QQFieldElem[-1//72, 0, 0, 0, 0, 0, 0, 0],
	[10, 22, 22, 11, 21, 24] => QQFieldElem[0, 0, 0, 0, 0, 0, 7//12, 0],
	[10, 22, 22, 11, 4, 24] => QQFieldElem[0, 0, 0, 0, 0, 0, -1, 0],
	[10, 22, 22, 11, 5, 18] => QQFieldElem[0, 0, 0, 0, 0, 0, 1//6, 0],
	[10, 22, 22, 11, 7, 25] => QQFieldElem[0, 0, 0, 0, 0, 0, 1//4, 0],
	[10, 22, 22, 11, 5, 16] => QQFieldElem[-1//216, 0, 0, 0, 0, 0, 0, 0],
	[10, 22, 22, 11, 5, 24] => QQFieldElem[0, 0, 0, 0, 0, 0, -1//3, 0],
	[10, 22, 22, 11, 21, 25] => QQFieldElem[0, 0, 0, 0, 0, 0, -7//12, 0],
	[10, 22, 22, 11, 7, 18] => QQFieldElem[0, 0, 0, 0, 0, 0, -1//4, 0],
	[10, 22, 22, 11, 4, 25] => QQFieldElem[0, 0, 0, 0, 0, 0, -1, 0],
	[10, 22, 22, 11, 7, 16] => QQFieldElem[-1//144, 0, 0, 0, 0, 0, 0, 0])