Dict(
	[10, 24, 24, 10, 5, 13] => QQFieldElem[-1//36, 0, 0, 0, 1//18, 0, 0, 0],
	[10, 24, 24, 10, 21, 23] => QQFieldElem[0, 0, 0, 0, 0, 0, 1//4, 0],
	[10, 24, 24, 10, 21, 22] => QQFieldElem[0, 0, 0, 0, 0, 0, 1//4, 0],
	[10, 24, 24, 10, 6, 13] => QQFieldElem[-1//72, 0, 0, 0, -1//18, 0, 0, 0],
	[10, 24, 24, 10, 5, 20] => QQFieldElem[0, 0, 0, 0, 0, 0, 1//3, 0],
	[10, 24, 24, 10, 1, 13] => QQFieldElem[1//36, 0, 0, 0, -1//18, 0, 0, 0],
	[10, 24, 24, 10, 6, 20] => QQFieldElem[0, 0, 1//6, 0, 0, 0, 1//12, 0],
	[10, 24, 24, 10, 5, 23] => QQFieldElem[0, 0, -2//3, 0, 0, 0, 1//3, 0],
	[10, 24, 24, 10, 5, 22] => QQFieldElem[0, 0, 1//3, 0, 0, 0, -1//6, 0],
	[10, 24, 24, 10, 6, 23] => QQFieldElem[0, 0, -1//3, 0, 0, 0, 5//12, 0],
	[10, 24, 24, 10, 1, 20] => QQFieldElem[0, 0, 0, 0, 0, 0, -1//3, 0],
	[10, 24, 24, 10, 6, 22] => QQFieldElem[0, 0, -1//3, 0, 0, 0, 5//12, 0],
	[10, 24, 24, 10, 21, 13] => QQFieldElem[1//24, 0, 0, 0, 0, 0, 0, 0],
	[10, 24, 24, 10, 1, 23] => QQFieldElem[0, 0, -2//3, 0, 0, 0, 1//3, 0],
	[10, 24, 24, 10, 1, 22] => QQFieldElem[0, 0, 1//3, 0, 0, 0, -1//6, 0],
	[10, 24, 24, 10, 21, 20] => QQFieldElem[0, 0, -1//6, 0, 0, 0, 1//12, 0])