Dict(
	[10, 12, 11, 10, 21, 5] => QQFieldElem[1//3, 0, 0, 0, 0, 0, 0, 0],
	[10, 12, 11, 10, 6, 7] => QQFieldElem[1//3, 0, 0, 0, 0, 0, 0, 0],
	[10, 12, 11, 10, 5, 4] => QQFieldElem[1//6, 0, 0, 0, 0, 0, 0, 0],
	[10, 12, 11, 10, 5, 21] => QQFieldElem[2//3, 0, 0, 0, 0, 0, 0, 0],
	[10, 12, 11, 10, 1, 7] => QQFieldElem[-4//3, 0, 0, 0, 0, 0, 0, 0],
	[10, 12, 11, 10, 6, 4] => QQFieldElem[1//6, 0, 0, 0, 0, 0, 0, 0],
	[10, 12, 11, 10, 6, 21] => QQFieldElem[2//3, 0, 0, 0, 0, 0, 0, 0],
	[10, 12, 11, 10, 5, 5] => QQFieldElem[1//3, 0, 0, 0, 0, 0, 0, 0],
	[10, 12, 11, 10, 1, 4] => QQFieldElem[1//3, 0, 0, 0, 0, 0, 0, 0],
	[10, 12, 11, 10, 1, 21] => QQFieldElem[-8//3, 0, 0, 0, 0, 0, 0, 0],
	[10, 12, 11, 10, 6, 5] => QQFieldElem[-2//3, 0, 0, 0, 0, 0, 0, 0],
	[10, 12, 11, 10, 21, 7] => QQFieldElem[1//3, 0, 0, 0, 0, 0, 0, 0],
	[10, 12, 11, 10, 1, 5] => QQFieldElem[-4//3, 0, 0, 0, 0, 0, 0, 0],
	[10, 12, 11, 10, 21, 4] => QQFieldElem[1//6, 0, 0, 0, 0, 0, 0, 0],
	[10, 12, 11, 10, 21, 21] => QQFieldElem[-1//3, 0, 0, 0, 0, 0, 0, 0],
	[10, 12, 11, 10, 5, 7] => QQFieldElem[-2//3, 0, 0, 0, 0, 0, 0, 0])