Dict(
	[10, 23, 22, 12, 8, 17] => QQFieldElem[0, 0, 0, 0, 0, 0, 7//12, 0],
	[10, 23, 22, 12, 6, 25] => QQFieldElem[0, 0, 0, 0, 0, 0, 1//3, 0],
	[10, 23, 22, 12, 21, 24] => QQFieldElem[0, 0, 0, 0, 0, 0, -1//4, 0],
	[10, 23, 22, 12, 3, 24] => QQFieldElem[0, 0, 0, 0, 0, 0, -1//2, 0],
	[10, 23, 22, 12, 21, 17] => QQFieldElem[0, 0, 0, 0, 0, 0, 1//4, 0],
	[10, 23, 22, 12, 3, 17] => QQFieldElem[0, 0, 0, 0, 0, 0, -1, 0],
	[10, 23, 22, 12, 6, 15] => QQFieldElem[-1//216, 0, 0, 0, 0, 0, 0, 0],
	[10, 23, 22, 12, 8, 25] => QQFieldElem[0, 0, 0, 0, 0, 0, -7//12, 0],
	[10, 23, 22, 12, 21, 25] => QQFieldElem[0, 0, 0, 0, 0, 0, 1//4, 0],
	[10, 23, 22, 12, 3, 25] => QQFieldElem[0, 0, 0, 0, 0, 0, -1, 0],
	[10, 23, 22, 12, 8, 15] => QQFieldElem[-7//432, 0, 0, 0, 0, 0, 0, 0],
	[10, 23, 22, 12, 6, 24] => QQFieldElem[0, 0, 0, 0, 0, 0, 1//6, 0],
	[10, 23, 22, 12, 6, 17] => QQFieldElem[0, 0, 0, 0, 0, 0, -1//3, 0],
	[10, 23, 22, 12, 21, 15] => QQFieldElem[-1//144, 0, 0, 0, 0, 0, 0, 0],
	[10, 23, 22, 12, 3, 15] => QQFieldElem[-1//72, 0, 0, 0, 0, 0, 0, 0],
	[10, 23, 22, 12, 8, 24] => QQFieldElem[0, 0, 0, 0, 0, 0, 7//12, 0])