Dict(
	[10, 23, 24, 21, 10, 24] => QQFieldElem[0, 0, -1//14, 0, 0, 0, 3//14, 0],
	[10, 23, 24, 21, 9, 15] => QQFieldElem[0, 0, -1//2, 0, 0, 0, -1//2, 0],
	[10, 23, 24, 21, 10, 17] => QQFieldElem[0, 0, 1//2, 0, 0, 0, -1//2, 0],
	[10, 23, 24, 21, 12, 24] => QQFieldElem[0, 0, 3//14, 0, 0, 0, 3//28, 0],
	[10, 23, 24, 21, 12, 17] => QQFieldElem[0, 0, 0, 0, 0, 0, 1//4, 0],
	[10, 23, 24, 21, 11, 15] => QQFieldElem[0, 0, 1//3, 0, 0, 0, 1//12, 0],
	[10, 23, 24, 21, 9, 24] => QQFieldElem[0, 0, 3//14, 0, 0, 0, -9//14, 0],
	[10, 23, 24, 21, 10, 25] => QQFieldElem[0, 0, -1//2, 0, 0, 0, 1//2, 0],
	[10, 23, 24, 21, 9, 17] => QQFieldElem[0, 0, 1//2, 0, 0, 0, -1//2, 0],
	[10, 23, 24, 21, 12, 25] => QQFieldElem[0, 0, 0, 0, 0, 0, 1//4, 0],
	[10, 23, 24, 21, 11, 24] => QQFieldElem[0, 0, 0, 0, 0, 0, -1//4, 0],
	[10, 23, 24, 21, 11, 17] => QQFieldElem[0, 0, -1//2, 0, 0, 0, 3//4, 0],
	[10, 23, 24, 21, 10, 15] => QQFieldElem[0, 0, 1//6, 0, 0, 0, 1//6, 0],
	[10, 23, 24, 21, 12, 15] => QQFieldElem[0, 0, -1//2, 0, 0, 0, 1//4, 0],
	[10, 23, 24, 21, 9, 25] => QQFieldElem[0, 0, -1//2, 0, 0, 0, 1//2, 0],
	[10, 23, 24, 21, 11, 25] => QQFieldElem[0, 0, -1//2, 0, 0, 0, 3//4, 0])