Dict(
	[10, 9, 11, 11, 5, 6] => QQFieldElem[-2//3, 0, 0, 0, 0, 0, 0, 0],
	[10, 9, 11, 11, 7, 5] => QQFieldElem[-2//3, 0, 0, 0, 0, 0, 0, 0],
	[10, 9, 11, 11, 21, 21] => QQFieldElem[-1//3, 0, 0, 0, 0, 0, 0, 0],
	[10, 9, 11, 11, 4, 21] => QQFieldElem[8//3, 0, 0, 0, 0, 0, 0, 0],
	[10, 9, 11, 11, 7, 1] => QQFieldElem[1//18, 0, 0, 0, 0, 0, 0, 0],
	[10, 9, 11, 11, 21, 5] => QQFieldElem[1//3, 0, 0, 0, 0, 0, 0, 0],
	[10, 9, 11, 11, 7, 6] => QQFieldElem[1//3, 0, 0, 0, 0, 0, 0, 0],
	[10, 9, 11, 11, 4, 5] => QQFieldElem[4//3, 0, 0, 0, 0, 0, 0, 0],
	[10, 9, 11, 11, 5, 21] => QQFieldElem[2//3, 0, 0, 0, 0, 0, 0, 0],
	[10, 9, 11, 11, 21, 1] => QQFieldElem[1//18, 0, 0, 0, 0, 0, 0, 0],
	[10, 9, 11, 11, 21, 6] => QQFieldElem[1//3, 0, 0, 0, 0, 0, 0, 0],
	[10, 9, 11, 11, 4, 1] => QQFieldElem[-1//9, 0, 0, 0, 0, 0, 0, 0],
	[10, 9, 11, 11, 4, 6] => QQFieldElem[4//3, 0, 0, 0, 0, 0, 0, 0],
	[10, 9, 11, 11, 5, 5] => QQFieldElem[1//3, 0, 0, 0, 0, 0, 0, 0],
	[10, 9, 11, 11, 7, 21] => QQFieldElem[2//3, 0, 0, 0, 0, 0, 0, 0],
	[10, 9, 11, 11, 5, 1] => QQFieldElem[1//18, 0, 0, 0, 0, 0, 0, 0])