Dict(
	[10, 12, 10, 11, 7, 21] => QQFieldElem[-2//3, 0, 0, 0, 0, 0, 0, 0],
	[10, 12, 10, 11, 4, 7] => QQFieldElem[-4//3, 0, 0, 0, 0, 0, 0, 0],
	[10, 12, 10, 11, 7, 5] => QQFieldElem[2//3, 0, 0, 0, 0, 0, 0, 0],
	[10, 12, 10, 11, 21, 4] => QQFieldElem[1//18, 0, 0, 0, 0, 0, 0, 0],
	[10, 12, 10, 11, 21, 21] => QQFieldElem[1//3, 0, 0, 0, 0, 0, 0, 0],
	[10, 12, 10, 11, 4, 4] => QQFieldElem[-1//9, 0, 0, 0, 0, 0, 0, 0],
	[10, 12, 10, 11, 4, 21] => QQFieldElem[-8//3, 0, 0, 0, 0, 0, 0, 0],
	[10, 12, 10, 11, 5, 7] => QQFieldElem[2//3, 0, 0, 0, 0, 0, 0, 0],
	[10, 12, 10, 11, 21, 5] => QQFieldElem[-1//3, 0, 0, 0, 0, 0, 0, 0],
	[10, 12, 10, 11, 4, 5] => QQFieldElem[-4//3, 0, 0, 0, 0, 0, 0, 0],
	[10, 12, 10, 11, 5, 4] => QQFieldElem[1//18, 0, 0, 0, 0, 0, 0, 0],
	[10, 12, 10, 11, 5, 21] => QQFieldElem[-2//3, 0, 0, 0, 0, 0, 0, 0],
	[10, 12, 10, 11, 7, 7] => QQFieldElem[-1//3, 0, 0, 0, 0, 0, 0, 0],
	[10, 12, 10, 11, 5, 5] => QQFieldElem[-1//3, 0, 0, 0, 0, 0, 0, 0],
	[10, 12, 10, 11, 7, 4] => QQFieldElem[1//18, 0, 0, 0, 0, 0, 0, 0],
	[10, 12, 10, 11, 21, 7] => QQFieldElem[-1//3, 0, 0, 0, 0, 0, 0, 0])