Dict(
	[10, 23, 22, 9, 7, 17] => QQFieldElem[0, 0, 0, 0, 0, 0, 1//3, 0],
	[10, 23, 22, 9, 8, 24] => QQFieldElem[0, 0, 1//3, 0, 0, 0, 1//12, 0],
	[10, 23, 22, 9, 8, 17] => QQFieldElem[0, 0, -1//6, 0, 0, 0, 1//4, 0],
	[10, 23, 22, 9, 2, 24] => QQFieldElem[0, 0, -1//3, 0, 0, 0, 1//6, 0],
	[10, 23, 22, 9, 21, 24] => QQFieldElem[0, 0, 0, 0, 0, 0, 1//4, 0],
	[10, 23, 22, 9, 2, 17] => QQFieldElem[0, 0, 0, 0, 0, 0, -1//3, 0],
	[10, 23, 22, 9, 21, 17] => QQFieldElem[0, 0, 1//6, 0, 0, 0, -1//12, 0],
	[10, 23, 22, 9, 7, 25] => QQFieldElem[0, 0, 2//3, 0, 0, 0, -1//3, 0],
	[10, 23, 22, 9, 8, 25] => QQFieldElem[0, 0, 1//3, 0, 0, 0, 1//12, 0],
	[10, 23, 22, 9, 2, 25] => QQFieldElem[0, 0, 2//3, 0, 0, 0, -1//3, 0],
	[10, 23, 22, 9, 7, 15] => QQFieldElem[-1//36, 0, 0, 0, 1//18, 0, 0, 0],
	[10, 23, 22, 9, 21, 25] => QQFieldElem[0, 0, 0, 0, 0, 0, 1//4, 0],
	[10, 23, 22, 9, 8, 15] => QQFieldElem[5//72, 0, 0, 0, -1//18, 0, 0, 0],
	[10, 23, 22, 9, 2, 15] => QQFieldElem[1//36, 0, 0, 0, -1//18, 0, 0, 0],
	[10, 23, 22, 9, 21, 15] => QQFieldElem[-1//24, 0, 0, 0, 0, 0, 0, 0],
	[10, 23, 22, 9, 7, 24] => QQFieldElem[0, 0, -1//3, 0, 0, 0, 1//6, 0])