Dict(
	[11, 12, 23, 23, 18, 21] => QQFieldElem[0, 0, 0, 0, 0, 0, 4//3, 0],
	[11, 12, 23, 23, 25, 5] => QQFieldElem[0, 0, 0, 0, 0, 0, 1//3, 0],
	[11, 12, 23, 23, 24, 21] => QQFieldElem[0, 0, 0, 0, 0, 0, -2//3, 0],
	[11, 12, 23, 23, 18, 5] => QQFieldElem[0, 0, 0, 0, 0, 0, 1//3, 0],
	[11, 12, 23, 23, 25, 1] => QQFieldElem[0, 0, 0, 0, 0, 0, 3, 0],
	[11, 12, 23, 23, 24, 5] => QQFieldElem[0, 0, 0, 0, 0, 0, 1//3, 0],
	[11, 12, 23, 23, 25, 6] => QQFieldElem[0, 0, 0, 0, 0, 0, 2//3, 0],
	[11, 12, 23, 23, 18, 1] => QQFieldElem[0, 0, 0, 0, 0, 0, 3, 0],
	[11, 12, 23, 23, 16, 21] => QQFieldElem[-16//3, 0, 0, 0, 0, 0, 0, 0],
	[11, 12, 23, 23, 18, 6] => QQFieldElem[0, 0, 0, 0, 0, 0, -4//3, 0],
	[11, 12, 23, 23, 24, 1] => QQFieldElem[0, 0, 0, 0, 0, 0, -3, 0],
	[11, 12, 23, 23, 24, 6] => QQFieldElem[0, 0, 0, 0, 0, 0, -2//3, 0],
	[11, 12, 23, 23, 16, 5] => QQFieldElem[-4//3, 0, 0, 0, 0, 0, 0, 0],
	[11, 12, 23, 23, 25, 21] => QQFieldElem[0, 0, 0, 0, 0, 0, -2//3, 0],
	[11, 12, 23, 23, 16, 1] => QQFieldElem[12, 0, 0, 0, 0, 0, 0, 0],
	[11, 12, 23, 23, 16, 6] => QQFieldElem[-16//3, 0, 0, 0, 0, 0, 0, 0])