Dict(
	[11, 12, 24, 24, 20, 5] => QQFieldElem[0, 0, 0, 0, 0, 0, 1//3, 0],
	[11, 12, 24, 24, 13, 1] => QQFieldElem[12, 0, 0, 0, 0, 0, 0, 0],
	[11, 12, 24, 24, 13, 6] => QQFieldElem[-16//3, 0, 0, 0, 0, 0, 0, 0],
	[11, 12, 24, 24, 22, 21] => QQFieldElem[0, 0, 0, 0, 0, 0, -4//3, 0],
	[11, 12, 24, 24, 20, 1] => QQFieldElem[0, 0, 0, 0, 0, 0, -3, 0],
	[11, 12, 24, 24, 23, 21] => QQFieldElem[0, 0, 0, 0, 0, 0, 2//3, 0],
	[11, 12, 24, 24, 20, 6] => QQFieldElem[0, 0, 0, 0, 0, 0, -2//3, 0],
	[11, 12, 24, 24, 22, 5] => QQFieldElem[0, 0, 0, 0, 0, 0, 1//3, 0],
	[11, 12, 24, 24, 23, 5] => QQFieldElem[0, 0, 0, 0, 0, 0, 1//3, 0],
	[11, 12, 24, 24, 22, 1] => QQFieldElem[0, 0, 0, 0, 0, 0, 3, 0],
	[11, 12, 24, 24, 13, 21] => QQFieldElem[-16//3, 0, 0, 0, 0, 0, 0, 0],
	[11, 12, 24, 24, 22, 6] => QQFieldElem[0, 0, 0, 0, 0, 0, 4//3, 0],
	[11, 12, 24, 24, 23, 1] => QQFieldElem[0, 0, 0, 0, 0, 0, 3, 0],
	[11, 12, 24, 24, 23, 6] => QQFieldElem[0, 0, 0, 0, 0, 0, -2//3, 0],
	[11, 12, 24, 24, 20, 21] => QQFieldElem[0, 0, 0, 0, 0, 0, -2//3, 0],
	[11, 12, 24, 24, 13, 5] => QQFieldElem[-4//3, 0, 0, 0, 0, 0, 0, 0])