Dict(
	[11, 9, 22, 22, 25, 7] => QQFieldElem[0, 0, -8//21, 0, 0, 0, 10//21, 0],
	[11, 9, 22, 22, 17, 7] => QQFieldElem[0, 0, -16//21, 0, 0, 0, 20//21, 0],
	[11, 9, 22, 22, 25, 4] => QQFieldElem[0, 0, 2, 0, 0, 0, -1, 0],
	[11, 9, 22, 22, 25, 21] => QQFieldElem[0, 0, 0, 0, 0, 0, 2//3, 0],
	[11, 9, 22, 22, 24, 7] => QQFieldElem[0, 0, 4//7, 0, 0, 0, 2//7, 0],
	[11, 9, 22, 22, 17, 4] => QQFieldElem[0, 0, -2, 0, 0, 0, 1, 0],
	[11, 9, 22, 22, 15, 7] => QQFieldElem[-8//21, 0, 0, 0, -32//21, 0, 0, 0],
	[11, 9, 22, 22, 17, 21] => QQFieldElem[0, 0, 0, 0, 0, 0, 4//3, 0],
	[11, 9, 22, 22, 25, 5] => QQFieldElem[0, 0, -2//3, 0, 0, 0, 1//3, 0],
	[11, 9, 22, 22, 24, 4] => QQFieldElem[0, 0, 0, 0, 0, 0, 3, 0],
	[11, 9, 22, 22, 24, 21] => QQFieldElem[0, 0, -4//3, 0, 0, 0, 2//3, 0],
	[11, 9, 22, 22, 15, 4] => QQFieldElem[-2, 0, 0, 0, 4, 0, 0, 0],
	[11, 9, 22, 22, 17, 5] => QQFieldElem[0, 0, 2//3, 0, 0, 0, -1//3, 0],
	[11, 9, 22, 22, 15, 21] => QQFieldElem[8//3, 0, 0, 0, 0, 0, 0, 0],
	[11, 9, 22, 22, 24, 5] => QQFieldElem[0, 0, 0, 0, 0, 0, 1, 0],
	[11, 9, 22, 22, 15, 5] => QQFieldElem[-2//3, 0, 0, 0, 4//3, 0, 0, 0])