Dict(
	[11, 22, 9, 22, 15, 16] => QQFieldElem[-3//2, 0, 0, 0, 3//2, 0, 0, 0],
	[11, 22, 9, 22, 24, 24] => QQFieldElem[1//7, 0, 0, 0, -3//14, 0, 0, 0],
	[11, 22, 9, 22, 15, 24] => QQFieldElem[-1//21, 0, 0, 0, -2//21, 0, 0, 0],
	[11, 22, 9, 22, 25, 25] => QQFieldElem[1//3, 0, 0, 0, -1//2, 0, 0, 0],
	[11, 22, 9, 22, 17, 25] => QQFieldElem[2//3, 0, 0, 0, 0, 0, 0, 0],
	[11, 22, 9, 22, 24, 25] => QQFieldElem[0, 0, 0, 0, -1//2, 0, 0, 0],
	[11, 22, 9, 22, 25, 18] => QQFieldElem[-1//4, 0, 0, 0, -1//2, 0, 0, 0],
	[11, 22, 9, 22, 15, 25] => QQFieldElem[-1//3, 0, 0, 0, 0, 0, 0, 0],
	[11, 22, 9, 22, 17, 18] => QQFieldElem[-1//2, 0, 0, 0, 1//2, 0, 0, 0],
	[11, 22, 9, 22, 25, 16] => QQFieldElem[3//2, 0, 0, 0, 3, 0, 0, 0],
	[11, 22, 9, 22, 24, 18] => QQFieldElem[1//4, 0, 0, 0, 0, 0, 0, 0],
	[11, 22, 9, 22, 25, 24] => QQFieldElem[-4//7, 0, 0, 0, 5//14, 0, 0, 0],
	[11, 22, 9, 22, 17, 16] => QQFieldElem[3, 0, 0, 0, -3, 0, 0, 0],
	[11, 22, 9, 22, 15, 18] => QQFieldElem[-1//12, 0, 0, 0, 1//12, 0, 0, 0],
	[11, 22, 9, 22, 17, 24] => QQFieldElem[-2//7, 0, 0, 0, -4//7, 0, 0, 0],
	[11, 22, 9, 22, 24, 16] => QQFieldElem[9//2, 0, 0, 0, 0, 0, 0, 0])