Dict(
	[11, 23, 12, 23, 24, 25] => QQFieldElem[-1//3, 0, 0, 0, 1//6, 0, 0, 0],
	[11, 23, 12, 23, 18, 15] => QQFieldElem[9, 0, 0, 0, 9, 0, 0, 0],
	[11, 23, 12, 23, 24, 15] => QQFieldElem[9//2, 0, 0, 0, -9, 0, 0, 0],
	[11, 23, 12, 23, 25, 24] => QQFieldElem[-1//3, 0, 0, 0, 1//6, 0, 0, 0],
	[11, 23, 12, 23, 16, 25] => QQFieldElem[-1//9, 0, 0, 0, 2//9, 0, 0, 0],
	[11, 23, 12, 23, 25, 17] => QQFieldElem[-1//4, 0, 0, 0, 0, 0, 0, 0],
	[11, 23, 12, 23, 18, 24] => QQFieldElem[-2, 0, 0, 0, 0, 0, 0, 0],
	[11, 23, 12, 23, 18, 17] => QQFieldElem[-1//6, 0, 0, 0, -1//6, 0, 0, 0],
	[11, 23, 12, 23, 16, 15] => QQFieldElem[-1//2, 0, 0, 0, -1//2, 0, 0, 0],
	[11, 23, 12, 23, 24, 24] => QQFieldElem[0, 0, 0, 0, -1//2, 0, 0, 0],
	[11, 23, 12, 23, 24, 17] => QQFieldElem[-1//12, 0, 0, 0, 1//6, 0, 0, 0],
	[11, 23, 12, 23, 25, 25] => QQFieldElem[0, 0, 0, 0, -1//2, 0, 0, 0],
	[11, 23, 12, 23, 18, 25] => QQFieldElem[-2//3, 0, 0, 0, 4//3, 0, 0, 0],
	[11, 23, 12, 23, 16, 24] => QQFieldElem[1//9, 0, 0, 0, 0, 0, 0, 0],
	[11, 23, 12, 23, 25, 15] => QQFieldElem[-9//2, 0, 0, 0, 0, 0, 0, 0],
	[11, 23, 12, 23, 16, 17] => QQFieldElem[-1//36, 0, 0, 0, -1//36, 0, 0, 0])