Dict(
	[11, 22, 22, 10, 7, 24] => QQFieldElem[0, 0, 0, 0, 0, 0, -1//4, 0],
	[11, 22, 22, 10, 4, 18] => QQFieldElem[0, 0, 0, 0, 0, 0, -1//6, 0],
	[11, 22, 22, 10, 5, 25] => QQFieldElem[0, 0, 0, 0, 0, 0, 1, 0],
	[11, 22, 22, 10, 21, 16] => QQFieldElem[-1//144, 0, 0, 0, 0, 0, 0, 0],
	[11, 22, 22, 10, 4, 16] => QQFieldElem[-1//216, 0, 0, 0, 0, 0, 0, 0],
	[11, 22, 22, 10, 21, 24] => QQFieldElem[0, 0, 0, 0, 0, 0, -1//4, 0],
	[11, 22, 22, 10, 4, 24] => QQFieldElem[0, 0, 0, 0, 0, 0, 1//3, 0],
	[11, 22, 22, 10, 5, 18] => QQFieldElem[0, 0, 0, 0, 0, 0, 1//2, 0],
	[11, 22, 22, 10, 7, 25] => QQFieldElem[0, 0, 0, 0, 0, 0, 1//4, 0],
	[11, 22, 22, 10, 5, 16] => QQFieldElem[-1//72, 0, 0, 0, 0, 0, 0, 0],
	[11, 22, 22, 10, 5, 24] => QQFieldElem[0, 0, 0, 0, 0, 0, 1, 0],
	[11, 22, 22, 10, 21, 25] => QQFieldElem[0, 0, 0, 0, 0, 0, -1//4, 0],
	[11, 22, 22, 10, 7, 18] => QQFieldElem[0, 0, 0, 0, 0, 0, -1//4, 0],
	[11, 22, 22, 10, 4, 25] => QQFieldElem[0, 0, 0, 0, 0, 0, -1//3, 0],
	[11, 22, 22, 10, 7, 16] => QQFieldElem[-1//144, 0, 0, 0, 0, 0, 0, 0],
	[11, 22, 22, 10, 21, 18] => QQFieldElem[0, 0, 0, 0, 0, 0, 1//4, 0])