Dict(
	[11, 9, 21, 21, 9, 4] => QQFieldElem[-2, 0, 0, 0, 0, 0, 0, 0],
	[11, 9, 21, 21, 9, 21] => QQFieldElem[-2, 0, 0, 0, 0, 0, 0, 0],
	[11, 9, 21, 21, 11, 4] => QQFieldElem[0, 0, 6, 0, 0, 0, 6, 0],
	[11, 9, 21, 21, 11, 21] => QQFieldElem[0, 0, 6, 0, 0, 0, 6, 0],
	[11, 9, 21, 21, 9, 5] => QQFieldElem[-2, 0, 0, 0, 0, 0, 0, 0],
	[11, 9, 21, 21, 11, 5] => QQFieldElem[0, 0, -6, 0, 0, 0, -6, 0],
	[11, 9, 21, 21, 10, 7] => QQFieldElem[0, 0, -6, 0, 0, 0, 12, 0],
	[11, 9, 21, 21, 12, 7] => QQFieldElem[1, 0, 0, 0, 0, 0, 0, 0],
	[11, 9, 21, 21, 10, 4] => QQFieldElem[0, 0, -6, 0, 0, 0, 12, 0],
	[11, 9, 21, 21, 10, 21] => QQFieldElem[0, 0, 6, 0, 0, 0, -12, 0],
	[11, 9, 21, 21, 12, 4] => QQFieldElem[-1, 0, 0, 0, 0, 0, 0, 0],
	[11, 9, 21, 21, 12, 21] => QQFieldElem[1, 0, 0, 0, 0, 0, 0, 0],
	[11, 9, 21, 21, 9, 7] => QQFieldElem[-2, 0, 0, 0, 0, 0, 0, 0],
	[11, 9, 21, 21, 10, 5] => QQFieldElem[0, 0, 6, 0, 0, 0, -12, 0],
	[11, 9, 21, 21, 11, 7] => QQFieldElem[0, 0, -6, 0, 0, 0, -6, 0],
	[11, 9, 21, 21, 12, 5] => QQFieldElem[-1, 0, 0, 0, 0, 0, 0, 0])