Dict(
	[11, 23, 23, 11, 1, 25] => QQFieldElem[0, 0, -2//3, 0, 0, 0, 1//3, 0],
	[11, 23, 23, 11, 6, 15] => QQFieldElem[1//72, 0, 0, 0, 1//18, 0, 0, 0],
	[11, 23, 23, 11, 1, 15] => QQFieldElem[-1//36, 0, 0, 0, 1//18, 0, 0, 0],
	[11, 23, 23, 11, 5, 24] => QQFieldElem[0, 0, 0, 0, 0, 0, 1//3, 0],
	[11, 23, 23, 11, 21, 25] => QQFieldElem[0, 0, 0, 0, 0, 0, 1//4, 0],
	[11, 23, 23, 11, 5, 17] => QQFieldElem[0, 0, 1//3, 0, 0, 0, -1//6, 0],
	[11, 23, 23, 11, 6, 24] => QQFieldElem[0, 0, 1//6, 0, 0, 0, 1//12, 0],
	[11, 23, 23, 11, 6, 17] => QQFieldElem[0, 0, -1//3, 0, 0, 0, 5//12, 0],
	[11, 23, 23, 11, 21, 15] => QQFieldElem[-1//24, 0, 0, 0, 0, 0, 0, 0],
	[11, 23, 23, 11, 1, 24] => QQFieldElem[0, 0, 0, 0, 0, 0, -1//3, 0],
	[11, 23, 23, 11, 1, 17] => QQFieldElem[0, 0, 1//3, 0, 0, 0, -1//6, 0],
	[11, 23, 23, 11, 5, 25] => QQFieldElem[0, 0, -2//3, 0, 0, 0, 1//3, 0],
	[11, 23, 23, 11, 6, 25] => QQFieldElem[0, 0, -1//3, 0, 0, 0, 5//12, 0],
	[11, 23, 23, 11, 21, 24] => QQFieldElem[0, 0, -1//6, 0, 0, 0, 1//12, 0],
	[11, 23, 23, 11, 5, 15] => QQFieldElem[1//36, 0, 0, 0, -1//18, 0, 0, 0],
	[11, 23, 23, 11, 21, 17] => QQFieldElem[0, 0, 0, 0, 0, 0, 1//4, 0])