Dict(
	[11, 22, 23, 9, 6, 18] => QQFieldElem[0, 0, 0, 0, 0, 0, 1, 0],
	[11, 22, 23, 9, 8, 25] => QQFieldElem[0, 0, 0, 0, 0, 0, 1//4, 0],
	[11, 22, 23, 9, 21, 25] => QQFieldElem[0, 0, 0, 0, 0, 0, -1//4, 0],
	[11, 22, 23, 9, 6, 16] => QQFieldElem[-1//72, 0, 0, 0, 0, 0, 0, 0],
	[11, 22, 23, 9, 3, 25] => QQFieldElem[0, 0, 0, 0, 0, 0, -1//3, 0],
	[11, 22, 23, 9, 6, 24] => QQFieldElem[0, 0, 0, 0, 0, 0, 1//2, 0],
	[11, 22, 23, 9, 8, 18] => QQFieldElem[0, 0, 0, 0, 0, 0, -1//4, 0],
	[11, 22, 23, 9, 21, 18] => QQFieldElem[0, 0, 0, 0, 0, 0, -1//4, 0],
	[11, 22, 23, 9, 3, 18] => QQFieldElem[0, 0, 0, 0, 0, 0, 1//3, 0],
	[11, 22, 23, 9, 8, 16] => QQFieldElem[-1//144, 0, 0, 0, 0, 0, 0, 0],
	[11, 22, 23, 9, 8, 24] => QQFieldElem[0, 0, 0, 0, 0, 0, -1//4, 0],
	[11, 22, 23, 9, 21, 16] => QQFieldElem[-1//144, 0, 0, 0, 0, 0, 0, 0],
	[11, 22, 23, 9, 3, 16] => QQFieldElem[-1//216, 0, 0, 0, 0, 0, 0, 0],
	[11, 22, 23, 9, 6, 25] => QQFieldElem[0, 0, 0, 0, 0, 0, 1, 0],
	[11, 22, 23, 9, 21, 24] => QQFieldElem[0, 0, 0, 0, 0, 0, 1//4, 0],
	[11, 22, 23, 9, 3, 24] => QQFieldElem[0, 0, 0, 0, 0, 0, -1//6, 0])