Dict(
	[11, 22, 22, 11, 5, 24] => QQFieldElem[0, 0, 0, 0, 0, 0, 1//3, 0],
	[11, 22, 22, 11, 21, 25] => QQFieldElem[0, 0, -1//3, 0, 0, 0, 5//12, 0],
	[11, 22, 22, 11, 1, 18] => QQFieldElem[0, 0, 1//3, 0, 0, 0, -1//6, 0],
	[11, 22, 22, 11, 6, 16] => QQFieldElem[-1//24, 0, 0, 0, 0, 0, 0, 0],
	[11, 22, 22, 11, 6, 24] => QQFieldElem[0, 0, -1//6, 0, 0, 0, 1//12, 0],
	[11, 22, 22, 11, 1, 16] => QQFieldElem[-1//36, 0, 0, 0, 1//18, 0, 0, 0],
	[11, 22, 22, 11, 21, 18] => QQFieldElem[0, 0, -1//3, 0, 0, 0, 5//12, 0],
	[11, 22, 22, 11, 1, 24] => QQFieldElem[0, 0, 0, 0, 0, 0, -1//3, 0],
	[11, 22, 22, 11, 5, 25] => QQFieldElem[0, 0, -2//3, 0, 0, 0, 1//3, 0],
	[11, 22, 22, 11, 21, 16] => QQFieldElem[1//72, 0, 0, 0, 1//18, 0, 0, 0],
	[11, 22, 22, 11, 6, 25] => QQFieldElem[0, 0, 0, 0, 0, 0, 1//4, 0],
	[11, 22, 22, 11, 21, 24] => QQFieldElem[0, 0, 1//6, 0, 0, 0, 1//12, 0],
	[11, 22, 22, 11, 5, 18] => QQFieldElem[0, 0, 1//3, 0, 0, 0, -1//6, 0],
	[11, 22, 22, 11, 1, 25] => QQFieldElem[0, 0, -2//3, 0, 0, 0, 1//3, 0],
	[11, 22, 22, 11, 6, 18] => QQFieldElem[0, 0, 0, 0, 0, 0, 1//4, 0],
	[11, 22, 22, 11, 5, 16] => QQFieldElem[1//36, 0, 0, 0, -1//18, 0, 0, 0])