Dict(
	[11, 10, 25, 25, 23, 8] => QQFieldElem[0, 0, 0, 0, 0, 0, 2//3, 0],
	[11, 10, 25, 25, 14, 21] => QQFieldElem[-40//21, 0, 0, 0, 32//21, 0, 0, 0],
	[11, 10, 25, 25, 22, 6] => QQFieldElem[0, 0, 0, 0, 0, 0, 1, 0],
	[11, 10, 25, 25, 19, 6] => QQFieldElem[0, 0, -2//3, 0, 0, 0, 1//3, 0],
	[11, 10, 25, 25, 23, 6] => QQFieldElem[0, 0, 2//3, 0, 0, 0, -1//3, 0],
	[11, 10, 25, 25, 22, 3] => QQFieldElem[0, 0, 0, 0, 0, 0, 3, 0],
	[11, 10, 25, 25, 19, 3] => QQFieldElem[0, 0, 2, 0, 0, 0, -1, 0],
	[11, 10, 25, 25, 23, 3] => QQFieldElem[0, 0, -2, 0, 0, 0, 1, 0],
	[11, 10, 25, 25, 14, 8] => QQFieldElem[8//3, 0, 0, 0, 0, 0, 0, 0],
	[11, 10, 25, 25, 14, 6] => QQFieldElem[2//3, 0, 0, 0, -4//3, 0, 0, 0],
	[11, 10, 25, 25, 22, 21] => QQFieldElem[0, 0, -4//7, 0, 0, 0, 6//7, 0],
	[11, 10, 25, 25, 19, 21] => QQFieldElem[0, 0, 16//21, 0, 0, 0, 4//21, 0],
	[11, 10, 25, 25, 23, 21] => QQFieldElem[0, 0, 8//21, 0, 0, 0, 2//21, 0],
	[11, 10, 25, 25, 14, 3] => QQFieldElem[2, 0, 0, 0, -4, 0, 0, 0],
	[11, 10, 25, 25, 22, 8] => QQFieldElem[0, 0, 4//3, 0, 0, 0, -2//3, 0],
	[11, 10, 25, 25, 19, 8] => QQFieldElem[0, 0, 0, 0, 0, 0, 4//3, 0])