Dict(
	[11, 9, 12, 9, 8, 5] => QQFieldElem[-1//3, 0, 0, 0, 0, 0, 0, 0],
	[11, 9, 12, 9, 21, 5] => QQFieldElem[-1//3, 0, 0, 0, 0, 0, 0, 0],
	[11, 9, 12, 9, 3, 5] => QQFieldElem[-4//3, 0, 0, 0, 0, 0, 0, 0],
	[11, 9, 12, 9, 6, 7] => QQFieldElem[-1//3, 0, 0, 0, 0, 0, 0, 0],
	[11, 9, 12, 9, 6, 4] => QQFieldElem[1//18, 0, 0, 0, 0, 0, 0, 0],
	[11, 9, 12, 9, 6, 21] => QQFieldElem[-2//3, 0, 0, 0, 0, 0, 0, 0],
	[11, 9, 12, 9, 8, 7] => QQFieldElem[2//3, 0, 0, 0, 0, 0, 0, 0],
	[11, 9, 12, 9, 6, 5] => QQFieldElem[2//3, 0, 0, 0, 0, 0, 0, 0],
	[11, 9, 12, 9, 21, 7] => QQFieldElem[-1//3, 0, 0, 0, 0, 0, 0, 0],
	[11, 9, 12, 9, 3, 7] => QQFieldElem[-4//3, 0, 0, 0, 0, 0, 0, 0],
	[11, 9, 12, 9, 8, 4] => QQFieldElem[1//18, 0, 0, 0, 0, 0, 0, 0],
	[11, 9, 12, 9, 8, 21] => QQFieldElem[-2//3, 0, 0, 0, 0, 0, 0, 0],
	[11, 9, 12, 9, 21, 4] => QQFieldElem[1//18, 0, 0, 0, 0, 0, 0, 0],
	[11, 9, 12, 9, 21, 21] => QQFieldElem[1//3, 0, 0, 0, 0, 0, 0, 0],
	[11, 9, 12, 9, 3, 4] => QQFieldElem[-1//9, 0, 0, 0, 0, 0, 0, 0],
	[11, 9, 12, 9, 3, 21] => QQFieldElem[-8//3, 0, 0, 0, 0, 0, 0, 0])