Dict(
	[12, 21, 24, 22, 24, 11] => QQFieldElem[0, 0, 1, 0, 0, 0, -1//2, 0],
	[12, 21, 24, 22, 24, 9] => QQFieldElem[0, 0, 9//4, 0, 0, 0, -9//4, 0],
	[12, 21, 24, 22, 16, 12] => QQFieldElem[0, 0, 0, 0, 0, 0, 1//2, 0],
	[12, 21, 24, 22, 25, 10] => QQFieldElem[0, 0, 1//4, 0, 0, 0, 1//4, 0],
	[12, 21, 24, 22, 16, 11] => QQFieldElem[0, 0, 1, 0, 0, 0, -1//2, 0],
	[12, 21, 24, 22, 16, 9] => QQFieldElem[0, 0, -9//4, 0, 0, 0, 9//4, 0],
	[12, 21, 24, 22, 18, 10] => QQFieldElem[0, 0, -1//4, 0, 0, 0, 3//4, 0],
	[12, 21, 24, 22, 24, 10] => QQFieldElem[0, 0, -1//4, 0, 0, 0, 1//4, 0],
	[12, 21, 24, 22, 25, 12] => QQFieldElem[0, 0, -1, 0, 0, 0, 1//2, 0],
	[12, 21, 24, 22, 18, 12] => QQFieldElem[0, 0, 1, 0, 0, 0, 1//2, 0],
	[12, 21, 24, 22, 25, 11] => QQFieldElem[0, 0, 0, 0, 0, 0, -1//2, 0],
	[12, 21, 24, 22, 25, 9] => QQFieldElem[0, 0, 3//4, 0, 0, 0, 3//4, 0],
	[12, 21, 24, 22, 24, 12] => QQFieldElem[0, 0, 0, 0, 0, 0, 1//2, 0],
	[12, 21, 24, 22, 16, 10] => QQFieldElem[0, 0, 1//4, 0, 0, 0, -1//4, 0],
	[12, 21, 24, 22, 18, 11] => QQFieldElem[0, 0, -2//3, 0, 0, 0, 5//6, 0],
	[12, 21, 24, 22, 18, 9] => QQFieldElem[0, 0, -3//4, 0, 0, 0, 9//4, 0])