Dict(
	[12, 9, 9, 11, 2, 8] => QQFieldElem[-4//3, 0, 0, 0, 0, 0, 0, 0],
	[12, 9, 9, 11, 8, 6] => QQFieldElem[-2//3, 0, 0, 0, 0, 0, 0, 0],
	[12, 9, 9, 11, 21, 8] => QQFieldElem[1//3, 0, 0, 0, 0, 0, 0, 0],
	[12, 9, 9, 11, 7, 3] => QQFieldElem[1//6, 0, 0, 0, 0, 0, 0, 0],
	[12, 9, 9, 11, 2, 6] => QQFieldElem[-4//3, 0, 0, 0, 0, 0, 0, 0],
	[12, 9, 9, 11, 21, 6] => QQFieldElem[1//3, 0, 0, 0, 0, 0, 0, 0],
	[12, 9, 9, 11, 8, 3] => QQFieldElem[1//6, 0, 0, 0, 0, 0, 0, 0],
	[12, 9, 9, 11, 2, 3] => QQFieldElem[1//3, 0, 0, 0, 0, 0, 0, 0],
	[12, 9, 9, 11, 21, 3] => QQFieldElem[1//6, 0, 0, 0, 0, 0, 0, 0],
	[12, 9, 9, 11, 7, 21] => QQFieldElem[2//3, 0, 0, 0, 0, 0, 0, 0],
	[12, 9, 9, 11, 8, 21] => QQFieldElem[2//3, 0, 0, 0, 0, 0, 0, 0],
	[12, 9, 9, 11, 2, 21] => QQFieldElem[-8//3, 0, 0, 0, 0, 0, 0, 0],
	[12, 9, 9, 11, 21, 21] => QQFieldElem[-1//3, 0, 0, 0, 0, 0, 0, 0],
	[12, 9, 9, 11, 7, 8] => QQFieldElem[-2//3, 0, 0, 0, 0, 0, 0, 0],
	[12, 9, 9, 11, 7, 6] => QQFieldElem[1//3, 0, 0, 0, 0, 0, 0, 0],
	[12, 9, 9, 11, 8, 8] => QQFieldElem[1//3, 0, 0, 0, 0, 0, 0, 0])