Dict(
	[12, 24, 21, 22, 24, 23] => QQFieldElem[-1//2, 0, 0, 0, 0, 0, 0, 0],
	[12, 24, 21, 22, 24, 22] => QQFieldElem[-1//2, 0, 0, 0, 0, 0, 0, 0],
	[12, 24, 21, 22, 16, 20] => QQFieldElem[-1//12, 0, 0, 0, 0, 0, 0, 0],
	[12, 24, 21, 22, 25, 13] => QQFieldElem[0, 0, 0, 0, -9//2, 0, 0, 0],
	[12, 24, 21, 22, 16, 23] => QQFieldElem[-1//6, 0, 0, 0, 1//6, 0, 0, 0],
	[12, 24, 21, 22, 16, 22] => QQFieldElem[1//6, 0, 0, 0, -1//6, 0, 0, 0],
	[12, 24, 21, 22, 18, 13] => QQFieldElem[9, 0, 0, 0, 0, 0, 0, 0],
	[12, 24, 21, 22, 24, 13] => QQFieldElem[0, 0, 0, 0, 9//2, 0, 0, 0],
	[12, 24, 21, 22, 25, 20] => QQFieldElem[0, 0, 0, 0, -1//4, 0, 0, 0],
	[12, 24, 21, 22, 18, 20] => QQFieldElem[-1//2, 0, 0, 0, 0, 0, 0, 0],
	[12, 24, 21, 22, 25, 23] => QQFieldElem[-1//2, 0, 0, 0, 0, 0, 0, 0],
	[12, 24, 21, 22, 25, 22] => QQFieldElem[-1//2, 0, 0, 0, 0, 0, 0, 0],
	[12, 24, 21, 22, 24, 20] => QQFieldElem[0, 0, 0, 0, 1//4, 0, 0, 0],
	[12, 24, 21, 22, 16, 13] => QQFieldElem[3//2, 0, 0, 0, 0, 0, 0, 0],
	[12, 24, 21, 22, 18, 23] => QQFieldElem[1, 0, 0, 0, -1, 0, 0, 0],
	[12, 24, 21, 22, 18, 22] => QQFieldElem[-1, 0, 0, 0, 1, 0, 0, 0])