Dict(
	[12, 24, 23, 21, 11, 23] => QQFieldElem[0, 0, 0, 0, 0, 0, 1//4, 0],
	[12, 24, 23, 21, 10, 13] => QQFieldElem[0, 0, 1//2, 0, 0, 0, 0, 0],
	[12, 24, 23, 21, 11, 22] => QQFieldElem[0, 0, -3//14, 0, 0, 0, 9//28, 0],
	[12, 24, 23, 21, 12, 13] => QQFieldElem[0, 0, -1//2, 0, 0, 0, 1//4, 0],
	[12, 24, 23, 21, 10, 20] => QQFieldElem[0, 0, -1//2, 0, 0, 0, 1, 0],
	[12, 24, 23, 21, 12, 20] => QQFieldElem[0, 0, 0, 0, 0, 0, -1//4, 0],
	[12, 24, 23, 21, 9, 13] => QQFieldElem[0, 0, 1//2, 0, 0, 0, 0, 0],
	[12, 24, 23, 21, 10, 23] => QQFieldElem[0, 0, -1//2, 0, 0, 0, 0, 0],
	[12, 24, 23, 21, 10, 22] => QQFieldElem[0, 0, 3//14, 0, 0, 0, 3//7, 0],
	[12, 24, 23, 21, 11, 13] => QQFieldElem[0, 0, 0, 0, 0, 0, 1//4, 0],
	[12, 24, 23, 21, 12, 23] => QQFieldElem[0, 0, -1//2, 0, 0, 0, 1//4, 0],
	[12, 24, 23, 21, 12, 22] => QQFieldElem[0, 0, 1//7, 0, 0, 0, 1//28, 0],
	[12, 24, 23, 21, 9, 20] => QQFieldElem[0, 0, 1//6, 0, 0, 0, -1//3, 0],
	[12, 24, 23, 21, 11, 20] => QQFieldElem[0, 0, 1//2, 0, 0, 0, -1//4, 0],
	[12, 24, 23, 21, 9, 23] => QQFieldElem[0, 0, -1//2, 0, 0, 0, 0, 0],
	[12, 24, 23, 21, 9, 22] => QQFieldElem[0, 0, -1//14, 0, 0, 0, -1//7, 0])