Dict(
	[12, 22, 22, 9, 7, 15] => QQFieldElem[-1//144, 0, 0, 0, 0, 0, 0, 0],
	[12, 22, 22, 9, 21, 25] => QQFieldElem[0, 0, 0, 0, 0, 0, 1//4, 0],
	[12, 22, 22, 9, 5, 17] => QQFieldElem[0, 0, 0, 0, 0, 0, 1//2, 0],
	[12, 22, 22, 9, 4, 25] => QQFieldElem[0, 0, 0, 0, 0, 0, -1//3, 0],
	[12, 22, 22, 9, 21, 15] => QQFieldElem[-1//144, 0, 0, 0, 0, 0, 0, 0],
	[12, 22, 22, 9, 4, 15] => QQFieldElem[-1//216, 0, 0, 0, 0, 0, 0, 0],
	[12, 22, 22, 9, 7, 24] => QQFieldElem[0, 0, 0, 0, 0, 0, -1//4, 0],
	[12, 22, 22, 9, 7, 17] => QQFieldElem[0, 0, 0, 0, 0, 0, 1//4, 0],
	[12, 22, 22, 9, 5, 25] => QQFieldElem[0, 0, 0, 0, 0, 0, 1, 0],
	[12, 22, 22, 9, 21, 24] => QQFieldElem[0, 0, 0, 0, 0, 0, -1//4, 0],
	[12, 22, 22, 9, 5, 15] => QQFieldElem[-1//72, 0, 0, 0, 0, 0, 0, 0],
	[12, 22, 22, 9, 21, 17] => QQFieldElem[0, 0, 0, 0, 0, 0, -1//4, 0],
	[12, 22, 22, 9, 4, 24] => QQFieldElem[0, 0, 0, 0, 0, 0, 1//3, 0],
	[12, 22, 22, 9, 4, 17] => QQFieldElem[0, 0, 0, 0, 0, 0, -1//6, 0],
	[12, 22, 22, 9, 7, 25] => QQFieldElem[0, 0, 0, 0, 0, 0, -1//4, 0],
	[12, 22, 22, 9, 5, 24] => QQFieldElem[0, 0, 0, 0, 0, 0, 1, 0])