Dict(
	[12, 12, 25, 24, 22, 7] => QQFieldElem[0, 0, 0, 0, 0, 0, 1//3, 0],
	[12, 12, 25, 24, 19, 7] => QQFieldElem[0, 0, 0, 0, 0, 0, 1//3, 0],
	[12, 12, 25, 24, 23, 7] => QQFieldElem[0, 0, 0, 0, 0, 0, 1//3, 0],
	[12, 12, 25, 24, 14, 8] => QQFieldElem[-16//3, 0, 0, 0, 0, 0, 0, 0],
	[12, 12, 25, 24, 22, 21] => QQFieldElem[0, 0, 0, 0, 0, 0, -2//3, 0],
	[12, 12, 25, 24, 22, 2] => QQFieldElem[0, 0, 0, 0, 0, 0, -3, 0],
	[12, 12, 25, 24, 19, 21] => QQFieldElem[0, 0, 0, 0, 0, 0, 4//3, 0],
	[12, 12, 25, 24, 19, 2] => QQFieldElem[0, 0, 0, 0, 0, 0, 3, 0],
	[12, 12, 25, 24, 23, 21] => QQFieldElem[0, 0, 0, 0, 0, 0, -2//3, 0],
	[12, 12, 25, 24, 23, 2] => QQFieldElem[0, 0, 0, 0, 0, 0, 3, 0],
	[12, 12, 25, 24, 14, 7] => QQFieldElem[-4//3, 0, 0, 0, 0, 0, 0, 0],
	[12, 12, 25, 24, 22, 8] => QQFieldElem[0, 0, 0, 0, 0, 0, -2//3, 0],
	[12, 12, 25, 24, 19, 8] => QQFieldElem[0, 0, 0, 0, 0, 0, -4//3, 0],
	[12, 12, 25, 24, 23, 8] => QQFieldElem[0, 0, 0, 0, 0, 0, 2//3, 0],
	[12, 12, 25, 24, 14, 21] => QQFieldElem[-16//3, 0, 0, 0, 0, 0, 0, 0],
	[12, 12, 25, 24, 14, 2] => QQFieldElem[12, 0, 0, 0, 0, 0, 0, 0])