Dict(
	[12, 23, 11, 23, 15, 16] => QQFieldElem[-1//2, 0, 0, 0, -1//2, 0, 0, 0],
	[12, 23, 11, 23, 24, 24] => QQFieldElem[0, 0, 0, 0, -1//2, 0, 0, 0],
	[12, 23, 11, 23, 15, 24] => QQFieldElem[-1//9, 0, 0, 0, 2//9, 0, 0, 0],
	[12, 23, 11, 23, 25, 25] => QQFieldElem[0, 0, 0, 0, -1//2, 0, 0, 0],
	[12, 23, 11, 23, 17, 25] => QQFieldElem[-2, 0, 0, 0, 0, 0, 0, 0],
	[12, 23, 11, 23, 24, 25] => QQFieldElem[-1//3, 0, 0, 0, 1//6, 0, 0, 0],
	[12, 23, 11, 23, 25, 18] => QQFieldElem[-1//12, 0, 0, 0, 1//6, 0, 0, 0],
	[12, 23, 11, 23, 15, 25] => QQFieldElem[1//9, 0, 0, 0, 0, 0, 0, 0],
	[12, 23, 11, 23, 17, 18] => QQFieldElem[-1//6, 0, 0, 0, -1//6, 0, 0, 0],
	[12, 23, 11, 23, 25, 16] => QQFieldElem[9//2, 0, 0, 0, -9, 0, 0, 0],
	[12, 23, 11, 23, 24, 18] => QQFieldElem[-1//4, 0, 0, 0, 0, 0, 0, 0],
	[12, 23, 11, 23, 25, 24] => QQFieldElem[-1//3, 0, 0, 0, 1//6, 0, 0, 0],
	[12, 23, 11, 23, 17, 16] => QQFieldElem[9, 0, 0, 0, 9, 0, 0, 0],
	[12, 23, 11, 23, 15, 18] => QQFieldElem[-1//36, 0, 0, 0, -1//36, 0, 0, 0],
	[12, 23, 11, 23, 17, 24] => QQFieldElem[-2//3, 0, 0, 0, 4//3, 0, 0, 0],
	[12, 23, 11, 23, 24, 16] => QQFieldElem[-9//2, 0, 0, 0, 0, 0, 0, 0])