Dict(
	[12, 24, 25, 9, 4, 13] => QQFieldElem[-1//216, 0, 0, 0, 0, 0, 0, 0],
	[12, 24, 25, 9, 7, 23] => QQFieldElem[0, 0, 0, 0, 0, 0, -1//4, 0],
	[12, 24, 25, 9, 7, 22] => QQFieldElem[0, 0, 0, 0, 0, 0, 1//4, 0],
	[12, 24, 25, 9, 21, 20] => QQFieldElem[0, 0, 0, 0, 0, 0, -1//4, 0],
	[12, 24, 25, 9, 4, 20] => QQFieldElem[0, 0, 0, 0, 0, 0, 1//3, 0],
	[12, 24, 25, 9, 5, 13] => QQFieldElem[-1//72, 0, 0, 0, 0, 0, 0, 0],
	[12, 24, 25, 9, 21, 23] => QQFieldElem[0, 0, 0, 0, 0, 0, 1//4, 0],
	[12, 24, 25, 9, 21, 22] => QQFieldElem[0, 0, 0, 0, 0, 0, -1//4, 0],
	[12, 24, 25, 9, 4, 23] => QQFieldElem[0, 0, 0, 0, 0, 0, -1//3, 0],
	[12, 24, 25, 9, 4, 22] => QQFieldElem[0, 0, 0, 0, 0, 0, -1//6, 0],
	[12, 24, 25, 9, 5, 20] => QQFieldElem[0, 0, 0, 0, 0, 0, 1, 0],
	[12, 24, 25, 9, 7, 13] => QQFieldElem[-1//144, 0, 0, 0, 0, 0, 0, 0],
	[12, 24, 25, 9, 5, 23] => QQFieldElem[0, 0, 0, 0, 0, 0, 1, 0],
	[12, 24, 25, 9, 5, 22] => QQFieldElem[0, 0, 0, 0, 0, 0, 1//2, 0],
	[12, 24, 25, 9, 21, 13] => QQFieldElem[-1//144, 0, 0, 0, 0, 0, 0, 0],
	[12, 24, 25, 9, 7, 20] => QQFieldElem[0, 0, 0, 0, 0, 0, -1//4, 0])