Dict(
	[12, 24, 24, 10, 3, 23] => QQFieldElem[0, 0, 0, 0, 0, 0, -1//3, 0],
	[12, 24, 24, 10, 21, 22] => QQFieldElem[0, 0, 0, 0, 0, 0, -1//4, 0],
	[12, 24, 24, 10, 3, 22] => QQFieldElem[0, 0, 0, 0, 0, 0, 1//3, 0],
	[12, 24, 24, 10, 6, 13] => QQFieldElem[-1//72, 0, 0, 0, 0, 0, 0, 0],
	[12, 24, 24, 10, 6, 20] => QQFieldElem[0, 0, 0, 0, 0, 0, 1//2, 0],
	[12, 24, 24, 10, 8, 13] => QQFieldElem[-1//144, 0, 0, 0, 0, 0, 0, 0],
	[12, 24, 24, 10, 6, 23] => QQFieldElem[0, 0, 0, 0, 0, 0, 1, 0],
	[12, 24, 24, 10, 21, 13] => QQFieldElem[-1//144, 0, 0, 0, 0, 0, 0, 0],
	[12, 24, 24, 10, 6, 22] => QQFieldElem[0, 0, 0, 0, 0, 0, 1, 0],
	[12, 24, 24, 10, 3, 13] => QQFieldElem[-1//216, 0, 0, 0, 0, 0, 0, 0],
	[12, 24, 24, 10, 8, 20] => QQFieldElem[0, 0, 0, 0, 0, 0, 1//4, 0],
	[12, 24, 24, 10, 21, 20] => QQFieldElem[0, 0, 0, 0, 0, 0, -1//4, 0],
	[12, 24, 24, 10, 3, 20] => QQFieldElem[0, 0, 0, 0, 0, 0, -1//6, 0],
	[12, 24, 24, 10, 8, 23] => QQFieldElem[0, 0, 0, 0, 0, 0, -1//4, 0],
	[12, 24, 24, 10, 8, 22] => QQFieldElem[0, 0, 0, 0, 0, 0, -1//4, 0],
	[12, 24, 24, 10, 21, 23] => QQFieldElem[0, 0, 0, 0, 0, 0, 1//4, 0])