Dict(
	[12, 25, 10, 24, 22, 23] => QQFieldElem[-1//14, 0, 0, 0, 3//14, 0, 0, 0],
	[12, 25, 10, 24, 22, 19] => QQFieldElem[1//4, 0, 0, 0, 0, 0, 0, 0],
	[12, 25, 10, 24, 22, 22] => QQFieldElem[-1//2, 0, 0, 0, 1//2, 0, 0, 0],
	[12, 25, 10, 24, 19, 23] => QQFieldElem[-6//7, 0, 0, 0, 4//7, 0, 0, 0],
	[12, 25, 10, 24, 19, 19] => QQFieldElem[0, 0, 0, 0, -1//2, 0, 0, 0],
	[12, 25, 10, 24, 19, 22] => QQFieldElem[2//3, 0, 0, 0, 0, 0, 0, 0],
	[12, 25, 10, 24, 23, 23] => QQFieldElem[-3//14, 0, 0, 0, -5//14, 0, 0, 0],
	[12, 25, 10, 24, 23, 19] => QQFieldElem[-3//4, 0, 0, 0, 1//2, 0, 0, 0],
	[12, 25, 10, 24, 23, 22] => QQFieldElem[-1//6, 0, 0, 0, 1//2, 0, 0, 0],
	[12, 25, 10, 24, 22, 14] => QQFieldElem[9//2, 0, 0, 0, 0, 0, 0, 0],
	[12, 25, 10, 24, 19, 14] => QQFieldElem[0, 0, 0, 0, 3, 0, 0, 0],
	[12, 25, 10, 24, 23, 14] => QQFieldElem[9//2, 0, 0, 0, -3, 0, 0, 0],
	[12, 25, 10, 24, 14, 23] => QQFieldElem[-1//7, 0, 0, 0, 2//21, 0, 0, 0],
	[12, 25, 10, 24, 14, 19] => QQFieldElem[0, 0, 0, 0, -1//12, 0, 0, 0],
	[12, 25, 10, 24, 14, 22] => QQFieldElem[-1//3, 0, 0, 0, 0, 0, 0, 0],
	[12, 25, 10, 24, 14, 14] => QQFieldElem[0, 0, 0, 0, -3//2, 0, 0, 0])