Dict(
	[21, 25, 12, 23, 22, 15] => QQFieldElem[9//2, 0, 0, 0, -9//2, 0, 0, 0],
	[21, 25, 12, 23, 19, 15] => QQFieldElem[9, 0, 0, 0, 0, 0, 0, 0],
	[21, 25, 12, 23, 23, 15] => QQFieldElem[-9//2, 0, 0, 0, 9//2, 0, 0, 0],
	[21, 25, 12, 23, 14, 25] => QQFieldElem[0, 0, 0, 0, -1//6, 0, 0, 0],
	[21, 25, 12, 23, 22, 24] => QQFieldElem[-1//2, 0, 0, 0, 0, 0, 0, 0],
	[21, 25, 12, 23, 19, 24] => QQFieldElem[0, 0, 0, 0, -1, 0, 0, 0],
	[21, 25, 12, 23, 22, 17] => QQFieldElem[1//4, 0, 0, 0, -1//4, 0, 0, 0],
	[21, 25, 12, 23, 23, 24] => QQFieldElem[-1//2, 0, 0, 0, 0, 0, 0, 0],
	[21, 25, 12, 23, 19, 17] => QQFieldElem[-1//2, 0, 0, 0, 0, 0, 0, 0],
	[21, 25, 12, 23, 14, 15] => QQFieldElem[3//2, 0, 0, 0, 0, 0, 0, 0],
	[21, 25, 12, 23, 23, 17] => QQFieldElem[-1//4, 0, 0, 0, 1//4, 0, 0, 0],
	[21, 25, 12, 23, 22, 25] => QQFieldElem[-1//2, 0, 0, 0, 0, 0, 0, 0],
	[21, 25, 12, 23, 19, 25] => QQFieldElem[0, 0, 0, 0, 1, 0, 0, 0],
	[21, 25, 12, 23, 14, 24] => QQFieldElem[0, 0, 0, 0, 1//6, 0, 0, 0],
	[21, 25, 12, 23, 23, 25] => QQFieldElem[-1//2, 0, 0, 0, 0, 0, 0, 0],
	[21, 25, 12, 23, 14, 17] => QQFieldElem[-1//12, 0, 0, 0, 0, 0, 0, 0])