Dict(
	[21, 21, 22, 23, 20, 7] => QQFieldElem[3, 0, 0, 0, 3, 0, 0, 0],
	[21, 21, 22, 23, 22, 8] => QQFieldElem[0, 0, 0, 0, 0, 0, 0, 0],
	[21, 21, 22, 23, 19, 8] => QQFieldElem[-18, 0, 0, 0, 18, 0, 0, 0],
	[21, 21, 22, 23, 13, 21] => QQFieldElem[-4, 0, 0, 0, 0, 0, 0, 0],
	[21, 21, 22, 23, 23, 8] => QQFieldElem[0, 0, 0, 0, 0, 0, 0, 0],
	[21, 21, 22, 23, 22, 6] => QQFieldElem[12, 0, 0, 0, -6, 0, 0, 0],
	[21, 21, 22, 23, 13, 2] => QQFieldElem[6, 0, 0, 0, 0, 0, 0, 0],
	[21, 21, 22, 23, 14, 21] => QQFieldElem[-2, 0, 0, 0, 0, 0, 0, 0],
	[21, 21, 22, 23, 14, 2] => QQFieldElem[-3, 0, 0, 0, 0, 0, 0, 0],
	[21, 21, 22, 23, 19, 6] => QQFieldElem[-9, 0, 0, 0, 9, 0, 0, 0],
	[21, 21, 22, 23, 23, 6] => QQFieldElem[0, 0, 0, 0, 0, 0, 1, 0],
	[21, 21, 22, 23, 20, 21] => QQFieldElem[-6, 0, 0, 0, -6, 0, 0, 0],
	[21, 21, 22, 23, 20, 2] => QQFieldElem[9, 0, 0, 0, 9, 0, 0, 0],
	[21, 21, 22, 23, 22, 3] => QQFieldElem[-36, 0, 0, 0, 18, 0, 0, 0],
	[21, 21, 22, 23, 19, 3] => QQFieldElem[-27, 0, 0, 0, 27, 0, 0, 0],
	[21, 21, 22, 23, 22, 7] => QQFieldElem[-12, 0, 0, 0, 6, 0, 0, 0],
	[21, 21, 22, 23, 23, 3] => QQFieldElem[0, 0, 0, 0, 0, 0, 3, 0],
	[21, 21, 22, 23, 19, 7] => QQFieldElem[9, 0, 0, 0, -9, 0, 0, 0],
	[21, 21, 22, 23, 13, 8] => QQFieldElem[-4, 0, 0, 0, 0, 0, 0, 0],
	[21, 21, 22, 23, 23, 7] => QQFieldElem[0, 0, 0, 0, 0, 0, 1, 0],
	[21, 21, 22, 23, 14, 8] => QQFieldElem[-2, 0, 0, 0, 0, 0, 0, 0],
	[21, 21, 22, 23, 13, 6] => QQFieldElem[-2, 0, 0, 0, 0, 0, 0, 0],
	[21, 21, 22, 23, 14, 6] => QQFieldElem[1, 0, 0, 0, 0, 0, 0, 0],
	[21, 21, 22, 23, 20, 8] => QQFieldElem[6, 0, 0, 0, 6, 0, 0, 0],
	[21, 21, 22, 23, 22, 21] => QQFieldElem[0, 0, 0, 0, 0, 0, 0, 0],
	[21, 21, 22, 23, 22, 2] => QQFieldElem[36, 0, 0, 0, -18, 0, 0, 0],
	[21, 21, 22, 23, 19, 21] => QQFieldElem[18, 0, 0, 0, -18, 0, 0, 0],
	[21, 21, 22, 23, 19, 2] => QQFieldElem[27, 0, 0, 0, -27, 0, 0, 0],
	[21, 21, 22, 23, 23, 21] => QQFieldElem[0, 0, 0, 0, 0, 0, 0, 0],
	[21, 21, 22, 23, 23, 2] => QQFieldElem[0, 0, 0, 0, 0, 0, 3, 0],
	[21, 21, 22, 23, 13, 3] => QQFieldElem[6, 0, 0, 0, 0, 0, 0, 0],
	[21, 21, 22, 23, 20, 6] => QQFieldElem[-3, 0, 0, 0, -3, 0, 0, 0],
	[21, 21, 22, 23, 14, 3] => QQFieldElem[-3, 0, 0, 0, 0, 0, 0, 0],
	[21, 21, 22, 23, 13, 7] => QQFieldElem[-2, 0, 0, 0, 0, 0, 0, 0],
	[21, 21, 22, 23, 14, 7] => QQFieldElem[1, 0, 0, 0, 0, 0, 0, 0],
	[21, 21, 22, 23, 20, 3] => QQFieldElem[-9, 0, 0, 0, -9, 0, 0, 0])