Dict(
	[21, 25, 11, 22, 22, 25] => QQFieldElem[-1//2, 0, 0, 0, 0, 0, 0, 0],
	[21, 25, 11, 22, 13, 24] => QQFieldElem[0, 0, 0, 0, -1//6, 0, 0, 0],
	[21, 25, 11, 22, 13, 17] => QQFieldElem[-1//12, 0, 0, 0, 0, 0, 0, 0],
	[21, 25, 11, 22, 23, 25] => QQFieldElem[-1//2, 0, 0, 0, 0, 0, 0, 0],
	[21, 25, 11, 22, 20, 24] => QQFieldElem[0, 0, 0, 0, 1, 0, 0, 0],
	[21, 25, 11, 22, 22, 15] => QQFieldElem[9//2, 0, 0, 0, -9//2, 0, 0, 0],
	[21, 25, 11, 22, 20, 17] => QQFieldElem[-1//2, 0, 0, 0, 0, 0, 0, 0],
	[21, 25, 11, 22, 23, 15] => QQFieldElem[-9//2, 0, 0, 0, 9//2, 0, 0, 0],
	[21, 25, 11, 22, 13, 25] => QQFieldElem[0, 0, 0, 0, 1//6, 0, 0, 0],
	[21, 25, 11, 22, 22, 24] => QQFieldElem[-1//2, 0, 0, 0, 0, 0, 0, 0],
	[21, 25, 11, 22, 20, 25] => QQFieldElem[0, 0, 0, 0, -1, 0, 0, 0],
	[21, 25, 11, 22, 22, 17] => QQFieldElem[1//4, 0, 0, 0, -1//4, 0, 0, 0],
	[21, 25, 11, 22, 13, 15] => QQFieldElem[3//2, 0, 0, 0, 0, 0, 0, 0],
	[21, 25, 11, 22, 23, 24] => QQFieldElem[-1//2, 0, 0, 0, 0, 0, 0, 0],
	[21, 25, 11, 22, 23, 17] => QQFieldElem[-1//4, 0, 0, 0, 1//4, 0, 0, 0],
	[21, 25, 11, 22, 20, 15] => QQFieldElem[9, 0, 0, 0, 0, 0, 0, 0])