Dict(
	[21, 25, 23, 10, 9, 24] => QQFieldElem[0, 0, -1//2, 0, 0, 0, 0, 0],
	[21, 25, 23, 10, 10, 25] => QQFieldElem[0, 0, 3//14, 0, 0, 0, 3//7, 0],
	[21, 25, 23, 10, 9, 17] => QQFieldElem[0, 0, 1//6, 0, 0, 0, -1//3, 0],
	[21, 25, 23, 10, 12, 25] => QQFieldElem[0, 0, 1//7, 0, 0, 0, 1//28, 0],
	[21, 25, 23, 10, 11, 24] => QQFieldElem[0, 0, 0, 0, 0, 0, 1//4, 0],
	[21, 25, 23, 10, 11, 17] => QQFieldElem[0, 0, 1//2, 0, 0, 0, -1//4, 0],
	[21, 25, 23, 10, 10, 15] => QQFieldElem[0, 0, 1//2, 0, 0, 0, 0, 0],
	[21, 25, 23, 10, 12, 15] => QQFieldElem[0, 0, -1//2, 0, 0, 0, 1//4, 0],
	[21, 25, 23, 10, 9, 25] => QQFieldElem[0, 0, -1//14, 0, 0, 0, -1//7, 0],
	[21, 25, 23, 10, 11, 25] => QQFieldElem[0, 0, -3//14, 0, 0, 0, 9//28, 0],
	[21, 25, 23, 10, 10, 24] => QQFieldElem[0, 0, -1//2, 0, 0, 0, 0, 0],
	[21, 25, 23, 10, 9, 15] => QQFieldElem[0, 0, 1//2, 0, 0, 0, 0, 0],
	[21, 25, 23, 10, 10, 17] => QQFieldElem[0, 0, -1//2, 0, 0, 0, 1, 0],
	[21, 25, 23, 10, 12, 24] => QQFieldElem[0, 0, -1//2, 0, 0, 0, 1//4, 0],
	[21, 25, 23, 10, 12, 17] => QQFieldElem[0, 0, 0, 0, 0, 0, -1//4, 0],
	[21, 25, 23, 10, 11, 15] => QQFieldElem[0, 0, 0, 0, 0, 0, 1//4, 0])