Dict(
	[21, 25, 12, 22, 14, 16] => QQFieldElem[3//2, 0, 0, 0, 0, 0, 0, 0],
	[21, 25, 12, 22, 22, 25] => QQFieldElem[-1//2, 0, 0, 0, 0, 0, 0, 0],
	[21, 25, 12, 22, 19, 25] => QQFieldElem[0, 0, 0, 0, 1, 0, 0, 0],
	[21, 25, 12, 22, 14, 24] => QQFieldElem[0, 0, 0, 0, 1//6, 0, 0, 0],
	[21, 25, 12, 22, 23, 25] => QQFieldElem[-1//2, 0, 0, 0, 0, 0, 0, 0],
	[21, 25, 12, 22, 22, 18] => QQFieldElem[-1//4, 0, 0, 0, 1//4, 0, 0, 0],
	[21, 25, 12, 22, 19, 18] => QQFieldElem[-1//2, 0, 0, 0, 0, 0, 0, 0],
	[21, 25, 12, 22, 23, 18] => QQFieldElem[1//4, 0, 0, 0, -1//4, 0, 0, 0],
	[21, 25, 12, 22, 22, 16] => QQFieldElem[-9//2, 0, 0, 0, 9//2, 0, 0, 0],
	[21, 25, 12, 22, 14, 25] => QQFieldElem[0, 0, 0, 0, -1//6, 0, 0, 0],
	[21, 25, 12, 22, 19, 16] => QQFieldElem[9, 0, 0, 0, 0, 0, 0, 0],
	[21, 25, 12, 22, 23, 16] => QQFieldElem[9//2, 0, 0, 0, -9//2, 0, 0, 0],
	[21, 25, 12, 22, 22, 24] => QQFieldElem[-1//2, 0, 0, 0, 0, 0, 0, 0],
	[21, 25, 12, 22, 19, 24] => QQFieldElem[0, 0, 0, 0, -1, 0, 0, 0],
	[21, 25, 12, 22, 23, 24] => QQFieldElem[-1//2, 0, 0, 0, 0, 0, 0, 0],
	[21, 25, 12, 22, 14, 18] => QQFieldElem[-1//12, 0, 0, 0, 0, 0, 0, 0])