Dict(
	[21, 21, 12, 10, 10, 8] => QQFieldElem[0, 0, -6, 0, 0, 0, 12, 0],
	[21, 21, 12, 10, 9, 21] => QQFieldElem[-2, 0, 0, 0, 0, 0, 0, 0],
	[21, 21, 12, 10, 12, 8] => QQFieldElem[1, 0, 0, 0, 0, 0, 0, 0],
	[21, 21, 12, 10, 10, 6] => QQFieldElem[0, 0, -6, 0, 0, 0, 12, 0],
	[21, 21, 12, 10, 11, 21] => QQFieldElem[0, 0, -6, 0, 0, 0, -6, 0],
	[21, 21, 12, 10, 12, 6] => QQFieldElem[-1, 0, 0, 0, 0, 0, 0, 0],
	[21, 21, 12, 10, 10, 3] => QQFieldElem[0, 0, 6, 0, 0, 0, -12, 0],
	[21, 21, 12, 10, 12, 3] => QQFieldElem[-1, 0, 0, 0, 0, 0, 0, 0],
	[21, 21, 12, 10, 9, 8] => QQFieldElem[-2, 0, 0, 0, 0, 0, 0, 0],
	[21, 21, 12, 10, 9, 6] => QQFieldElem[-2, 0, 0, 0, 0, 0, 0, 0],
	[21, 21, 12, 10, 11, 8] => QQFieldElem[0, 0, 6, 0, 0, 0, 6, 0],
	[21, 21, 12, 10, 10, 21] => QQFieldElem[0, 0, 6, 0, 0, 0, -12, 0],
	[21, 21, 12, 10, 11, 6] => QQFieldElem[0, 0, -6, 0, 0, 0, -6, 0],
	[21, 21, 12, 10, 9, 3] => QQFieldElem[-2, 0, 0, 0, 0, 0, 0, 0],
	[21, 21, 12, 10, 12, 21] => QQFieldElem[1, 0, 0, 0, 0, 0, 0, 0],
	[21, 21, 12, 10, 11, 3] => QQFieldElem[0, 0, 6, 0, 0, 0, 6, 0])