Dict(
	[21, 22, 24, 11, 10, 14] => QQFieldElem[0, 0, 1//6, 0, 0, 0, 1//6, 0],
	[21, 22, 24, 11, 12, 14] => QQFieldElem[0, 0, 1//3, 0, 0, 0, 1//12, 0],
	[21, 22, 24, 11, 9, 23] => QQFieldElem[0, 0, 3//14, 0, 0, 0, -9//14, 0],
	[21, 22, 24, 11, 9, 19] => QQFieldElem[0, 0, 1//2, 0, 0, 0, -1//2, 0],
	[21, 22, 24, 11, 9, 22] => QQFieldElem[0, 0, -1//2, 0, 0, 0, 1//2, 0],
	[21, 22, 24, 11, 11, 23] => QQFieldElem[0, 0, 3//14, 0, 0, 0, 3//28, 0],
	[21, 22, 24, 11, 11, 19] => QQFieldElem[0, 0, 0, 0, 0, 0, 1//4, 0],
	[21, 22, 24, 11, 11, 22] => QQFieldElem[0, 0, 0, 0, 0, 0, 1//4, 0],
	[21, 22, 24, 11, 9, 14] => QQFieldElem[0, 0, -1//2, 0, 0, 0, -1//2, 0],
	[21, 22, 24, 11, 11, 14] => QQFieldElem[0, 0, -1//2, 0, 0, 0, 1//4, 0],
	[21, 22, 24, 11, 10, 23] => QQFieldElem[0, 0, -1//14, 0, 0, 0, 3//14, 0],
	[21, 22, 24, 11, 10, 19] => QQFieldElem[0, 0, 1//2, 0, 0, 0, -1//2, 0],
	[21, 22, 24, 11, 10, 22] => QQFieldElem[0, 0, -1//2, 0, 0, 0, 1//2, 0],
	[21, 22, 24, 11, 12, 23] => QQFieldElem[0, 0, 0, 0, 0, 0, -1//4, 0],
	[21, 22, 24, 11, 12, 19] => QQFieldElem[0, 0, -1//2, 0, 0, 0, 3//4, 0],
	[21, 22, 24, 11, 12, 22] => QQFieldElem[0, 0, -1//2, 0, 0, 0, 3//4, 0])