Dict(
	[21, 21, 22, 22, 23, 4] => QQFieldElem[0, 0, 0, 0, 0, 0, 3, 0],
	[21, 21, 22, 22, 20, 6] => QQFieldElem[3, 0, 0, 0, 3, 0, 0, 0],
	[21, 21, 22, 22, 23, 21] => QQFieldElem[0, 0, 0, 0, 0, 0, 0, 0],
	[21, 21, 22, 22, 13, 7] => QQFieldElem[-4, 0, 0, 0, 0, 0, 0, 0],
	[21, 21, 22, 22, 22, 5] => QQFieldElem[-9, 0, 0, 0, 9, 0, 0, 0],
	[21, 21, 22, 22, 14, 7] => QQFieldElem[-2, 0, 0, 0, 0, 0, 0, 0],
	[21, 21, 22, 22, 19, 5] => QQFieldElem[12, 0, 0, 0, -6, 0, 0, 0],
	[21, 21, 22, 22, 23, 5] => QQFieldElem[0, 0, 0, 0, 0, 0, 1, 0],
	[21, 21, 22, 22, 20, 7] => QQFieldElem[6, 0, 0, 0, 6, 0, 0, 0],
	[21, 21, 22, 22, 13, 4] => QQFieldElem[6, 0, 0, 0, 0, 0, 0, 0],
	[21, 21, 22, 22, 22, 1] => QQFieldElem[27, 0, 0, 0, -27, 0, 0, 0],
	[21, 21, 22, 22, 14, 4] => QQFieldElem[-3, 0, 0, 0, 0, 0, 0, 0],
	[21, 21, 22, 22, 13, 21] => QQFieldElem[-4, 0, 0, 0, 0, 0, 0, 0],
	[21, 21, 22, 22, 22, 6] => QQFieldElem[9, 0, 0, 0, -9, 0, 0, 0],
	[21, 21, 22, 22, 19, 1] => QQFieldElem[36, 0, 0, 0, -18, 0, 0, 0],
	[21, 21, 22, 22, 23, 1] => QQFieldElem[0, 0, 0, 0, 0, 0, 3, 0],
	[21, 21, 22, 22, 19, 6] => QQFieldElem[-12, 0, 0, 0, 6, 0, 0, 0],
	[21, 21, 22, 22, 14, 21] => QQFieldElem[-2, 0, 0, 0, 0, 0, 0, 0],
	[21, 21, 22, 22, 23, 6] => QQFieldElem[0, 0, 0, 0, 0, 0, 1, 0],
	[21, 21, 22, 22, 20, 4] => QQFieldElem[-9, 0, 0, 0, -9, 0, 0, 0],
	[21, 21, 22, 22, 20, 21] => QQFieldElem[-6, 0, 0, 0, -6, 0, 0, 0],
	[21, 21, 22, 22, 13, 5] => QQFieldElem[-2, 0, 0, 0, 0, 0, 0, 0],
	[21, 21, 22, 22, 14, 5] => QQFieldElem[1, 0, 0, 0, 0, 0, 0, 0],
	[21, 21, 22, 22, 22, 7] => QQFieldElem[-18, 0, 0, 0, 18, 0, 0, 0],
	[21, 21, 22, 22, 19, 7] => QQFieldElem[0, 0, 0, 0, 0, 0, 0, 0],
	[21, 21, 22, 22, 20, 5] => QQFieldElem[-3, 0, 0, 0, -3, 0, 0, 0],
	[21, 21, 22, 22, 23, 7] => QQFieldElem[0, 0, 0, 0, 0, 0, 0, 0],
	[21, 21, 22, 22, 13, 1] => QQFieldElem[6, 0, 0, 0, 0, 0, 0, 0],
	[21, 21, 22, 22, 14, 1] => QQFieldElem[-3, 0, 0, 0, 0, 0, 0, 0],
	[21, 21, 22, 22, 13, 6] => QQFieldElem[-2, 0, 0, 0, 0, 0, 0, 0],
	[21, 21, 22, 22, 22, 4] => QQFieldElem[-27, 0, 0, 0, 27, 0, 0, 0],
	[21, 21, 22, 22, 14, 6] => QQFieldElem[1, 0, 0, 0, 0, 0, 0, 0],
	[21, 21, 22, 22, 22, 21] => QQFieldElem[18, 0, 0, 0, -18, 0, 0, 0],
	[21, 21, 22, 22, 19, 4] => QQFieldElem[-36, 0, 0, 0, 18, 0, 0, 0],
	[21, 21, 22, 22, 20, 1] => QQFieldElem[9, 0, 0, 0, 9, 0, 0, 0],
	[21, 21, 22, 22, 19, 21] => QQFieldElem[0, 0, 0, 0, 0, 0, 0, 0])