Dict(
	[21, 21, 24, 24, 16, 1] => QQFieldElem[-3, 0, 0, 0, 0, 0, 0, 0],
	[21, 21, 24, 24, 16, 6] => QQFieldElem[1, 0, 0, 0, 0, 0, 0, 0],
	[21, 21, 24, 24, 17, 21] => QQFieldElem[-12, 0, 0, 0, 6, 0, 0, 0],
	[21, 21, 24, 24, 18, 21] => QQFieldElem[0, 0, 0, 0, 0, 0, 0, 0],
	[21, 21, 24, 24, 25, 5] => QQFieldElem[0, 0, 0, 0, 0, 0, 1, 0],
	[21, 21, 24, 24, 16, 3] => QQFieldElem[-3, 0, 0, 0, 0, 0, 0, 0],
	[21, 21, 24, 24, 24, 21] => QQFieldElem[0, 0, 0, 0, 18, 0, 0, 0],
	[21, 21, 24, 24, 17, 5] => QQFieldElem[6, 0, 0, 0, -3, 0, 0, 0],
	[21, 21, 24, 24, 15, 21] => QQFieldElem[-4, 0, 0, 0, 0, 0, 0, 0],
	[21, 21, 24, 24, 18, 5] => QQFieldElem[-6, 0, 0, 0, -6, 0, 0, 0],
	[21, 21, 24, 24, 25, 8] => QQFieldElem[0, 0, 0, 0, 0, 0, 0, 0],
	[21, 21, 24, 24, 25, 1] => QQFieldElem[0, 0, 0, 0, 0, 0, 3, 0],
	[21, 21, 24, 24, 24, 5] => QQFieldElem[0, 0, 0, 0, 9, 0, 0, 0],
	[21, 21, 24, 24, 25, 6] => QQFieldElem[0, 0, 0, 0, 0, 0, 1, 0],
	[21, 21, 24, 24, 17, 8] => QQFieldElem[12, 0, 0, 0, -6, 0, 0, 0],
	[21, 21, 24, 24, 18, 8] => QQFieldElem[0, 0, 0, 0, 0, 0, 0, 0],
	[21, 21, 24, 24, 15, 5] => QQFieldElem[-2, 0, 0, 0, 0, 0, 0, 0],
	[21, 21, 24, 24, 17, 1] => QQFieldElem[18, 0, 0, 0, -9, 0, 0, 0],
	[21, 21, 24, 24, 18, 1] => QQFieldElem[18, 0, 0, 0, 18, 0, 0, 0],
	[21, 21, 24, 24, 16, 21] => QQFieldElem[-2, 0, 0, 0, 0, 0, 0, 0],
	[21, 21, 24, 24, 17, 6] => QQFieldElem[-6, 0, 0, 0, 3, 0, 0, 0],
	[21, 21, 24, 24, 24, 8] => QQFieldElem[0, 0, 0, 0, -18, 0, 0, 0],
	[21, 21, 24, 24, 18, 6] => QQFieldElem[6, 0, 0, 0, 6, 0, 0, 0],
	[21, 21, 24, 24, 25, 3] => QQFieldElem[0, 0, 0, 0, 0, 0, 3, 0],
	[21, 21, 24, 24, 24, 1] => QQFieldElem[0, 0, 0, 0, 27, 0, 0, 0],
	[21, 21, 24, 24, 15, 8] => QQFieldElem[-4, 0, 0, 0, 0, 0, 0, 0],
	[21, 21, 24, 24, 24, 6] => QQFieldElem[0, 0, 0, 0, -9, 0, 0, 0],
	[21, 21, 24, 24, 15, 1] => QQFieldElem[6, 0, 0, 0, 0, 0, 0, 0],
	[21, 21, 24, 24, 17, 3] => QQFieldElem[-18, 0, 0, 0, 9, 0, 0, 0],
	[21, 21, 24, 24, 16, 5] => QQFieldElem[1, 0, 0, 0, 0, 0, 0, 0],
	[21, 21, 24, 24, 18, 3] => QQFieldElem[-18, 0, 0, 0, -18, 0, 0, 0],
	[21, 21, 24, 24, 15, 6] => QQFieldElem[-2, 0, 0, 0, 0, 0, 0, 0],
	[21, 21, 24, 24, 24, 3] => QQFieldElem[0, 0, 0, 0, -27, 0, 0, 0],
	[21, 21, 24, 24, 16, 8] => QQFieldElem[-2, 0, 0, 0, 0, 0, 0, 0],
	[21, 21, 24, 24, 15, 3] => QQFieldElem[6, 0, 0, 0, 0, 0, 0, 0],
	[21, 21, 24, 24, 25, 21] => QQFieldElem[0, 0, 0, 0, 0, 0, 0, 0])