Dict(
	[21, 24, 24, 21, 21, 15] => QQFieldElem[-1//24, 0, 0, 0, 0, 0, 0, 0],
	[21, 24, 24, 21, 3, 15] => QQFieldElem[1//24, 0, 0, 0, 0, 0, 0, 0],
	[21, 24, 24, 21, 21, 18] => QQFieldElem[0, 0, 0, 0, 0, 0, 0, 0],
	[21, 24, 24, 21, 3, 18] => QQFieldElem[-1//12, 0, 0, 0, 1//24, 0, 0, 0],
	[21, 24, 24, 21, 1, 24] => QQFieldElem[1//24, 0, 0, 0, 1//24, 0, 0, 0],
	[21, 24, 24, 21, 8, 16] => QQFieldElem[-1//144, 0, 0, 0, 0, 0, 0, 0],
	[21, 24, 24, 21, 1, 17] => QQFieldElem[1//24, 0, 0, 0, -1//24, 0, 0, 0],
	[21, 24, 24, 21, 5, 25] => QQFieldElem[0, 0, 0, 0, 0, 0, 1//4, 0],
	[21, 24, 24, 21, 8, 24] => QQFieldElem[-1//24, 0, 0, 0, -1//24, 0, 0, 0],
	[21, 24, 24, 21, 21, 16] => QQFieldElem[-1//144, 0, 0, 0, 0, 0, 0, 0],
	[21, 24, 24, 21, 3, 16] => QQFieldElem[-1//144, 0, 0, 0, 0, 0, 0, 0],
	[21, 24, 24, 21, 8, 17] => QQFieldElem[1//24, 0, 0, 0, -1//24, 0, 0, 0],
	[21, 24, 24, 21, 6, 25] => QQFieldElem[0, 0, 0, 0, 0, 0, 1//4, 0],
	[21, 24, 24, 21, 21, 24] => QQFieldElem[1//24, 0, 0, 0, 1//24, 0, 0, 0],
	[21, 24, 24, 21, 5, 15] => QQFieldElem[1//24, 0, 0, 0, 0, 0, 0, 0],
	[21, 24, 24, 21, 3, 24] => QQFieldElem[-1//24, 0, 0, 0, -1//24, 0, 0, 0],
	[21, 24, 24, 21, 21, 17] => QQFieldElem[-1//24, 0, 0, 0, 1//24, 0, 0, 0],
	[21, 24, 24, 21, 3, 17] => QQFieldElem[-1//24, 0, 0, 0, 1//24, 0, 0, 0],
	[21, 24, 24, 21, 5, 18] => QQFieldElem[1//12, 0, 0, 0, -1//24, 0, 0, 0],
	[21, 24, 24, 21, 1, 25] => QQFieldElem[0, 0, 0, 0, 0, 0, -1//4, 0],
	[21, 24, 24, 21, 6, 15] => QQFieldElem[1//24, 0, 0, 0, 0, 0, 0, 0],
	[21, 24, 24, 21, 6, 18] => QQFieldElem[-1//12, 0, 0, 0, 1//24, 0, 0, 0],
	[21, 24, 24, 21, 5, 16] => QQFieldElem[-1//144, 0, 0, 0, 0, 0, 0, 0],
	[21, 24, 24, 21, 8, 25] => QQFieldElem[0, 0, 0, 0, 0, 0, 0, 0],
	[21, 24, 24, 21, 1, 15] => QQFieldElem[1//24, 0, 0, 0, 0, 0, 0, 0],
	[21, 24, 24, 21, 5, 24] => QQFieldElem[-1//24, 0, 0, 0, -1//24, 0, 0, 0],
	[21, 24, 24, 21, 21, 25] => QQFieldElem[0, 0, 0, 0, 0, 0, 0, 0],
	[21, 24, 24, 21, 1, 18] => QQFieldElem[1//12, 0, 0, 0, -1//24, 0, 0, 0],
	[21, 24, 24, 21, 3, 25] => QQFieldElem[0, 0, 0, 0, 0, 0, -1//4, 0],
	[21, 24, 24, 21, 5, 17] => QQFieldElem[-1//24, 0, 0, 0, 1//24, 0, 0, 0],
	[21, 24, 24, 21, 6, 16] => QQFieldElem[-1//144, 0, 0, 0, 0, 0, 0, 0],
	[21, 24, 24, 21, 8, 15] => QQFieldElem[-1//24, 0, 0, 0, 0, 0, 0, 0],
	[21, 24, 24, 21, 6, 24] => QQFieldElem[1//24, 0, 0, 0, 1//24, 0, 0, 0],
	[21, 24, 24, 21, 8, 18] => QQFieldElem[0, 0, 0, 0, 0, 0, 0, 0],
	[21, 24, 24, 21, 6, 17] => QQFieldElem[1//24, 0, 0, 0, -1//24, 0, 0, 0],
	[21, 24, 24, 21, 1, 16] => QQFieldElem[-1//144, 0, 0, 0, 0, 0, 0, 0])