Dict(
	[21, 25, 21, 25, 16, 24] => QQFieldElem[1//12, 0, 0, 0, -1//6, 0, 0, 0],
	[21, 25, 21, 25, 16, 17] => QQFieldElem[-1//24, 0, 0, 0, 1//12, 0, 0, 0],
	[21, 25, 21, 25, 25, 15] => QQFieldElem[-3//2, 0, 0, 0, 3, 0, 0, 0],
	[21, 25, 21, 25, 24, 25] => QQFieldElem[0, 0, 0, 0, 0, 0, 0, 0],
	[21, 25, 21, 25, 25, 18] => QQFieldElem[-1//4, 0, 0, 0, 0, 0, 0, 0],
	[21, 25, 21, 25, 15, 25] => QQFieldElem[1//12, 0, 0, 0, -1//6, 0, 0, 0],
	[21, 25, 21, 25, 17, 15] => QQFieldElem[9//2, 0, 0, 0, 0, 0, 0, 0],
	[21, 25, 21, 25, 18, 15] => QQFieldElem[3//2, 0, 0, 0, -3, 0, 0, 0],
	[21, 25, 21, 25, 17, 18] => QQFieldElem[1//4, 0, 0, 0, -1//2, 0, 0, 0],
	[21, 25, 21, 25, 18, 18] => QQFieldElem[-1//4, 0, 0, 0, 0, 0, 0, 0],
	[21, 25, 21, 25, 25, 16] => QQFieldElem[9//2, 0, 0, 0, 0, 0, 0, 0],
	[21, 25, 21, 25, 24, 15] => QQFieldElem[9//2, 0, 0, 0, 0, 0, 0, 0],
	[21, 25, 21, 25, 24, 18] => QQFieldElem[-1//4, 0, 0, 0, 1//2, 0, 0, 0],
	[21, 25, 21, 25, 15, 15] => QQFieldElem[-3//4, 0, 0, 0, 0, 0, 0, 0],
	[21, 25, 21, 25, 25, 24] => QQFieldElem[0, 0, 0, 0, 0, 0, 0, 0],
	[21, 25, 21, 25, 16, 25] => QQFieldElem[-1//4, 0, 0, 0, 0, 0, 0, 0],
	[21, 25, 21, 25, 17, 16] => QQFieldElem[3//2, 0, 0, 0, -3, 0, 0, 0],
	[21, 25, 21, 25, 18, 16] => QQFieldElem[9//2, 0, 0, 0, 0, 0, 0, 0],
	[21, 25, 21, 25, 25, 17] => QQFieldElem[-1//4, 0, 0, 0, 1//2, 0, 0, 0],
	[21, 25, 21, 25, 15, 18] => QQFieldElem[-1//24, 0, 0, 0, 1//12, 0, 0, 0],
	[21, 25, 21, 25, 17, 24] => QQFieldElem[-1//2, 0, 0, 0, 0, 0, 0, 0],
	[21, 25, 21, 25, 24, 16] => QQFieldElem[-3//2, 0, 0, 0, 3, 0, 0, 0],
	[21, 25, 21, 25, 17, 17] => QQFieldElem[-1//4, 0, 0, 0, 0, 0, 0, 0],
	[21, 25, 21, 25, 18, 24] => QQFieldElem[-1//2, 0, 0, 0, 1, 0, 0, 0],
	[21, 25, 21, 25, 18, 17] => QQFieldElem[1//4, 0, 0, 0, -1//2, 0, 0, 0],
	[21, 25, 21, 25, 15, 16] => QQFieldElem[3//4, 0, 0, 0, -3//2, 0, 0, 0],
	[21, 25, 21, 25, 16, 15] => QQFieldElem[3//4, 0, 0, 0, -3//2, 0, 0, 0],
	[21, 25, 21, 25, 24, 24] => QQFieldElem[0, 0, 0, 0, 0, 0, 0, 0],
	[21, 25, 21, 25, 16, 18] => QQFieldElem[-1//8, 0, 0, 0, 0, 0, 0, 0],
	[21, 25, 21, 25, 24, 17] => QQFieldElem[-1//4, 0, 0, 0, 0, 0, 0, 0],
	[21, 25, 21, 25, 15, 24] => QQFieldElem[-1//4, 0, 0, 0, 0, 0, 0, 0],
	[21, 25, 21, 25, 15, 17] => QQFieldElem[-1//8, 0, 0, 0, 0, 0, 0, 0],
	[21, 25, 21, 25, 25, 25] => QQFieldElem[0, 0, 0, 0, 0, 0, 0, 0],
	[21, 25, 21, 25, 16, 16] => QQFieldElem[-3//4, 0, 0, 0, 0, 0, 0, 0],
	[21, 25, 21, 25, 17, 25] => QQFieldElem[-1//2, 0, 0, 0, 1, 0, 0, 0],
	[21, 25, 21, 25, 18, 25] => QQFieldElem[-1//2, 0, 0, 0, 0, 0, 0, 0])