Dict(
	[21, 23, 12, 24, 25, 19] => QQFieldElem[0, 0, 0, 0, 1//4, 0, 0, 0],
	[21, 23, 12, 24, 25, 22] => QQFieldElem[-1//2, 0, 0, 0, 0, 0, 0, 0],
	[21, 23, 12, 24, 18, 23] => QQFieldElem[1, 0, 0, 0, -1, 0, 0, 0],
	[21, 23, 12, 24, 18, 19] => QQFieldElem[-1//2, 0, 0, 0, 0, 0, 0, 0],
	[21, 23, 12, 24, 18, 22] => QQFieldElem[-1, 0, 0, 0, 1, 0, 0, 0],
	[21, 23, 12, 24, 25, 14] => QQFieldElem[0, 0, 0, 0, 9//2, 0, 0, 0],
	[21, 23, 12, 24, 24, 23] => QQFieldElem[-1//2, 0, 0, 0, 0, 0, 0, 0],
	[21, 23, 12, 24, 24, 19] => QQFieldElem[0, 0, 0, 0, -1//4, 0, 0, 0],
	[21, 23, 12, 24, 24, 22] => QQFieldElem[-1//2, 0, 0, 0, 0, 0, 0, 0],
	[21, 23, 12, 24, 18, 14] => QQFieldElem[9, 0, 0, 0, 0, 0, 0, 0],
	[21, 23, 12, 24, 24, 14] => QQFieldElem[0, 0, 0, 0, -9//2, 0, 0, 0],
	[21, 23, 12, 24, 16, 23] => QQFieldElem[-1//6, 0, 0, 0, 1//6, 0, 0, 0],
	[21, 23, 12, 24, 16, 19] => QQFieldElem[-1//12, 0, 0, 0, 0, 0, 0, 0],
	[21, 23, 12, 24, 16, 22] => QQFieldElem[1//6, 0, 0, 0, -1//6, 0, 0, 0],
	[21, 23, 12, 24, 16, 14] => QQFieldElem[3//2, 0, 0, 0, 0, 0, 0, 0],
	[21, 23, 12, 24, 25, 23] => QQFieldElem[-1//2, 0, 0, 0, 0, 0, 0, 0])