Dict(
	[21, 9, 21, 12, 12, 10] => QQFieldElem[-3//4, 0, 0, 0, 0, 0, 0, 0],
	[21, 9, 21, 12, 10, 12] => QQFieldElem[-3//4, 0, 0, 0, 0, 0, 0, 0],
	[21, 9, 21, 12, 9, 10] => QQFieldElem[-1//4, 0, 0, 0, 1//2, 0, 0, 0],
	[21, 9, 21, 12, 12, 12] => QQFieldElem[1//4, 0, 0, 0, -1//2, 0, 0, 0],
	[21, 9, 21, 12, 10, 11] => QQFieldElem[-1//4, 0, 0, 0, 0, 0, 0, 0],
	[21, 9, 21, 12, 10, 9] => QQFieldElem[-1//4, 0, 0, 0, 1//2, 0, 0, 0],
	[21, 9, 21, 12, 11, 10] => QQFieldElem[-1//4, 0, 0, 0, 0, 0, 0, 0],
	[21, 9, 21, 12, 12, 11] => QQFieldElem[-1//4, 0, 0, 0, 1//2, 0, 0, 0],
	[21, 9, 21, 12, 12, 9] => QQFieldElem[-1//4, 0, 0, 0, 0, 0, 0, 0],
	[21, 9, 21, 12, 9, 12] => QQFieldElem[-1//4, 0, 0, 0, 0, 0, 0, 0],
	[21, 9, 21, 12, 11, 12] => QQFieldElem[-1//4, 0, 0, 0, 1//2, 0, 0, 0],
	[21, 9, 21, 12, 9, 11] => QQFieldElem[-3//4, 0, 0, 0, 0, 0, 0, 0],
	[21, 9, 21, 12, 9, 9] => QQFieldElem[1//4, 0, 0, 0, -1//2, 0, 0, 0],
	[21, 9, 21, 12, 10, 10] => QQFieldElem[1//4, 0, 0, 0, -1//2, 0, 0, 0],
	[21, 9, 21, 12, 11, 11] => QQFieldElem[1//4, 0, 0, 0, -1//2, 0, 0, 0],
	[21, 9, 21, 12, 11, 9] => QQFieldElem[-3//4, 0, 0, 0, 0, 0, 0, 0])