Dict(
	[21, 21, 11, 10, 11, 7] => QQFieldElem[0, 0, 6, 0, 0, 0, -12, 0],
	[21, 21, 11, 10, 12, 5] => QQFieldElem[-1, 0, 0, 0, 0, 0, 0, 0],
	[21, 21, 11, 10, 9, 4] => QQFieldElem[-2, 0, 0, 0, 0, 0, 0, 0],
	[21, 21, 11, 10, 9, 21] => QQFieldElem[-2, 0, 0, 0, 0, 0, 0, 0],
	[21, 21, 11, 10, 11, 4] => QQFieldElem[0, 0, -6, 0, 0, 0, 12, 0],
	[21, 21, 11, 10, 11, 21] => QQFieldElem[0, 0, -6, 0, 0, 0, 12, 0],
	[21, 21, 11, 10, 9, 5] => QQFieldElem[-2, 0, 0, 0, 0, 0, 0, 0],
	[21, 21, 11, 10, 11, 5] => QQFieldElem[0, 0, 6, 0, 0, 0, -12, 0],
	[21, 21, 11, 10, 10, 7] => QQFieldElem[0, 0, -6, 0, 0, 0, -6, 0],
	[21, 21, 11, 10, 12, 7] => QQFieldElem[1, 0, 0, 0, 0, 0, 0, 0],
	[21, 21, 11, 10, 10, 4] => QQFieldElem[0, 0, -6, 0, 0, 0, -6, 0],
	[21, 21, 11, 10, 10, 21] => QQFieldElem[0, 0, 6, 0, 0, 0, 6, 0],
	[21, 21, 11, 10, 12, 4] => QQFieldElem[-1, 0, 0, 0, 0, 0, 0, 0],
	[21, 21, 11, 10, 12, 21] => QQFieldElem[1, 0, 0, 0, 0, 0, 0, 0],
	[21, 21, 11, 10, 9, 7] => QQFieldElem[-2, 0, 0, 0, 0, 0, 0, 0],
	[21, 21, 11, 10, 10, 5] => QQFieldElem[0, 0, 6, 0, 0, 0, 6, 0])