Dict(
	[21, 23, 21, 22, 19, 14] => QQFieldElem[-3//2, 0, 0, 0, 3, 0, 0, 0],
	[21, 23, 21, 22, 13, 20] => QQFieldElem[1//24, 0, 0, 0, -1//12, 0, 0, 0],
	[21, 23, 21, 22, 23, 14] => QQFieldElem[3//2, 0, 0, 0, -3, 0, 0, 0],
	[21, 23, 21, 22, 14, 20] => QQFieldElem[-1//8, 0, 0, 0, 0, 0, 0, 0],
	[21, 23, 21, 22, 20, 20] => QQFieldElem[-1//4, 0, 0, 0, 1//2, 0, 0, 0],
	[21, 23, 21, 22, 13, 23] => QQFieldElem[-1//4, 0, 0, 0, 0, 0, 0, 0],
	[21, 23, 21, 22, 13, 19] => QQFieldElem[-1//8, 0, 0, 0, 0, 0, 0, 0],
	[21, 23, 21, 22, 14, 23] => QQFieldElem[-1//12, 0, 0, 0, 1//6, 0, 0, 0],
	[21, 23, 21, 22, 13, 22] => QQFieldElem[-1//12, 0, 0, 0, 1//6, 0, 0, 0],
	[21, 23, 21, 22, 14, 22] => QQFieldElem[-1//4, 0, 0, 0, 0, 0, 0, 0],
	[21, 23, 21, 22, 14, 19] => QQFieldElem[1//24, 0, 0, 0, -1//12, 0, 0, 0],
	[21, 23, 21, 22, 22, 13] => QQFieldElem[3//2, 0, 0, 0, -3, 0, 0, 0],
	[21, 23, 21, 22, 19, 13] => QQFieldElem[9//2, 0, 0, 0, 0, 0, 0, 0],
	[21, 23, 21, 22, 20, 23] => QQFieldElem[-1//2, 0, 0, 0, 0, 0, 0, 0],
	[21, 23, 21, 22, 20, 19] => QQFieldElem[-1//4, 0, 0, 0, 0, 0, 0, 0],
	[21, 23, 21, 22, 23, 13] => QQFieldElem[9//2, 0, 0, 0, 0, 0, 0, 0],
	[21, 23, 21, 22, 13, 14] => QQFieldElem[-3//4, 0, 0, 0, 0, 0, 0, 0],
	[21, 23, 21, 22, 20, 22] => QQFieldElem[1//2, 0, 0, 0, -1, 0, 0, 0],
	[21, 23, 21, 22, 14, 14] => QQFieldElem[-3//4, 0, 0, 0, 3//2, 0, 0, 0],
	[21, 23, 21, 22, 20, 14] => QQFieldElem[9//2, 0, 0, 0, 0, 0, 0, 0],
	[21, 23, 21, 22, 22, 20] => QQFieldElem[1//4, 0, 0, 0, -1//2, 0, 0, 0],
	[21, 23, 21, 22, 19, 20] => QQFieldElem[-1//4, 0, 0, 0, 0, 0, 0, 0],
	[21, 23, 21, 22, 23, 20] => QQFieldElem[-1//4, 0, 0, 0, 0, 0, 0, 0],
	[21, 23, 21, 22, 22, 23] => QQFieldElem[0, 0, 0, 0, 0, 0, 0, 0],
	[21, 23, 21, 22, 22, 19] => QQFieldElem[-1//4, 0, 0, 0, 0, 0, 0, 0],
	[21, 23, 21, 22, 22, 22] => QQFieldElem[0, 0, 0, 0, 0, 0, 0, 0],
	[21, 23, 21, 22, 19, 23] => QQFieldElem[1//2, 0, 0, 0, -1, 0, 0, 0],
	[21, 23, 21, 22, 13, 13] => QQFieldElem[-3//4, 0, 0, 0, 3//2, 0, 0, 0],
	[21, 23, 21, 22, 19, 19] => QQFieldElem[-1//4, 0, 0, 0, 1//2, 0, 0, 0],
	[21, 23, 21, 22, 23, 23] => QQFieldElem[0, 0, 0, 0, 0, 0, 0, 0],
	[21, 23, 21, 22, 23, 19] => QQFieldElem[1//4, 0, 0, 0, -1//2, 0, 0, 0],
	[21, 23, 21, 22, 23, 22] => QQFieldElem[0, 0, 0, 0, 0, 0, 0, 0],
	[21, 23, 21, 22, 14, 13] => QQFieldElem[-3//4, 0, 0, 0, 0, 0, 0, 0],
	[21, 23, 21, 22, 20, 13] => QQFieldElem[-3//2, 0, 0, 0, 3, 0, 0, 0],
	[21, 23, 21, 22, 19, 22] => QQFieldElem[-1//2, 0, 0, 0, 0, 0, 0, 0],
	[21, 23, 21, 22, 22, 14] => QQFieldElem[9//2, 0, 0, 0, 0, 0, 0, 0])