Dict(
	[22, 24, 24, 23, 21, 12] => QQFieldElem[1//16, 0, 0, 0, 1//8, 0, 0, 0],
	[22, 24, 24, 23, 3, 12] => QQFieldElem[3//16, 0, 0, 0, -1//8, 0, 0, 0],
	[22, 24, 24, 23, 8, 11] => QQFieldElem[-1//16, 0, 0, 0, 1//8, 0, 0, 0],
	[22, 24, 24, 23, 8, 9] => QQFieldElem[0, 0, -1//24, 0, 0, 0, 1//48, 0],
	[22, 24, 24, 23, 21, 11] => QQFieldElem[1//16, 0, 0, 0, 1//8, 0, 0, 0],
	[22, 24, 24, 23, 3, 11] => QQFieldElem[3//16, 0, 0, 0, -1//8, 0, 0, 0],
	[22, 24, 24, 23, 21, 9] => QQFieldElem[0, 0, 1//24, 0, 0, 0, -1//16, 0],
	[22, 24, 24, 23, 6, 10] => QQFieldElem[1//16, 0, 0, 0, 0, 0, 0, 0],
	[22, 24, 24, 23, 3, 9] => QQFieldElem[0, 0, 1//24, 0, 0, 0, 1//48, 0],
	[22, 24, 24, 23, 6, 12] => QQFieldElem[-1//16, 0, 0, 0, 1//8, 0, 0, 0],
	[22, 24, 24, 23, 8, 10] => QQFieldElem[1//16, 0, 0, 0, 0, 0, 0, 0],
	[22, 24, 24, 23, 21, 10] => QQFieldElem[5//48, 0, 0, 0, -1//12, 0, 0, 0],
	[22, 24, 24, 23, 3, 10] => QQFieldElem[1//48, 0, 0, 0, 1//12, 0, 0, 0],
	[22, 24, 24, 23, 6, 11] => QQFieldElem[1//16, 0, 0, 0, -1//8, 0, 0, 0],
	[22, 24, 24, 23, 6, 9] => QQFieldElem[0, 0, -1//24, 0, 0, 0, 1//48, 0],
	[22, 24, 24, 23, 8, 12] => QQFieldElem[1//16, 0, 0, 0, -1//8, 0, 0, 0])