Dict(
	[22, 11, 24, 21, 14, 18] => QQFieldElem[0, 0, 0, 0, 0, 0, 1//3, 0],
	[22, 11, 24, 21, 14, 16] => QQFieldElem[0, 0, 2//3, 0, 0, 0, -1//3, 0],
	[22, 11, 24, 21, 22, 25] => QQFieldElem[0, 0, 0, 0, 0, 0, 2, 0],
	[22, 11, 24, 21, 19, 25] => QQFieldElem[0, 0, -4, 0, 0, 0, 0, 0],
	[22, 11, 24, 21, 14, 24] => QQFieldElem[0, 0, -2//3, 0, 0, 0, 0, 0],
	[22, 11, 24, 21, 23, 25] => QQFieldElem[0, 0, 0, 0, 0, 0, 2, 0],
	[22, 11, 24, 21, 22, 18] => QQFieldElem[0, 0, -1, 0, 0, 0, 1, 0],
	[22, 11, 24, 21, 19, 18] => QQFieldElem[0, 0, 0, 0, 0, 0, 2, 0],
	[22, 11, 24, 21, 23, 18] => QQFieldElem[0, 0, 1, 0, 0, 0, -1, 0],
	[22, 11, 24, 21, 22, 16] => QQFieldElem[0, 0, -1, 0, 0, 0, -1, 0],
	[22, 11, 24, 21, 14, 25] => QQFieldElem[0, 0, 2//3, 0, 0, 0, 0, 0],
	[22, 11, 24, 21, 19, 16] => QQFieldElem[0, 0, 4, 0, 0, 0, -2, 0],
	[22, 11, 24, 21, 23, 16] => QQFieldElem[0, 0, 1, 0, 0, 0, 1, 0],
	[22, 11, 24, 21, 22, 24] => QQFieldElem[0, 0, 0, 0, 0, 0, 2, 0],
	[22, 11, 24, 21, 19, 24] => QQFieldElem[0, 0, 4, 0, 0, 0, 0, 0],
	[22, 11, 24, 21, 23, 24] => QQFieldElem[0, 0, 0, 0, 0, 0, 2, 0])