Dict(
	[22, 23, 9, 10, 25, 7] => QQFieldElem[1//12, 0, 0, 0, -1//6, 0, 0, 0],
	[22, 23, 9, 10, 18, 7] => QQFieldElem[1//4, 0, 0, 0, 0, 0, 0, 0],
	[22, 23, 9, 10, 16, 8] => QQFieldElem[0, 0, 0, 0, 0, 0, 2, 0],
	[22, 23, 9, 10, 25, 21] => QQFieldElem[5//42, 0, 0, 0, -2//21, 0, 0, 0],
	[22, 23, 9, 10, 25, 2] => QQFieldElem[-1//2, 0, 0, 0, 0, 0, 0, 0],
	[22, 23, 9, 10, 24, 7] => QQFieldElem[-1//12, 0, 0, 0, 1//6, 0, 0, 0],
	[22, 23, 9, 10, 18, 21] => QQFieldElem[1//14, 0, 0, 0, 1//7, 0, 0, 0],
	[22, 23, 9, 10, 18, 2] => QQFieldElem[-1//2, 0, 0, 0, 1, 0, 0, 0],
	[22, 23, 9, 10, 24, 21] => QQFieldElem[5//21, 0, 0, 0, -4//21, 0, 0, 0],
	[22, 23, 9, 10, 24, 2] => QQFieldElem[1//2, 0, 0, 0, 0, 0, 0, 0],
	[22, 23, 9, 10, 16, 7] => QQFieldElem[0, 0, 1, 0, 0, 0, -1//2, 0],
	[22, 23, 9, 10, 25, 8] => QQFieldElem[1//6, 0, 0, 0, 0, 0, 0, 0],
	[22, 23, 9, 10, 18, 8] => QQFieldElem[1//6, 0, 0, 0, -1//3, 0, 0, 0],
	[22, 23, 9, 10, 16, 21] => QQFieldElem[0, 0, -8//7, 0, 0, 0, -2//7, 0],
	[22, 23, 9, 10, 16, 2] => QQFieldElem[0, 0, 0, 0, 0, 0, 3, 0],
	[22, 23, 9, 10, 24, 8] => QQFieldElem[1//3, 0, 0, 0, 0, 0, 0, 0])