Dict(
	[22, 24, 21, 9, 17, 10] => QQFieldElem[1//16, 0, 0, 0, 1//16, 0, 0, 0],
	[22, 24, 21, 9, 24, 10] => QQFieldElem[-1//16, 0, 0, 0, 1//16, 0, 0, 0],
	[22, 24, 21, 9, 25, 12] => QQFieldElem[5//24, 0, 0, 0, -1//6, 0, 0, 0],
	[22, 24, 21, 9, 15, 10] => QQFieldElem[1//16, 0, 0, 0, -1//16, 0, 0, 0],
	[22, 24, 21, 9, 17, 12] => QQFieldElem[-1//8, 0, 0, 0, 0, 0, 0, 0],
	[22, 24, 21, 9, 25, 11] => QQFieldElem[1//8, 0, 0, 0, 1//4, 0, 0, 0],
	[22, 24, 21, 9, 25, 9] => QQFieldElem[-1//8, 0, 0, 0, 5//8, 0, 0, 0],
	[22, 24, 21, 9, 24, 12] => QQFieldElem[-1//8, 0, 0, 0, 1//4, 0, 0, 0],
	[22, 24, 21, 9, 17, 11] => QQFieldElem[1//8, 0, 0, 0, -1//4, 0, 0, 0],
	[22, 24, 21, 9, 15, 12] => QQFieldElem[-1//8, 0, 0, 0, 1//4, 0, 0, 0],
	[22, 24, 21, 9, 17, 9] => QQFieldElem[-3//8, 0, 0, 0, 3//8, 0, 0, 0],
	[22, 24, 21, 9, 24, 11] => QQFieldElem[1//8, 0, 0, 0, 0, 0, 0, 0],
	[22, 24, 21, 9, 24, 9] => QQFieldElem[3//8, 0, 0, 0, 3//8, 0, 0, 0],
	[22, 24, 21, 9, 15, 11] => QQFieldElem[1//8, 0, 0, 0, 0, 0, 0, 0],
	[22, 24, 21, 9, 15, 9] => QQFieldElem[-3//8, 0, 0, 0, -3//8, 0, 0, 0],
	[22, 24, 21, 9, 25, 10] => QQFieldElem[3//16, 0, 0, 0, -1//16, 0, 0, 0])