Dict(
	[22, 11, 11, 23, 21, 18] => QQFieldElem[1, 0, 0, 0, 0, 0, 0, 0],
	[22, 11, 11, 23, 7, 24] => QQFieldElem[-2, 0, 0, 0, 0, 0, 0, 0],
	[22, 11, 11, 23, 8, 16] => QQFieldElem[1, 0, 0, 0, 0, 0, 0, 0],
	[22, 11, 11, 23, 2, 16] => QQFieldElem[1//18, 0, 0, 0, 0, 0, 0, 0],
	[22, 11, 11, 23, 8, 24] => QQFieldElem[1, 0, 0, 0, 0, 0, 0, 0],
	[22, 11, 11, 23, 21, 16] => QQFieldElem[1, 0, 0, 0, 0, 0, 0, 0],
	[22, 11, 11, 23, 2, 24] => QQFieldElem[1//18, 0, 0, 0, 0, 0, 0, 0],
	[22, 11, 11, 23, 21, 24] => QQFieldElem[-1, 0, 0, 0, 0, 0, 0, 0],
	[22, 11, 11, 23, 7, 25] => QQFieldElem[-4, 0, 0, 0, 0, 0, 0, 0],
	[22, 11, 11, 23, 8, 25] => QQFieldElem[-1, 0, 0, 0, 0, 0, 0, 0],
	[22, 11, 11, 23, 2, 25] => QQFieldElem[1//9, 0, 0, 0, 0, 0, 0, 0],
	[22, 11, 11, 23, 21, 25] => QQFieldElem[1, 0, 0, 0, 0, 0, 0, 0],
	[22, 11, 11, 23, 7, 18] => QQFieldElem[-4, 0, 0, 0, 0, 0, 0, 0],
	[22, 11, 11, 23, 8, 18] => QQFieldElem[1, 0, 0, 0, 0, 0, 0, 0],
	[22, 11, 11, 23, 7, 16] => QQFieldElem[2, 0, 0, 0, 0, 0, 0, 0],
	[22, 11, 11, 23, 2, 18] => QQFieldElem[-1//9, 0, 0, 0, 0, 0, 0, 0])