Dict(
	[22, 11, 22, 11, 16, 16] => QQFieldElem[0, 0, -1//3, 0, 0, 0, -1//3, 0],
	[22, 11, 22, 11, 18, 25] => QQFieldElem[0, 0, 16//7, 0, 0, 0, 8//7, 0],
	[22, 11, 22, 11, 16, 24] => QQFieldElem[0, 0, 0, 0, 0, 0, 4//3, 0],
	[22, 11, 22, 11, 24, 25] => QQFieldElem[0, 0, 6//7, 0, 0, 0, -4//7, 0],
	[22, 11, 22, 11, 25, 18] => QQFieldElem[0, 0, 2, 0, 0, 0, 1, 0],
	[22, 11, 22, 11, 18, 18] => QQFieldElem[0, 0, -2, 0, 0, 0, 2, 0],
	[22, 11, 22, 11, 25, 16] => QQFieldElem[0, 0, 4//3, 0, 0, 0, -5//3, 0],
	[22, 11, 22, 11, 24, 18] => QQFieldElem[0, 0, 0, 0, 0, 0, -1, 0],
	[22, 11, 22, 11, 25, 24] => QQFieldElem[0, 0, 2, 0, 0, 0, -4//3, 0],
	[22, 11, 22, 11, 16, 25] => QQFieldElem[0, 0, 8//21, 0, 0, 0, 4//21, 0],
	[22, 11, 22, 11, 18, 16] => QQFieldElem[0, 0, 2//3, 0, 0, 0, 2//3, 0],
	[22, 11, 22, 11, 24, 16] => QQFieldElem[0, 0, 2, 0, 0, 0, -1, 0],
	[22, 11, 22, 11, 18, 24] => QQFieldElem[0, 0, 0, 0, 0, 0, -8//3, 0],
	[22, 11, 22, 11, 24, 24] => QQFieldElem[0, 0, 2, 0, 0, 0, 0, 0],
	[22, 11, 22, 11, 16, 18] => QQFieldElem[0, 0, -1//3, 0, 0, 0, 1//3, 0],
	[22, 11, 22, 11, 25, 25] => QQFieldElem[0, 0, -10//7, 0, 0, 0, 16//7, 0])