Dict(
	[22, 12, 23, 10, 18, 24] => QQFieldElem[0, 0, 0, 0, 0, 0, 8, 0],
	[22, 12, 23, 10, 18, 17] => QQFieldElem[0, 0, 2//3, 0, 0, 0, 2//3, 0],
	[22, 12, 23, 10, 16, 15] => QQFieldElem[0, 0, -1//3, 0, 0, 0, 1//3, 0],
	[22, 12, 23, 10, 24, 24] => QQFieldElem[0, 0, 2, 0, 0, 0, 0, 0],
	[22, 12, 23, 10, 24, 17] => QQFieldElem[0, 0, -2//3, 0, 0, 0, 1//3, 0],
	[22, 12, 23, 10, 25, 25] => QQFieldElem[0, 0, 2, 0, 0, 0, 0, 0],
	[22, 12, 23, 10, 18, 25] => QQFieldElem[0, 0, -16//3, 0, 0, 0, 8//3, 0],
	[22, 12, 23, 10, 16, 24] => QQFieldElem[0, 0, 0, 0, 0, 0, -4//9, 0],
	[22, 12, 23, 10, 25, 15] => QQFieldElem[0, 0, -2, 0, 0, 0, 1, 0],
	[22, 12, 23, 10, 16, 17] => QQFieldElem[0, 0, 1//9, 0, 0, 0, 1//9, 0],
	[22, 12, 23, 10, 24, 25] => QQFieldElem[0, 0, -2//3, 0, 0, 0, 4//3, 0],
	[22, 12, 23, 10, 18, 15] => QQFieldElem[0, 0, 6, 0, 0, 0, -6, 0],
	[22, 12, 23, 10, 24, 15] => QQFieldElem[0, 0, 0, 0, 0, 0, 3, 0],
	[22, 12, 23, 10, 25, 24] => QQFieldElem[0, 0, -2//3, 0, 0, 0, 4//3, 0],
	[22, 12, 23, 10, 16, 25] => QQFieldElem[0, 0, -8//9, 0, 0, 0, 4//9, 0],
	[22, 12, 23, 10, 25, 17] => QQFieldElem[0, 0, 0, 0, 0, 0, 1, 0])