Dict(
	[22, 11, 23, 9, 15, 16] => QQFieldElem[0, 0, -1//3, 0, 0, 0, 1//3, 0],
	[22, 11, 23, 9, 24, 24] => QQFieldElem[0, 0, 2, 0, 0, 0, 0, 0],
	[22, 11, 23, 9, 15, 24] => QQFieldElem[0, 0, -8//9, 0, 0, 0, 4//9, 0],
	[22, 11, 23, 9, 25, 25] => QQFieldElem[0, 0, 2, 0, 0, 0, 0, 0],
	[22, 11, 23, 9, 17, 25] => QQFieldElem[0, 0, 0, 0, 0, 0, 8, 0],
	[22, 11, 23, 9, 24, 25] => QQFieldElem[0, 0, -2//3, 0, 0, 0, 4//3, 0],
	[22, 11, 23, 9, 25, 18] => QQFieldElem[0, 0, -2//3, 0, 0, 0, 1//3, 0],
	[22, 11, 23, 9, 15, 25] => QQFieldElem[0, 0, 0, 0, 0, 0, -4//9, 0],
	[22, 11, 23, 9, 17, 18] => QQFieldElem[0, 0, 2//3, 0, 0, 0, 2//3, 0],
	[22, 11, 23, 9, 25, 16] => QQFieldElem[0, 0, 0, 0, 0, 0, 3, 0],
	[22, 11, 23, 9, 24, 18] => QQFieldElem[0, 0, 0, 0, 0, 0, 1, 0],
	[22, 11, 23, 9, 25, 24] => QQFieldElem[0, 0, -2//3, 0, 0, 0, 4//3, 0],
	[22, 11, 23, 9, 17, 16] => QQFieldElem[0, 0, 6, 0, 0, 0, -6, 0],
	[22, 11, 23, 9, 15, 18] => QQFieldElem[0, 0, 1//9, 0, 0, 0, 1//9, 0],
	[22, 11, 23, 9, 17, 24] => QQFieldElem[0, 0, -16//3, 0, 0, 0, 8//3, 0],
	[22, 11, 23, 9, 24, 16] => QQFieldElem[0, 0, -2, 0, 0, 0, 1, 0])