Dict(
	[22, 9, 12, 23, 8, 24] => QQFieldElem[-1//3, 0, 0, 0, -4//3, 0, 0, 0],
	[22, 9, 12, 23, 8, 17] => QQFieldElem[-1, 0, 0, 0, 2//3, 0, 0, 0],
	[22, 9, 12, 23, 6, 25] => QQFieldElem[4//3, 0, 0, 0, -8//3, 0, 0, 0],
	[22, 9, 12, 23, 21, 24] => QQFieldElem[-1, 0, 0, 0, 0, 0, 0, 0],
	[22, 9, 12, 23, 3, 24] => QQFieldElem[-1//18, 0, 0, 0, 1//9, 0, 0, 0],
	[22, 9, 12, 23, 21, 17] => QQFieldElem[1//3, 0, 0, 0, -2//3, 0, 0, 0],
	[22, 9, 12, 23, 3, 17] => QQFieldElem[1//9, 0, 0, 0, 0, 0, 0, 0],
	[22, 9, 12, 23, 6, 15] => QQFieldElem[4//3, 0, 0, 0, -8//3, 0, 0, 0],
	[22, 9, 12, 23, 8, 25] => QQFieldElem[-1//3, 0, 0, 0, -4//3, 0, 0, 0],
	[22, 9, 12, 23, 21, 25] => QQFieldElem[-1, 0, 0, 0, 0, 0, 0, 0],
	[22, 9, 12, 23, 3, 25] => QQFieldElem[1//9, 0, 0, 0, -2//9, 0, 0, 0],
	[22, 9, 12, 23, 8, 15] => QQFieldElem[2//3, 0, 0, 0, 8//3, 0, 0, 0],
	[22, 9, 12, 23, 6, 24] => QQFieldElem[-2//3, 0, 0, 0, 4//3, 0, 0, 0],
	[22, 9, 12, 23, 6, 17] => QQFieldElem[-4//3, 0, 0, 0, 0, 0, 0, 0],
	[22, 9, 12, 23, 21, 15] => QQFieldElem[-2, 0, 0, 0, 0, 0, 0, 0],
	[22, 9, 12, 23, 3, 15] => QQFieldElem[-1//9, 0, 0, 0, 2//9, 0, 0, 0])