Dict(
	[22, 25, 12, 21, 14, 11] => QQFieldElem[-1//8, 0, 0, 0, 1//4, 0, 0, 0],
	[22, 25, 12, 21, 22, 10] => QQFieldElem[3//16, 0, 0, 0, -1//16, 0, 0, 0],
	[22, 25, 12, 21, 14, 9] => QQFieldElem[-3//8, 0, 0, 0, -3//8, 0, 0, 0],
	[22, 25, 12, 21, 19, 10] => QQFieldElem[1//16, 0, 0, 0, 1//16, 0, 0, 0],
	[22, 25, 12, 21, 23, 10] => QQFieldElem[-1//16, 0, 0, 0, 1//16, 0, 0, 0],
	[22, 25, 12, 21, 22, 12] => QQFieldElem[1//8, 0, 0, 0, 1//4, 0, 0, 0],
	[22, 25, 12, 21, 19, 12] => QQFieldElem[1//8, 0, 0, 0, -1//4, 0, 0, 0],
	[22, 25, 12, 21, 23, 12] => QQFieldElem[1//8, 0, 0, 0, 0, 0, 0, 0],
	[22, 25, 12, 21, 14, 10] => QQFieldElem[1//16, 0, 0, 0, -1//16, 0, 0, 0],
	[22, 25, 12, 21, 22, 11] => QQFieldElem[5//24, 0, 0, 0, -1//6, 0, 0, 0],
	[22, 25, 12, 21, 19, 11] => QQFieldElem[-1//8, 0, 0, 0, 0, 0, 0, 0],
	[22, 25, 12, 21, 22, 9] => QQFieldElem[-1//8, 0, 0, 0, 5//8, 0, 0, 0],
	[22, 25, 12, 21, 19, 9] => QQFieldElem[-3//8, 0, 0, 0, 3//8, 0, 0, 0],
	[22, 25, 12, 21, 23, 11] => QQFieldElem[-1//8, 0, 0, 0, 1//4, 0, 0, 0],
	[22, 25, 12, 21, 23, 9] => QQFieldElem[3//8, 0, 0, 0, 3//8, 0, 0, 0],
	[22, 25, 12, 21, 14, 12] => QQFieldElem[1//8, 0, 0, 0, 0, 0, 0, 0])