Dict(
	[22, 12, 11, 22, 6, 17] => QQFieldElem[-1, 0, 0, 0, 0, 0, 0, 0],
	[22, 12, 11, 22, 21, 15] => QQFieldElem[1, 0, 0, 0, 0, 0, 0, 0],
	[22, 12, 11, 22, 1, 24] => QQFieldElem[-1//9, 0, 0, 0, 0, 0, 0, 0],
	[22, 12, 11, 22, 1, 17] => QQFieldElem[1//18, 0, 0, 0, 0, 0, 0, 0],
	[22, 12, 11, 22, 5, 25] => QQFieldElem[-4, 0, 0, 0, 0, 0, 0, 0],
	[22, 12, 11, 22, 6, 25] => QQFieldElem[1, 0, 0, 0, 0, 0, 0, 0],
	[22, 12, 11, 22, 21, 24] => QQFieldElem[1, 0, 0, 0, 0, 0, 0, 0],
	[22, 12, 11, 22, 5, 15] => QQFieldElem[2, 0, 0, 0, 0, 0, 0, 0],
	[22, 12, 11, 22, 21, 17] => QQFieldElem[1, 0, 0, 0, 0, 0, 0, 0],
	[22, 12, 11, 22, 1, 25] => QQFieldElem[1//9, 0, 0, 0, 0, 0, 0, 0],
	[22, 12, 11, 22, 6, 15] => QQFieldElem[1, 0, 0, 0, 0, 0, 0, 0],
	[22, 12, 11, 22, 1, 15] => QQFieldElem[1//18, 0, 0, 0, 0, 0, 0, 0],
	[22, 12, 11, 22, 5, 24] => QQFieldElem[-4, 0, 0, 0, 0, 0, 0, 0],
	[22, 12, 11, 22, 21, 25] => QQFieldElem[-1, 0, 0, 0, 0, 0, 0, 0],
	[22, 12, 11, 22, 5, 17] => QQFieldElem[-2, 0, 0, 0, 0, 0, 0, 0],
	[22, 12, 11, 22, 6, 24] => QQFieldElem[1, 0, 0, 0, 0, 0, 0, 0])