Dict(
	[22, 25, 21, 12, 25, 10] => QQFieldElem[3//16, 0, 0, 0, -3//16, 0, 0, 0],
	[22, 25, 21, 12, 17, 10] => QQFieldElem[-3//16, 0, 0, 0, 3//16, 0, 0, 0],
	[22, 25, 21, 12, 24, 10] => QQFieldElem[3//16, 0, 0, 0, -1//16, 0, 0, 0],
	[22, 25, 21, 12, 25, 12] => QQFieldElem[1//8, 0, 0, 0, 0, 0, 0, 0],
	[22, 25, 21, 12, 15, 10] => QQFieldElem[1//16, 0, 0, 0, 1//16, 0, 0, 0],
	[22, 25, 21, 12, 17, 12] => QQFieldElem[1//8, 0, 0, 0, 0, 0, 0, 0],
	[22, 25, 21, 12, 25, 11] => QQFieldElem[9//56, 0, 0, 0, -3//28, 0, 0, 0],
	[22, 25, 21, 12, 25, 9] => QQFieldElem[-1//8, 0, 0, 0, -1//8, 0, 0, 0],
	[22, 25, 21, 12, 24, 12] => QQFieldElem[1//8, 0, 0, 0, 1//4, 0, 0, 0],
	[22, 25, 21, 12, 17, 11] => QQFieldElem[9//56, 0, 0, 0, -3//28, 0, 0, 0],
	[22, 25, 21, 12, 15, 12] => QQFieldElem[1//8, 0, 0, 0, -1//4, 0, 0, 0],
	[22, 25, 21, 12, 17, 9] => QQFieldElem[1//8, 0, 0, 0, 1//8, 0, 0, 0],
	[22, 25, 21, 12, 24, 11] => QQFieldElem[-1//8, 0, 0, 0, 0, 0, 0, 0],
	[22, 25, 21, 12, 24, 9] => QQFieldElem[-1//8, 0, 0, 0, 5//8, 0, 0, 0],
	[22, 25, 21, 12, 15, 11] => QQFieldElem[1//56, 0, 0, 0, 1//14, 0, 0, 0],
	[22, 25, 21, 12, 15, 9] => QQFieldElem[-3//8, 0, 0, 0, 3//8, 0, 0, 0])