Dict(
	[22, 9, 22, 12, 15, 24] => QQFieldElem[0, 0, -8//49, 0, 0, 0, 52//49, 0],
	[22, 9, 22, 12, 15, 17] => QQFieldElem[0, 0, 1, 0, 0, 0, 1, 0],
	[22, 9, 22, 12, 25, 25] => QQFieldElem[0, 0, -2//3, 0, 0, 0, 4//3, 0],
	[22, 9, 22, 12, 17, 25] => QQFieldElem[0, 0, 0, 0, 0, 0, -8//3, 0],
	[22, 9, 22, 12, 25, 15] => QQFieldElem[0, 0, 2//3, 0, 0, 0, -1//3, 0],
	[22, 9, 22, 12, 24, 25] => QQFieldElem[0, 0, -10//3, 0, 0, 0, 16//3, 0],
	[22, 9, 22, 12, 17, 15] => QQFieldElem[0, 0, 2//3, 0, 0, 0, -2//3, 0],
	[22, 9, 22, 12, 15, 25] => QQFieldElem[0, 0, 0, 0, 0, 0, 4//3, 0],
	[22, 9, 22, 12, 24, 15] => QQFieldElem[0, 0, 8//3, 0, 0, 0, -1, 0],
	[22, 9, 22, 12, 15, 15] => QQFieldElem[0, 0, -1//3, 0, 0, 0, 1//3, 0],
	[22, 9, 22, 12, 25, 24] => QQFieldElem[0, 0, -30//49, 0, 0, 0, 48//49, 0],
	[22, 9, 22, 12, 25, 17] => QQFieldElem[0, 0, 0, 0, 0, 0, -3, 0],
	[22, 9, 22, 12, 17, 24] => QQFieldElem[0, 0, -16//147, 0, 0, 0, 104//147, 0],
	[22, 9, 22, 12, 17, 17] => QQFieldElem[0, 0, 2//3, 0, 0, 0, 2//3, 0],
	[22, 9, 22, 12, 24, 24] => QQFieldElem[0, 0, 142//147, 0, 0, 0, -188//147, 0],
	[22, 9, 22, 12, 24, 17] => QQFieldElem[0, 0, -2//3, 0, 0, 0, 13//3, 0])