Dict(
	[22, 12, 22, 9, 24, 24] => QQFieldElem[0, 0, -2//3, 0, 0, 0, 4//3, 0],
	[22, 12, 22, 9, 24, 17] => QQFieldElem[0, 0, -2//3, 0, 0, 0, 1//3, 0],
	[22, 12, 22, 9, 15, 24] => QQFieldElem[0, 0, -8//9, 0, 0, 0, 4//9, 0],
	[22, 12, 22, 9, 15, 17] => QQFieldElem[0, 0, 1//9, 0, 0, 0, 1//9, 0],
	[22, 12, 22, 9, 25, 25] => QQFieldElem[0, 0, -2//3, 0, 0, 0, 4//3, 0],
	[22, 12, 22, 9, 17, 25] => QQFieldElem[0, 0, 0, 0, 0, 0, 8, 0],
	[22, 12, 22, 9, 25, 15] => QQFieldElem[0, 0, -2, 0, 0, 0, 1, 0],
	[22, 12, 22, 9, 24, 25] => QQFieldElem[0, 0, 2, 0, 0, 0, 0, 0],
	[22, 12, 22, 9, 17, 15] => QQFieldElem[0, 0, 6, 0, 0, 0, -6, 0],
	[22, 12, 22, 9, 15, 25] => QQFieldElem[0, 0, 0, 0, 0, 0, -4//9, 0],
	[22, 12, 22, 9, 24, 15] => QQFieldElem[0, 0, 0, 0, 0, 0, 3, 0],
	[22, 12, 22, 9, 15, 15] => QQFieldElem[0, 0, -1//3, 0, 0, 0, 1//3, 0],
	[22, 12, 22, 9, 25, 24] => QQFieldElem[0, 0, 2, 0, 0, 0, 0, 0],
	[22, 12, 22, 9, 25, 17] => QQFieldElem[0, 0, 0, 0, 0, 0, 1, 0],
	[22, 12, 22, 9, 17, 24] => QQFieldElem[0, 0, -16//3, 0, 0, 0, 8//3, 0],
	[22, 12, 22, 9, 17, 17] => QQFieldElem[0, 0, 2//3, 0, 0, 0, 2//3, 0])