Dict(
	[22, 21, 24, 11, 18, 19] => QQFieldElem[0, 0, 0, 0, 0, 0, -2, 0],
	[22, 21, 24, 11, 18, 22] => QQFieldElem[0, 0, 4//3, 0, 0, 0, 4//3, 0],
	[22, 21, 24, 11, 25, 14] => QQFieldElem[0, 0, 5//3, 0, 0, 0, -4//3, 0],
	[22, 21, 24, 11, 24, 23] => QQFieldElem[0, 0, -8//7, 0, 0, 0, 10//7, 0],
	[22, 21, 24, 11, 24, 19] => QQFieldElem[0, 0, -1, 0, 0, 0, 2, 0],
	[22, 21, 24, 11, 24, 22] => QQFieldElem[0, 0, 0, 0, 0, 0, -2, 0],
	[22, 21, 24, 11, 18, 14] => QQFieldElem[0, 0, 4//3, 0, 0, 0, -2//3, 0],
	[22, 21, 24, 11, 24, 14] => QQFieldElem[0, 0, 1, 0, 0, 0, 0, 0],
	[22, 21, 24, 11, 16, 23] => QQFieldElem[0, 0, -2//7, 0, 0, 0, 6//7, 0],
	[22, 21, 24, 11, 16, 19] => QQFieldElem[0, 0, 0, 0, 0, 0, 1, 0],
	[22, 21, 24, 11, 16, 22] => QQFieldElem[0, 0, 2//3, 0, 0, 0, 2//3, 0],
	[22, 21, 24, 11, 16, 14] => QQFieldElem[0, 0, -2//3, 0, 0, 0, 1//3, 0],
	[22, 21, 24, 11, 25, 23] => QQFieldElem[0, 0, 0, 0, 0, 0, -2, 0],
	[22, 21, 24, 11, 25, 19] => QQFieldElem[0, 0, 1, 0, 0, 0, 2, 0],
	[22, 21, 24, 11, 25, 22] => QQFieldElem[0, 0, 8//3, 0, 0, 0, 2//3, 0],
	[22, 21, 24, 11, 18, 23] => QQFieldElem[0, 0, -4//7, 0, 0, 0, 12//7, 0])