Dict(
	[22, 25, 9, 21, 22, 12] => QQFieldElem[1//8, 0, 0, 0, 1//4, 0, 0, 0],
	[22, 25, 9, 21, 23, 12] => QQFieldElem[1//8, 0, 0, 0, 0, 0, 0, 0],
	[22, 25, 9, 21, 13, 10] => QQFieldElem[-3//16, 0, 0, 0, 3//16, 0, 0, 0],
	[22, 25, 9, 21, 22, 11] => QQFieldElem[-1//8, 0, 0, 0, 0, 0, 0, 0],
	[22, 25, 9, 21, 22, 9] => QQFieldElem[-1//8, 0, 0, 0, 5//8, 0, 0, 0],
	[22, 25, 9, 21, 23, 11] => QQFieldElem[9//56, 0, 0, 0, -3//28, 0, 0, 0],
	[22, 25, 9, 21, 20, 10] => QQFieldElem[1//16, 0, 0, 0, 1//16, 0, 0, 0],
	[22, 25, 9, 21, 23, 9] => QQFieldElem[-1//8, 0, 0, 0, -1//8, 0, 0, 0],
	[22, 25, 9, 21, 13, 12] => QQFieldElem[1//8, 0, 0, 0, 0, 0, 0, 0],
	[22, 25, 9, 21, 20, 12] => QQFieldElem[1//8, 0, 0, 0, -1//4, 0, 0, 0],
	[22, 25, 9, 21, 13, 11] => QQFieldElem[9//56, 0, 0, 0, -3//28, 0, 0, 0],
	[22, 25, 9, 21, 13, 9] => QQFieldElem[1//8, 0, 0, 0, 1//8, 0, 0, 0],
	[22, 25, 9, 21, 22, 10] => QQFieldElem[3//16, 0, 0, 0, -1//16, 0, 0, 0],
	[22, 25, 9, 21, 23, 10] => QQFieldElem[3//16, 0, 0, 0, -3//16, 0, 0, 0],
	[22, 25, 9, 21, 20, 11] => QQFieldElem[1//56, 0, 0, 0, 1//14, 0, 0, 0],
	[22, 25, 9, 21, 20, 9] => QQFieldElem[-3//8, 0, 0, 0, 3//8, 0, 0, 0])