Dict(
	[23, 21, 24, 11, 25, 23] => QQFieldElem[0, 0, 8//3, 0, 0, 0, 2//3, 0],
	[23, 21, 24, 11, 25, 19] => QQFieldElem[0, 0, 1, 0, 0, 0, 2, 0],
	[23, 21, 24, 11, 25, 22] => QQFieldElem[0, 0, 0, 0, 0, 0, -2, 0],
	[23, 21, 24, 11, 17, 23] => QQFieldElem[0, 0, 4//3, 0, 0, 0, 4//3, 0],
	[23, 21, 24, 11, 17, 19] => QQFieldElem[0, 0, 0, 0, 0, 0, -2, 0],
	[23, 21, 24, 11, 17, 22] => QQFieldElem[0, 0, -4//7, 0, 0, 0, 12//7, 0],
	[23, 21, 24, 11, 25, 14] => QQFieldElem[0, 0, 5//3, 0, 0, 0, -4//3, 0],
	[23, 21, 24, 11, 24, 23] => QQFieldElem[0, 0, 0, 0, 0, 0, -2, 0],
	[23, 21, 24, 11, 24, 19] => QQFieldElem[0, 0, -1, 0, 0, 0, 2, 0],
	[23, 21, 24, 11, 24, 22] => QQFieldElem[0, 0, -8//7, 0, 0, 0, 10//7, 0],
	[23, 21, 24, 11, 17, 14] => QQFieldElem[0, 0, 4//3, 0, 0, 0, -2//3, 0],
	[23, 21, 24, 11, 15, 23] => QQFieldElem[0, 0, 2//3, 0, 0, 0, 2//3, 0],
	[23, 21, 24, 11, 15, 19] => QQFieldElem[0, 0, 0, 0, 0, 0, 1, 0],
	[23, 21, 24, 11, 15, 22] => QQFieldElem[0, 0, -2//7, 0, 0, 0, 6//7, 0],
	[23, 21, 24, 11, 24, 14] => QQFieldElem[0, 0, 1, 0, 0, 0, 0, 0],
	[23, 21, 24, 11, 15, 14] => QQFieldElem[0, 0, -2//3, 0, 0, 0, 1//3, 0])