Dict(
	[23, 25, 21, 9, 24, 10] => QQFieldElem[-1//16, 0, 0, 0, 1//16, 0, 0, 0],
	[23, 25, 21, 9, 25, 12] => QQFieldElem[1//8, 0, 0, 0, 1//4, 0, 0, 0],
	[23, 25, 21, 9, 18, 12] => QQFieldElem[1//8, 0, 0, 0, -1//4, 0, 0, 0],
	[23, 25, 21, 9, 25, 11] => QQFieldElem[5//24, 0, 0, 0, -1//6, 0, 0, 0],
	[23, 25, 21, 9, 25, 9] => QQFieldElem[-1//8, 0, 0, 0, 5//8, 0, 0, 0],
	[23, 25, 21, 9, 24, 12] => QQFieldElem[1//8, 0, 0, 0, 0, 0, 0, 0],
	[23, 25, 21, 9, 16, 10] => QQFieldElem[1//16, 0, 0, 0, -1//16, 0, 0, 0],
	[23, 25, 21, 9, 18, 11] => QQFieldElem[-1//8, 0, 0, 0, 0, 0, 0, 0],
	[23, 25, 21, 9, 18, 9] => QQFieldElem[-3//8, 0, 0, 0, 3//8, 0, 0, 0],
	[23, 25, 21, 9, 24, 11] => QQFieldElem[-1//8, 0, 0, 0, 1//4, 0, 0, 0],
	[23, 25, 21, 9, 24, 9] => QQFieldElem[3//8, 0, 0, 0, 3//8, 0, 0, 0],
	[23, 25, 21, 9, 16, 12] => QQFieldElem[1//8, 0, 0, 0, 0, 0, 0, 0],
	[23, 25, 21, 9, 25, 10] => QQFieldElem[3//16, 0, 0, 0, -1//16, 0, 0, 0],
	[23, 25, 21, 9, 16, 11] => QQFieldElem[-1//8, 0, 0, 0, 1//4, 0, 0, 0],
	[23, 25, 21, 9, 16, 9] => QQFieldElem[-3//8, 0, 0, 0, -3//8, 0, 0, 0],
	[23, 25, 21, 9, 18, 10] => QQFieldElem[1//16, 0, 0, 0, 1//16, 0, 0, 0])