Dict(
	[23, 23, 10, 10, 24, 6] => QQFieldElem[1//14, 0, 0, 0, 1//7, 0, 0, 0],
	[23, 23, 10, 10, 15, 1] => QQFieldElem[0, 0, 0, 0, 0, 0, 3, 0],
	[23, 23, 10, 10, 15, 6] => QQFieldElem[0, 0, -8//7, 0, 0, 0, -2//7, 0],
	[23, 23, 10, 10, 25, 21] => QQFieldElem[1//6, 0, 0, 0, 0, 0, 0, 0],
	[23, 23, 10, 10, 17, 21] => QQFieldElem[1//3, 0, 0, 0, 0, 0, 0, 0],
	[23, 23, 10, 10, 25, 5] => QQFieldElem[1//12, 0, 0, 0, -1//6, 0, 0, 0],
	[23, 23, 10, 10, 24, 21] => QQFieldElem[1//6, 0, 0, 0, -1//3, 0, 0, 0],
	[23, 23, 10, 10, 17, 5] => QQFieldElem[-1//12, 0, 0, 0, 1//6, 0, 0, 0],
	[23, 23, 10, 10, 15, 21] => QQFieldElem[0, 0, 0, 0, 0, 0, 2, 0],
	[23, 23, 10, 10, 25, 1] => QQFieldElem[-1//2, 0, 0, 0, 0, 0, 0, 0],
	[23, 23, 10, 10, 24, 5] => QQFieldElem[1//4, 0, 0, 0, 0, 0, 0, 0],
	[23, 23, 10, 10, 25, 6] => QQFieldElem[5//42, 0, 0, 0, -2//21, 0, 0, 0],
	[23, 23, 10, 10, 15, 5] => QQFieldElem[0, 0, 1, 0, 0, 0, -1//2, 0],
	[23, 23, 10, 10, 17, 1] => QQFieldElem[1//2, 0, 0, 0, 0, 0, 0, 0],
	[23, 23, 10, 10, 17, 6] => QQFieldElem[5//21, 0, 0, 0, -4//21, 0, 0, 0],
	[23, 23, 10, 10, 24, 1] => QQFieldElem[-1//2, 0, 0, 0, 1, 0, 0, 0])