Dict(
	[23, 9, 23, 12, 25, 16] => QQFieldElem[0, 0, 8//3, 0, 0, 0, -1, 0],
	[23, 9, 23, 12, 24, 18] => QQFieldElem[0, 0, 0, 0, 0, 0, -3, 0],
	[23, 9, 23, 12, 25, 24] => QQFieldElem[0, 0, -10//3, 0, 0, 0, 16//3, 0],
	[23, 9, 23, 12, 16, 25] => QQFieldElem[0, 0, -8//49, 0, 0, 0, 52//49, 0],
	[23, 9, 23, 12, 18, 16] => QQFieldElem[0, 0, 2//3, 0, 0, 0, -2//3, 0],
	[23, 9, 23, 12, 24, 16] => QQFieldElem[0, 0, 2//3, 0, 0, 0, -1//3, 0],
	[23, 9, 23, 12, 18, 24] => QQFieldElem[0, 0, 0, 0, 0, 0, -8//3, 0],
	[23, 9, 23, 12, 24, 24] => QQFieldElem[0, 0, -2//3, 0, 0, 0, 4//3, 0],
	[23, 9, 23, 12, 16, 18] => QQFieldElem[0, 0, 1, 0, 0, 0, 1, 0],
	[23, 9, 23, 12, 25, 25] => QQFieldElem[0, 0, 142//147, 0, 0, 0, -188//147, 0],
	[23, 9, 23, 12, 16, 16] => QQFieldElem[0, 0, -1//3, 0, 0, 0, 1//3, 0],
	[23, 9, 23, 12, 18, 25] => QQFieldElem[0, 0, -16//147, 0, 0, 0, 104//147, 0],
	[23, 9, 23, 12, 16, 24] => QQFieldElem[0, 0, 0, 0, 0, 0, 4//3, 0],
	[23, 9, 23, 12, 24, 25] => QQFieldElem[0, 0, -30//49, 0, 0, 0, 48//49, 0],
	[23, 9, 23, 12, 25, 18] => QQFieldElem[0, 0, -2//3, 0, 0, 0, 13//3, 0],
	[23, 9, 23, 12, 18, 18] => QQFieldElem[0, 0, 2//3, 0, 0, 0, 2//3, 0])