Dict(
	[23, 23, 22, 22, 6, 6] => QQFieldElem[1//6, 0, 0, 0, 0, 0, 0, 0],
	[23, 23, 22, 22, 21, 4] => QQFieldElem[0, 0, 1//18, 0, 0, 0, -1//36, 0],
	[23, 23, 22, 22, 8, 5] => QQFieldElem[-1//24, 0, 0, 0, 1//12, 0, 0, 0],
	[23, 23, 22, 22, 2, 5] => QQFieldElem[1, 0, 0, 0, 0, 0, 0, 0],
	[23, 23, 22, 22, 7, 1] => QQFieldElem[0, 0, 0, 0, 0, 0, -1//24, 0],
	[23, 23, 22, 22, 21, 5] => QQFieldElem[1//12, 0, 0, 0, 0, 0, 0, 0],
	[23, 23, 22, 22, 7, 6] => QQFieldElem[-1//24, 0, 0, 0, 1//12, 0, 0, 0],
	[23, 23, 22, 22, 3, 5] => QQFieldElem[1, 0, 0, 0, 0, 0, 0, 0],
	[23, 23, 22, 22, 6, 7] => QQFieldElem[0, 0, 0, 0, 0, 0, 0, 0],
	[23, 23, 22, 22, 8, 1] => QQFieldElem[0, 0, 0, 0, 0, 0, 1//24, 0],
	[23, 23, 22, 22, 8, 6] => QQFieldElem[1//24, 0, 0, 0, -1//12, 0, 0, 0],
	[23, 23, 22, 22, 2, 1] => QQFieldElem[0, 0, -1//3, 0, 0, 0, 1//6, 0],
	[23, 23, 22, 22, 21, 1] => QQFieldElem[0, 0, -1//18, 0, 0, 0, 1//36, 0],
	[23, 23, 22, 22, 2, 6] => QQFieldElem[-1, 0, 0, 0, 0, 0, 0, 0],
	[23, 23, 22, 22, 3, 1] => QQFieldElem[0, 0, -1//3, 0, 0, 0, 1//6, 0],
	[23, 23, 22, 22, 21, 6] => QQFieldElem[1//12, 0, 0, 0, 0, 0, 0, 0],
	[23, 23, 22, 22, 7, 7] => QQFieldElem[1//8, 0, 0, 0, 0, 0, 0, 0],
	[23, 23, 22, 22, 6, 4] => QQFieldElem[0, 0, -1//18, 0, 0, 0, 1//36, 0],
	[23, 23, 22, 22, 3, 6] => QQFieldElem[-1, 0, 0, 0, 0, 0, 0, 0],
	[23, 23, 22, 22, 6, 21] => QQFieldElem[0, 0, 0, 0, 0, 0, 0, 0],
	[23, 23, 22, 22, 8, 7] => QQFieldElem[1//8, 0, 0, 0, 0, 0, 0, 0],
	[23, 23, 22, 22, 2, 7] => QQFieldElem[1//2, 0, 0, 0, -1, 0, 0, 0],
	[23, 23, 22, 22, 7, 4] => QQFieldElem[0, 0, 0, 0, 0, 0, -1//24, 0],
	[23, 23, 22, 22, 7, 21] => QQFieldElem[1//8, 0, 0, 0, 0, 0, 0, 0],
	[23, 23, 22, 22, 6, 5] => QQFieldElem[1//6, 0, 0, 0, 0, 0, 0, 0],
	[23, 23, 22, 22, 3, 7] => QQFieldElem[-1//2, 0, 0, 0, 1, 0, 0, 0],
	[23, 23, 22, 22, 21, 7] => QQFieldElem[0, 0, 0, 0, 0, 0, 0, 0],
	[23, 23, 22, 22, 8, 4] => QQFieldElem[0, 0, 0, 0, 0, 0, 1//24, 0],
	[23, 23, 22, 22, 8, 21] => QQFieldElem[1//8, 0, 0, 0, 0, 0, 0, 0],
	[23, 23, 22, 22, 2, 4] => QQFieldElem[0, 0, -1//3, 0, 0, 0, 1//6, 0],
	[23, 23, 22, 22, 2, 21] => QQFieldElem[-1, 0, 0, 0, 2, 0, 0, 0],
	[23, 23, 22, 22, 7, 5] => QQFieldElem[1//24, 0, 0, 0, -1//12, 0, 0, 0],
	[23, 23, 22, 22, 6, 1] => QQFieldElem[0, 0, 1//18, 0, 0, 0, -1//36, 0],
	[23, 23, 22, 22, 21, 21] => QQFieldElem[0, 0, 0, 0, 0, 0, 0, 0],
	[23, 23, 22, 22, 3, 4] => QQFieldElem[0, 0, -1//3, 0, 0, 0, 1//6, 0],
	[23, 23, 22, 22, 3, 21] => QQFieldElem[1, 0, 0, 0, -2, 0, 0, 0])