Dict(
	[23, 22, 12, 10, 24, 21] => QQFieldElem[-1//3, 0, 0, 0, 0, 0, 0, 0],
	[23, 22, 12, 10, 15, 21] => QQFieldElem[0, 0, 0, 0, 0, 0, -4, 0],
	[23, 22, 12, 10, 25, 8] => QQFieldElem[-1//6, 0, 0, 0, 0, 0, 0, 0],
	[23, 22, 12, 10, 25, 6] => QQFieldElem[1//12, 0, 0, 0, 0, 0, 0, 0],
	[23, 22, 12, 10, 17, 8] => QQFieldElem[-1//6, 0, 0, 0, 0, 0, 0, 0],
	[23, 22, 12, 10, 17, 6] => QQFieldElem[1//12, 0, 0, 0, 0, 0, 0, 0],
	[23, 22, 12, 10, 24, 8] => QQFieldElem[1//3, 0, 0, 0, 0, 0, 0, 0],
	[23, 22, 12, 10, 25, 3] => QQFieldElem[-1//2, 0, 0, 0, 1, 0, 0, 0],
	[23, 22, 12, 10, 15, 8] => QQFieldElem[0, 0, 0, 0, 0, 0, -4, 0],
	[23, 22, 12, 10, 24, 6] => QQFieldElem[1//12, 0, 0, 0, 0, 0, 0, 0],
	[23, 22, 12, 10, 17, 3] => QQFieldElem[1//2, 0, 0, 0, -1, 0, 0, 0],
	[23, 22, 12, 10, 15, 6] => QQFieldElem[0, 0, 0, 0, 0, 0, -1, 0],
	[23, 22, 12, 10, 24, 3] => QQFieldElem[-1//2, 0, 0, 0, 1, 0, 0, 0],
	[23, 22, 12, 10, 15, 3] => QQFieldElem[0, 0, -12, 0, 0, 0, 6, 0],
	[23, 22, 12, 10, 25, 21] => QQFieldElem[1//6, 0, 0, 0, 0, 0, 0, 0],
	[23, 22, 12, 10, 17, 21] => QQFieldElem[-1//6, 0, 0, 0, 0, 0, 0, 0])