Dict(
	[23, 21, 24, 10, 17, 20] => QQFieldElem[0, 0, 0, 0, 0, 0, 2, 0],
	[23, 21, 24, 10, 25, 23] => QQFieldElem[0, 0, 0, 0, 0, 0, 2, 0],
	[23, 21, 24, 10, 25, 22] => QQFieldElem[0, 0, 0, 0, 0, 0, 2, 0],
	[23, 21, 24, 10, 24, 20] => QQFieldElem[0, 0, -1, 0, 0, 0, 0, 0],
	[23, 21, 24, 10, 17, 23] => QQFieldElem[0, 0, -4, 0, 0, 0, 4, 0],
	[23, 21, 24, 10, 17, 22] => QQFieldElem[0, 0, 4, 0, 0, 0, -4, 0],
	[23, 21, 24, 10, 15, 20] => QQFieldElem[0, 0, 0, 0, 0, 0, 1//3, 0],
	[23, 21, 24, 10, 24, 23] => QQFieldElem[0, 0, 0, 0, 0, 0, 2, 0],
	[23, 21, 24, 10, 24, 22] => QQFieldElem[0, 0, 0, 0, 0, 0, 2, 0],
	[23, 21, 24, 10, 15, 23] => QQFieldElem[0, 0, 2//3, 0, 0, 0, -2//3, 0],
	[23, 21, 24, 10, 15, 22] => QQFieldElem[0, 0, -2//3, 0, 0, 0, 2//3, 0],
	[23, 21, 24, 10, 25, 13] => QQFieldElem[0, 0, -1, 0, 0, 0, 2, 0],
	[23, 21, 24, 10, 17, 13] => QQFieldElem[0, 0, 4, 0, 0, 0, -2, 0],
	[23, 21, 24, 10, 24, 13] => QQFieldElem[0, 0, 1, 0, 0, 0, -2, 0],
	[23, 21, 24, 10, 25, 20] => QQFieldElem[0, 0, 1, 0, 0, 0, 0, 0],
	[23, 21, 24, 10, 15, 13] => QQFieldElem[0, 0, 2//3, 0, 0, 0, -1//3, 0])