Dict(
	[23, 10, 23, 10, 25, 15] => QQFieldElem[0, 0, 2, 0, 0, 0, -1, 0],
	[23, 10, 23, 10, 24, 25] => QQFieldElem[0, 0, 2, 0, 0, 0, -4//3, 0],
	[23, 10, 23, 10, 15, 25] => QQFieldElem[0, 0, 0, 0, 0, 0, 4//3, 0],
	[23, 10, 23, 10, 17, 15] => QQFieldElem[0, 0, 2//3, 0, 0, 0, 2//3, 0],
	[23, 10, 23, 10, 24, 15] => QQFieldElem[0, 0, 4//3, 0, 0, 0, -5//3, 0],
	[23, 10, 23, 10, 15, 15] => QQFieldElem[0, 0, -1//3, 0, 0, 0, -1//3, 0],
	[23, 10, 23, 10, 25, 24] => QQFieldElem[0, 0, 6//7, 0, 0, 0, -4//7, 0],
	[23, 10, 23, 10, 25, 17] => QQFieldElem[0, 0, 0, 0, 0, 0, -1, 0],
	[23, 10, 23, 10, 17, 24] => QQFieldElem[0, 0, 16//7, 0, 0, 0, 8//7, 0],
	[23, 10, 23, 10, 17, 17] => QQFieldElem[0, 0, -2, 0, 0, 0, 2, 0],
	[23, 10, 23, 10, 24, 24] => QQFieldElem[0, 0, -10//7, 0, 0, 0, 16//7, 0],
	[23, 10, 23, 10, 24, 17] => QQFieldElem[0, 0, 2, 0, 0, 0, 1, 0],
	[23, 10, 23, 10, 15, 24] => QQFieldElem[0, 0, 8//21, 0, 0, 0, 4//21, 0],
	[23, 10, 23, 10, 15, 17] => QQFieldElem[0, 0, -1//3, 0, 0, 0, 1//3, 0],
	[23, 10, 23, 10, 25, 25] => QQFieldElem[0, 0, 2, 0, 0, 0, 0, 0],
	[23, 10, 23, 10, 17, 25] => QQFieldElem[0, 0, 0, 0, 0, 0, -8//3, 0])