Dict(
	[23, 21, 21, 23, 1, 22] => QQFieldElem[0, 0, 1//216, 0, 0, 0, -1//216, 0],
	[23, 21, 21, 23, 4, 20] => QQFieldElem[0, 0, 1//216, 0, 0, 0, 1//216, 0],
	[23, 21, 21, 23, 5, 13] => QQFieldElem[1, 0, 0, 0, 0, 0, 0, 0],
	[23, 21, 21, 23, 1, 14] => QQFieldElem[-1//6, 0, 0, 0, 0, 0, 0, 0],
	[23, 21, 21, 23, 7, 14] => QQFieldElem[2, 0, 0, 0, 0, 0, 0, 0],
	[23, 21, 21, 23, 21, 23] => QQFieldElem[0, 0, 0, 0, 0, 0, 0, 0],
	[23, 21, 21, 23, 21, 19] => QQFieldElem[0, 0, 0, 0, 0, 0, 0, 0],
	[23, 21, 21, 23, 21, 22] => QQFieldElem[0, 0, -1//18, 0, 0, 0, 1//18, 0],
	[23, 21, 21, 23, 6, 13] => QQFieldElem[1, 0, 0, 0, 0, 0, 0, 0],
	[23, 21, 21, 23, 4, 19] => QQFieldElem[0, 0, -1//216, 0, 0, 0, 1//108, 0],
	[23, 21, 21, 23, 4, 22] => QQFieldElem[0, 0, -1//216, 0, 0, 0, 1//216, 0],
	[23, 21, 21, 23, 4, 23] => QQFieldElem[1//12, 0, 0, 0, 0, 0, 0, 0],
	[23, 21, 21, 23, 21, 14] => QQFieldElem[2, 0, 0, 0, 0, 0, 0, 0],
	[23, 21, 21, 23, 5, 20] => QQFieldElem[0, 0, -1//18, 0, 0, 0, -1//18, 0],
	[23, 21, 21, 23, 1, 13] => QQFieldElem[1//12, 0, 0, 0, 0, 0, 0, 0],
	[23, 21, 21, 23, 7, 13] => QQFieldElem[1, 0, 0, 0, 0, 0, 0, 0],
	[23, 21, 21, 23, 4, 14] => QQFieldElem[-1//6, 0, 0, 0, 0, 0, 0, 0],
	[23, 21, 21, 23, 6, 20] => QQFieldElem[0, 0, 1//18, 0, 0, 0, 1//18, 0],
	[23, 21, 21, 23, 5, 23] => QQFieldElem[-1, 0, 0, 0, 0, 0, 0, 0],
	[23, 21, 21, 23, 5, 19] => QQFieldElem[0, 0, -1//18, 0, 0, 0, 1//9, 0],
	[23, 21, 21, 23, 5, 22] => QQFieldElem[0, 0, 1//18, 0, 0, 0, -1//18, 0],
	[23, 21, 21, 23, 6, 23] => QQFieldElem[-1, 0, 0, 0, 0, 0, 0, 0],
	[23, 21, 21, 23, 1, 20] => QQFieldElem[0, 0, -1//216, 0, 0, 0, -1//216, 0],
	[23, 21, 21, 23, 7, 20] => QQFieldElem[0, 0, 1//18, 0, 0, 0, 1//18, 0],
	[23, 21, 21, 23, 21, 13] => QQFieldElem[1, 0, 0, 0, 0, 0, 0, 0],
	[23, 21, 21, 23, 5, 14] => QQFieldElem[-2, 0, 0, 0, 0, 0, 0, 0],
	[23, 21, 21, 23, 6, 19] => QQFieldElem[0, 0, 1//18, 0, 0, 0, -1//9, 0],
	[23, 21, 21, 23, 4, 13] => QQFieldElem[1//12, 0, 0, 0, 0, 0, 0, 0],
	[23, 21, 21, 23, 6, 22] => QQFieldElem[0, 0, -1//18, 0, 0, 0, 1//18, 0],
	[23, 21, 21, 23, 1, 23] => QQFieldElem[1//12, 0, 0, 0, 0, 0, 0, 0],
	[23, 21, 21, 23, 6, 14] => QQFieldElem[-2, 0, 0, 0, 0, 0, 0, 0],
	[23, 21, 21, 23, 7, 19] => QQFieldElem[0, 0, 0, 0, 0, 0, 0, 0],
	[23, 21, 21, 23, 7, 22] => QQFieldElem[0, 0, 1//18, 0, 0, 0, -1//18, 0],
	[23, 21, 21, 23, 7, 23] => QQFieldElem[0, 0, 0, 0, 0, 0, 0, 0],
	[23, 21, 21, 23, 1, 19] => QQFieldElem[0, 0, 1//216, 0, 0, 0, -1//108, 0],
	[23, 21, 21, 23, 21, 20] => QQFieldElem[0, 0, -1//18, 0, 0, 0, -1//18, 0])