Dict(
	[23, 9, 9, 22, 8, 25] => QQFieldElem[-1, 0, 0, 0, 0, 0, 0, 0],
	[23, 9, 9, 22, 2, 25] => QQFieldElem[1//3, 0, 0, 0, 0, 0, 0, 0],
	[23, 9, 9, 22, 21, 25] => QQFieldElem[7//3, 0, 0, 0, 0, 0, 0, 0],
	[23, 9, 9, 22, 7, 18] => QQFieldElem[4//3, 0, 0, 0, 0, 0, 0, 0],
	[23, 9, 9, 22, 8, 18] => QQFieldElem[-1, 0, 0, 0, 0, 0, 0, 0],
	[23, 9, 9, 22, 7, 16] => QQFieldElem[2//3, 0, 0, 0, 0, 0, 0, 0],
	[23, 9, 9, 22, 2, 18] => QQFieldElem[1//3, 0, 0, 0, 0, 0, 0, 0],
	[23, 9, 9, 22, 21, 18] => QQFieldElem[-7//3, 0, 0, 0, 0, 0, 0, 0],
	[23, 9, 9, 22, 7, 24] => QQFieldElem[-2//3, 0, 0, 0, 0, 0, 0, 0],
	[23, 9, 9, 22, 8, 16] => QQFieldElem[1, 0, 0, 0, 0, 0, 0, 0],
	[23, 9, 9, 22, 2, 16] => QQFieldElem[1//6, 0, 0, 0, 0, 0, 0, 0],
	[23, 9, 9, 22, 8, 24] => QQFieldElem[1, 0, 0, 0, 0, 0, 0, 0],
	[23, 9, 9, 22, 21, 16] => QQFieldElem[7//3, 0, 0, 0, 0, 0, 0, 0],
	[23, 9, 9, 22, 2, 24] => QQFieldElem[1//6, 0, 0, 0, 0, 0, 0, 0],
	[23, 9, 9, 22, 21, 24] => QQFieldElem[-7//3, 0, 0, 0, 0, 0, 0, 0],
	[23, 9, 9, 22, 7, 25] => QQFieldElem[-4//3, 0, 0, 0, 0, 0, 0, 0])