Dict(
	[24, 22, 21, 11, 23, 10] => QQFieldElem[1//8, 0, 0, 0, 1//16, 0, 0, 0],
	[24, 22, 21, 11, 22, 12] => QQFieldElem[3//56, 0, 0, 0, 3//28, 0, 0, 0],
	[24, 22, 21, 11, 19, 12] => QQFieldElem[3//56, 0, 0, 0, 3//28, 0, 0, 0],
	[24, 22, 21, 11, 23, 12] => QQFieldElem[-1//8, 0, 0, 0, 0, 0, 0, 0],
	[24, 22, 21, 11, 14, 10] => QQFieldElem[1//8, 0, 0, 0, -1//16, 0, 0, 0],
	[24, 22, 21, 11, 22, 11] => QQFieldElem[1//8, 0, 0, 0, 0, 0, 0, 0],
	[24, 22, 21, 11, 19, 11] => QQFieldElem[1//8, 0, 0, 0, 0, 0, 0, 0],
	[24, 22, 21, 11, 22, 9] => QQFieldElem[1//4, 0, 0, 0, -1//8, 0, 0, 0],
	[24, 22, 21, 11, 19, 9] => QQFieldElem[-1//4, 0, 0, 0, 1//8, 0, 0, 0],
	[24, 22, 21, 11, 23, 11] => QQFieldElem[3//8, 0, 0, 0, -1//4, 0, 0, 0],
	[24, 22, 21, 11, 23, 9] => QQFieldElem[-1//2, 0, 0, 0, 5//8, 0, 0, 0],
	[24, 22, 21, 11, 14, 12] => QQFieldElem[5//56, 0, 0, 0, -1//14, 0, 0, 0],
	[24, 22, 21, 11, 14, 11] => QQFieldElem[-1//8, 0, 0, 0, 1//4, 0, 0, 0],
	[24, 22, 21, 11, 22, 10] => QQFieldElem[0, 0, 0, 0, 3//16, 0, 0, 0],
	[24, 22, 21, 11, 14, 9] => QQFieldElem[0, 0, 0, 0, 3//8, 0, 0, 0],
	[24, 22, 21, 11, 19, 10] => QQFieldElem[0, 0, 0, 0, -3//16, 0, 0, 0])