Dict(
	[24, 21, 22, 9, 22, 25] => QQFieldElem[0, 0, 0, 0, 0, 0, 2, 0],
	[24, 21, 22, 9, 19, 25] => QQFieldElem[0, 0, -4, 0, 0, 0, 0, 0],
	[24, 21, 22, 9, 14, 24] => QQFieldElem[0, 0, -2//3, 0, 0, 0, 0, 0],
	[24, 21, 22, 9, 23, 25] => QQFieldElem[0, 0, 0, 0, 0, 0, 2, 0],
	[24, 21, 22, 9, 14, 17] => QQFieldElem[0, 0, 0, 0, 0, 0, 1//3, 0],
	[24, 21, 22, 9, 22, 15] => QQFieldElem[0, 0, 1, 0, 0, 0, 1, 0],
	[24, 21, 22, 9, 19, 15] => QQFieldElem[0, 0, 4, 0, 0, 0, -2, 0],
	[24, 21, 22, 9, 23, 15] => QQFieldElem[0, 0, -1, 0, 0, 0, -1, 0],
	[24, 21, 22, 9, 14, 25] => QQFieldElem[0, 0, 2//3, 0, 0, 0, 0, 0],
	[24, 21, 22, 9, 22, 24] => QQFieldElem[0, 0, 0, 0, 0, 0, 2, 0],
	[24, 21, 22, 9, 22, 17] => QQFieldElem[0, 0, 1, 0, 0, 0, -1, 0],
	[24, 21, 22, 9, 19, 24] => QQFieldElem[0, 0, 4, 0, 0, 0, 0, 0],
	[24, 21, 22, 9, 23, 24] => QQFieldElem[0, 0, 0, 0, 0, 0, 2, 0],
	[24, 21, 22, 9, 19, 17] => QQFieldElem[0, 0, 0, 0, 0, 0, 2, 0],
	[24, 21, 22, 9, 14, 15] => QQFieldElem[0, 0, 2//3, 0, 0, 0, -1//3, 0],
	[24, 21, 22, 9, 23, 17] => QQFieldElem[0, 0, -1, 0, 0, 0, 1, 0])