Dict(
	[24, 21, 22, 11, 22, 18] => QQFieldElem[0, 0, 1, 0, 0, 0, 1, 0],
	[24, 21, 22, 11, 19, 18] => QQFieldElem[0, 0, 0, 0, 0, 0, -2, 0],
	[24, 21, 22, 11, 23, 18] => QQFieldElem[0, 0, -1, 0, 0, 0, 3, 0],
	[24, 21, 22, 11, 22, 16] => QQFieldElem[0, 0, 1, 0, 0, 0, -1, 0],
	[24, 21, 22, 11, 14, 25] => QQFieldElem[0, 0, 2//7, 0, 0, 0, 4//7, 0],
	[24, 21, 22, 11, 19, 16] => QQFieldElem[0, 0, 4//3, 0, 0, 0, -2//3, 0],
	[24, 21, 22, 11, 23, 16] => QQFieldElem[0, 0, 5//3, 0, 0, 0, -1//3, 0],
	[24, 21, 22, 11, 22, 24] => QQFieldElem[0, 0, 0, 0, 0, 0, -2, 0],
	[24, 21, 22, 11, 19, 24] => QQFieldElem[0, 0, -4//3, 0, 0, 0, 8//3, 0],
	[24, 21, 22, 11, 23, 24] => QQFieldElem[0, 0, -8//3, 0, 0, 0, 10//3, 0],
	[24, 21, 22, 11, 14, 18] => QQFieldElem[0, 0, 0, 0, 0, 0, 1, 0],
	[24, 21, 22, 11, 14, 16] => QQFieldElem[0, 0, -2//3, 0, 0, 0, 1//3, 0],
	[24, 21, 22, 11, 22, 25] => QQFieldElem[0, 0, 8//7, 0, 0, 0, 2//7, 0],
	[24, 21, 22, 11, 19, 25] => QQFieldElem[0, 0, 4//7, 0, 0, 0, 8//7, 0],
	[24, 21, 22, 11, 14, 24] => QQFieldElem[0, 0, -2//3, 0, 0, 0, 4//3, 0],
	[24, 21, 22, 11, 23, 25] => QQFieldElem[0, 0, 0, 0, 0, 0, -2, 0])