Dict(
	[24, 12, 25, 9, 19, 23] => QQFieldElem[0, 0, 16//3, 0, 0, 0, -8//3, 0],
	[24, 12, 25, 9, 14, 13] => QQFieldElem[0, 0, -1//3, 0, 0, 0, 0, 0],
	[24, 12, 25, 9, 19, 22] => QQFieldElem[0, 0, 0, 0, 0, 0, 8, 0],
	[24, 12, 25, 9, 23, 23] => QQFieldElem[0, 0, -2, 0, 0, 0, 2, 0],
	[24, 12, 25, 9, 23, 22] => QQFieldElem[0, 0, 2//3, 0, 0, 0, 2//3, 0],
	[24, 12, 25, 9, 14, 20] => QQFieldElem[0, 0, -1//9, 0, 0, 0, 2//9, 0],
	[24, 12, 25, 9, 14, 23] => QQFieldElem[0, 0, 8//9, 0, 0, 0, -4//9, 0],
	[24, 12, 25, 9, 14, 22] => QQFieldElem[0, 0, 0, 0, 0, 0, -4//9, 0],
	[24, 12, 25, 9, 22, 13] => QQFieldElem[0, 0, 0, 0, 0, 0, -3, 0],
	[24, 12, 25, 9, 19, 13] => QQFieldElem[0, 0, 6, 0, 0, 0, 0, 0],
	[24, 12, 25, 9, 23, 13] => QQFieldElem[0, 0, -2, 0, 0, 0, 1, 0],
	[24, 12, 25, 9, 22, 20] => QQFieldElem[0, 0, 2//3, 0, 0, 0, -1//3, 0],
	[24, 12, 25, 9, 19, 20] => QQFieldElem[0, 0, -2//3, 0, 0, 0, 4//3, 0],
	[24, 12, 25, 9, 23, 20] => QQFieldElem[0, 0, 0, 0, 0, 0, 1, 0],
	[24, 12, 25, 9, 22, 23] => QQFieldElem[0, 0, 2//3, 0, 0, 0, 2//3, 0],
	[24, 12, 25, 9, 22, 22] => QQFieldElem[0, 0, -2, 0, 0, 0, 2, 0])