Dict(
	[24, 22, 11, 21, 24, 12] => QQFieldElem[1//8, 0, 0, 0, 0, 0, 0, 0],
	[24, 22, 11, 21, 16, 10] => QQFieldElem[0, 0, 0, 0, 1//16, 0, 0, 0],
	[24, 22, 11, 21, 18, 11] => QQFieldElem[-1//8, 0, 0, 0, 0, 0, 0, 0],
	[24, 22, 11, 21, 18, 9] => QQFieldElem[0, 0, 0, 0, 3//8, 0, 0, 0],
	[24, 22, 11, 21, 24, 11] => QQFieldElem[1//8, 0, 0, 0, -1//4, 0, 0, 0],
	[24, 22, 11, 21, 24, 9] => QQFieldElem[-3//4, 0, 0, 0, 3//8, 0, 0, 0],
	[24, 22, 11, 21, 16, 12] => QQFieldElem[1//8, 0, 0, 0, 0, 0, 0, 0],
	[24, 22, 11, 21, 25, 10] => QQFieldElem[1//8, 0, 0, 0, 1//16, 0, 0, 0],
	[24, 22, 11, 21, 16, 11] => QQFieldElem[1//8, 0, 0, 0, -1//4, 0, 0, 0],
	[24, 22, 11, 21, 16, 9] => QQFieldElem[3//4, 0, 0, 0, -3//8, 0, 0, 0],
	[24, 22, 11, 21, 18, 10] => QQFieldElem[1//8, 0, 0, 0, -1//16, 0, 0, 0],
	[24, 22, 11, 21, 24, 10] => QQFieldElem[0, 0, 0, 0, -1//16, 0, 0, 0],
	[24, 22, 11, 21, 25, 12] => QQFieldElem[3//8, 0, 0, 0, -1//4, 0, 0, 0],
	[24, 22, 11, 21, 18, 12] => QQFieldElem[-1//8, 0, 0, 0, 1//4, 0, 0, 0],
	[24, 22, 11, 21, 25, 11] => QQFieldElem[1//24, 0, 0, 0, 1//6, 0, 0, 0],
	[24, 22, 11, 21, 25, 9] => QQFieldElem[-1//2, 0, 0, 0, 5//8, 0, 0, 0])