Dict(
	[24, 21, 23, 9, 22, 25] => QQFieldElem[0, 0, 0, 0, 0, 0, 2, 0],
	[24, 21, 23, 9, 19, 25] => QQFieldElem[0, 0, -4, 0, 0, 0, 0, 0],
	[24, 21, 23, 9, 14, 24] => QQFieldElem[0, 0, -2//3, 0, 0, 0, 0, 0],
	[24, 21, 23, 9, 23, 25] => QQFieldElem[0, 0, 0, 0, 0, 0, 2, 0],
	[24, 21, 23, 9, 22, 18] => QQFieldElem[0, 0, -1, 0, 0, 0, 1, 0],
	[24, 21, 23, 9, 19, 18] => QQFieldElem[0, 0, 0, 0, 0, 0, 2, 0],
	[24, 21, 23, 9, 23, 18] => QQFieldElem[0, 0, 1, 0, 0, 0, -1, 0],
	[24, 21, 23, 9, 22, 16] => QQFieldElem[0, 0, -1, 0, 0, 0, -1, 0],
	[24, 21, 23, 9, 14, 25] => QQFieldElem[0, 0, 2//3, 0, 0, 0, 0, 0],
	[24, 21, 23, 9, 19, 16] => QQFieldElem[0, 0, 4, 0, 0, 0, -2, 0],
	[24, 21, 23, 9, 23, 16] => QQFieldElem[0, 0, 1, 0, 0, 0, 1, 0],
	[24, 21, 23, 9, 22, 24] => QQFieldElem[0, 0, 0, 0, 0, 0, 2, 0],
	[24, 21, 23, 9, 19, 24] => QQFieldElem[0, 0, 4, 0, 0, 0, 0, 0],
	[24, 21, 23, 9, 23, 24] => QQFieldElem[0, 0, 0, 0, 0, 0, 2, 0],
	[24, 21, 23, 9, 14, 18] => QQFieldElem[0, 0, 0, 0, 0, 0, 1//3, 0],
	[24, 21, 23, 9, 14, 16] => QQFieldElem[0, 0, 2//3, 0, 0, 0, -1//3, 0])