Dict(
	[24, 9, 21, 22, 12, 23] => QQFieldElem[-1, 0, 0, 0, -2, 0, 0, 0],
	[24, 9, 21, 22, 12, 19] => QQFieldElem[1, 0, 0, 0, 0, 0, 0, 0],
	[24, 9, 21, 22, 12, 22] => QQFieldElem[-5//3, 0, 0, 0, 4//3, 0, 0, 0],
	[24, 9, 21, 22, 10, 14] => QQFieldElem[0, 0, 0, 0, -2, 0, 0, 0],
	[24, 9, 21, 22, 12, 14] => QQFieldElem[-1, 0, 0, 0, -2, 0, 0, 0],
	[24, 9, 21, 22, 9, 23] => QQFieldElem[0, 0, 0, 0, 1//6, 0, 0, 0],
	[24, 9, 21, 22, 9, 19] => QQFieldElem[1//7, 0, 0, 0, 1//14, 0, 0, 0],
	[24, 9, 21, 22, 9, 22] => QQFieldElem[1//3, 0, 0, 0, -1//6, 0, 0, 0],
	[24, 9, 21, 22, 11, 23] => QQFieldElem[-1, 0, 0, 0, 0, 0, 0, 0],
	[24, 9, 21, 22, 11, 19] => QQFieldElem[-9//7, 0, 0, 0, 6//7, 0, 0, 0],
	[24, 9, 21, 22, 11, 22] => QQFieldElem[1, 0, 0, 0, -2, 0, 0, 0],
	[24, 9, 21, 22, 9, 14] => QQFieldElem[0, 0, 0, 0, -1//6, 0, 0, 0],
	[24, 9, 21, 22, 11, 14] => QQFieldElem[-1, 0, 0, 0, 0, 0, 0, 0],
	[24, 9, 21, 22, 10, 23] => QQFieldElem[0, 0, 0, 0, 2, 0, 0, 0],
	[24, 9, 21, 22, 10, 19] => QQFieldElem[-4//7, 0, 0, 0, -2//7, 0, 0, 0],
	[24, 9, 21, 22, 10, 22] => QQFieldElem[-4//3, 0, 0, 0, 2//3, 0, 0, 0])