Dict(
	[24, 10, 21, 23, 9, 22] => QQFieldElem[0, 0, 0, 0, 1//6, 0, 0, 0],
	[24, 10, 21, 23, 11, 23] => QQFieldElem[-5//3, 0, 0, 0, 4//3, 0, 0, 0],
	[24, 10, 21, 23, 10, 13] => QQFieldElem[-4//7, 0, 0, 0, -2//7, 0, 0, 0],
	[24, 10, 21, 23, 11, 22] => QQFieldElem[-1, 0, 0, 0, -2, 0, 0, 0],
	[24, 10, 21, 23, 12, 13] => QQFieldElem[-9//7, 0, 0, 0, 6//7, 0, 0, 0],
	[24, 10, 21, 23, 10, 20] => QQFieldElem[0, 0, 0, 0, -2, 0, 0, 0],
	[24, 10, 21, 23, 12, 20] => QQFieldElem[-1, 0, 0, 0, 0, 0, 0, 0],
	[24, 10, 21, 23, 9, 13] => QQFieldElem[1//7, 0, 0, 0, 1//14, 0, 0, 0],
	[24, 10, 21, 23, 10, 23] => QQFieldElem[-4//3, 0, 0, 0, 2//3, 0, 0, 0],
	[24, 10, 21, 23, 10, 22] => QQFieldElem[0, 0, 0, 0, 2, 0, 0, 0],
	[24, 10, 21, 23, 11, 13] => QQFieldElem[1, 0, 0, 0, 0, 0, 0, 0],
	[24, 10, 21, 23, 12, 23] => QQFieldElem[1, 0, 0, 0, -2, 0, 0, 0],
	[24, 10, 21, 23, 12, 22] => QQFieldElem[-1, 0, 0, 0, 0, 0, 0, 0],
	[24, 10, 21, 23, 9, 20] => QQFieldElem[0, 0, 0, 0, -1//6, 0, 0, 0],
	[24, 10, 21, 23, 11, 20] => QQFieldElem[-1, 0, 0, 0, -2, 0, 0, 0],
	[24, 10, 21, 23, 9, 23] => QQFieldElem[1//3, 0, 0, 0, -1//6, 0, 0, 0])