Dict(
	[24, 21, 22, 10, 23, 24] => QQFieldElem[0, 0, 0, 0, 0, 0, 2, 0],
	[24, 21, 22, 10, 13, 18] => QQFieldElem[0, 0, 0, 0, 0, 0, 1//3, 0],
	[24, 21, 22, 10, 20, 18] => QQFieldElem[0, 0, 0, 0, 0, 0, 2, 0],
	[24, 21, 22, 10, 13, 16] => QQFieldElem[0, 0, 2//3, 0, 0, 0, -1//3, 0],
	[24, 21, 22, 10, 22, 25] => QQFieldElem[0, 0, 0, 0, 0, 0, 2, 0],
	[24, 21, 22, 10, 13, 24] => QQFieldElem[0, 0, 2//3, 0, 0, 0, 0, 0],
	[24, 21, 22, 10, 20, 16] => QQFieldElem[0, 0, 4, 0, 0, 0, -2, 0],
	[24, 21, 22, 10, 23, 25] => QQFieldElem[0, 0, 0, 0, 0, 0, 2, 0],
	[24, 21, 22, 10, 20, 24] => QQFieldElem[0, 0, -4, 0, 0, 0, 0, 0],
	[24, 21, 22, 10, 22, 18] => QQFieldElem[0, 0, -1, 0, 0, 0, 1, 0],
	[24, 21, 22, 10, 23, 18] => QQFieldElem[0, 0, 1, 0, 0, 0, -1, 0],
	[24, 21, 22, 10, 13, 25] => QQFieldElem[0, 0, -2//3, 0, 0, 0, 0, 0],
	[24, 21, 22, 10, 22, 16] => QQFieldElem[0, 0, -1, 0, 0, 0, -1, 0],
	[24, 21, 22, 10, 23, 16] => QQFieldElem[0, 0, 1, 0, 0, 0, 1, 0],
	[24, 21, 22, 10, 22, 24] => QQFieldElem[0, 0, 0, 0, 0, 0, 2, 0],
	[24, 21, 22, 10, 20, 25] => QQFieldElem[0, 0, 4, 0, 0, 0, 0, 0])