Dict(
	[24, 10, 24, 12, 22, 20] => QQFieldElem[0, 0, 2//3, 0, 0, 0, 11//3, 0],
	[24, 10, 24, 12, 23, 20] => QQFieldElem[0, 0, 0, 0, 0, 0, -3, 0],
	[24, 10, 24, 12, 13, 13] => QQFieldElem[0, 0, -1//3, 0, 0, 0, 0, 0],
	[24, 10, 24, 12, 22, 23] => QQFieldElem[0, 0, 10//3, 0, 0, 0, 2, 0],
	[24, 10, 24, 12, 22, 22] => QQFieldElem[0, 0, -142//147, 0, 0, 0, -46//147, 0],
	[24, 10, 24, 12, 23, 23] => QQFieldElem[0, 0, 2//3, 0, 0, 0, 2//3, 0],
	[24, 10, 24, 12, 23, 22] => QQFieldElem[0, 0, 30//49, 0, 0, 0, 18//49, 0],
	[24, 10, 24, 12, 20, 13] => QQFieldElem[0, 0, 2//3, 0, 0, 0, 0, 0],
	[24, 10, 24, 12, 13, 20] => QQFieldElem[0, 0, -1, 0, 0, 0, 2, 0],
	[24, 10, 24, 12, 20, 20] => QQFieldElem[0, 0, -2//3, 0, 0, 0, 4//3, 0],
	[24, 10, 24, 12, 13, 23] => QQFieldElem[0, 0, 0, 0, 0, 0, 4//3, 0],
	[24, 10, 24, 12, 13, 22] => QQFieldElem[0, 0, 8//49, 0, 0, 0, 44//49, 0],
	[24, 10, 24, 12, 22, 13] => QQFieldElem[0, 0, 8//3, 0, 0, 0, -5//3, 0],
	[24, 10, 24, 12, 20, 23] => QQFieldElem[0, 0, 0, 0, 0, 0, -8//3, 0],
	[24, 10, 24, 12, 20, 22] => QQFieldElem[0, 0, 16//147, 0, 0, 0, 88//147, 0],
	[24, 10, 24, 12, 23, 13] => QQFieldElem[0, 0, 2//3, 0, 0, 0, -1//3, 0])