Dict(
	[24, 25, 12, 9, 14, 7] => QQFieldElem[0, 0, 0, 0, 0, 0, -4, 0],
	[24, 25, 12, 9, 19, 5] => QQFieldElem[1//12, 0, 0, 0, 0, 0, 0, 0],
	[24, 25, 12, 9, 23, 5] => QQFieldElem[1//12, 0, 0, 0, 0, 0, 0, 0],
	[24, 25, 12, 9, 14, 4] => QQFieldElem[0, 0, -12, 0, 0, 0, 6, 0],
	[24, 25, 12, 9, 14, 21] => QQFieldElem[0, 0, 0, 0, 0, 0, -4, 0],
	[24, 25, 12, 9, 14, 5] => QQFieldElem[0, 0, 0, 0, 0, 0, -1, 0],
	[24, 25, 12, 9, 22, 7] => QQFieldElem[-1//3, 0, 0, 0, 0, 0, 0, 0],
	[24, 25, 12, 9, 19, 7] => QQFieldElem[-1//6, 0, 0, 0, 0, 0, 0, 0],
	[24, 25, 12, 9, 23, 7] => QQFieldElem[1//6, 0, 0, 0, 0, 0, 0, 0],
	[24, 25, 12, 9, 22, 4] => QQFieldElem[-1//2, 0, 0, 0, 1, 0, 0, 0],
	[24, 25, 12, 9, 22, 21] => QQFieldElem[1//3, 0, 0, 0, 0, 0, 0, 0],
	[24, 25, 12, 9, 19, 4] => QQFieldElem[1//2, 0, 0, 0, -1, 0, 0, 0],
	[24, 25, 12, 9, 19, 21] => QQFieldElem[-1//6, 0, 0, 0, 0, 0, 0, 0],
	[24, 25, 12, 9, 23, 4] => QQFieldElem[-1//2, 0, 0, 0, 1, 0, 0, 0],
	[24, 25, 12, 9, 23, 21] => QQFieldElem[-1//6, 0, 0, 0, 0, 0, 0, 0],
	[24, 25, 12, 9, 22, 5] => QQFieldElem[1//12, 0, 0, 0, 0, 0, 0, 0])