Dict(
	[24, 9, 24, 11, 23, 23] => QQFieldElem[0, 0, -142//147, 0, 0, 0, -46//147, 0],
	[24, 9, 24, 11, 23, 19] => QQFieldElem[0, 0, 2//3, 0, 0, 0, 11//3, 0],
	[24, 9, 24, 11, 23, 22] => QQFieldElem[0, 0, 10//3, 0, 0, 0, 2, 0],
	[24, 9, 24, 11, 22, 14] => QQFieldElem[0, 0, 2//3, 0, 0, 0, -1//3, 0],
	[24, 9, 24, 11, 19, 14] => QQFieldElem[0, 0, 2//3, 0, 0, 0, 0, 0],
	[24, 9, 24, 11, 23, 14] => QQFieldElem[0, 0, 8//3, 0, 0, 0, -5//3, 0],
	[24, 9, 24, 11, 14, 23] => QQFieldElem[0, 0, 8//49, 0, 0, 0, 44//49, 0],
	[24, 9, 24, 11, 14, 19] => QQFieldElem[0, 0, -1, 0, 0, 0, 2, 0],
	[24, 9, 24, 11, 14, 22] => QQFieldElem[0, 0, 0, 0, 0, 0, 4//3, 0],
	[24, 9, 24, 11, 14, 14] => QQFieldElem[0, 0, -1//3, 0, 0, 0, 0, 0],
	[24, 9, 24, 11, 22, 23] => QQFieldElem[0, 0, 30//49, 0, 0, 0, 18//49, 0],
	[24, 9, 24, 11, 22, 19] => QQFieldElem[0, 0, 0, 0, 0, 0, -3, 0],
	[24, 9, 24, 11, 22, 22] => QQFieldElem[0, 0, 2//3, 0, 0, 0, 2//3, 0],
	[24, 9, 24, 11, 19, 23] => QQFieldElem[0, 0, 16//147, 0, 0, 0, 88//147, 0],
	[24, 9, 24, 11, 19, 19] => QQFieldElem[0, 0, -2//3, 0, 0, 0, 4//3, 0],
	[24, 9, 24, 11, 19, 22] => QQFieldElem[0, 0, 0, 0, 0, 0, -8//3, 0])