Dict(
	[24, 21, 23, 11, 14, 25] => QQFieldElem[0, 0, 2//7, 0, 0, 0, 4//7, 0],
	[24, 21, 23, 11, 22, 24] => QQFieldElem[0, 0, -8//3, 0, 0, 0, 10//3, 0],
	[24, 21, 23, 11, 22, 17] => QQFieldElem[0, 0, -1, 0, 0, 0, 3, 0],
	[24, 21, 23, 11, 19, 24] => QQFieldElem[0, 0, -4//3, 0, 0, 0, 8//3, 0],
	[24, 21, 23, 11, 19, 17] => QQFieldElem[0, 0, 0, 0, 0, 0, -2, 0],
	[24, 21, 23, 11, 23, 24] => QQFieldElem[0, 0, 0, 0, 0, 0, -2, 0],
	[24, 21, 23, 11, 14, 15] => QQFieldElem[0, 0, -2//3, 0, 0, 0, 1//3, 0],
	[24, 21, 23, 11, 23, 17] => QQFieldElem[0, 0, 1, 0, 0, 0, 1, 0],
	[24, 21, 23, 11, 22, 25] => QQFieldElem[0, 0, 0, 0, 0, 0, -2, 0],
	[24, 21, 23, 11, 19, 25] => QQFieldElem[0, 0, 4//7, 0, 0, 0, 8//7, 0],
	[24, 21, 23, 11, 14, 24] => QQFieldElem[0, 0, -2//3, 0, 0, 0, 4//3, 0],
	[24, 21, 23, 11, 23, 25] => QQFieldElem[0, 0, 8//7, 0, 0, 0, 2//7, 0],
	[24, 21, 23, 11, 14, 17] => QQFieldElem[0, 0, 0, 0, 0, 0, 1, 0],
	[24, 21, 23, 11, 22, 15] => QQFieldElem[0, 0, 5//3, 0, 0, 0, -1//3, 0],
	[24, 21, 23, 11, 19, 15] => QQFieldElem[0, 0, 4//3, 0, 0, 0, -2//3, 0],
	[24, 21, 23, 11, 23, 15] => QQFieldElem[0, 0, 1, 0, 0, 0, -1, 0])