Dict(
	[24, 23, 10, 21, 17, 10] => QQFieldElem[0, 0, 0, 0, -3//16, 0, 0, 0],
	[24, 23, 10, 21, 24, 10] => QQFieldElem[1//8, 0, 0, 0, 1//16, 0, 0, 0],
	[24, 23, 10, 21, 25, 12] => QQFieldElem[1//8, 0, 0, 0, 0, 0, 0, 0],
	[24, 23, 10, 21, 15, 10] => QQFieldElem[1//8, 0, 0, 0, -1//16, 0, 0, 0],
	[24, 23, 10, 21, 17, 12] => QQFieldElem[1//8, 0, 0, 0, 0, 0, 0, 0],
	[24, 23, 10, 21, 25, 11] => QQFieldElem[3//56, 0, 0, 0, 3//28, 0, 0, 0],
	[24, 23, 10, 21, 25, 9] => QQFieldElem[1//4, 0, 0, 0, -1//8, 0, 0, 0],
	[24, 23, 10, 21, 24, 12] => QQFieldElem[3//8, 0, 0, 0, -1//4, 0, 0, 0],
	[24, 23, 10, 21, 17, 11] => QQFieldElem[3//56, 0, 0, 0, 3//28, 0, 0, 0],
	[24, 23, 10, 21, 15, 12] => QQFieldElem[-1//8, 0, 0, 0, 1//4, 0, 0, 0],
	[24, 23, 10, 21, 17, 9] => QQFieldElem[-1//4, 0, 0, 0, 1//8, 0, 0, 0],
	[24, 23, 10, 21, 24, 11] => QQFieldElem[-1//8, 0, 0, 0, 0, 0, 0, 0],
	[24, 23, 10, 21, 24, 9] => QQFieldElem[-1//2, 0, 0, 0, 5//8, 0, 0, 0],
	[24, 23, 10, 21, 15, 11] => QQFieldElem[5//56, 0, 0, 0, -1//14, 0, 0, 0],
	[24, 23, 10, 21, 15, 9] => QQFieldElem[0, 0, 0, 0, 3//8, 0, 0, 0],
	[24, 23, 10, 21, 25, 10] => QQFieldElem[0, 0, 0, 0, 3//16, 0, 0, 0])