Dict(
	[24, 11, 25, 10, 20, 22] => QQFieldElem[0, 0, 16//3, 0, 0, 0, -8//3, 0],
	[24, 11, 25, 10, 13, 14] => QQFieldElem[0, 0, -1//3, 0, 0, 0, 0, 0],
	[24, 11, 25, 10, 20, 14] => QQFieldElem[0, 0, 6, 0, 0, 0, 0, 0],
	[24, 11, 25, 10, 22, 23] => QQFieldElem[0, 0, 2//3, 0, 0, 0, 2//3, 0],
	[24, 11, 25, 10, 22, 19] => QQFieldElem[0, 0, 0, 0, 0, 0, 1, 0],
	[24, 11, 25, 10, 22, 22] => QQFieldElem[0, 0, -2, 0, 0, 0, 2, 0],
	[24, 11, 25, 10, 23, 23] => QQFieldElem[0, 0, -2, 0, 0, 0, 2, 0],
	[24, 11, 25, 10, 23, 19] => QQFieldElem[0, 0, 2//3, 0, 0, 0, -1//3, 0],
	[24, 11, 25, 10, 23, 22] => QQFieldElem[0, 0, 2//3, 0, 0, 0, 2//3, 0],
	[24, 11, 25, 10, 22, 14] => QQFieldElem[0, 0, -2, 0, 0, 0, 1, 0],
	[24, 11, 25, 10, 23, 14] => QQFieldElem[0, 0, 0, 0, 0, 0, -3, 0],
	[24, 11, 25, 10, 13, 23] => QQFieldElem[0, 0, 0, 0, 0, 0, -4//9, 0],
	[24, 11, 25, 10, 13, 19] => QQFieldElem[0, 0, -1//9, 0, 0, 0, 2//9, 0],
	[24, 11, 25, 10, 13, 22] => QQFieldElem[0, 0, 8//9, 0, 0, 0, -4//9, 0],
	[24, 11, 25, 10, 20, 23] => QQFieldElem[0, 0, 0, 0, 0, 0, 8, 0],
	[24, 11, 25, 10, 20, 19] => QQFieldElem[0, 0, -2//3, 0, 0, 0, 4//3, 0])