Dict(
	[24, 9, 9, 25, 7, 23] => QQFieldElem[-4//3, 0, 0, 0, 0, 0, 0, 0],
	[24, 9, 9, 25, 7, 19] => QQFieldElem[-2//3, 0, 0, 0, 0, 0, 0, 0],
	[24, 9, 9, 25, 7, 22] => QQFieldElem[4//3, 0, 0, 0, 0, 0, 0, 0],
	[24, 9, 9, 25, 8, 23] => QQFieldElem[-1, 0, 0, 0, 0, 0, 0, 0],
	[24, 9, 9, 25, 8, 19] => QQFieldElem[1, 0, 0, 0, 0, 0, 0, 0],
	[24, 9, 9, 25, 8, 22] => QQFieldElem[-1, 0, 0, 0, 0, 0, 0, 0],
	[24, 9, 9, 25, 2, 23] => QQFieldElem[1//3, 0, 0, 0, 0, 0, 0, 0],
	[24, 9, 9, 25, 7, 14] => QQFieldElem[2//3, 0, 0, 0, 0, 0, 0, 0],
	[24, 9, 9, 25, 2, 22] => QQFieldElem[1//3, 0, 0, 0, 0, 0, 0, 0],
	[24, 9, 9, 25, 21, 23] => QQFieldElem[7//3, 0, 0, 0, 0, 0, 0, 0],
	[24, 9, 9, 25, 21, 19] => QQFieldElem[-7//3, 0, 0, 0, 0, 0, 0, 0],
	[24, 9, 9, 25, 21, 22] => QQFieldElem[-7//3, 0, 0, 0, 0, 0, 0, 0],
	[24, 9, 9, 25, 2, 19] => QQFieldElem[1//6, 0, 0, 0, 0, 0, 0, 0],
	[24, 9, 9, 25, 8, 14] => QQFieldElem[1, 0, 0, 0, 0, 0, 0, 0],
	[24, 9, 9, 25, 2, 14] => QQFieldElem[1//6, 0, 0, 0, 0, 0, 0, 0],
	[24, 9, 9, 25, 21, 14] => QQFieldElem[7//3, 0, 0, 0, 0, 0, 0, 0])