Dict(
	[25, 21, 9, 22, 12, 25] => QQFieldElem[-1, 0, 0, 0, -2, 0, 0, 0],
	[25, 21, 9, 22, 11, 24] => QQFieldElem[1, 0, 0, 0, -2, 0, 0, 0],
	[25, 21, 9, 22, 10, 18] => QQFieldElem[0, 0, 0, 0, -2, 0, 0, 0],
	[25, 21, 9, 22, 12, 18] => QQFieldElem[-1, 0, 0, 0, -2, 0, 0, 0],
	[25, 21, 9, 22, 9, 25] => QQFieldElem[0, 0, 0, 0, 1//6, 0, 0, 0],
	[25, 21, 9, 22, 10, 16] => QQFieldElem[-4//7, 0, 0, 0, -2//7, 0, 0, 0],
	[25, 21, 9, 22, 11, 25] => QQFieldElem[-1, 0, 0, 0, 0, 0, 0, 0],
	[25, 21, 9, 22, 12, 16] => QQFieldElem[1, 0, 0, 0, 0, 0, 0, 0],
	[25, 21, 9, 22, 10, 24] => QQFieldElem[-4//3, 0, 0, 0, 2//3, 0, 0, 0],
	[25, 21, 9, 22, 12, 24] => QQFieldElem[-5//3, 0, 0, 0, 4//3, 0, 0, 0],
	[25, 21, 9, 22, 9, 18] => QQFieldElem[0, 0, 0, 0, -1//6, 0, 0, 0],
	[25, 21, 9, 22, 11, 18] => QQFieldElem[-1, 0, 0, 0, 0, 0, 0, 0],
	[25, 21, 9, 22, 9, 16] => QQFieldElem[1//7, 0, 0, 0, 1//14, 0, 0, 0],
	[25, 21, 9, 22, 9, 24] => QQFieldElem[1//3, 0, 0, 0, -1//6, 0, 0, 0],
	[25, 21, 9, 22, 10, 25] => QQFieldElem[0, 0, 0, 0, 2, 0, 0, 0],
	[25, 21, 9, 22, 11, 16] => QQFieldElem[-9//7, 0, 0, 0, 6//7, 0, 0, 0])