Dict(
	[25, 9, 24, 10, 22, 23] => QQFieldElem[0, 0, 10//7, 0, 0, 0, 6//7, 0],
	[25, 9, 24, 10, 14, 13] => QQFieldElem[0, 0, -1//3, 0, 0, 0, 2//3, 0],
	[25, 9, 24, 10, 19, 23] => QQFieldElem[0, 0, -16//7, 0, 0, 0, 24//7, 0],
	[25, 9, 24, 10, 22, 22] => QQFieldElem[0, 0, -2, 0, 0, 0, 2//3, 0],
	[25, 9, 24, 10, 19, 22] => QQFieldElem[0, 0, 0, 0, 0, 0, -8//3, 0],
	[25, 9, 24, 10, 23, 23] => QQFieldElem[0, 0, -6//7, 0, 0, 0, 2//7, 0],
	[25, 9, 24, 10, 23, 22] => QQFieldElem[0, 0, -2, 0, 0, 0, 2, 0],
	[25, 9, 24, 10, 14, 20] => QQFieldElem[0, 0, 1//3, 0, 0, 0, 0, 0],
	[25, 9, 24, 10, 14, 23] => QQFieldElem[0, 0, -8//21, 0, 0, 0, 4//7, 0],
	[25, 9, 24, 10, 14, 22] => QQFieldElem[0, 0, 0, 0, 0, 0, 4//3, 0],
	[25, 9, 24, 10, 22, 13] => QQFieldElem[0, 0, 4//3, 0, 0, 0, 1//3, 0],
	[25, 9, 24, 10, 19, 13] => QQFieldElem[0, 0, 2//3, 0, 0, 0, -4//3, 0],
	[25, 9, 24, 10, 23, 13] => QQFieldElem[0, 0, 2, 0, 0, 0, -1, 0],
	[25, 9, 24, 10, 22, 20] => QQFieldElem[0, 0, -2, 0, 0, 0, 3, 0],
	[25, 9, 24, 10, 19, 20] => QQFieldElem[0, 0, 2, 0, 0, 0, 0, 0],
	[25, 9, 24, 10, 23, 20] => QQFieldElem[0, 0, 0, 0, 0, 0, -1, 0])