Dict(
	[25, 12, 25, 12, 14, 14] => QQFieldElem[0, 0, -1//3, 0, 0, 0, 2//3, 0],
	[25, 12, 25, 12, 22, 23] => QQFieldElem[0, 0, -6//7, 0, 0, 0, 2//7, 0],
	[25, 12, 25, 12, 22, 19] => QQFieldElem[0, 0, 0, 0, 0, 0, -1, 0],
	[25, 12, 25, 12, 22, 22] => QQFieldElem[0, 0, -2, 0, 0, 0, 2, 0],
	[25, 12, 25, 12, 19, 23] => QQFieldElem[0, 0, -16//7, 0, 0, 0, 24//7, 0],
	[25, 12, 25, 12, 19, 19] => QQFieldElem[0, 0, 2, 0, 0, 0, 0, 0],
	[25, 12, 25, 12, 19, 22] => QQFieldElem[0, 0, 0, 0, 0, 0, -8//3, 0],
	[25, 12, 25, 12, 23, 23] => QQFieldElem[0, 0, 10//7, 0, 0, 0, 6//7, 0],
	[25, 12, 25, 12, 23, 19] => QQFieldElem[0, 0, -2, 0, 0, 0, 3, 0],
	[25, 12, 25, 12, 23, 22] => QQFieldElem[0, 0, -2, 0, 0, 0, 2//3, 0],
	[25, 12, 25, 12, 22, 14] => QQFieldElem[0, 0, 2, 0, 0, 0, -1, 0],
	[25, 12, 25, 12, 19, 14] => QQFieldElem[0, 0, 2//3, 0, 0, 0, -4//3, 0],
	[25, 12, 25, 12, 23, 14] => QQFieldElem[0, 0, 4//3, 0, 0, 0, 1//3, 0],
	[25, 12, 25, 12, 14, 23] => QQFieldElem[0, 0, -8//21, 0, 0, 0, 4//7, 0],
	[25, 12, 25, 12, 14, 19] => QQFieldElem[0, 0, 1//3, 0, 0, 0, 0, 0],
	[25, 12, 25, 12, 14, 22] => QQFieldElem[0, 0, 0, 0, 0, 0, 4//3, 0])