Dict(
	[25, 9, 22, 21, 17, 22] => QQFieldElem[0, 0, -4//7, 0, 0, 0, 12//7, 0],
	[25, 9, 22, 21, 15, 20] => QQFieldElem[0, 0, 0, 0, 0, 0, 1, 0],
	[25, 9, 22, 21, 24, 23] => QQFieldElem[0, 0, 8//3, 0, 0, 0, 2//3, 0],
	[25, 9, 22, 21, 24, 22] => QQFieldElem[0, 0, 0, 0, 0, 0, -2, 0],
	[25, 9, 22, 21, 15, 23] => QQFieldElem[0, 0, 2//3, 0, 0, 0, 2//3, 0],
	[25, 9, 22, 21, 15, 22] => QQFieldElem[0, 0, -2//7, 0, 0, 0, 6//7, 0],
	[25, 9, 22, 21, 25, 13] => QQFieldElem[0, 0, 1, 0, 0, 0, 0, 0],
	[25, 9, 22, 21, 17, 13] => QQFieldElem[0, 0, 4//3, 0, 0, 0, -2//3, 0],
	[25, 9, 22, 21, 24, 13] => QQFieldElem[0, 0, 5//3, 0, 0, 0, -4//3, 0],
	[25, 9, 22, 21, 25, 20] => QQFieldElem[0, 0, -1, 0, 0, 0, 2, 0],
	[25, 9, 22, 21, 15, 13] => QQFieldElem[0, 0, -2//3, 0, 0, 0, 1//3, 0],
	[25, 9, 22, 21, 17, 20] => QQFieldElem[0, 0, 0, 0, 0, 0, -2, 0],
	[25, 9, 22, 21, 25, 23] => QQFieldElem[0, 0, 0, 0, 0, 0, -2, 0],
	[25, 9, 22, 21, 25, 22] => QQFieldElem[0, 0, -8//7, 0, 0, 0, 10//7, 0],
	[25, 9, 22, 21, 24, 20] => QQFieldElem[0, 0, 1, 0, 0, 0, 2, 0],
	[25, 9, 22, 21, 17, 23] => QQFieldElem[0, 0, 4//3, 0, 0, 0, 4//3, 0])