Dict(
	[25, 11, 23, 21, 24, 20] => QQFieldElem[0, 0, -1, 0, 0, 0, 0, 0],
	[25, 11, 23, 21, 17, 23] => QQFieldElem[0, 0, -4, 0, 0, 0, 4, 0],
	[25, 11, 23, 21, 17, 22] => QQFieldElem[0, 0, 4, 0, 0, 0, -4, 0],
	[25, 11, 23, 21, 15, 20] => QQFieldElem[0, 0, 0, 0, 0, 0, 1//3, 0],
	[25, 11, 23, 21, 24, 23] => QQFieldElem[0, 0, 0, 0, 0, 0, 2, 0],
	[25, 11, 23, 21, 24, 22] => QQFieldElem[0, 0, 0, 0, 0, 0, 2, 0],
	[25, 11, 23, 21, 15, 23] => QQFieldElem[0, 0, 2//3, 0, 0, 0, -2//3, 0],
	[25, 11, 23, 21, 15, 22] => QQFieldElem[0, 0, -2//3, 0, 0, 0, 2//3, 0],
	[25, 11, 23, 21, 25, 13] => QQFieldElem[0, 0, -1, 0, 0, 0, 2, 0],
	[25, 11, 23, 21, 17, 13] => QQFieldElem[0, 0, 4, 0, 0, 0, -2, 0],
	[25, 11, 23, 21, 24, 13] => QQFieldElem[0, 0, 1, 0, 0, 0, -2, 0],
	[25, 11, 23, 21, 25, 20] => QQFieldElem[0, 0, 1, 0, 0, 0, 0, 0],
	[25, 11, 23, 21, 15, 13] => QQFieldElem[0, 0, 2//3, 0, 0, 0, -1//3, 0],
	[25, 11, 23, 21, 17, 20] => QQFieldElem[0, 0, 0, 0, 0, 0, 2, 0],
	[25, 11, 23, 21, 25, 23] => QQFieldElem[0, 0, 0, 0, 0, 0, 2, 0],
	[25, 11, 23, 21, 25, 22] => QQFieldElem[0, 0, 0, 0, 0, 0, 2, 0])