Dict(
	[25, 12, 24, 11, 20, 23] => QQFieldElem[0, 0, 0, 0, 0, 0, -8//3, 0],
	[25, 12, 24, 11, 20, 19] => QQFieldElem[0, 0, 2, 0, 0, 0, 0, 0],
	[25, 12, 24, 11, 20, 22] => QQFieldElem[0, 0, -16//7, 0, 0, 0, 24//7, 0],
	[25, 12, 24, 11, 13, 14] => QQFieldElem[0, 0, -1//3, 0, 0, 0, 2//3, 0],
	[25, 12, 24, 11, 20, 14] => QQFieldElem[0, 0, 2//3, 0, 0, 0, -4//3, 0],
	[25, 12, 24, 11, 22, 23] => QQFieldElem[0, 0, -2, 0, 0, 0, 2, 0],
	[25, 12, 24, 11, 22, 19] => QQFieldElem[0, 0, 0, 0, 0, 0, -1, 0],
	[25, 12, 24, 11, 22, 22] => QQFieldElem[0, 0, -6//7, 0, 0, 0, 2//7, 0],
	[25, 12, 24, 11, 23, 23] => QQFieldElem[0, 0, -2, 0, 0, 0, 2//3, 0],
	[25, 12, 24, 11, 23, 19] => QQFieldElem[0, 0, -2, 0, 0, 0, 3, 0],
	[25, 12, 24, 11, 23, 22] => QQFieldElem[0, 0, 10//7, 0, 0, 0, 6//7, 0],
	[25, 12, 24, 11, 22, 14] => QQFieldElem[0, 0, 2, 0, 0, 0, -1, 0],
	[25, 12, 24, 11, 23, 14] => QQFieldElem[0, 0, 4//3, 0, 0, 0, 1//3, 0],
	[25, 12, 24, 11, 13, 23] => QQFieldElem[0, 0, 0, 0, 0, 0, 4//3, 0],
	[25, 12, 24, 11, 13, 19] => QQFieldElem[0, 0, 1//3, 0, 0, 0, 0, 0],
	[25, 12, 24, 11, 13, 22] => QQFieldElem[0, 0, -8//21, 0, 0, 0, 4//7, 0])