Dict(
	[25, 24, 23, 22, 9, 7] => QQFieldElem[1, 0, 0, 0, -2, 0, 0, 0],
	[25, 24, 23, 22, 11, 7] => QQFieldElem[1//4, 0, 0, 0, 0, 0, 0, 0],
	[25, 24, 23, 22, 10, 8] => QQFieldElem[1//28, 0, 0, 0, 1//14, 0, 0, 0],
	[25, 24, 23, 22, 9, 21] => QQFieldElem[1, 0, 0, 0, -2, 0, 0, 0],
	[25, 24, 23, 22, 9, 2] => QQFieldElem[-9//7, 0, 0, 0, 6//7, 0, 0, 0],
	[25, 24, 23, 22, 12, 8] => QQFieldElem[1//28, 0, 0, 0, 1//14, 0, 0, 0],
	[25, 24, 23, 22, 11, 21] => QQFieldElem[1//4, 0, 0, 0, 0, 0, 0, 0],
	[25, 24, 23, 22, 11, 2] => QQFieldElem[1//28, 0, 0, 0, 1//7, 0, 0, 0],
	[25, 24, 23, 22, 10, 7] => QQFieldElem[1//12, 0, 0, 0, -1//6, 0, 0, 0],
	[25, 24, 23, 22, 9, 8] => QQFieldElem[3//7, 0, 0, 0, 6//7, 0, 0, 0],
	[25, 24, 23, 22, 12, 7] => QQFieldElem[-1//12, 0, 0, 0, 1//6, 0, 0, 0],
	[25, 24, 23, 22, 11, 8] => QQFieldElem[5//28, 0, 0, 0, -1//7, 0, 0, 0],
	[25, 24, 23, 22, 10, 21] => QQFieldElem[-1//12, 0, 0, 0, 1//6, 0, 0, 0],
	[25, 24, 23, 22, 10, 2] => QQFieldElem[3//28, 0, 0, 0, -1//14, 0, 0, 0],
	[25, 24, 23, 22, 12, 21] => QQFieldElem[1//12, 0, 0, 0, -1//6, 0, 0, 0],
	[25, 24, 23, 22, 12, 2] => QQFieldElem[3//28, 0, 0, 0, -1//14, 0, 0, 0])