Dict(
	[25, 11, 11, 24, 7, 13] => QQFieldElem[2, 0, 0, 0, 0, 0, 0, 0],
	[25, 11, 11, 24, 8, 13] => QQFieldElem[1, 0, 0, 0, 0, 0, 0, 0],
	[25, 11, 11, 24, 2, 13] => QQFieldElem[1//18, 0, 0, 0, 0, 0, 0, 0],
	[25, 11, 11, 24, 21, 13] => QQFieldElem[1, 0, 0, 0, 0, 0, 0, 0],
	[25, 11, 11, 24, 7, 20] => QQFieldElem[-2, 0, 0, 0, 0, 0, 0, 0],
	[25, 11, 11, 24, 8, 20] => QQFieldElem[-1, 0, 0, 0, 0, 0, 0, 0],
	[25, 11, 11, 24, 7, 23] => QQFieldElem[-4, 0, 0, 0, 0, 0, 0, 0],
	[25, 11, 11, 24, 7, 22] => QQFieldElem[-4, 0, 0, 0, 0, 0, 0, 0],
	[25, 11, 11, 24, 2, 20] => QQFieldElem[1//18, 0, 0, 0, 0, 0, 0, 0],
	[25, 11, 11, 24, 21, 20] => QQFieldElem[1, 0, 0, 0, 0, 0, 0, 0],
	[25, 11, 11, 24, 8, 23] => QQFieldElem[1, 0, 0, 0, 0, 0, 0, 0],
	[25, 11, 11, 24, 8, 22] => QQFieldElem[1, 0, 0, 0, 0, 0, 0, 0],
	[25, 11, 11, 24, 2, 23] => QQFieldElem[1//9, 0, 0, 0, 0, 0, 0, 0],
	[25, 11, 11, 24, 2, 22] => QQFieldElem[-1//9, 0, 0, 0, 0, 0, 0, 0],
	[25, 11, 11, 24, 21, 23] => QQFieldElem[-1, 0, 0, 0, 0, 0, 0, 0],
	[25, 11, 11, 24, 21, 22] => QQFieldElem[1, 0, 0, 0, 0, 0, 0, 0])