Dict(
	[25, 11, 22, 21, 18, 20] => QQFieldElem[0, 0, 0, 0, 0, 0, 2, 0],
	[25, 11, 22, 21, 25, 23] => QQFieldElem[0, 0, 0, 0, 0, 0, 2, 0],
	[25, 11, 22, 21, 25, 22] => QQFieldElem[0, 0, 0, 0, 0, 0, 2, 0],
	[25, 11, 22, 21, 24, 20] => QQFieldElem[0, 0, -1, 0, 0, 0, 0, 0],
	[25, 11, 22, 21, 16, 13] => QQFieldElem[0, 0, 2//3, 0, 0, 0, -1//3, 0],
	[25, 11, 22, 21, 18, 23] => QQFieldElem[0, 0, 4, 0, 0, 0, -4, 0],
	[25, 11, 22, 21, 18, 22] => QQFieldElem[0, 0, -4, 0, 0, 0, 4, 0],
	[25, 11, 22, 21, 24, 23] => QQFieldElem[0, 0, 0, 0, 0, 0, 2, 0],
	[25, 11, 22, 21, 24, 22] => QQFieldElem[0, 0, 0, 0, 0, 0, 2, 0],
	[25, 11, 22, 21, 16, 20] => QQFieldElem[0, 0, 0, 0, 0, 0, 1//3, 0],
	[25, 11, 22, 21, 25, 13] => QQFieldElem[0, 0, -1, 0, 0, 0, 2, 0],
	[25, 11, 22, 21, 16, 23] => QQFieldElem[0, 0, -2//3, 0, 0, 0, 2//3, 0],
	[25, 11, 22, 21, 16, 22] => QQFieldElem[0, 0, 2//3, 0, 0, 0, -2//3, 0],
	[25, 11, 22, 21, 18, 13] => QQFieldElem[0, 0, 4, 0, 0, 0, -2, 0],
	[25, 11, 22, 21, 24, 13] => QQFieldElem[0, 0, 1, 0, 0, 0, -2, 0],
	[25, 11, 22, 21, 25, 20] => QQFieldElem[0, 0, 1, 0, 0, 0, 0, 0])