Dict(
	[25, 9, 10, 25, 6, 23] => QQFieldElem[7//3, 0, 0, 0, 0, 0, 0, 0],
	[25, 9, 10, 25, 6, 22] => QQFieldElem[-7//3, 0, 0, 0, 0, 0, 0, 0],
	[25, 9, 10, 25, 1, 20] => QQFieldElem[1//3, 0, 0, 0, 0, 0, 0, 0],
	[25, 9, 10, 25, 1, 23] => QQFieldElem[1//3, 0, 0, 0, 0, 0, 0, 0],
	[25, 9, 10, 25, 1, 22] => QQFieldElem[1//6, 0, 0, 0, 0, 0, 0, 0],
	[25, 9, 10, 25, 21, 20] => QQFieldElem[-1, 0, 0, 0, 0, 0, 0, 0],
	[25, 9, 10, 25, 5, 13] => QQFieldElem[2//3, 0, 0, 0, 0, 0, 0, 0],
	[25, 9, 10, 25, 21, 23] => QQFieldElem[-1, 0, 0, 0, 0, 0, 0, 0],
	[25, 9, 10, 25, 21, 22] => QQFieldElem[1, 0, 0, 0, 0, 0, 0, 0],
	[25, 9, 10, 25, 6, 13] => QQFieldElem[7//3, 0, 0, 0, 0, 0, 0, 0],
	[25, 9, 10, 25, 5, 20] => QQFieldElem[4//3, 0, 0, 0, 0, 0, 0, 0],
	[25, 9, 10, 25, 1, 13] => QQFieldElem[1//6, 0, 0, 0, 0, 0, 0, 0],
	[25, 9, 10, 25, 6, 20] => QQFieldElem[-7//3, 0, 0, 0, 0, 0, 0, 0],
	[25, 9, 10, 25, 5, 23] => QQFieldElem[-4//3, 0, 0, 0, 0, 0, 0, 0],
	[25, 9, 10, 25, 5, 22] => QQFieldElem[-2//3, 0, 0, 0, 0, 0, 0, 0],
	[25, 9, 10, 25, 21, 13] => QQFieldElem[1, 0, 0, 0, 0, 0, 0, 0])