Dict(
	[25, 21, 25, 21, 15, 16] => QQFieldElem[0, 0, 0, 0, 0, 0, 1//2, 0],
	[25, 21, 25, 21, 16, 15] => QQFieldElem[0, 0, 0, 0, 0, 0, 1//2, 0],
	[25, 21, 25, 21, 24, 24] => QQFieldElem[0, 0, 0, 0, 0, 0, 0, 0],
	[25, 21, 25, 21, 16, 18] => QQFieldElem[0, 0, 0, 0, 0, 0, 1//2, 0],
	[25, 21, 25, 21, 24, 17] => QQFieldElem[0, 0, 0, 0, 0, 0, 1, 0],
	[25, 21, 25, 21, 15, 24] => QQFieldElem[0, 0, 0, 0, 0, 0, 1, 0],
	[25, 21, 25, 21, 15, 17] => QQFieldElem[0, 0, 0, 0, 0, 0, 1//2, 0],
	[25, 21, 25, 21, 25, 25] => QQFieldElem[0, 0, 0, 0, 0, 0, 0, 0],
	[25, 21, 25, 21, 16, 16] => QQFieldElem[0, 0, -1//3, 0, 0, 0, 1//6, 0],
	[25, 21, 25, 21, 17, 25] => QQFieldElem[0, 0, -4, 0, 0, 0, 2, 0],
	[25, 21, 25, 21, 18, 25] => QQFieldElem[0, 0, 0, 0, 0, 0, 2, 0],
	[25, 21, 25, 21, 16, 24] => QQFieldElem[0, 0, 2//3, 0, 0, 0, -1//3, 0],
	[25, 21, 25, 21, 16, 17] => QQFieldElem[0, 0, -1//3, 0, 0, 0, 1//6, 0],
	[25, 21, 25, 21, 25, 15] => QQFieldElem[0, 0, 0, 0, 0, 0, -1, 0],
	[25, 21, 25, 21, 24, 25] => QQFieldElem[0, 0, 0, 0, 0, 0, 0, 0],
	[25, 21, 25, 21, 25, 18] => QQFieldElem[0, 0, 0, 0, 0, 0, 1, 0],
	[25, 21, 25, 21, 15, 25] => QQFieldElem[0, 0, 2//3, 0, 0, 0, -1//3, 0],
	[25, 21, 25, 21, 17, 15] => QQFieldElem[0, 0, 2, 0, 0, 0, -1, 0],
	[25, 21, 25, 21, 18, 15] => QQFieldElem[0, 0, 0, 0, 0, 0, 1, 0],
	[25, 21, 25, 21, 17, 18] => QQFieldElem[0, 0, 2, 0, 0, 0, -1, 0],
	[25, 21, 25, 21, 18, 18] => QQFieldElem[0, 0, 0, 0, 0, 0, 1, 0],
	[25, 21, 25, 21, 25, 16] => QQFieldElem[0, 0, 2, 0, 0, 0, -1, 0],
	[25, 21, 25, 21, 24, 15] => QQFieldElem[0, 0, 2, 0, 0, 0, -1, 0],
	[25, 21, 25, 21, 24, 18] => QQFieldElem[0, 0, -2, 0, 0, 0, 1, 0],
	[25, 21, 25, 21, 15, 15] => QQFieldElem[0, 0, -1//3, 0, 0, 0, 1//6, 0],
	[25, 21, 25, 21, 25, 24] => QQFieldElem[0, 0, 0, 0, 0, 0, 0, 0],
	[25, 21, 25, 21, 17, 16] => QQFieldElem[0, 0, 0, 0, 0, 0, 1, 0],
	[25, 21, 25, 21, 16, 25] => QQFieldElem[0, 0, 0, 0, 0, 0, 1, 0],
	[25, 21, 25, 21, 18, 16] => QQFieldElem[0, 0, 2, 0, 0, 0, -1, 0],
	[25, 21, 25, 21, 25, 17] => QQFieldElem[0, 0, -2, 0, 0, 0, 1, 0],
	[25, 21, 25, 21, 15, 18] => QQFieldElem[0, 0, -1//3, 0, 0, 0, 1//6, 0],
	[25, 21, 25, 21, 17, 24] => QQFieldElem[0, 0, 0, 0, 0, 0, 2, 0],
	[25, 21, 25, 21, 24, 16] => QQFieldElem[0, 0, 0, 0, 0, 0, -1, 0],
	[25, 21, 25, 21, 17, 17] => QQFieldElem[0, 0, 0, 0, 0, 0, 1, 0],
	[25, 21, 25, 21, 18, 24] => QQFieldElem[0, 0, -4, 0, 0, 0, 2, 0],
	[25, 21, 25, 21, 18, 17] => QQFieldElem[0, 0, 2, 0, 0, 0, -1, 0])