Dict(
	[25, 23, 25, 22, 11, 9] => QQFieldElem[-3//112, 0, 0, 0, 9//112, 0, 0, 0],
	[25, 23, 25, 22, 12, 10] => QQFieldElem[-1//16, 0, 0, 0, 3//16, 0, 0, 0],
	[25, 23, 25, 22, 10, 12] => QQFieldElem[-3//112, 0, 0, 0, 9//112, 0, 0, 0],
	[25, 23, 25, 22, 9, 10] => QQFieldElem[5//16, 0, 0, 0, -1//16, 0, 0, 0],
	[25, 23, 25, 22, 12, 12] => QQFieldElem[3//112, 0, 0, 0, 5//112, 0, 0, 0],
	[25, 23, 25, 22, 10, 11] => QQFieldElem[-1//16, 0, 0, 0, -1//16, 0, 0, 0],
	[25, 23, 25, 22, 10, 9] => QQFieldElem[15//112, 0, 0, 0, -3//112, 0, 0, 0],
	[25, 23, 25, 22, 11, 10] => QQFieldElem[-1//16, 0, 0, 0, -1//16, 0, 0, 0],
	[25, 23, 25, 22, 12, 11] => QQFieldElem[5//16, 0, 0, 0, -1//16, 0, 0, 0],
	[25, 23, 25, 22, 12, 9] => QQFieldElem[13//112, 0, 0, 0, -11//112, 0, 0, 0],
	[25, 23, 25, 22, 9, 12] => QQFieldElem[13//112, 0, 0, 0, -11//112, 0, 0, 0],
	[25, 23, 25, 22, 11, 12] => QQFieldElem[15//112, 0, 0, 0, -3//112, 0, 0, 0],
	[25, 23, 25, 22, 9, 11] => QQFieldElem[-1//16, 0, 0, 0, 3//16, 0, 0, 0],
	[25, 23, 25, 22, 9, 9] => QQFieldElem[3//112, 0, 0, 0, 5//112, 0, 0, 0],
	[25, 23, 25, 22, 10, 10] => QQFieldElem[1//16, 0, 0, 0, -1//16, 0, 0, 0],
	[25, 23, 25, 22, 11, 11] => QQFieldElem[1//16, 0, 0, 0, -1//16, 0, 0, 0])