Dict(
	[25, 11, 10, 25, 6, 20] => QQFieldElem[-2//3, 0, 0, 0, 4//3, 0, 0, 0],
	[25, 11, 10, 25, 8, 13] => QQFieldElem[-2//3, 0, 0, 0, -8//3, 0, 0, 0],
	[25, 11, 10, 25, 6, 23] => QQFieldElem[4//3, 0, 0, 0, -8//3, 0, 0, 0],
	[25, 11, 10, 25, 21, 13] => QQFieldElem[2, 0, 0, 0, 0, 0, 0, 0],
	[25, 11, 10, 25, 6, 22] => QQFieldElem[-4//3, 0, 0, 0, 0, 0, 0, 0],
	[25, 11, 10, 25, 3, 13] => QQFieldElem[1//9, 0, 0, 0, -2//9, 0, 0, 0],
	[25, 11, 10, 25, 8, 20] => QQFieldElem[-1//3, 0, 0, 0, -4//3, 0, 0, 0],
	[25, 11, 10, 25, 21, 20] => QQFieldElem[-1, 0, 0, 0, 0, 0, 0, 0],
	[25, 11, 10, 25, 3, 20] => QQFieldElem[-1//18, 0, 0, 0, 1//9, 0, 0, 0],
	[25, 11, 10, 25, 8, 23] => QQFieldElem[-1//3, 0, 0, 0, -4//3, 0, 0, 0],
	[25, 11, 10, 25, 8, 22] => QQFieldElem[-1, 0, 0, 0, 2//3, 0, 0, 0],
	[25, 11, 10, 25, 21, 23] => QQFieldElem[-1, 0, 0, 0, 0, 0, 0, 0],
	[25, 11, 10, 25, 3, 23] => QQFieldElem[1//9, 0, 0, 0, -2//9, 0, 0, 0],
	[25, 11, 10, 25, 21, 22] => QQFieldElem[1//3, 0, 0, 0, -2//3, 0, 0, 0],
	[25, 11, 10, 25, 3, 22] => QQFieldElem[1//9, 0, 0, 0, 0, 0, 0, 0],
	[25, 11, 10, 25, 6, 13] => QQFieldElem[-4//3, 0, 0, 0, 8//3, 0, 0, 0])