Dict(
	[25, 25, 23, 22, 10, 21] => QQFieldElem[5//28, 0, 0, 0, -1//7, 0, 0, 0],
	[25, 25, 23, 22, 11, 6] => QQFieldElem[1//12, 0, 0, 0, -1//6, 0, 0, 0],
	[25, 25, 23, 22, 9, 3] => QQFieldElem[9//7, 0, 0, 0, -6//7, 0, 0, 0],
	[25, 25, 23, 22, 12, 21] => QQFieldElem[1//28, 0, 0, 0, 1//14, 0, 0, 0],
	[25, 25, 23, 22, 11, 3] => QQFieldElem[3//28, 0, 0, 0, -1//14, 0, 0, 0],
	[25, 25, 23, 22, 10, 8] => QQFieldElem[1//4, 0, 0, 0, 0, 0, 0, 0],
	[25, 25, 23, 22, 9, 21] => QQFieldElem[-3//7, 0, 0, 0, -6//7, 0, 0, 0],
	[25, 25, 23, 22, 12, 8] => QQFieldElem[1//12, 0, 0, 0, -1//6, 0, 0, 0],
	[25, 25, 23, 22, 10, 6] => QQFieldElem[1//4, 0, 0, 0, 0, 0, 0, 0],
	[25, 25, 23, 22, 11, 21] => QQFieldElem[1//28, 0, 0, 0, 1//14, 0, 0, 0],
	[25, 25, 23, 22, 12, 6] => QQFieldElem[-1//12, 0, 0, 0, 1//6, 0, 0, 0],
	[25, 25, 23, 22, 10, 3] => QQFieldElem[1//28, 0, 0, 0, 1//7, 0, 0, 0],
	[25, 25, 23, 22, 12, 3] => QQFieldElem[3//28, 0, 0, 0, -1//14, 0, 0, 0],
	[25, 25, 23, 22, 9, 8] => QQFieldElem[-1, 0, 0, 0, 2, 0, 0, 0],
	[25, 25, 23, 22, 9, 6] => QQFieldElem[-1, 0, 0, 0, 2, 0, 0, 0],
	[25, 25, 23, 22, 11, 8] => QQFieldElem[-1//12, 0, 0, 0, 1//6, 0, 0, 0])