Dict(
	[25, 9, 9, 24, 8, 20] => QQFieldElem[-7//3, 0, 0, 0, 0, 0, 0, 0],
	[25, 9, 9, 24, 7, 23] => QQFieldElem[-4//3, 0, 0, 0, 0, 0, 0, 0],
	[25, 9, 9, 24, 7, 22] => QQFieldElem[4//3, 0, 0, 0, 0, 0, 0, 0],
	[25, 9, 9, 24, 2, 20] => QQFieldElem[1//6, 0, 0, 0, 0, 0, 0, 0],
	[25, 9, 9, 24, 21, 20] => QQFieldElem[1, 0, 0, 0, 0, 0, 0, 0],
	[25, 9, 9, 24, 8, 23] => QQFieldElem[7//3, 0, 0, 0, 0, 0, 0, 0],
	[25, 9, 9, 24, 8, 22] => QQFieldElem[-7//3, 0, 0, 0, 0, 0, 0, 0],
	[25, 9, 9, 24, 2, 23] => QQFieldElem[1//3, 0, 0, 0, 0, 0, 0, 0],
	[25, 9, 9, 24, 2, 22] => QQFieldElem[1//3, 0, 0, 0, 0, 0, 0, 0],
	[25, 9, 9, 24, 21, 23] => QQFieldElem[-1, 0, 0, 0, 0, 0, 0, 0],
	[25, 9, 9, 24, 21, 22] => QQFieldElem[-1, 0, 0, 0, 0, 0, 0, 0],
	[25, 9, 9, 24, 7, 13] => QQFieldElem[2//3, 0, 0, 0, 0, 0, 0, 0],
	[25, 9, 9, 24, 8, 13] => QQFieldElem[7//3, 0, 0, 0, 0, 0, 0, 0],
	[25, 9, 9, 24, 2, 13] => QQFieldElem[1//6, 0, 0, 0, 0, 0, 0, 0],
	[25, 9, 9, 24, 21, 13] => QQFieldElem[1, 0, 0, 0, 0, 0, 0, 0],
	[25, 9, 9, 24, 7, 20] => QQFieldElem[-2//3, 0, 0, 0, 0, 0, 0, 0])