Dict(
	[9, 23, 23, 9, 5, 18] => QQFieldElem[0, 0, -1//3, 0, 0, 0, 1//6, 0],
	[9, 23, 23, 9, 1, 25] => QQFieldElem[0, 0, 2//3, 0, 0, 0, -1//3, 0],
	[9, 23, 23, 9, 6, 18] => QQFieldElem[0, 0, 0, 0, 0, 0, 1//4, 0],
	[9, 23, 23, 9, 5, 16] => QQFieldElem[-1//36, 0, 0, 0, 1//18, 0, 0, 0],
	[9, 23, 23, 9, 5, 24] => QQFieldElem[0, 0, 0, 0, 0, 0, 1//3, 0],
	[9, 23, 23, 9, 21, 25] => QQFieldElem[0, 0, 1//3, 0, 0, 0, 1//12, 0],
	[9, 23, 23, 9, 6, 16] => QQFieldElem[-1//24, 0, 0, 0, 0, 0, 0, 0],
	[9, 23, 23, 9, 1, 18] => QQFieldElem[0, 0, -1//3, 0, 0, 0, 1//6, 0],
	[9, 23, 23, 9, 6, 24] => QQFieldElem[0, 0, 1//6, 0, 0, 0, -1//12, 0],
	[9, 23, 23, 9, 1, 16] => QQFieldElem[1//36, 0, 0, 0, -1//18, 0, 0, 0],
	[9, 23, 23, 9, 21, 18] => QQFieldElem[0, 0, 1//3, 0, 0, 0, 1//12, 0],
	[9, 23, 23, 9, 1, 24] => QQFieldElem[0, 0, 0, 0, 0, 0, -1//3, 0],
	[9, 23, 23, 9, 5, 25] => QQFieldElem[0, 0, 2//3, 0, 0, 0, -1//3, 0],
	[9, 23, 23, 9, 21, 16] => QQFieldElem[5//72, 0, 0, 0, -1//18, 0, 0, 0],
	[9, 23, 23, 9, 6, 25] => QQFieldElem[0, 0, 0, 0, 0, 0, 1//4, 0],
	[9, 23, 23, 9, 21, 24] => QQFieldElem[0, 0, -1//6, 0, 0, 0, 1//4, 0])