Dict(
	[9, 23, 21, 25, 14, 18] => QQFieldElem[-1//4, 0, 0, 0, 0, 0, 0, 0],
	[9, 23, 21, 25, 14, 16] => QQFieldElem[-3//2, 0, 0, 0, 0, 0, 0, 0],
	[9, 23, 21, 25, 22, 25] => QQFieldElem[-1//14, 0, 0, 0, -2//7, 0, 0, 0],
	[9, 23, 21, 25, 19, 25] => QQFieldElem[-2//7, 0, 0, 0, -1//7, 0, 0, 0],
	[9, 23, 21, 25, 14, 24] => QQFieldElem[-1//3, 0, 0, 0, 1//6, 0, 0, 0],
	[9, 23, 21, 25, 23, 25] => QQFieldElem[1//2, 0, 0, 0, 0, 0, 0, 0],
	[9, 23, 21, 25, 22, 18] => QQFieldElem[-1//4, 0, 0, 0, -1//4, 0, 0, 0],
	[9, 23, 21, 25, 19, 18] => QQFieldElem[1//2, 0, 0, 0, 0, 0, 0, 0],
	[9, 23, 21, 25, 23, 18] => QQFieldElem[-3//4, 0, 0, 0, 1//4, 0, 0, 0],
	[9, 23, 21, 25, 22, 16] => QQFieldElem[3//2, 0, 0, 0, 3//2, 0, 0, 0],
	[9, 23, 21, 25, 14, 25] => QQFieldElem[-1//7, 0, 0, 0, -1//14, 0, 0, 0],
	[9, 23, 21, 25, 19, 16] => QQFieldElem[3, 0, 0, 0, 0, 0, 0, 0],
	[9, 23, 21, 25, 23, 16] => QQFieldElem[9//2, 0, 0, 0, -3//2, 0, 0, 0],
	[9, 23, 21, 25, 22, 24] => QQFieldElem[1//2, 0, 0, 0, 0, 0, 0, 0],
	[9, 23, 21, 25, 19, 24] => QQFieldElem[-2//3, 0, 0, 0, 1//3, 0, 0, 0],
	[9, 23, 21, 25, 23, 24] => QQFieldElem[-5//6, 0, 0, 0, 2//3, 0, 0, 0])