Dict(
	[9, 25, 24, 12, 4, 22] => QQFieldElem[0, 0, 0, 0, 0, 0, -1//2, 0],
	[9, 25, 24, 12, 5, 20] => QQFieldElem[0, 0, 0, 0, 0, 0, -1//3, 0],
	[9, 25, 24, 12, 7, 13] => QQFieldElem[-7//432, 0, 0, 0, 0, 0, 0, 0],
	[9, 25, 24, 12, 5, 23] => QQFieldElem[0, 0, 0, 0, 0, 0, 1//3, 0],
	[9, 25, 24, 12, 5, 22] => QQFieldElem[0, 0, 0, 0, 0, 0, 1//6, 0],
	[9, 25, 24, 12, 21, 13] => QQFieldElem[-1//144, 0, 0, 0, 0, 0, 0, 0],
	[9, 25, 24, 12, 7, 20] => QQFieldElem[0, 0, 0, 0, 0, 0, 7//12, 0],
	[9, 25, 24, 12, 4, 13] => QQFieldElem[-1//72, 0, 0, 0, 0, 0, 0, 0],
	[9, 25, 24, 12, 7, 23] => QQFieldElem[0, 0, 0, 0, 0, 0, -7//12, 0],
	[9, 25, 24, 12, 7, 22] => QQFieldElem[0, 0, 0, 0, 0, 0, 7//12, 0],
	[9, 25, 24, 12, 21, 20] => QQFieldElem[0, 0, 0, 0, 0, 0, 1//4, 0],
	[9, 25, 24, 12, 4, 20] => QQFieldElem[0, 0, 0, 0, 0, 0, -1, 0],
	[9, 25, 24, 12, 5, 13] => QQFieldElem[-1//216, 0, 0, 0, 0, 0, 0, 0],
	[9, 25, 24, 12, 21, 23] => QQFieldElem[0, 0, 0, 0, 0, 0, 1//4, 0],
	[9, 25, 24, 12, 21, 22] => QQFieldElem[0, 0, 0, 0, 0, 0, -1//4, 0],
	[9, 25, 24, 12, 4, 23] => QQFieldElem[0, 0, 0, 0, 0, 0, -1, 0])