Dict(
	[9, 24, 25, 10, 7, 23] => QQFieldElem[0, 0, -2//3, 0, 0, 0, 1//3, 0],
	[9, 24, 25, 10, 7, 19] => QQFieldElem[0, 0, 1//3, 0, 0, 0, -1//6, 0],
	[9, 24, 25, 10, 7, 22] => QQFieldElem[0, 0, 0, 0, 0, 0, 1//3, 0],
	[9, 24, 25, 10, 8, 23] => QQFieldElem[0, 0, 0, 0, 0, 0, 1//4, 0],
	[9, 24, 25, 10, 8, 19] => QQFieldElem[0, 0, 0, 0, 0, 0, 1//4, 0],
	[9, 24, 25, 10, 8, 22] => QQFieldElem[0, 0, -1//6, 0, 0, 0, 1//12, 0],
	[9, 24, 25, 10, 2, 23] => QQFieldElem[0, 0, -2//3, 0, 0, 0, 1//3, 0],
	[9, 24, 25, 10, 7, 14] => QQFieldElem[-1//36, 0, 0, 0, 1//18, 0, 0, 0],
	[9, 24, 25, 10, 2, 19] => QQFieldElem[0, 0, 1//3, 0, 0, 0, -1//6, 0],
	[9, 24, 25, 10, 21, 23] => QQFieldElem[0, 0, -1//3, 0, 0, 0, 5//12, 0],
	[9, 24, 25, 10, 2, 22] => QQFieldElem[0, 0, 0, 0, 0, 0, -1//3, 0],
	[9, 24, 25, 10, 21, 22] => QQFieldElem[0, 0, 1//6, 0, 0, 0, 1//12, 0],
	[9, 24, 25, 10, 21, 19] => QQFieldElem[0, 0, -1//3, 0, 0, 0, 5//12, 0],
	[9, 24, 25, 10, 8, 14] => QQFieldElem[1//24, 0, 0, 0, 0, 0, 0, 0],
	[9, 24, 25, 10, 2, 14] => QQFieldElem[1//36, 0, 0, 0, -1//18, 0, 0, 0],
	[9, 24, 25, 10, 21, 14] => QQFieldElem[-1//72, 0, 0, 0, -1//18, 0, 0, 0])