Dict(
	[9, 12, 23, 22, 24, 21] => QQFieldElem[0, 0, 16//21, 0, 0, 0, 4//21, 0],
	[9, 12, 23, 22, 25, 8] => QQFieldElem[0, 0, 0, 0, 0, 0, 2//3, 0],
	[9, 12, 23, 22, 25, 6] => QQFieldElem[0, 0, 2//3, 0, 0, 0, -1//3, 0],
	[9, 12, 23, 22, 18, 8] => QQFieldElem[0, 0, 4//3, 0, 0, 0, -2//3, 0],
	[9, 12, 23, 22, 16, 21] => QQFieldElem[-40//21, 0, 0, 0, 32//21, 0, 0, 0],
	[9, 12, 23, 22, 18, 6] => QQFieldElem[0, 0, 0, 0, 0, 0, 1, 0],
	[9, 12, 23, 22, 25, 3] => QQFieldElem[0, 0, -2, 0, 0, 0, 1, 0],
	[9, 12, 23, 22, 24, 8] => QQFieldElem[0, 0, 0, 0, 0, 0, 4//3, 0],
	[9, 12, 23, 22, 24, 6] => QQFieldElem[0, 0, -2//3, 0, 0, 0, 1//3, 0],
	[9, 12, 23, 22, 18, 3] => QQFieldElem[0, 0, 0, 0, 0, 0, 3, 0],
	[9, 12, 23, 22, 24, 3] => QQFieldElem[0, 0, 2, 0, 0, 0, -1, 0],
	[9, 12, 23, 22, 16, 8] => QQFieldElem[8//3, 0, 0, 0, 0, 0, 0, 0],
	[9, 12, 23, 22, 25, 21] => QQFieldElem[0, 0, 8//21, 0, 0, 0, 2//21, 0],
	[9, 12, 23, 22, 16, 6] => QQFieldElem[2//3, 0, 0, 0, -4//3, 0, 0, 0],
	[9, 12, 23, 22, 18, 21] => QQFieldElem[0, 0, -4//7, 0, 0, 0, 6//7, 0],
	[9, 12, 23, 22, 16, 3] => QQFieldElem[2, 0, 0, 0, -4, 0, 0, 0])