Dict(
	[9, 21, 21, 12, 7, 9] => QQFieldElem[1//24, 0, 0, 0, 0, 0, 0, 0],
	[9, 21, 21, 12, 21, 12] => QQFieldElem[1//4, 0, 0, 0, 0, 0, 0, 0],
	[9, 21, 21, 12, 4, 12] => QQFieldElem[-1//4, 0, 0, 0, 0, 0, 0, 0],
	[9, 21, 21, 12, 5, 10] => QQFieldElem[0, 0, -1//72, 0, 0, 0, 1//36, 0],
	[9, 21, 21, 12, 21, 11] => QQFieldElem[0, 0, 1//72, 0, 0, 0, 1//72, 0],
	[9, 21, 21, 12, 21, 9] => QQFieldElem[1//24, 0, 0, 0, 0, 0, 0, 0],
	[9, 21, 21, 12, 4, 11] => QQFieldElem[0, 0, 1//72, 0, 0, 0, 1//72, 0],
	[9, 21, 21, 12, 4, 9] => QQFieldElem[1//24, 0, 0, 0, 0, 0, 0, 0],
	[9, 21, 21, 12, 5, 12] => QQFieldElem[-1//4, 0, 0, 0, 0, 0, 0, 0],
	[9, 21, 21, 12, 7, 10] => QQFieldElem[0, 0, 1//72, 0, 0, 0, -1//36, 0],
	[9, 21, 21, 12, 5, 11] => QQFieldElem[0, 0, -1//72, 0, 0, 0, -1//72, 0],
	[9, 21, 21, 12, 5, 9] => QQFieldElem[1//24, 0, 0, 0, 0, 0, 0, 0],
	[9, 21, 21, 12, 21, 10] => QQFieldElem[0, 0, -1//72, 0, 0, 0, 1//36, 0],
	[9, 21, 21, 12, 7, 12] => QQFieldElem[1//4, 0, 0, 0, 0, 0, 0, 0],
	[9, 21, 21, 12, 4, 10] => QQFieldElem[0, 0, 1//72, 0, 0, 0, -1//36, 0],
	[9, 21, 21, 12, 7, 11] => QQFieldElem[0, 0, -1//72, 0, 0, 0, -1//72, 0])