Dict(
	[9, 9, 9, 10, 8, 7] => QQFieldElem[2//3, 0, 0, 0, 0, 0, 0, 0],
	[9, 9, 9, 10, 2, 7] => QQFieldElem[4//3, 0, 0, 0, 0, 0, 0, 0],
	[9, 9, 9, 10, 21, 7] => QQFieldElem[-1//3, 0, 0, 0, 0, 0, 0, 0],
	[9, 9, 9, 10, 7, 2] => QQFieldElem[1//6, 0, 0, 0, 0, 0, 0, 0],
	[9, 9, 9, 10, 7, 21] => QQFieldElem[-2//3, 0, 0, 0, 0, 0, 0, 0],
	[9, 9, 9, 10, 8, 21] => QQFieldElem[-2//3, 0, 0, 0, 0, 0, 0, 0],
	[9, 9, 9, 10, 8, 2] => QQFieldElem[1//6, 0, 0, 0, 0, 0, 0, 0],
	[9, 9, 9, 10, 2, 21] => QQFieldElem[8//3, 0, 0, 0, 0, 0, 0, 0],
	[9, 9, 9, 10, 2, 2] => QQFieldElem[1//3, 0, 0, 0, 0, 0, 0, 0],
	[9, 9, 9, 10, 21, 21] => QQFieldElem[1//3, 0, 0, 0, 0, 0, 0, 0],
	[9, 9, 9, 10, 21, 2] => QQFieldElem[1//6, 0, 0, 0, 0, 0, 0, 0],
	[9, 9, 9, 10, 7, 8] => QQFieldElem[2//3, 0, 0, 0, 0, 0, 0, 0],
	[9, 9, 9, 10, 8, 8] => QQFieldElem[-1//3, 0, 0, 0, 0, 0, 0, 0],
	[9, 9, 9, 10, 2, 8] => QQFieldElem[4//3, 0, 0, 0, 0, 0, 0, 0],
	[9, 9, 9, 10, 21, 8] => QQFieldElem[-1//3, 0, 0, 0, 0, 0, 0, 0],
	[9, 9, 9, 10, 7, 7] => QQFieldElem[-1//3, 0, 0, 0, 0, 0, 0, 0])