Dict(
	[9, 24, 25, 12, 7, 23] => QQFieldElem[0, 0, 0, 0, 0, 0, 1//4, 0],
	[9, 24, 25, 12, 7, 19] => QQFieldElem[0, 0, 0, 0, 0, 0, 1//4, 0],
	[9, 24, 25, 12, 7, 22] => QQFieldElem[0, 0, 0, 0, 0, 0, -1//4, 0],
	[9, 24, 25, 12, 7, 14] => QQFieldElem[-1//144, 0, 0, 0, 0, 0, 0, 0],
	[9, 24, 25, 12, 21, 23] => QQFieldElem[0, 0, 0, 0, 0, 0, -7//12, 0],
	[9, 24, 25, 12, 21, 19] => QQFieldElem[0, 0, 0, 0, 0, 0, 7//12, 0],
	[9, 24, 25, 12, 21, 22] => QQFieldElem[0, 0, 0, 0, 0, 0, 7//12, 0],
	[9, 24, 25, 12, 4, 23] => QQFieldElem[0, 0, 0, 0, 0, 0, -1, 0],
	[9, 24, 25, 12, 4, 19] => QQFieldElem[0, 0, 0, 0, 0, 0, -1, 0],
	[9, 24, 25, 12, 4, 22] => QQFieldElem[0, 0, 0, 0, 0, 0, -1//2, 0],
	[9, 24, 25, 12, 21, 14] => QQFieldElem[-7//432, 0, 0, 0, 0, 0, 0, 0],
	[9, 24, 25, 12, 4, 14] => QQFieldElem[-1//72, 0, 0, 0, 0, 0, 0, 0],
	[9, 24, 25, 12, 5, 23] => QQFieldElem[0, 0, 0, 0, 0, 0, 1//3, 0],
	[9, 24, 25, 12, 5, 19] => QQFieldElem[0, 0, 0, 0, 0, 0, -1//3, 0],
	[9, 24, 25, 12, 5, 22] => QQFieldElem[0, 0, 0, 0, 0, 0, 1//6, 0],
	[9, 24, 25, 12, 5, 14] => QQFieldElem[-1//216, 0, 0, 0, 0, 0, 0, 0])