Dict(
	[9, 23, 9, 22, 18, 24] => QQFieldElem[2//3, 0, 0, 0, 0, 0, 0, 0],
	[9, 23, 9, 22, 24, 16] => QQFieldElem[3//2, 0, 0, 0, 0, 0, 0, 0],
	[9, 23, 9, 22, 24, 24] => QQFieldElem[-1//3, 0, 0, 0, 1//6, 0, 0, 0],
	[9, 23, 9, 22, 16, 18] => QQFieldElem[-1//4, 0, 0, 0, -1//4, 0, 0, 0],
	[9, 23, 9, 22, 25, 25] => QQFieldElem[47//147, 0, 0, 0, -71//294, 0, 0, 0],
	[9, 23, 9, 22, 16, 16] => QQFieldElem[-1//2, 0, 0, 0, -1//2, 0, 0, 0],
	[9, 23, 9, 22, 18, 25] => QQFieldElem[-26//147, 0, 0, 0, 4//147, 0, 0, 0],
	[9, 23, 9, 22, 16, 24] => QQFieldElem[-1//3, 0, 0, 0, 0, 0, 0, 0],
	[9, 23, 9, 22, 24, 25] => QQFieldElem[-12//49, 0, 0, 0, 15//98, 0, 0, 0],
	[9, 23, 9, 22, 25, 18] => QQFieldElem[-13//12, 0, 0, 0, 1//6, 0, 0, 0],
	[9, 23, 9, 22, 18, 18] => QQFieldElem[-1//6, 0, 0, 0, -1//6, 0, 0, 0],
	[9, 23, 9, 22, 25, 16] => QQFieldElem[13//2, 0, 0, 0, -1, 0, 0, 0],
	[9, 23, 9, 22, 24, 18] => QQFieldElem[3//4, 0, 0, 0, 0, 0, 0, 0],
	[9, 23, 9, 22, 25, 24] => QQFieldElem[-4//3, 0, 0, 0, 5//6, 0, 0, 0],
	[9, 23, 9, 22, 16, 25] => QQFieldElem[-13//49, 0, 0, 0, 2//49, 0, 0, 0],
	[9, 23, 9, 22, 18, 16] => QQFieldElem[1, 0, 0, 0, 1, 0, 0, 0])