Dict(
	[10, 25, 23, 21, 9, 23] => QQFieldElem[0, 0, -1//2, 0, 0, 0, 1//2, 0],
	[10, 25, 23, 21, 9, 22] => QQFieldElem[0, 0, 3//14, 0, 0, 0, -9//14, 0],
	[10, 25, 23, 21, 11, 23] => QQFieldElem[0, 0, -1//2, 0, 0, 0, 3//4, 0],
	[10, 25, 23, 21, 10, 13] => QQFieldElem[0, 0, 1//2, 0, 0, 0, -1//2, 0],
	[10, 25, 23, 21, 11, 22] => QQFieldElem[0, 0, 0, 0, 0, 0, -1//4, 0],
	[10, 25, 23, 21, 10, 18] => QQFieldElem[0, 0, 1//6, 0, 0, 0, 1//6, 0],
	[10, 25, 23, 21, 12, 13] => QQFieldElem[0, 0, 0, 0, 0, 0, 1//4, 0],
	[10, 25, 23, 21, 12, 18] => QQFieldElem[0, 0, -1//2, 0, 0, 0, 1//4, 0],
	[10, 25, 23, 21, 9, 13] => QQFieldElem[0, 0, 1//2, 0, 0, 0, -1//2, 0],
	[10, 25, 23, 21, 10, 23] => QQFieldElem[0, 0, -1//2, 0, 0, 0, 1//2, 0],
	[10, 25, 23, 21, 9, 18] => QQFieldElem[0, 0, -1//2, 0, 0, 0, -1//2, 0],
	[10, 25, 23, 21, 10, 22] => QQFieldElem[0, 0, -1//14, 0, 0, 0, 3//14, 0],
	[10, 25, 23, 21, 11, 13] => QQFieldElem[0, 0, -1//2, 0, 0, 0, 3//4, 0],
	[10, 25, 23, 21, 12, 23] => QQFieldElem[0, 0, 0, 0, 0, 0, 1//4, 0],
	[10, 25, 23, 21, 12, 22] => QQFieldElem[0, 0, 3//14, 0, 0, 0, 3//28, 0],
	[10, 25, 23, 21, 11, 18] => QQFieldElem[0, 0, 1//3, 0, 0, 0, 1//12, 0])