Dict(
	[10, 23, 23, 10, 1, 24] => QQFieldElem[0, 0, 1//3, 0, 0, 0, -1//6, 0],
	[10, 23, 23, 10, 5, 25] => QQFieldElem[0, 0, -2//3, 0, 0, 0, 1//3, 0],
	[10, 23, 23, 10, 21, 16] => QQFieldElem[1//72, 0, 0, 0, 1//18, 0, 0, 0],
	[10, 23, 23, 10, 21, 20] => QQFieldElem[0, 0, 1//6, 0, 0, 0, 1//12, 0],
	[10, 23, 23, 10, 6, 25] => QQFieldElem[0, 0, 0, 0, 0, 0, 1//4, 0],
	[10, 23, 23, 10, 21, 24] => QQFieldElem[0, 0, -1//3, 0, 0, 0, 5//12, 0],
	[10, 23, 23, 10, 1, 25] => QQFieldElem[0, 0, -2//3, 0, 0, 0, 1//3, 0],
	[10, 23, 23, 10, 5, 16] => QQFieldElem[1//36, 0, 0, 0, -1//18, 0, 0, 0],
	[10, 23, 23, 10, 5, 20] => QQFieldElem[0, 0, 0, 0, 0, 0, 1//3, 0],
	[10, 23, 23, 10, 5, 24] => QQFieldElem[0, 0, 1//3, 0, 0, 0, -1//6, 0],
	[10, 23, 23, 10, 21, 25] => QQFieldElem[0, 0, -1//3, 0, 0, 0, 5//12, 0],
	[10, 23, 23, 10, 6, 16] => QQFieldElem[-1//24, 0, 0, 0, 0, 0, 0, 0],
	[10, 23, 23, 10, 6, 20] => QQFieldElem[0, 0, -1//6, 0, 0, 0, 1//12, 0],
	[10, 23, 23, 10, 6, 24] => QQFieldElem[0, 0, 0, 0, 0, 0, 1//4, 0],
	[10, 23, 23, 10, 1, 16] => QQFieldElem[-1//36, 0, 0, 0, 1//18, 0, 0, 0],
	[10, 23, 23, 10, 1, 20] => QQFieldElem[0, 0, 0, 0, 0, 0, -1//3, 0])