Dict(
	[10, 25, 24, 9, 2, 23] => QQFieldElem[0, 0, 2//3, 0, 0, 0, -1//3, 0],
	[10, 25, 24, 9, 2, 22] => QQFieldElem[0, 0, -1//3, 0, 0, 0, 1//6, 0],
	[10, 25, 24, 9, 21, 23] => QQFieldElem[0, 0, 0, 0, 0, 0, 1//4, 0],
	[10, 25, 24, 9, 21, 22] => QQFieldElem[0, 0, 0, 0, 0, 0, 1//4, 0],
	[10, 25, 24, 9, 7, 13] => QQFieldElem[1//36, 0, 0, 0, -1//18, 0, 0, 0],
	[10, 25, 24, 9, 7, 18] => QQFieldElem[0, 0, 0, 0, 0, 0, 1//3, 0],
	[10, 25, 24, 9, 8, 13] => QQFieldElem[-5//72, 0, 0, 0, 1//18, 0, 0, 0],
	[10, 25, 24, 9, 8, 18] => QQFieldElem[0, 0, -1//6, 0, 0, 0, 1//4, 0],
	[10, 25, 24, 9, 2, 13] => QQFieldElem[-1//36, 0, 0, 0, 1//18, 0, 0, 0],
	[10, 25, 24, 9, 21, 13] => QQFieldElem[1//24, 0, 0, 0, 0, 0, 0, 0],
	[10, 25, 24, 9, 2, 18] => QQFieldElem[0, 0, 0, 0, 0, 0, -1//3, 0],
	[10, 25, 24, 9, 21, 18] => QQFieldElem[0, 0, 1//6, 0, 0, 0, -1//12, 0],
	[10, 25, 24, 9, 7, 23] => QQFieldElem[0, 0, 2//3, 0, 0, 0, -1//3, 0],
	[10, 25, 24, 9, 7, 22] => QQFieldElem[0, 0, -1//3, 0, 0, 0, 1//6, 0],
	[10, 25, 24, 9, 8, 23] => QQFieldElem[0, 0, 1//3, 0, 0, 0, 1//12, 0],
	[10, 25, 24, 9, 8, 22] => QQFieldElem[0, 0, 1//3, 0, 0, 0, 1//12, 0])