Dict(
	[10, 10, 9, 10, 6, 21] => QQFieldElem[-2//3, 0, 0, 0, 0, 0, 0, 0],
	[10, 10, 9, 10, 6, 2] => QQFieldElem[1//6, 0, 0, 0, 0, 0, 0, 0],
	[10, 10, 9, 10, 1, 21] => QQFieldElem[8//3, 0, 0, 0, 0, 0, 0, 0],
	[10, 10, 9, 10, 21, 7] => QQFieldElem[-1//3, 0, 0, 0, 0, 0, 0, 0],
	[10, 10, 9, 10, 1, 2] => QQFieldElem[1//3, 0, 0, 0, 0, 0, 0, 0],
	[10, 10, 9, 10, 5, 8] => QQFieldElem[-1//3, 0, 0, 0, 0, 0, 0, 0],
	[10, 10, 9, 10, 6, 8] => QQFieldElem[2//3, 0, 0, 0, 0, 0, 0, 0],
	[10, 10, 9, 10, 21, 21] => QQFieldElem[1//3, 0, 0, 0, 0, 0, 0, 0],
	[10, 10, 9, 10, 21, 2] => QQFieldElem[1//6, 0, 0, 0, 0, 0, 0, 0],
	[10, 10, 9, 10, 1, 8] => QQFieldElem[4//3, 0, 0, 0, 0, 0, 0, 0],
	[10, 10, 9, 10, 5, 7] => QQFieldElem[2//3, 0, 0, 0, 0, 0, 0, 0],
	[10, 10, 9, 10, 6, 7] => QQFieldElem[-1//3, 0, 0, 0, 0, 0, 0, 0],
	[10, 10, 9, 10, 21, 8] => QQFieldElem[-1//3, 0, 0, 0, 0, 0, 0, 0],
	[10, 10, 9, 10, 5, 21] => QQFieldElem[-2//3, 0, 0, 0, 0, 0, 0, 0],
	[10, 10, 9, 10, 5, 2] => QQFieldElem[1//6, 0, 0, 0, 0, 0, 0, 0],
	[10, 10, 9, 10, 1, 7] => QQFieldElem[4//3, 0, 0, 0, 0, 0, 0, 0])