Dict(
	[10, 12, 10, 11, 8, 4] => QQFieldElem[1//18, 0, 0, 0, 0, 0, 0, 0],
	[10, 12, 10, 11, 8, 21] => QQFieldElem[-2//3, 0, 0, 0, 0, 0, 0, 0],
	[10, 12, 10, 11, 6, 8] => QQFieldElem[2//3, 0, 0, 0, 0, 0, 0, 0],
	[10, 12, 10, 11, 21, 4] => QQFieldElem[1//18, 0, 0, 0, 0, 0, 0, 0],
	[10, 12, 10, 11, 21, 21] => QQFieldElem[1//3, 0, 0, 0, 0, 0, 0, 0],
	[10, 12, 10, 11, 6, 6] => QQFieldElem[-1//3, 0, 0, 0, 0, 0, 0, 0],
	[10, 12, 10, 11, 4, 4] => QQFieldElem[-1//9, 0, 0, 0, 0, 0, 0, 0],
	[10, 12, 10, 11, 4, 21] => QQFieldElem[-8//3, 0, 0, 0, 0, 0, 0, 0],
	[10, 12, 10, 11, 8, 8] => QQFieldElem[-1//3, 0, 0, 0, 0, 0, 0, 0],
	[10, 12, 10, 11, 8, 6] => QQFieldElem[2//3, 0, 0, 0, 0, 0, 0, 0],
	[10, 12, 10, 11, 21, 8] => QQFieldElem[-1//3, 0, 0, 0, 0, 0, 0, 0],
	[10, 12, 10, 11, 4, 8] => QQFieldElem[-4//3, 0, 0, 0, 0, 0, 0, 0],
	[10, 12, 10, 11, 21, 6] => QQFieldElem[-1//3, 0, 0, 0, 0, 0, 0, 0],
	[10, 12, 10, 11, 6, 4] => QQFieldElem[1//18, 0, 0, 0, 0, 0, 0, 0],
	[10, 12, 10, 11, 6, 21] => QQFieldElem[-2//3, 0, 0, 0, 0, 0, 0, 0],
	[10, 12, 10, 11, 4, 6] => QQFieldElem[-4//3, 0, 0, 0, 0, 0, 0, 0])