Dict(
	[10, 25, 11, 25, 23, 23] => QQFieldElem[1//7, 0, 0, 0, -3//14, 0, 0, 0],
	[10, 25, 11, 25, 14, 18] => QQFieldElem[-1//12, 0, 0, 0, 1//12, 0, 0, 0],
	[10, 25, 11, 25, 23, 22] => QQFieldElem[0, 0, 0, 0, -1//2, 0, 0, 0],
	[10, 25, 11, 25, 17, 23] => QQFieldElem[-2//7, 0, 0, 0, -4//7, 0, 0, 0],
	[10, 25, 11, 25, 17, 22] => QQFieldElem[2//3, 0, 0, 0, 0, 0, 0, 0],
	[10, 25, 11, 25, 14, 23] => QQFieldElem[-1//21, 0, 0, 0, -2//21, 0, 0, 0],
	[10, 25, 11, 25, 14, 22] => QQFieldElem[-1//3, 0, 0, 0, 0, 0, 0, 0],
	[10, 25, 11, 25, 22, 13] => QQFieldElem[3//2, 0, 0, 0, 3, 0, 0, 0],
	[10, 25, 11, 25, 22, 18] => QQFieldElem[-1//4, 0, 0, 0, -1//2, 0, 0, 0],
	[10, 25, 11, 25, 23, 13] => QQFieldElem[9//2, 0, 0, 0, 0, 0, 0, 0],
	[10, 25, 11, 25, 23, 18] => QQFieldElem[1//4, 0, 0, 0, 0, 0, 0, 0],
	[10, 25, 11, 25, 17, 13] => QQFieldElem[3, 0, 0, 0, -3, 0, 0, 0],
	[10, 25, 11, 25, 17, 18] => QQFieldElem[-1//2, 0, 0, 0, 1//2, 0, 0, 0],
	[10, 25, 11, 25, 22, 23] => QQFieldElem[-4//7, 0, 0, 0, 5//14, 0, 0, 0],
	[10, 25, 11, 25, 14, 13] => QQFieldElem[-3//2, 0, 0, 0, 3//2, 0, 0, 0],
	[10, 25, 11, 25, 22, 22] => QQFieldElem[1//3, 0, 0, 0, -1//2, 0, 0, 0])