Dict(
	[10, 23, 11, 22, 25, 16] => QQFieldElem[9//2, 0, 0, 0, -3, 0, 0, 0],
	[10, 23, 11, 22, 25, 20] => QQFieldElem[-3//4, 0, 0, 0, 1//2, 0, 0, 0],
	[10, 23, 11, 22, 20, 25] => QQFieldElem[-6//7, 0, 0, 0, 4//7, 0, 0, 0],
	[10, 23, 11, 22, 25, 24] => QQFieldElem[-1//6, 0, 0, 0, 1//2, 0, 0, 0],
	[10, 23, 11, 22, 16, 25] => QQFieldElem[-1//7, 0, 0, 0, 2//21, 0, 0, 0],
	[10, 23, 11, 22, 24, 16] => QQFieldElem[9//2, 0, 0, 0, 0, 0, 0, 0],
	[10, 23, 11, 22, 24, 20] => QQFieldElem[1//4, 0, 0, 0, 0, 0, 0, 0],
	[10, 23, 11, 22, 24, 24] => QQFieldElem[-1//2, 0, 0, 0, 1//2, 0, 0, 0],
	[10, 23, 11, 22, 25, 25] => QQFieldElem[-3//14, 0, 0, 0, -5//14, 0, 0, 0],
	[10, 23, 11, 22, 20, 16] => QQFieldElem[0, 0, 0, 0, 3, 0, 0, 0],
	[10, 23, 11, 22, 20, 20] => QQFieldElem[0, 0, 0, 0, -1//2, 0, 0, 0],
	[10, 23, 11, 22, 16, 16] => QQFieldElem[0, 0, 0, 0, -3//2, 0, 0, 0],
	[10, 23, 11, 22, 16, 20] => QQFieldElem[0, 0, 0, 0, -1//12, 0, 0, 0],
	[10, 23, 11, 22, 20, 24] => QQFieldElem[2//3, 0, 0, 0, 0, 0, 0, 0],
	[10, 23, 11, 22, 16, 24] => QQFieldElem[-1//3, 0, 0, 0, 0, 0, 0, 0],
	[10, 23, 11, 22, 24, 25] => QQFieldElem[-1//14, 0, 0, 0, 3//14, 0, 0, 0])