Dict(
	[10, 21, 25, 22, 25, 10] => QQFieldElem[0, 0, -1//4, 0, 0, 0, 1//2, 0],
	[10, 21, 25, 22, 20, 11] => QQFieldElem[0, 0, -1, 0, 0, 0, 3//2, 0],
	[10, 21, 25, 22, 20, 9] => QQFieldElem[0, 0, 3//4, 0, 0, 0, 3//2, 0],
	[10, 21, 25, 22, 16, 11] => QQFieldElem[0, 0, 0, 0, 0, 0, 1//2, 0],
	[10, 21, 25, 22, 16, 9] => QQFieldElem[0, 0, -3//4, 0, 0, 0, 0, 0],
	[10, 21, 25, 22, 24, 10] => QQFieldElem[0, 0, -3//4, 0, 0, 0, 0, 0],
	[10, 21, 25, 22, 25, 12] => QQFieldElem[0, 0, -2//7, 0, 0, 0, 5//14, 0],
	[10, 21, 25, 22, 25, 11] => QQFieldElem[0, 0, 1, 0, 0, 0, -1//2, 0],
	[10, 21, 25, 22, 25, 9] => QQFieldElem[0, 0, -3//4, 0, 0, 0, 3//2, 0],
	[10, 21, 25, 22, 20, 10] => QQFieldElem[0, 0, 1//4, 0, 0, 0, 1//2, 0],
	[10, 21, 25, 22, 24, 12] => QQFieldElem[0, 0, 3//7, 0, 0, 0, 3//14, 0],
	[10, 21, 25, 22, 16, 10] => QQFieldElem[0, 0, 3//4, 0, 0, 0, 0, 0],
	[10, 21, 25, 22, 24, 11] => QQFieldElem[0, 0, 0, 0, 0, 0, 1//2, 0],
	[10, 21, 25, 22, 24, 9] => QQFieldElem[0, 0, 3//4, 0, 0, 0, 0, 0],
	[10, 21, 25, 22, 20, 12] => QQFieldElem[0, 0, 0, 0, 0, 0, -1//2, 0],
	[10, 21, 25, 22, 16, 12] => QQFieldElem[0, 0, 3//7, 0, 0, 0, 3//14, 0])