Dict(
	[10, 22, 22, 11, 4, 15] => QQFieldElem[-1//72, 0, 0, 0, 0, 0, 0, 0],
	[10, 22, 22, 11, 8, 24] => QQFieldElem[0, 0, 0, 0, 0, 0, 7//12, 0],
	[10, 22, 22, 11, 6, 25] => QQFieldElem[0, 0, 0, 0, 0, 0, 1//3, 0],
	[10, 22, 22, 11, 8, 19] => QQFieldElem[0, 0, 0, 0, 0, 0, 7//12, 0],
	[10, 22, 22, 11, 21, 24] => QQFieldElem[0, 0, 0, 0, 0, 0, 1//4, 0],
	[10, 22, 22, 11, 4, 24] => QQFieldElem[0, 0, 0, 0, 0, 0, -1, 0],
	[10, 22, 22, 11, 21, 19] => QQFieldElem[0, 0, 0, 0, 0, 0, -1//4, 0],
	[10, 22, 22, 11, 6, 15] => QQFieldElem[-1//216, 0, 0, 0, 0, 0, 0, 0],
	[10, 22, 22, 11, 4, 19] => QQFieldElem[0, 0, 0, 0, 0, 0, -1//2, 0],
	[10, 22, 22, 11, 8, 25] => QQFieldElem[0, 0, 0, 0, 0, 0, -7//12, 0],
	[10, 22, 22, 11, 21, 25] => QQFieldElem[0, 0, 0, 0, 0, 0, 1//4, 0],
	[10, 22, 22, 11, 8, 15] => QQFieldElem[-7//432, 0, 0, 0, 0, 0, 0, 0],
	[10, 22, 22, 11, 4, 25] => QQFieldElem[0, 0, 0, 0, 0, 0, -1, 0],
	[10, 22, 22, 11, 6, 24] => QQFieldElem[0, 0, 0, 0, 0, 0, -1//3, 0],
	[10, 22, 22, 11, 6, 19] => QQFieldElem[0, 0, 0, 0, 0, 0, 1//6, 0],
	[10, 22, 22, 11, 21, 15] => QQFieldElem[-1//144, 0, 0, 0, 0, 0, 0, 0])