Dict(
	[10, 12, 11, 10, 1, 6] => QQFieldElem[-4//3, 0, 0, 0, 0, 0, 0, 0],
	[10, 12, 11, 10, 5, 4] => QQFieldElem[1//6, 0, 0, 0, 0, 0, 0, 0],
	[10, 12, 11, 10, 21, 8] => QQFieldElem[1//3, 0, 0, 0, 0, 0, 0, 0],
	[10, 12, 11, 10, 5, 21] => QQFieldElem[2//3, 0, 0, 0, 0, 0, 0, 0],
	[10, 12, 11, 10, 21, 6] => QQFieldElem[1//3, 0, 0, 0, 0, 0, 0, 0],
	[10, 12, 11, 10, 6, 4] => QQFieldElem[1//6, 0, 0, 0, 0, 0, 0, 0],
	[10, 12, 11, 10, 6, 21] => QQFieldElem[2//3, 0, 0, 0, 0, 0, 0, 0],
	[10, 12, 11, 10, 1, 4] => QQFieldElem[1//3, 0, 0, 0, 0, 0, 0, 0],
	[10, 12, 11, 10, 1, 21] => QQFieldElem[-8//3, 0, 0, 0, 0, 0, 0, 0],
	[10, 12, 11, 10, 5, 8] => QQFieldElem[1//3, 0, 0, 0, 0, 0, 0, 0],
	[10, 12, 11, 10, 5, 6] => QQFieldElem[-2//3, 0, 0, 0, 0, 0, 0, 0],
	[10, 12, 11, 10, 6, 8] => QQFieldElem[-2//3, 0, 0, 0, 0, 0, 0, 0],
	[10, 12, 11, 10, 21, 4] => QQFieldElem[1//6, 0, 0, 0, 0, 0, 0, 0],
	[10, 12, 11, 10, 21, 21] => QQFieldElem[-1//3, 0, 0, 0, 0, 0, 0, 0],
	[10, 12, 11, 10, 6, 6] => QQFieldElem[1//3, 0, 0, 0, 0, 0, 0, 0],
	[10, 12, 11, 10, 1, 8] => QQFieldElem[-4//3, 0, 0, 0, 0, 0, 0, 0])