Dict(
	[10, 23, 21, 24, 22, 16] => QQFieldElem[3, 0, 0, 0, -3//2, 0, 0, 0],
	[10, 23, 21, 24, 22, 20] => QQFieldElem[-1//2, 0, 0, 0, 1//4, 0, 0, 0],
	[10, 23, 21, 24, 23, 16] => QQFieldElem[3, 0, 0, 0, 3//2, 0, 0, 0],
	[10, 23, 21, 24, 23, 20] => QQFieldElem[-1//2, 0, 0, 0, -1//4, 0, 0, 0],
	[10, 23, 21, 24, 22, 24] => QQFieldElem[-5//14, 0, 0, 0, 2//7, 0, 0, 0],
	[10, 23, 21, 24, 23, 24] => QQFieldElem[1//2, 0, 0, 0, 0, 0, 0, 0],
	[10, 23, 21, 24, 18, 16] => QQFieldElem[3, 0, 0, 0, 0, 0, 0, 0],
	[10, 23, 21, 24, 18, 20] => QQFieldElem[1//2, 0, 0, 0, 0, 0, 0, 0],
	[10, 23, 21, 24, 18, 24] => QQFieldElem[-3//7, 0, 0, 0, 1//7, 0, 0, 0],
	[10, 23, 21, 24, 13, 16] => QQFieldElem[-3//2, 0, 0, 0, 0, 0, 0, 0],
	[10, 23, 21, 24, 13, 20] => QQFieldElem[-1//4, 0, 0, 0, 0, 0, 0, 0],
	[10, 23, 21, 24, 22, 25] => QQFieldElem[1//2, 0, 0, 0, 0, 0, 0, 0],
	[10, 23, 21, 24, 13, 24] => QQFieldElem[-3//14, 0, 0, 0, 1//14, 0, 0, 0],
	[10, 23, 21, 24, 23, 25] => QQFieldElem[-1//6, 0, 0, 0, -2//3, 0, 0, 0],
	[10, 23, 21, 24, 18, 25] => QQFieldElem[-1//3, 0, 0, 0, -1//3, 0, 0, 0],
	[10, 23, 21, 24, 13, 25] => QQFieldElem[-1//6, 0, 0, 0, -1//6, 0, 0, 0])