Dict(
	[10, 21, 21, 10, 6, 12] => QQFieldElem[-1//4, 0, 0, 0, 0, 0, 0, 0],
	[10, 21, 21, 10, 5, 11] => QQFieldElem[0, 0, -1//72, 0, 0, 0, -1//72, 0],
	[10, 21, 21, 10, 5, 9] => QQFieldElem[1//8, 0, 0, 0, 0, 0, 0, 0],
	[10, 21, 21, 10, 21, 10] => QQFieldElem[0, 0, -1//72, 0, 0, 0, 1//36, 0],
	[10, 21, 21, 10, 1, 12] => QQFieldElem[1//4, 0, 0, 0, 0, 0, 0, 0],
	[10, 21, 21, 10, 6, 11] => QQFieldElem[0, 0, 1//72, 0, 0, 0, 1//72, 0],
	[10, 21, 21, 10, 6, 9] => QQFieldElem[1//8, 0, 0, 0, 0, 0, 0, 0],
	[10, 21, 21, 10, 1, 11] => QQFieldElem[0, 0, 1//72, 0, 0, 0, 1//72, 0],
	[10, 21, 21, 10, 1, 9] => QQFieldElem[1//8, 0, 0, 0, 0, 0, 0, 0],
	[10, 21, 21, 10, 21, 12] => QQFieldElem[-1//4, 0, 0, 0, 0, 0, 0, 0],
	[10, 21, 21, 10, 5, 10] => QQFieldElem[0, 0, 1//72, 0, 0, 0, -1//36, 0],
	[10, 21, 21, 10, 21, 11] => QQFieldElem[0, 0, -1//72, 0, 0, 0, -1//72, 0],
	[10, 21, 21, 10, 21, 9] => QQFieldElem[1//8, 0, 0, 0, 0, 0, 0, 0],
	[10, 21, 21, 10, 6, 10] => QQFieldElem[0, 0, 1//72, 0, 0, 0, -1//36, 0],
	[10, 21, 21, 10, 5, 12] => QQFieldElem[1//4, 0, 0, 0, 0, 0, 0, 0],
	[10, 21, 21, 10, 1, 10] => QQFieldElem[0, 0, -1//72, 0, 0, 0, 1//36, 0])