Dict(
	[11, 11, 22, 23, 19, 21] => QQFieldElem[0, 0, 0, 0, 0, 0, -4//3, 0],
	[11, 11, 22, 23, 25, 21] => QQFieldElem[0, 0, 0, 0, 0, 0, 2//3, 0],
	[11, 11, 22, 23, 25, 2] => QQFieldElem[0, 0, 0, 0, 0, 0, 3, 0],
	[11, 11, 22, 23, 24, 7] => QQFieldElem[0, 0, 0, 0, 0, 0, 1//3, 0],
	[11, 11, 22, 23, 19, 2] => QQFieldElem[0, 0, 0, 0, 0, 0, 3, 0],
	[11, 11, 22, 23, 15, 7] => QQFieldElem[-4//3, 0, 0, 0, 0, 0, 0, 0],
	[11, 11, 22, 23, 24, 21] => QQFieldElem[0, 0, 0, 0, 0, 0, -2//3, 0],
	[11, 11, 22, 23, 24, 2] => QQFieldElem[0, 0, 0, 0, 0, 0, -3, 0],
	[11, 11, 22, 23, 15, 21] => QQFieldElem[-16//3, 0, 0, 0, 0, 0, 0, 0],
	[11, 11, 22, 23, 19, 8] => QQFieldElem[0, 0, 0, 0, 0, 0, 4//3, 0],
	[11, 11, 22, 23, 25, 8] => QQFieldElem[0, 0, 0, 0, 0, 0, -2//3, 0],
	[11, 11, 22, 23, 15, 2] => QQFieldElem[12, 0, 0, 0, 0, 0, 0, 0],
	[11, 11, 22, 23, 24, 8] => QQFieldElem[0, 0, 0, 0, 0, 0, -2//3, 0],
	[11, 11, 22, 23, 15, 8] => QQFieldElem[-16//3, 0, 0, 0, 0, 0, 0, 0],
	[11, 11, 22, 23, 19, 7] => QQFieldElem[0, 0, 0, 0, 0, 0, 1//3, 0],
	[11, 11, 22, 23, 25, 7] => QQFieldElem[0, 0, 0, 0, 0, 0, 1//3, 0])