Dict(
	[11, 11, 11, 12, 7, 8] => QQFieldElem[2//3, 0, 0, 0, 0, 0, 0, 0],
	[11, 11, 11, 12, 8, 8] => QQFieldElem[-1//3, 0, 0, 0, 0, 0, 0, 0],
	[11, 11, 11, 12, 2, 8] => QQFieldElem[4//3, 0, 0, 0, 0, 0, 0, 0],
	[11, 11, 11, 12, 21, 8] => QQFieldElem[-1//3, 0, 0, 0, 0, 0, 0, 0],
	[11, 11, 11, 12, 7, 7] => QQFieldElem[-1//3, 0, 0, 0, 0, 0, 0, 0],
	[11, 11, 11, 12, 8, 7] => QQFieldElem[2//3, 0, 0, 0, 0, 0, 0, 0],
	[11, 11, 11, 12, 2, 7] => QQFieldElem[4//3, 0, 0, 0, 0, 0, 0, 0],
	[11, 11, 11, 12, 21, 7] => QQFieldElem[-1//3, 0, 0, 0, 0, 0, 0, 0],
	[11, 11, 11, 12, 7, 21] => QQFieldElem[-2//3, 0, 0, 0, 0, 0, 0, 0],
	[11, 11, 11, 12, 7, 2] => QQFieldElem[1//6, 0, 0, 0, 0, 0, 0, 0],
	[11, 11, 11, 12, 8, 21] => QQFieldElem[-2//3, 0, 0, 0, 0, 0, 0, 0],
	[11, 11, 11, 12, 8, 2] => QQFieldElem[1//6, 0, 0, 0, 0, 0, 0, 0],
	[11, 11, 11, 12, 2, 21] => QQFieldElem[8//3, 0, 0, 0, 0, 0, 0, 0],
	[11, 11, 11, 12, 2, 2] => QQFieldElem[1//3, 0, 0, 0, 0, 0, 0, 0],
	[11, 11, 11, 12, 21, 21] => QQFieldElem[1//3, 0, 0, 0, 0, 0, 0, 0],
	[11, 11, 11, 12, 21, 2] => QQFieldElem[1//6, 0, 0, 0, 0, 0, 0, 0])