Dict(
	[11, 10, 11, 9, 21, 5] => QQFieldElem[-1//3, 0, 0, 0, 0, 0, 0, 0],
	[11, 10, 11, 9, 3, 5] => QQFieldElem[-4//3, 0, 0, 0, 0, 0, 0, 0],
	[11, 10, 11, 9, 5, 21] => QQFieldElem[-2//3, 0, 0, 0, 0, 0, 0, 0],
	[11, 10, 11, 9, 7, 3] => QQFieldElem[1//18, 0, 0, 0, 0, 0, 0, 0],
	[11, 10, 11, 9, 7, 7] => QQFieldElem[-1//3, 0, 0, 0, 0, 0, 0, 0],
	[11, 10, 11, 9, 5, 5] => QQFieldElem[-1//3, 0, 0, 0, 0, 0, 0, 0],
	[11, 10, 11, 9, 21, 3] => QQFieldElem[1//18, 0, 0, 0, 0, 0, 0, 0],
	[11, 10, 11, 9, 3, 3] => QQFieldElem[-1//9, 0, 0, 0, 0, 0, 0, 0],
	[11, 10, 11, 9, 21, 7] => QQFieldElem[-1//3, 0, 0, 0, 0, 0, 0, 0],
	[11, 10, 11, 9, 7, 21] => QQFieldElem[-2//3, 0, 0, 0, 0, 0, 0, 0],
	[11, 10, 11, 9, 3, 7] => QQFieldElem[-4//3, 0, 0, 0, 0, 0, 0, 0],
	[11, 10, 11, 9, 7, 5] => QQFieldElem[2//3, 0, 0, 0, 0, 0, 0, 0],
	[11, 10, 11, 9, 21, 21] => QQFieldElem[1//3, 0, 0, 0, 0, 0, 0, 0],
	[11, 10, 11, 9, 3, 21] => QQFieldElem[-8//3, 0, 0, 0, 0, 0, 0, 0],
	[11, 10, 11, 9, 5, 3] => QQFieldElem[1//18, 0, 0, 0, 0, 0, 0, 0],
	[11, 10, 11, 9, 5, 7] => QQFieldElem[2//3, 0, 0, 0, 0, 0, 0, 0])