Dict(
	[11, 11, 10, 9, 21, 21] => QQFieldElem[-1//3, 0, 0, 0, 0, 0, 0, 0],
	[11, 11, 10, 9, 21, 2] => QQFieldElem[1//18, 0, 0, 0, 0, 0, 0, 0],
	[11, 11, 10, 9, 3, 21] => QQFieldElem[8//3, 0, 0, 0, 0, 0, 0, 0],
	[11, 11, 10, 9, 3, 2] => QQFieldElem[-1//9, 0, 0, 0, 0, 0, 0, 0],
	[11, 11, 10, 9, 7, 8] => QQFieldElem[-2//3, 0, 0, 0, 0, 0, 0, 0],
	[11, 11, 10, 9, 5, 7] => QQFieldElem[-2//3, 0, 0, 0, 0, 0, 0, 0],
	[11, 11, 10, 9, 21, 8] => QQFieldElem[1//3, 0, 0, 0, 0, 0, 0, 0],
	[11, 11, 10, 9, 5, 21] => QQFieldElem[2//3, 0, 0, 0, 0, 0, 0, 0],
	[11, 11, 10, 9, 5, 2] => QQFieldElem[1//18, 0, 0, 0, 0, 0, 0, 0],
	[11, 11, 10, 9, 3, 8] => QQFieldElem[4//3, 0, 0, 0, 0, 0, 0, 0],
	[11, 11, 10, 9, 7, 7] => QQFieldElem[1//3, 0, 0, 0, 0, 0, 0, 0],
	[11, 11, 10, 9, 21, 7] => QQFieldElem[1//3, 0, 0, 0, 0, 0, 0, 0],
	[11, 11, 10, 9, 5, 8] => QQFieldElem[1//3, 0, 0, 0, 0, 0, 0, 0],
	[11, 11, 10, 9, 7, 21] => QQFieldElem[2//3, 0, 0, 0, 0, 0, 0, 0],
	[11, 11, 10, 9, 7, 2] => QQFieldElem[1//18, 0, 0, 0, 0, 0, 0, 0],
	[11, 11, 10, 9, 3, 7] => QQFieldElem[4//3, 0, 0, 0, 0, 0, 0, 0])