Dict(
	[11, 12, 11, 11, 6, 21] => QQFieldElem[-2//3, 0, 0, 0, 0, 0, 0, 0],
	[11, 12, 11, 11, 5, 5] => QQFieldElem[-1//3, 0, 0, 0, 0, 0, 0, 0],
	[11, 12, 11, 11, 1, 21] => QQFieldElem[8//3, 0, 0, 0, 0, 0, 0, 0],
	[11, 12, 11, 11, 6, 5] => QQFieldElem[2//3, 0, 0, 0, 0, 0, 0, 0],
	[11, 12, 11, 11, 5, 1] => QQFieldElem[1//6, 0, 0, 0, 0, 0, 0, 0],
	[11, 12, 11, 11, 5, 6] => QQFieldElem[2//3, 0, 0, 0, 0, 0, 0, 0],
	[11, 12, 11, 11, 1, 5] => QQFieldElem[4//3, 0, 0, 0, 0, 0, 0, 0],
	[11, 12, 11, 11, 6, 1] => QQFieldElem[1//6, 0, 0, 0, 0, 0, 0, 0],
	[11, 12, 11, 11, 21, 21] => QQFieldElem[1//3, 0, 0, 0, 0, 0, 0, 0],
	[11, 12, 11, 11, 6, 6] => QQFieldElem[-1//3, 0, 0, 0, 0, 0, 0, 0],
	[11, 12, 11, 11, 1, 1] => QQFieldElem[1//3, 0, 0, 0, 0, 0, 0, 0],
	[11, 12, 11, 11, 21, 5] => QQFieldElem[-1//3, 0, 0, 0, 0, 0, 0, 0],
	[11, 12, 11, 11, 1, 6] => QQFieldElem[4//3, 0, 0, 0, 0, 0, 0, 0],
	[11, 12, 11, 11, 5, 21] => QQFieldElem[-2//3, 0, 0, 0, 0, 0, 0, 0],
	[11, 12, 11, 11, 21, 1] => QQFieldElem[1//6, 0, 0, 0, 0, 0, 0, 0],
	[11, 12, 11, 11, 21, 6] => QQFieldElem[-1//3, 0, 0, 0, 0, 0, 0, 0])