Dict(
	[11, 24, 24, 9, 5, 13] => QQFieldElem[-1//72, 0, 0, 0, 0, 0, 0, 0],
	[11, 24, 24, 9, 21, 23] => QQFieldElem[0, 0, 0, 0, 0, 0, 1//4, 0],
	[11, 24, 24, 9, 5, 18] => QQFieldElem[0, 0, 0, 0, 0, 0, 1//2, 0],
	[11, 24, 24, 9, 3, 23] => QQFieldElem[0, 0, 0, 0, 0, 0, -1//3, 0],
	[11, 24, 24, 9, 21, 22] => QQFieldElem[0, 0, 0, 0, 0, 0, -1//4, 0],
	[11, 24, 24, 9, 3, 22] => QQFieldElem[0, 0, 0, 0, 0, 0, 1//3, 0],
	[11, 24, 24, 9, 7, 13] => QQFieldElem[-1//144, 0, 0, 0, 0, 0, 0, 0],
	[11, 24, 24, 9, 7, 18] => QQFieldElem[0, 0, 0, 0, 0, 0, 1//4, 0],
	[11, 24, 24, 9, 5, 23] => QQFieldElem[0, 0, 0, 0, 0, 0, 1, 0],
	[11, 24, 24, 9, 5, 22] => QQFieldElem[0, 0, 0, 0, 0, 0, 1, 0],
	[11, 24, 24, 9, 21, 13] => QQFieldElem[-1//144, 0, 0, 0, 0, 0, 0, 0],
	[11, 24, 24, 9, 3, 13] => QQFieldElem[-1//216, 0, 0, 0, 0, 0, 0, 0],
	[11, 24, 24, 9, 21, 18] => QQFieldElem[0, 0, 0, 0, 0, 0, -1//4, 0],
	[11, 24, 24, 9, 3, 18] => QQFieldElem[0, 0, 0, 0, 0, 0, -1//6, 0],
	[11, 24, 24, 9, 7, 23] => QQFieldElem[0, 0, 0, 0, 0, 0, -1//4, 0],
	[11, 24, 24, 9, 7, 22] => QQFieldElem[0, 0, 0, 0, 0, 0, -1//4, 0])