Dict(
	[11, 23, 21, 25, 13, 25] => QQFieldElem[1//6, 0, 0, 0, -1//6, 0, 0, 0],
	[11, 23, 21, 25, 22, 16] => QQFieldElem[0, 0, 0, 0, -9//2, 0, 0, 0],
	[11, 23, 21, 25, 22, 20] => QQFieldElem[0, 0, 0, 0, -1//4, 0, 0, 0],
	[11, 23, 21, 25, 23, 16] => QQFieldElem[0, 0, 0, 0, 9//2, 0, 0, 0],
	[11, 23, 21, 25, 23, 20] => QQFieldElem[0, 0, 0, 0, 1//4, 0, 0, 0],
	[11, 23, 21, 25, 22, 24] => QQFieldElem[-1//2, 0, 0, 0, 0, 0, 0, 0],
	[11, 23, 21, 25, 23, 24] => QQFieldElem[-1//2, 0, 0, 0, 0, 0, 0, 0],
	[11, 23, 21, 25, 18, 16] => QQFieldElem[9, 0, 0, 0, 0, 0, 0, 0],
	[11, 23, 21, 25, 18, 20] => QQFieldElem[-1//2, 0, 0, 0, 0, 0, 0, 0],
	[11, 23, 21, 25, 18, 24] => QQFieldElem[1, 0, 0, 0, -1, 0, 0, 0],
	[11, 23, 21, 25, 13, 16] => QQFieldElem[3//2, 0, 0, 0, 0, 0, 0, 0],
	[11, 23, 21, 25, 13, 20] => QQFieldElem[-1//12, 0, 0, 0, 0, 0, 0, 0],
	[11, 23, 21, 25, 22, 25] => QQFieldElem[-1//2, 0, 0, 0, 0, 0, 0, 0],
	[11, 23, 21, 25, 13, 24] => QQFieldElem[-1//6, 0, 0, 0, 1//6, 0, 0, 0],
	[11, 23, 21, 25, 23, 25] => QQFieldElem[-1//2, 0, 0, 0, 0, 0, 0, 0],
	[11, 23, 21, 25, 18, 25] => QQFieldElem[-1, 0, 0, 0, 1, 0, 0, 0])