Dict(
	[11, 24, 25, 12, 7, 13] => QQFieldElem[-1//36, 0, 0, 0, 1//18, 0, 0, 0],
	[11, 24, 25, 12, 7, 18] => QQFieldElem[0, 0, 0, 0, 0, 0, 1//3, 0],
	[11, 24, 25, 12, 8, 13] => QQFieldElem[-1//72, 0, 0, 0, -1//18, 0, 0, 0],
	[11, 24, 25, 12, 8, 18] => QQFieldElem[0, 0, 1//6, 0, 0, 0, 1//12, 0],
	[11, 24, 25, 12, 2, 13] => QQFieldElem[1//36, 0, 0, 0, -1//18, 0, 0, 0],
	[11, 24, 25, 12, 21, 13] => QQFieldElem[1//24, 0, 0, 0, 0, 0, 0, 0],
	[11, 24, 25, 12, 2, 18] => QQFieldElem[0, 0, 0, 0, 0, 0, -1//3, 0],
	[11, 24, 25, 12, 21, 18] => QQFieldElem[0, 0, -1//6, 0, 0, 0, 1//12, 0],
	[11, 24, 25, 12, 7, 23] => QQFieldElem[0, 0, -2//3, 0, 0, 0, 1//3, 0],
	[11, 24, 25, 12, 7, 22] => QQFieldElem[0, 0, 1//3, 0, 0, 0, -1//6, 0],
	[11, 24, 25, 12, 8, 23] => QQFieldElem[0, 0, -1//3, 0, 0, 0, 5//12, 0],
	[11, 24, 25, 12, 8, 22] => QQFieldElem[0, 0, -1//3, 0, 0, 0, 5//12, 0],
	[11, 24, 25, 12, 2, 23] => QQFieldElem[0, 0, -2//3, 0, 0, 0, 1//3, 0],
	[11, 24, 25, 12, 2, 22] => QQFieldElem[0, 0, 1//3, 0, 0, 0, -1//6, 0],
	[11, 24, 25, 12, 21, 23] => QQFieldElem[0, 0, 0, 0, 0, 0, 1//4, 0],
	[11, 24, 25, 12, 21, 22] => QQFieldElem[0, 0, 0, 0, 0, 0, 1//4, 0])