Dict(
	[11, 23, 22, 9, 7, 16] => QQFieldElem[-1//144, 0, 0, 0, 0, 0, 0, 0],
	[11, 23, 22, 9, 7, 20] => QQFieldElem[0, 0, 0, 0, 0, 0, -1//4, 0],
	[11, 23, 22, 9, 7, 24] => QQFieldElem[0, 0, 0, 0, 0, 0, -1//4, 0],
	[11, 23, 22, 9, 5, 25] => QQFieldElem[0, 0, 0, 0, 0, 0, 1, 0],
	[11, 23, 22, 9, 21, 16] => QQFieldElem[-1//144, 0, 0, 0, 0, 0, 0, 0],
	[11, 23, 22, 9, 21, 20] => QQFieldElem[0, 0, 0, 0, 0, 0, -1//4, 0],
	[11, 23, 22, 9, 3, 16] => QQFieldElem[-1//216, 0, 0, 0, 0, 0, 0, 0],
	[11, 23, 22, 9, 3, 20] => QQFieldElem[0, 0, 0, 0, 0, 0, 1//3, 0],
	[11, 23, 22, 9, 21, 24] => QQFieldElem[0, 0, 0, 0, 0, 0, 1//4, 0],
	[11, 23, 22, 9, 3, 24] => QQFieldElem[0, 0, 0, 0, 0, 0, -1//6, 0],
	[11, 23, 22, 9, 7, 25] => QQFieldElem[0, 0, 0, 0, 0, 0, 1//4, 0],
	[11, 23, 22, 9, 5, 16] => QQFieldElem[-1//72, 0, 0, 0, 0, 0, 0, 0],
	[11, 23, 22, 9, 5, 20] => QQFieldElem[0, 0, 0, 0, 0, 0, 1, 0],
	[11, 23, 22, 9, 5, 24] => QQFieldElem[0, 0, 0, 0, 0, 0, 1//2, 0],
	[11, 23, 22, 9, 21, 25] => QQFieldElem[0, 0, 0, 0, 0, 0, -1//4, 0],
	[11, 23, 22, 9, 3, 25] => QQFieldElem[0, 0, 0, 0, 0, 0, -1//3, 0])