Dict(
	[12, 10, 11, 10, 5, 21] => QQFieldElem[-2//3, 0, 0, 0, 0, 0, 0, 0],
	[12, 10, 11, 10, 3, 8] => QQFieldElem[-4//3, 0, 0, 0, 0, 0, 0, 0],
	[12, 10, 11, 10, 21, 6] => QQFieldElem[-1//3, 0, 0, 0, 0, 0, 0, 0],
	[12, 10, 11, 10, 3, 6] => QQFieldElem[-4//3, 0, 0, 0, 0, 0, 0, 0],
	[12, 10, 11, 10, 7, 4] => QQFieldElem[1//18, 0, 0, 0, 0, 0, 0, 0],
	[12, 10, 11, 10, 7, 21] => QQFieldElem[-2//3, 0, 0, 0, 0, 0, 0, 0],
	[12, 10, 11, 10, 5, 8] => QQFieldElem[-1//3, 0, 0, 0, 0, 0, 0, 0],
	[12, 10, 11, 10, 5, 6] => QQFieldElem[2//3, 0, 0, 0, 0, 0, 0, 0],
	[12, 10, 11, 10, 21, 4] => QQFieldElem[1//18, 0, 0, 0, 0, 0, 0, 0],
	[12, 10, 11, 10, 21, 21] => QQFieldElem[1//3, 0, 0, 0, 0, 0, 0, 0],
	[12, 10, 11, 10, 3, 4] => QQFieldElem[-1//9, 0, 0, 0, 0, 0, 0, 0],
	[12, 10, 11, 10, 3, 21] => QQFieldElem[-8//3, 0, 0, 0, 0, 0, 0, 0],
	[12, 10, 11, 10, 7, 8] => QQFieldElem[2//3, 0, 0, 0, 0, 0, 0, 0],
	[12, 10, 11, 10, 7, 6] => QQFieldElem[-1//3, 0, 0, 0, 0, 0, 0, 0],
	[12, 10, 11, 10, 5, 4] => QQFieldElem[1//18, 0, 0, 0, 0, 0, 0, 0],
	[12, 10, 11, 10, 21, 8] => QQFieldElem[-1//3, 0, 0, 0, 0, 0, 0, 0])