Dict(
	[12, 10, 12, 9, 6, 21] => QQFieldElem[-2//3, 0, 0, 0, 0, 0, 0, 0],
	[12, 10, 12, 9, 4, 6] => QQFieldElem[-4//3, 0, 0, 0, 0, 0, 0, 0],
	[12, 10, 12, 9, 8, 4] => QQFieldElem[1//18, 0, 0, 0, 0, 0, 0, 0],
	[12, 10, 12, 9, 8, 21] => QQFieldElem[-2//3, 0, 0, 0, 0, 0, 0, 0],
	[12, 10, 12, 9, 6, 8] => QQFieldElem[2//3, 0, 0, 0, 0, 0, 0, 0],
	[12, 10, 12, 9, 21, 4] => QQFieldElem[1//18, 0, 0, 0, 0, 0, 0, 0],
	[12, 10, 12, 9, 21, 21] => QQFieldElem[1//3, 0, 0, 0, 0, 0, 0, 0],
	[12, 10, 12, 9, 6, 6] => QQFieldElem[-1//3, 0, 0, 0, 0, 0, 0, 0],
	[12, 10, 12, 9, 4, 4] => QQFieldElem[-1//9, 0, 0, 0, 0, 0, 0, 0],
	[12, 10, 12, 9, 4, 21] => QQFieldElem[-8//3, 0, 0, 0, 0, 0, 0, 0],
	[12, 10, 12, 9, 8, 8] => QQFieldElem[-1//3, 0, 0, 0, 0, 0, 0, 0],
	[12, 10, 12, 9, 8, 6] => QQFieldElem[2//3, 0, 0, 0, 0, 0, 0, 0],
	[12, 10, 12, 9, 21, 8] => QQFieldElem[-1//3, 0, 0, 0, 0, 0, 0, 0],
	[12, 10, 12, 9, 4, 8] => QQFieldElem[-4//3, 0, 0, 0, 0, 0, 0, 0],
	[12, 10, 12, 9, 21, 6] => QQFieldElem[-1//3, 0, 0, 0, 0, 0, 0, 0],
	[12, 10, 12, 9, 6, 4] => QQFieldElem[1//18, 0, 0, 0, 0, 0, 0, 0])