Dict(
	[12, 12, 25, 24, 22, 7] => QQFieldElem[0, 0, 0, 0, 0, 0, 1//3, 0],
	[12, 12, 25, 24, 13, 8] => QQFieldElem[-16//3, 0, 0, 0, 0, 0, 0, 0],
	[12, 12, 25, 24, 23, 7] => QQFieldElem[0, 0, 0, 0, 0, 0, 1//3, 0],
	[12, 12, 25, 24, 18, 7] => QQFieldElem[0, 0, 0, 0, 0, 0, 1//3, 0],
	[12, 12, 25, 24, 22, 21] => QQFieldElem[0, 0, 0, 0, 0, 0, -4//3, 0],
	[12, 12, 25, 24, 22, 2] => QQFieldElem[0, 0, 0, 0, 0, 0, 3, 0],
	[12, 12, 25, 24, 23, 21] => QQFieldElem[0, 0, 0, 0, 0, 0, 2//3, 0],
	[12, 12, 25, 24, 23, 2] => QQFieldElem[0, 0, 0, 0, 0, 0, 3, 0],
	[12, 12, 25, 24, 13, 7] => QQFieldElem[-4//3, 0, 0, 0, 0, 0, 0, 0],
	[12, 12, 25, 24, 18, 21] => QQFieldElem[0, 0, 0, 0, 0, 0, -2//3, 0],
	[12, 12, 25, 24, 18, 2] => QQFieldElem[0, 0, 0, 0, 0, 0, -3, 0],
	[12, 12, 25, 24, 22, 8] => QQFieldElem[0, 0, 0, 0, 0, 0, 4//3, 0],
	[12, 12, 25, 24, 13, 21] => QQFieldElem[-16//3, 0, 0, 0, 0, 0, 0, 0],
	[12, 12, 25, 24, 23, 8] => QQFieldElem[0, 0, 0, 0, 0, 0, -2//3, 0],
	[12, 12, 25, 24, 13, 2] => QQFieldElem[12, 0, 0, 0, 0, 0, 0, 0],
	[12, 12, 25, 24, 18, 8] => QQFieldElem[0, 0, 0, 0, 0, 0, -2//3, 0])