Dict(
	[12, 23, 22, 10, 7, 24] => QQFieldElem[0, 0, 0, 0, 0, 0, 1//4, 0],
	[12, 23, 22, 10, 5, 25] => QQFieldElem[0, 0, 0, 0, 0, 0, 1, 0],
	[12, 23, 22, 10, 7, 19] => QQFieldElem[0, 0, 0, 0, 0, 0, -1//4, 0],
	[12, 23, 22, 10, 21, 24] => QQFieldElem[0, 0, 0, 0, 0, 0, -1//4, 0],
	[12, 23, 22, 10, 3, 24] => QQFieldElem[0, 0, 0, 0, 0, 0, -1//6, 0],
	[12, 23, 22, 10, 5, 15] => QQFieldElem[-1//72, 0, 0, 0, 0, 0, 0, 0],
	[12, 23, 22, 10, 21, 19] => QQFieldElem[0, 0, 0, 0, 0, 0, -1//4, 0],
	[12, 23, 22, 10, 3, 19] => QQFieldElem[0, 0, 0, 0, 0, 0, 1//3, 0],
	[12, 23, 22, 10, 7, 25] => QQFieldElem[0, 0, 0, 0, 0, 0, -1//4, 0],
	[12, 23, 22, 10, 7, 15] => QQFieldElem[-1//144, 0, 0, 0, 0, 0, 0, 0],
	[12, 23, 22, 10, 5, 24] => QQFieldElem[0, 0, 0, 0, 0, 0, 1//2, 0],
	[12, 23, 22, 10, 21, 25] => QQFieldElem[0, 0, 0, 0, 0, 0, 1//4, 0],
	[12, 23, 22, 10, 3, 25] => QQFieldElem[0, 0, 0, 0, 0, 0, -1//3, 0],
	[12, 23, 22, 10, 5, 19] => QQFieldElem[0, 0, 0, 0, 0, 0, 1, 0],
	[12, 23, 22, 10, 21, 15] => QQFieldElem[-1//144, 0, 0, 0, 0, 0, 0, 0],
	[12, 23, 22, 10, 3, 15] => QQFieldElem[-1//216, 0, 0, 0, 0, 0, 0, 0])