Dict(
	[12, 22, 11, 22, 19, 25] => QQFieldElem[-2, 0, 0, 0, 0, 0, 0, 0],
	[12, 22, 11, 22, 25, 25] => QQFieldElem[-1//2, 0, 0, 0, 1//2, 0, 0, 0],
	[12, 22, 11, 22, 24, 25] => QQFieldElem[-1//6, 0, 0, 0, -1//6, 0, 0, 0],
	[12, 22, 11, 22, 15, 25] => QQFieldElem[1//9, 0, 0, 0, 0, 0, 0, 0],
	[12, 22, 11, 22, 19, 16] => QQFieldElem[18, 0, 0, 0, -9, 0, 0, 0],
	[12, 22, 11, 22, 25, 16] => QQFieldElem[-9//2, 0, 0, 0, 9, 0, 0, 0],
	[12, 22, 11, 22, 25, 20] => QQFieldElem[1//12, 0, 0, 0, -1//6, 0, 0, 0],
	[12, 22, 11, 22, 19, 20] => QQFieldElem[-1//3, 0, 0, 0, 1//6, 0, 0, 0],
	[12, 22, 11, 22, 19, 24] => QQFieldElem[2//3, 0, 0, 0, -4//3, 0, 0, 0],
	[12, 22, 11, 22, 25, 24] => QQFieldElem[-1//6, 0, 0, 0, -1//6, 0, 0, 0],
	[12, 22, 11, 22, 24, 16] => QQFieldElem[-9//2, 0, 0, 0, 0, 0, 0, 0],
	[12, 22, 11, 22, 24, 20] => QQFieldElem[-1//4, 0, 0, 0, 0, 0, 0, 0],
	[12, 22, 11, 22, 15, 16] => QQFieldElem[-1, 0, 0, 0, 1//2, 0, 0, 0],
	[12, 22, 11, 22, 15, 20] => QQFieldElem[-1//18, 0, 0, 0, 1//36, 0, 0, 0],
	[12, 22, 11, 22, 24, 24] => QQFieldElem[-1//2, 0, 0, 0, 1//2, 0, 0, 0],
	[12, 22, 11, 22, 15, 24] => QQFieldElem[1//9, 0, 0, 0, -2//9, 0, 0, 0])