Dict(
	[12, 24, 24, 10, 3, 17] => QQFieldElem[0, 0, 0, 0, 0, 0, -1//6, 0],
	[12, 24, 24, 10, 3, 23] => QQFieldElem[0, 0, 0, 0, 0, 0, -1//3, 0],
	[12, 24, 24, 10, 21, 22] => QQFieldElem[0, 0, 0, 0, 0, 0, -1//4, 0],
	[12, 24, 24, 10, 3, 22] => QQFieldElem[0, 0, 0, 0, 0, 0, 1//3, 0],
	[12, 24, 24, 10, 21, 14] => QQFieldElem[-1//144, 0, 0, 0, 0, 0, 0, 0],
	[12, 24, 24, 10, 3, 14] => QQFieldElem[-1//216, 0, 0, 0, 0, 0, 0, 0],
	[12, 24, 24, 10, 5, 17] => QQFieldElem[0, 0, 0, 0, 0, 0, 1//2, 0],
	[12, 24, 24, 10, 5, 23] => QQFieldElem[0, 0, 0, 0, 0, 0, 1, 0],
	[12, 24, 24, 10, 5, 22] => QQFieldElem[0, 0, 0, 0, 0, 0, 1, 0],
	[12, 24, 24, 10, 5, 14] => QQFieldElem[-1//72, 0, 0, 0, 0, 0, 0, 0],
	[12, 24, 24, 10, 7, 17] => QQFieldElem[0, 0, 0, 0, 0, 0, -1//4, 0],
	[12, 24, 24, 10, 7, 23] => QQFieldElem[0, 0, 0, 0, 0, 0, 1//4, 0],
	[12, 24, 24, 10, 7, 22] => QQFieldElem[0, 0, 0, 0, 0, 0, -1//4, 0],
	[12, 24, 24, 10, 7, 14] => QQFieldElem[-1//144, 0, 0, 0, 0, 0, 0, 0],
	[12, 24, 24, 10, 21, 17] => QQFieldElem[0, 0, 0, 0, 0, 0, 1//4, 0],
	[12, 24, 24, 10, 21, 23] => QQFieldElem[0, 0, 0, 0, 0, 0, -1//4, 0])