Dict(
	[12, 22, 22, 9, 21, 25] => QQFieldElem[0, 0, 0, 0, 0, 0, -1//4, 0],
	[12, 22, 22, 9, 6, 16] => QQFieldElem[-1//72, 0, 0, 0, 0, 0, 0, 0],
	[12, 22, 22, 9, 6, 20] => QQFieldElem[0, 0, 0, 0, 0, 0, 1//2, 0],
	[12, 22, 22, 9, 4, 25] => QQFieldElem[0, 0, 0, 0, 0, 0, -1//3, 0],
	[12, 22, 22, 9, 6, 24] => QQFieldElem[0, 0, 0, 0, 0, 0, 1, 0],
	[12, 22, 22, 9, 8, 16] => QQFieldElem[-1//144, 0, 0, 0, 0, 0, 0, 0],
	[12, 22, 22, 9, 8, 20] => QQFieldElem[0, 0, 0, 0, 0, 0, -1//4, 0],
	[12, 22, 22, 9, 8, 24] => QQFieldElem[0, 0, 0, 0, 0, 0, -1//4, 0],
	[12, 22, 22, 9, 21, 16] => QQFieldElem[-1//144, 0, 0, 0, 0, 0, 0, 0],
	[12, 22, 22, 9, 21, 20] => QQFieldElem[0, 0, 0, 0, 0, 0, 1//4, 0],
	[12, 22, 22, 9, 6, 25] => QQFieldElem[0, 0, 0, 0, 0, 0, 1, 0],
	[12, 22, 22, 9, 4, 16] => QQFieldElem[-1//216, 0, 0, 0, 0, 0, 0, 0],
	[12, 22, 22, 9, 4, 20] => QQFieldElem[0, 0, 0, 0, 0, 0, -1//6, 0],
	[12, 22, 22, 9, 21, 24] => QQFieldElem[0, 0, 0, 0, 0, 0, -1//4, 0],
	[12, 22, 22, 9, 4, 24] => QQFieldElem[0, 0, 0, 0, 0, 0, 1//3, 0],
	[12, 22, 22, 9, 8, 25] => QQFieldElem[0, 0, 0, 0, 0, 0, 1//4, 0])