Dict(
	[12, 11, 22, 22, 19, 21] => QQFieldElem[0, 0, 0, 0, 0, 0, -2//3, 0],
	[12, 11, 22, 22, 25, 21] => QQFieldElem[0, 0, 0, 0, 0, 0, 2//3, 0],
	[12, 11, 22, 22, 19, 5] => QQFieldElem[0, 0, 0, 0, 0, 0, 1//3, 0],
	[12, 11, 22, 22, 25, 5] => QQFieldElem[0, 0, 0, 0, 0, 0, 1//3, 0],
	[12, 11, 22, 22, 24, 21] => QQFieldElem[0, 0, 0, 0, 0, 0, -4//3, 0],
	[12, 11, 22, 22, 15, 21] => QQFieldElem[-16//3, 0, 0, 0, 0, 0, 0, 0],
	[12, 11, 22, 22, 19, 1] => QQFieldElem[0, 0, 0, 0, 0, 0, -3, 0],
	[12, 11, 22, 22, 25, 1] => QQFieldElem[0, 0, 0, 0, 0, 0, 3, 0],
	[12, 11, 22, 22, 24, 5] => QQFieldElem[0, 0, 0, 0, 0, 0, 1//3, 0],
	[12, 11, 22, 22, 25, 6] => QQFieldElem[0, 0, 0, 0, 0, 0, -2//3, 0],
	[12, 11, 22, 22, 19, 6] => QQFieldElem[0, 0, 0, 0, 0, 0, -2//3, 0],
	[12, 11, 22, 22, 15, 5] => QQFieldElem[-4//3, 0, 0, 0, 0, 0, 0, 0],
	[12, 11, 22, 22, 24, 1] => QQFieldElem[0, 0, 0, 0, 0, 0, 3, 0],
	[12, 11, 22, 22, 24, 6] => QQFieldElem[0, 0, 0, 0, 0, 0, 4//3, 0],
	[12, 11, 22, 22, 15, 1] => QQFieldElem[12, 0, 0, 0, 0, 0, 0, 0],
	[12, 11, 22, 22, 15, 6] => QQFieldElem[-16//3, 0, 0, 0, 0, 0, 0, 0])