Dict(
	[12, 9, 10, 12, 21, 3] => QQFieldElem[1//6, 0, 0, 0, 0, 0, 0, 0],
	[12, 9, 10, 12, 1, 21] => QQFieldElem[-8//3, 0, 0, 0, 0, 0, 0, 0],
	[12, 9, 10, 12, 6, 5] => QQFieldElem[-2//3, 0, 0, 0, 0, 0, 0, 0],
	[12, 9, 10, 12, 21, 7] => QQFieldElem[1//3, 0, 0, 0, 0, 0, 0, 0],
	[12, 9, 10, 12, 1, 5] => QQFieldElem[-4//3, 0, 0, 0, 0, 0, 0, 0],
	[12, 9, 10, 12, 21, 21] => QQFieldElem[-1//3, 0, 0, 0, 0, 0, 0, 0],
	[12, 9, 10, 12, 5, 3] => QQFieldElem[1//6, 0, 0, 0, 0, 0, 0, 0],
	[12, 9, 10, 12, 5, 7] => QQFieldElem[-2//3, 0, 0, 0, 0, 0, 0, 0],
	[12, 9, 10, 12, 6, 3] => QQFieldElem[1//6, 0, 0, 0, 0, 0, 0, 0],
	[12, 9, 10, 12, 21, 5] => QQFieldElem[1//3, 0, 0, 0, 0, 0, 0, 0],
	[12, 9, 10, 12, 6, 7] => QQFieldElem[1//3, 0, 0, 0, 0, 0, 0, 0],
	[12, 9, 10, 12, 5, 21] => QQFieldElem[2//3, 0, 0, 0, 0, 0, 0, 0],
	[12, 9, 10, 12, 1, 3] => QQFieldElem[1//3, 0, 0, 0, 0, 0, 0, 0],
	[12, 9, 10, 12, 1, 7] => QQFieldElem[-4//3, 0, 0, 0, 0, 0, 0, 0],
	[12, 9, 10, 12, 6, 21] => QQFieldElem[2//3, 0, 0, 0, 0, 0, 0, 0],
	[12, 9, 10, 12, 5, 5] => QQFieldElem[1//3, 0, 0, 0, 0, 0, 0, 0])