Dict(
	[12, 25, 12, 24, 22, 23] => QQFieldElem[0, 0, 0, 0, -1//2, 0, 0, 0],
	[12, 25, 12, 24, 13, 13] => QQFieldElem[-1//2, 0, 0, 0, -1//2, 0, 0, 0],
	[12, 25, 12, 24, 22, 22] => QQFieldElem[-1//3, 0, 0, 0, 1//6, 0, 0, 0],
	[12, 25, 12, 24, 13, 18] => QQFieldElem[-1//36, 0, 0, 0, -1//36, 0, 0, 0],
	[12, 25, 12, 24, 23, 23] => QQFieldElem[-1//3, 0, 0, 0, 1//6, 0, 0, 0],
	[12, 25, 12, 24, 23, 22] => QQFieldElem[0, 0, 0, 0, -1//2, 0, 0, 0],
	[12, 25, 12, 24, 18, 23] => QQFieldElem[-2, 0, 0, 0, 0, 0, 0, 0],
	[12, 25, 12, 24, 18, 22] => QQFieldElem[-2//3, 0, 0, 0, 4//3, 0, 0, 0],
	[12, 25, 12, 24, 13, 23] => QQFieldElem[1//9, 0, 0, 0, 0, 0, 0, 0],
	[12, 25, 12, 24, 13, 22] => QQFieldElem[-1//9, 0, 0, 0, 2//9, 0, 0, 0],
	[12, 25, 12, 24, 22, 13] => QQFieldElem[9//2, 0, 0, 0, -9, 0, 0, 0],
	[12, 25, 12, 24, 22, 18] => QQFieldElem[-1//12, 0, 0, 0, 1//6, 0, 0, 0],
	[12, 25, 12, 24, 23, 13] => QQFieldElem[-9//2, 0, 0, 0, 0, 0, 0, 0],
	[12, 25, 12, 24, 23, 18] => QQFieldElem[-1//4, 0, 0, 0, 0, 0, 0, 0],
	[12, 25, 12, 24, 18, 13] => QQFieldElem[9, 0, 0, 0, 9, 0, 0, 0],
	[12, 25, 12, 24, 18, 18] => QQFieldElem[-1//6, 0, 0, 0, -1//6, 0, 0, 0])