Dict(
	[12, 24, 24, 12, 5, 17] => QQFieldElem[0, 0, 1//3, 0, 0, 0, -1//6, 0],
	[12, 24, 24, 12, 5, 23] => QQFieldElem[0, 0, -2//3, 0, 0, 0, 1//3, 0],
	[12, 24, 24, 12, 5, 22] => QQFieldElem[0, 0, 0, 0, 0, 0, 1//3, 0],
	[12, 24, 24, 12, 6, 17] => QQFieldElem[0, 0, 0, 0, 0, 0, 1//4, 0],
	[12, 24, 24, 12, 6, 23] => QQFieldElem[0, 0, 0, 0, 0, 0, 1//4, 0],
	[12, 24, 24, 12, 6, 22] => QQFieldElem[0, 0, -1//6, 0, 0, 0, 1//12, 0],
	[12, 24, 24, 12, 5, 14] => QQFieldElem[-1//36, 0, 0, 0, 1//18, 0, 0, 0],
	[12, 24, 24, 12, 1, 17] => QQFieldElem[0, 0, 1//3, 0, 0, 0, -1//6, 0],
	[12, 24, 24, 12, 1, 23] => QQFieldElem[0, 0, -2//3, 0, 0, 0, 1//3, 0],
	[12, 24, 24, 12, 6, 14] => QQFieldElem[1//24, 0, 0, 0, 0, 0, 0, 0],
	[12, 24, 24, 12, 1, 22] => QQFieldElem[0, 0, 0, 0, 0, 0, -1//3, 0],
	[12, 24, 24, 12, 1, 14] => QQFieldElem[1//36, 0, 0, 0, -1//18, 0, 0, 0],
	[12, 24, 24, 12, 21, 17] => QQFieldElem[0, 0, -1//3, 0, 0, 0, 5//12, 0],
	[12, 24, 24, 12, 21, 23] => QQFieldElem[0, 0, -1//3, 0, 0, 0, 5//12, 0],
	[12, 24, 24, 12, 21, 22] => QQFieldElem[0, 0, 1//6, 0, 0, 0, 1//12, 0],
	[12, 24, 24, 12, 21, 14] => QQFieldElem[-1//72, 0, 0, 0, -1//18, 0, 0, 0])