Dict(
	[12, 25, 24, 9, 6, 13] => QQFieldElem[-1//72, 0, 0, 0, 0, 0, 0, 0],
	[12, 25, 24, 9, 4, 23] => QQFieldElem[0, 0, 0, 0, 0, 0, -1//3, 0],
	[12, 25, 24, 9, 4, 22] => QQFieldElem[0, 0, 0, 0, 0, 0, -1//6, 0],
	[12, 25, 24, 9, 6, 18] => QQFieldElem[0, 0, 0, 0, 0, 0, 1, 0],
	[12, 25, 24, 9, 8, 13] => QQFieldElem[-1//144, 0, 0, 0, 0, 0, 0, 0],
	[12, 25, 24, 9, 8, 18] => QQFieldElem[0, 0, 0, 0, 0, 0, -1//4, 0],
	[12, 25, 24, 9, 21, 13] => QQFieldElem[-1//144, 0, 0, 0, 0, 0, 0, 0],
	[12, 25, 24, 9, 6, 23] => QQFieldElem[0, 0, 0, 0, 0, 0, 1, 0],
	[12, 25, 24, 9, 6, 22] => QQFieldElem[0, 0, 0, 0, 0, 0, 1//2, 0],
	[12, 25, 24, 9, 21, 18] => QQFieldElem[0, 0, 0, 0, 0, 0, -1//4, 0],
	[12, 25, 24, 9, 4, 13] => QQFieldElem[-1//216, 0, 0, 0, 0, 0, 0, 0],
	[12, 25, 24, 9, 4, 18] => QQFieldElem[0, 0, 0, 0, 0, 0, 1//3, 0],
	[12, 25, 24, 9, 8, 23] => QQFieldElem[0, 0, 0, 0, 0, 0, -1//4, 0],
	[12, 25, 24, 9, 8, 22] => QQFieldElem[0, 0, 0, 0, 0, 0, 1//4, 0],
	[12, 25, 24, 9, 21, 23] => QQFieldElem[0, 0, 0, 0, 0, 0, 1//4, 0],
	[12, 25, 24, 9, 21, 22] => QQFieldElem[0, 0, 0, 0, 0, 0, -1//4, 0])