Dict(
	[12, 9, 22, 23, 24, 5] => QQFieldElem[0, 0, -2//3, 0, 0, 0, 1//3, 0],
	[12, 9, 22, 23, 20, 21] => QQFieldElem[0, 0, -4//7, 0, 0, 0, 6//7, 0],
	[12, 9, 22, 23, 16, 21] => QQFieldElem[-40//21, 0, 0, 0, 32//21, 0, 0, 0],
	[12, 9, 22, 23, 25, 3] => QQFieldElem[0, 0, -2, 0, 0, 0, 1, 0],
	[12, 9, 22, 23, 25, 7] => QQFieldElem[0, 0, 0, 0, 0, 0, 2//3, 0],
	[12, 9, 22, 23, 20, 5] => QQFieldElem[0, 0, 0, 0, 0, 0, 1, 0],
	[12, 9, 22, 23, 16, 5] => QQFieldElem[2//3, 0, 0, 0, -4//3, 0, 0, 0],
	[12, 9, 22, 23, 24, 3] => QQFieldElem[0, 0, 2, 0, 0, 0, -1, 0],
	[12, 9, 22, 23, 25, 21] => QQFieldElem[0, 0, 8//21, 0, 0, 0, 2//21, 0],
	[12, 9, 22, 23, 24, 7] => QQFieldElem[0, 0, 0, 0, 0, 0, 4//3, 0],
	[12, 9, 22, 23, 25, 5] => QQFieldElem[0, 0, 2//3, 0, 0, 0, -1//3, 0],
	[12, 9, 22, 23, 20, 3] => QQFieldElem[0, 0, 0, 0, 0, 0, 3, 0],
	[12, 9, 22, 23, 16, 3] => QQFieldElem[2, 0, 0, 0, -4, 0, 0, 0],
	[12, 9, 22, 23, 24, 21] => QQFieldElem[0, 0, 16//21, 0, 0, 0, 4//21, 0],
	[12, 9, 22, 23, 20, 7] => QQFieldElem[0, 0, 4//3, 0, 0, 0, -2//3, 0],
	[12, 9, 22, 23, 16, 7] => QQFieldElem[8//3, 0, 0, 0, 0, 0, 0, 0])