Dict(
	[12, 22, 12, 23, 16, 24] => QQFieldElem[1//9, 0, 0, 0, 0, 0, 0, 0],
	[12, 22, 12, 23, 24, 25] => QQFieldElem[-1//2, 0, 0, 0, 1//2, 0, 0, 0],
	[12, 22, 12, 23, 25, 16] => QQFieldElem[-9//2, 0, 0, 0, 9, 0, 0, 0],
	[12, 22, 12, 23, 25, 20] => QQFieldElem[1//12, 0, 0, 0, -1//6, 0, 0, 0],
	[12, 22, 12, 23, 20, 25] => QQFieldElem[2//3, 0, 0, 0, -4//3, 0, 0, 0],
	[12, 22, 12, 23, 25, 24] => QQFieldElem[-1//2, 0, 0, 0, 1//2, 0, 0, 0],
	[12, 22, 12, 23, 16, 25] => QQFieldElem[1//9, 0, 0, 0, -2//9, 0, 0, 0],
	[12, 22, 12, 23, 24, 16] => QQFieldElem[-9//2, 0, 0, 0, 0, 0, 0, 0],
	[12, 22, 12, 23, 24, 20] => QQFieldElem[-1//4, 0, 0, 0, 0, 0, 0, 0],
	[12, 22, 12, 23, 24, 24] => QQFieldElem[-1//6, 0, 0, 0, -1//6, 0, 0, 0],
	[12, 22, 12, 23, 25, 25] => QQFieldElem[-1//6, 0, 0, 0, -1//6, 0, 0, 0],
	[12, 22, 12, 23, 20, 16] => QQFieldElem[18, 0, 0, 0, -9, 0, 0, 0],
	[12, 22, 12, 23, 20, 20] => QQFieldElem[-1//3, 0, 0, 0, 1//6, 0, 0, 0],
	[12, 22, 12, 23, 16, 16] => QQFieldElem[-1, 0, 0, 0, 1//2, 0, 0, 0],
	[12, 22, 12, 23, 16, 20] => QQFieldElem[-1//18, 0, 0, 0, 1//36, 0, 0, 0],
	[12, 22, 12, 23, 20, 24] => QQFieldElem[-2, 0, 0, 0, 0, 0, 0, 0])