Dict(
	[21, 23, 25, 9, 11, 14] => QQFieldElem[0, 0, -1//2, 0, 0, 0, 1//4, 0],
	[21, 23, 25, 9, 10, 17] => QQFieldElem[0, 0, -1//2, 0, 0, 0, 1, 0],
	[21, 23, 25, 9, 10, 23] => QQFieldElem[0, 0, -1//2, 0, 0, 0, 0, 0],
	[21, 23, 25, 9, 10, 22] => QQFieldElem[0, 0, 3//14, 0, 0, 0, 3//7, 0],
	[21, 23, 25, 9, 12, 17] => QQFieldElem[0, 0, 1//2, 0, 0, 0, -1//4, 0],
	[21, 23, 25, 9, 12, 23] => QQFieldElem[0, 0, 0, 0, 0, 0, 1//4, 0],
	[21, 23, 25, 9, 12, 22] => QQFieldElem[0, 0, -3//14, 0, 0, 0, 9//28, 0],
	[21, 23, 25, 9, 10, 14] => QQFieldElem[0, 0, 1//2, 0, 0, 0, 0, 0],
	[21, 23, 25, 9, 12, 14] => QQFieldElem[0, 0, 0, 0, 0, 0, 1//4, 0],
	[21, 23, 25, 9, 9, 17] => QQFieldElem[0, 0, 1//6, 0, 0, 0, -1//3, 0],
	[21, 23, 25, 9, 9, 23] => QQFieldElem[0, 0, -1//2, 0, 0, 0, 0, 0],
	[21, 23, 25, 9, 9, 22] => QQFieldElem[0, 0, -1//14, 0, 0, 0, -1//7, 0],
	[21, 23, 25, 9, 11, 17] => QQFieldElem[0, 0, 0, 0, 0, 0, -1//4, 0],
	[21, 23, 25, 9, 11, 23] => QQFieldElem[0, 0, -1//2, 0, 0, 0, 1//4, 0],
	[21, 23, 25, 9, 11, 22] => QQFieldElem[0, 0, 1//7, 0, 0, 0, 1//28, 0],
	[21, 23, 25, 9, 9, 14] => QQFieldElem[0, 0, 1//2, 0, 0, 0, 0, 0])