Dict(
	[21, 21, 25, 24, 19, 6] => QQFieldElem[-9, 0, 0, 0, 9, 0, 0, 0],
	[21, 21, 25, 24, 25, 6] => QQFieldElem[0, 0, 0, 0, 0, 0, 1, 0],
	[21, 21, 25, 24, 20, 4] => QQFieldElem[9, 0, 0, 0, 9, 0, 0, 0],
	[21, 21, 25, 24, 20, 21] => QQFieldElem[6, 0, 0, 0, 6, 0, 0, 0],
	[21, 21, 25, 24, 16, 4] => QQFieldElem[-3, 0, 0, 0, 0, 0, 0, 0],
	[21, 21, 25, 24, 20, 2] => QQFieldElem[-9, 0, 0, 0, -9, 0, 0, 0],
	[21, 21, 25, 24, 16, 21] => QQFieldElem[-2, 0, 0, 0, 0, 0, 0, 0],
	[21, 21, 25, 24, 16, 2] => QQFieldElem[-3, 0, 0, 0, 0, 0, 0, 0],
	[21, 21, 25, 24, 24, 8] => QQFieldElem[0, 0, 0, 0, 0, 0, 0, 0],
	[21, 21, 25, 24, 15, 8] => QQFieldElem[-4, 0, 0, 0, 0, 0, 0, 0],
	[21, 21, 25, 24, 19, 7] => QQFieldElem[9, 0, 0, 0, -9, 0, 0, 0],
	[21, 21, 25, 24, 24, 6] => QQFieldElem[12, 0, 0, 0, -6, 0, 0, 0],
	[21, 21, 25, 24, 25, 7] => QQFieldElem[0, 0, 0, 0, 0, 0, 1, 0],
	[21, 21, 25, 24, 15, 6] => QQFieldElem[-2, 0, 0, 0, 0, 0, 0, 0],
	[21, 21, 25, 24, 20, 8] => QQFieldElem[-6, 0, 0, 0, -6, 0, 0, 0],
	[21, 21, 25, 24, 19, 4] => QQFieldElem[27, 0, 0, 0, -27, 0, 0, 0],
	[21, 21, 25, 24, 16, 8] => QQFieldElem[-2, 0, 0, 0, 0, 0, 0, 0],
	[21, 21, 25, 24, 19, 21] => QQFieldElem[-18, 0, 0, 0, 18, 0, 0, 0],
	[21, 21, 25, 24, 19, 2] => QQFieldElem[-27, 0, 0, 0, 27, 0, 0, 0],
	[21, 21, 25, 24, 25, 4] => QQFieldElem[0, 0, 0, 0, 0, 0, 3, 0],
	[21, 21, 25, 24, 25, 21] => QQFieldElem[0, 0, 0, 0, 0, 0, 0, 0],
	[21, 21, 25, 24, 20, 6] => QQFieldElem[-3, 0, 0, 0, -3, 0, 0, 0],
	[21, 21, 25, 24, 25, 2] => QQFieldElem[0, 0, 0, 0, 0, 0, 3, 0],
	[21, 21, 25, 24, 16, 6] => QQFieldElem[1, 0, 0, 0, 0, 0, 0, 0],
	[21, 21, 25, 24, 15, 7] => QQFieldElem[-2, 0, 0, 0, 0, 0, 0, 0],
	[21, 21, 25, 24, 24, 7] => QQFieldElem[-12, 0, 0, 0, 6, 0, 0, 0],
	[21, 21, 25, 24, 24, 4] => QQFieldElem[36, 0, 0, 0, -18, 0, 0, 0],
	[21, 21, 25, 24, 24, 21] => QQFieldElem[0, 0, 0, 0, 0, 0, 0, 0],
	[21, 21, 25, 24, 24, 2] => QQFieldElem[-36, 0, 0, 0, 18, 0, 0, 0],
	[21, 21, 25, 24, 20, 7] => QQFieldElem[3, 0, 0, 0, 3, 0, 0, 0],
	[21, 21, 25, 24, 15, 4] => QQFieldElem[6, 0, 0, 0, 0, 0, 0, 0],
	[21, 21, 25, 24, 16, 7] => QQFieldElem[1, 0, 0, 0, 0, 0, 0, 0],
	[21, 21, 25, 24, 15, 2] => QQFieldElem[6, 0, 0, 0, 0, 0, 0, 0],
	[21, 21, 25, 24, 25, 8] => QQFieldElem[0, 0, 0, 0, 0, 0, 0, 0],
	[21, 21, 25, 24, 19, 8] => QQFieldElem[18, 0, 0, 0, -18, 0, 0, 0],
	[21, 21, 25, 24, 15, 21] => QQFieldElem[-4, 0, 0, 0, 0, 0, 0, 0])