Dict(
	[21, 21, 12, 9, 10, 6] => QQFieldElem[0, 0, 6, 0, 0, 0, -12, 0],
	[21, 21, 12, 9, 12, 8] => QQFieldElem[1, 0, 0, 0, 0, 0, 0, 0],
	[21, 21, 12, 9, 11, 4] => QQFieldElem[0, 0, -6, 0, 0, 0, -6, 0],
	[21, 21, 12, 9, 11, 21] => QQFieldElem[0, 0, -6, 0, 0, 0, -6, 0],
	[21, 21, 12, 9, 12, 6] => QQFieldElem[-1, 0, 0, 0, 0, 0, 0, 0],
	[21, 21, 12, 9, 9, 8] => QQFieldElem[-2, 0, 0, 0, 0, 0, 0, 0],
	[21, 21, 12, 9, 9, 6] => QQFieldElem[-2, 0, 0, 0, 0, 0, 0, 0],
	[21, 21, 12, 9, 11, 8] => QQFieldElem[0, 0, 6, 0, 0, 0, 6, 0],
	[21, 21, 12, 9, 10, 4] => QQFieldElem[0, 0, -6, 0, 0, 0, 12, 0],
	[21, 21, 12, 9, 10, 21] => QQFieldElem[0, 0, 6, 0, 0, 0, -12, 0],
	[21, 21, 12, 9, 11, 6] => QQFieldElem[0, 0, 6, 0, 0, 0, 6, 0],
	[21, 21, 12, 9, 12, 4] => QQFieldElem[-1, 0, 0, 0, 0, 0, 0, 0],
	[21, 21, 12, 9, 12, 21] => QQFieldElem[1, 0, 0, 0, 0, 0, 0, 0],
	[21, 21, 12, 9, 10, 8] => QQFieldElem[0, 0, -6, 0, 0, 0, 12, 0],
	[21, 21, 12, 9, 9, 4] => QQFieldElem[-2, 0, 0, 0, 0, 0, 0, 0],
	[21, 21, 12, 9, 9, 21] => QQFieldElem[-2, 0, 0, 0, 0, 0, 0, 0])