Dict(
	[21, 23, 12, 24, 19, 22] => QQFieldElem[0, 0, 0, 0, 1, 0, 0, 0],
	[21, 23, 12, 24, 25, 22] => QQFieldElem[-1//2, 0, 0, 0, 0, 0, 0, 0],
	[21, 23, 12, 24, 24, 23] => QQFieldElem[-1//2, 0, 0, 0, 0, 0, 0, 0],
	[21, 23, 12, 24, 24, 22] => QQFieldElem[-1//2, 0, 0, 0, 0, 0, 0, 0],
	[21, 23, 12, 24, 15, 23] => QQFieldElem[0, 0, 0, 0, 1//6, 0, 0, 0],
	[21, 23, 12, 24, 15, 22] => QQFieldElem[0, 0, 0, 0, -1//6, 0, 0, 0],
	[21, 23, 12, 24, 19, 13] => QQFieldElem[9, 0, 0, 0, 0, 0, 0, 0],
	[21, 23, 12, 24, 25, 13] => QQFieldElem[-9//2, 0, 0, 0, 9//2, 0, 0, 0],
	[21, 23, 12, 24, 19, 18] => QQFieldElem[-1//2, 0, 0, 0, 0, 0, 0, 0],
	[21, 23, 12, 24, 25, 18] => QQFieldElem[-1//4, 0, 0, 0, 1//4, 0, 0, 0],
	[21, 23, 12, 24, 24, 13] => QQFieldElem[9//2, 0, 0, 0, -9//2, 0, 0, 0],
	[21, 23, 12, 24, 24, 18] => QQFieldElem[1//4, 0, 0, 0, -1//4, 0, 0, 0],
	[21, 23, 12, 24, 15, 13] => QQFieldElem[3//2, 0, 0, 0, 0, 0, 0, 0],
	[21, 23, 12, 24, 15, 18] => QQFieldElem[-1//12, 0, 0, 0, 0, 0, 0, 0],
	[21, 23, 12, 24, 19, 23] => QQFieldElem[0, 0, 0, 0, -1, 0, 0, 0],
	[21, 23, 12, 24, 25, 23] => QQFieldElem[-1//2, 0, 0, 0, 0, 0, 0, 0])