Dict(
	[21, 22, 12, 25, 20, 14] => QQFieldElem[9, 0, 0, 0, 0, 0, 0, 0],
	[21, 22, 12, 25, 16, 14] => QQFieldElem[3//2, 0, 0, 0, 0, 0, 0, 0],
	[21, 22, 12, 25, 25, 17] => QQFieldElem[1//4, 0, 0, 0, -1//4, 0, 0, 0],
	[21, 22, 12, 25, 25, 23] => QQFieldElem[-1//2, 0, 0, 0, 0, 0, 0, 0],
	[21, 22, 12, 25, 25, 22] => QQFieldElem[-1//2, 0, 0, 0, 0, 0, 0, 0],
	[21, 22, 12, 25, 25, 14] => QQFieldElem[9//2, 0, 0, 0, -9//2, 0, 0, 0],
	[21, 22, 12, 25, 24, 17] => QQFieldElem[-1//4, 0, 0, 0, 1//4, 0, 0, 0],
	[21, 22, 12, 25, 24, 23] => QQFieldElem[-1//2, 0, 0, 0, 0, 0, 0, 0],
	[21, 22, 12, 25, 24, 22] => QQFieldElem[-1//2, 0, 0, 0, 0, 0, 0, 0],
	[21, 22, 12, 25, 24, 14] => QQFieldElem[-9//2, 0, 0, 0, 9//2, 0, 0, 0],
	[21, 22, 12, 25, 20, 17] => QQFieldElem[-1//2, 0, 0, 0, 0, 0, 0, 0],
	[21, 22, 12, 25, 20, 23] => QQFieldElem[0, 0, 0, 0, 1, 0, 0, 0],
	[21, 22, 12, 25, 16, 17] => QQFieldElem[-1//12, 0, 0, 0, 0, 0, 0, 0],
	[21, 22, 12, 25, 20, 22] => QQFieldElem[0, 0, 0, 0, -1, 0, 0, 0],
	[21, 22, 12, 25, 16, 23] => QQFieldElem[0, 0, 0, 0, -1//6, 0, 0, 0],
	[21, 22, 12, 25, 16, 22] => QQFieldElem[0, 0, 0, 0, 1//6, 0, 0, 0])