Dict(
	[21, 10, 23, 25, 24, 9] => QQFieldElem[0, 0, -3//4, 0, 0, 0, 3//4, 0],
	[21, 10, 23, 25, 20, 12] => QQFieldElem[0, 0, 0, 0, 0, 0, -1//2, 0],
	[21, 10, 23, 25, 16, 12] => QQFieldElem[0, 0, -3//7, 0, 0, 0, 9//14, 0],
	[21, 10, 23, 25, 25, 10] => QQFieldElem[0, 0, 1//4, 0, 0, 0, 1//4, 0],
	[21, 10, 23, 25, 20, 11] => QQFieldElem[0, 0, 1, 0, 0, 0, 1//2, 0],
	[21, 10, 23, 25, 20, 9] => QQFieldElem[0, 0, -3//4, 0, 0, 0, 9//4, 0],
	[21, 10, 23, 25, 16, 11] => QQFieldElem[0, 0, 0, 0, 0, 0, 1//2, 0],
	[21, 10, 23, 25, 16, 9] => QQFieldElem[0, 0, 3//4, 0, 0, 0, -3//4, 0],
	[21, 10, 23, 25, 24, 10] => QQFieldElem[0, 0, 3//4, 0, 0, 0, -3//4, 0],
	[21, 10, 23, 25, 25, 12] => QQFieldElem[0, 0, 2//7, 0, 0, 0, 1//14, 0],
	[21, 10, 23, 25, 25, 11] => QQFieldElem[0, 0, -1, 0, 0, 0, 1//2, 0],
	[21, 10, 23, 25, 25, 9] => QQFieldElem[0, 0, 3//4, 0, 0, 0, 3//4, 0],
	[21, 10, 23, 25, 20, 10] => QQFieldElem[0, 0, -1//4, 0, 0, 0, 3//4, 0],
	[21, 10, 23, 25, 24, 12] => QQFieldElem[0, 0, -3//7, 0, 0, 0, 9//14, 0],
	[21, 10, 23, 25, 16, 10] => QQFieldElem[0, 0, -3//4, 0, 0, 0, 3//4, 0],
	[21, 10, 23, 25, 24, 11] => QQFieldElem[0, 0, 0, 0, 0, 0, 1//2, 0])