Dict(
	[21, 22, 24, 9, 12, 18] => QQFieldElem[0, 0, 0, 0, 0, 0, -1//4, 0],
	[21, 22, 24, 9, 9, 13] => QQFieldElem[0, 0, 1//2, 0, 0, 0, 0, 0],
	[21, 22, 24, 9, 10, 23] => QQFieldElem[0, 0, -1//2, 0, 0, 0, 0, 0],
	[21, 22, 24, 9, 9, 18] => QQFieldElem[0, 0, 1//6, 0, 0, 0, -1//3, 0],
	[21, 22, 24, 9, 10, 22] => QQFieldElem[0, 0, 3//14, 0, 0, 0, 3//7, 0],
	[21, 22, 24, 9, 11, 13] => QQFieldElem[0, 0, 0, 0, 0, 0, 1//4, 0],
	[21, 22, 24, 9, 12, 23] => QQFieldElem[0, 0, -1//2, 0, 0, 0, 1//4, 0],
	[21, 22, 24, 9, 12, 22] => QQFieldElem[0, 0, 1//7, 0, 0, 0, 1//28, 0],
	[21, 22, 24, 9, 11, 18] => QQFieldElem[0, 0, 1//2, 0, 0, 0, -1//4, 0],
	[21, 22, 24, 9, 9, 23] => QQFieldElem[0, 0, -1//2, 0, 0, 0, 0, 0],
	[21, 22, 24, 9, 9, 22] => QQFieldElem[0, 0, -1//14, 0, 0, 0, -1//7, 0],
	[21, 22, 24, 9, 11, 23] => QQFieldElem[0, 0, 0, 0, 0, 0, 1//4, 0],
	[21, 22, 24, 9, 10, 13] => QQFieldElem[0, 0, 1//2, 0, 0, 0, 0, 0],
	[21, 22, 24, 9, 11, 22] => QQFieldElem[0, 0, -3//14, 0, 0, 0, 9//28, 0],
	[21, 22, 24, 9, 10, 18] => QQFieldElem[0, 0, -1//2, 0, 0, 0, 1, 0],
	[21, 22, 24, 9, 12, 13] => QQFieldElem[0, 0, -1//2, 0, 0, 0, 1//4, 0])