Dict(
	[21, 23, 11, 25, 24, 22] => QQFieldElem[-1//2, 0, 0, 0, 0, 0, 0, 0],
	[21, 23, 11, 25, 25, 13] => QQFieldElem[-9//2, 0, 0, 0, 9//2, 0, 0, 0],
	[21, 23, 11, 25, 20, 23] => QQFieldElem[0, 0, 0, 0, 1, 0, 0, 0],
	[21, 23, 11, 25, 20, 22] => QQFieldElem[0, 0, 0, 0, -1, 0, 0, 0],
	[21, 23, 11, 25, 16, 23] => QQFieldElem[0, 0, 0, 0, -1//6, 0, 0, 0],
	[21, 23, 11, 25, 25, 18] => QQFieldElem[-1//4, 0, 0, 0, 1//4, 0, 0, 0],
	[21, 23, 11, 25, 16, 22] => QQFieldElem[0, 0, 0, 0, 1//6, 0, 0, 0],
	[21, 23, 11, 25, 24, 13] => QQFieldElem[9//2, 0, 0, 0, -9//2, 0, 0, 0],
	[21, 23, 11, 25, 24, 18] => QQFieldElem[1//4, 0, 0, 0, -1//4, 0, 0, 0],
	[21, 23, 11, 25, 25, 23] => QQFieldElem[-1//2, 0, 0, 0, 0, 0, 0, 0],
	[21, 23, 11, 25, 25, 22] => QQFieldElem[-1//2, 0, 0, 0, 0, 0, 0, 0],
	[21, 23, 11, 25, 20, 13] => QQFieldElem[9, 0, 0, 0, 0, 0, 0, 0],
	[21, 23, 11, 25, 16, 13] => QQFieldElem[3//2, 0, 0, 0, 0, 0, 0, 0],
	[21, 23, 11, 25, 20, 18] => QQFieldElem[-1//2, 0, 0, 0, 0, 0, 0, 0],
	[21, 23, 11, 25, 16, 18] => QQFieldElem[-1//12, 0, 0, 0, 0, 0, 0, 0],
	[21, 23, 11, 25, 24, 23] => QQFieldElem[-1//2, 0, 0, 0, 0, 0, 0, 0])