Dict(
	[21, 23, 10, 25, 25, 14] => QQFieldElem[9//2, 0, 0, 0, -3//2, 0, 0, 0],
	[21, 23, 10, 25, 24, 17] => QQFieldElem[-1//4, 0, 0, 0, -1//4, 0, 0, 0],
	[21, 23, 10, 25, 24, 23] => QQFieldElem[-1//14, 0, 0, 0, -2//7, 0, 0, 0],
	[21, 23, 10, 25, 24, 22] => QQFieldElem[1//2, 0, 0, 0, 0, 0, 0, 0],
	[21, 23, 10, 25, 24, 14] => QQFieldElem[3//2, 0, 0, 0, 3//2, 0, 0, 0],
	[21, 23, 10, 25, 20, 17] => QQFieldElem[1//2, 0, 0, 0, 0, 0, 0, 0],
	[21, 23, 10, 25, 20, 23] => QQFieldElem[-2//7, 0, 0, 0, -1//7, 0, 0, 0],
	[21, 23, 10, 25, 16, 17] => QQFieldElem[-1//4, 0, 0, 0, 0, 0, 0, 0],
	[21, 23, 10, 25, 20, 22] => QQFieldElem[-2//3, 0, 0, 0, 1//3, 0, 0, 0],
	[21, 23, 10, 25, 16, 23] => QQFieldElem[-1//7, 0, 0, 0, -1//14, 0, 0, 0],
	[21, 23, 10, 25, 16, 22] => QQFieldElem[-1//3, 0, 0, 0, 1//6, 0, 0, 0],
	[21, 23, 10, 25, 20, 14] => QQFieldElem[3, 0, 0, 0, 0, 0, 0, 0],
	[21, 23, 10, 25, 16, 14] => QQFieldElem[-3//2, 0, 0, 0, 0, 0, 0, 0],
	[21, 23, 10, 25, 25, 17] => QQFieldElem[-3//4, 0, 0, 0, 1//4, 0, 0, 0],
	[21, 23, 10, 25, 25, 23] => QQFieldElem[1//2, 0, 0, 0, 0, 0, 0, 0],
	[21, 23, 10, 25, 25, 22] => QQFieldElem[-5//6, 0, 0, 0, 2//3, 0, 0, 0])