Dict(
	[21, 25, 24, 21, 8, 15] => QQFieldElem[-1//24, 0, 0, 0, 0, 0, 0, 0],
	[21, 25, 24, 21, 4, 25] => QQFieldElem[0, 0, 0, 0, 0, 0, -1//4, 0],
	[21, 25, 24, 21, 6, 24] => QQFieldElem[-1//24, 0, 0, 0, -1//24, 0, 0, 0],
	[21, 25, 24, 21, 2, 15] => QQFieldElem[1//24, 0, 0, 0, 0, 0, 0, 0],
	[21, 25, 24, 21, 6, 19] => QQFieldElem[1//12, 0, 0, 0, -1//24, 0, 0, 0],
	[21, 25, 24, 21, 21, 15] => QQFieldElem[-1//24, 0, 0, 0, 0, 0, 0, 0],
	[21, 25, 24, 21, 7, 16] => QQFieldElem[-1//144, 0, 0, 0, 0, 0, 0, 0],
	[21, 25, 24, 21, 7, 20] => QQFieldElem[0, 0, 0, 0, -1//24, 0, 0, 0],
	[21, 25, 24, 21, 4, 15] => QQFieldElem[1//24, 0, 0, 0, 0, 0, 0, 0],
	[21, 25, 24, 21, 7, 24] => QQFieldElem[1//24, 0, 0, 0, 1//24, 0, 0, 0],
	[21, 25, 24, 21, 8, 16] => QQFieldElem[-1//144, 0, 0, 0, 0, 0, 0, 0],
	[21, 25, 24, 21, 8, 20] => QQFieldElem[0, 0, 0, 0, -1//24, 0, 0, 0],
	[21, 25, 24, 21, 2, 16] => QQFieldElem[-1//144, 0, 0, 0, 0, 0, 0, 0],
	[21, 25, 24, 21, 7, 19] => QQFieldElem[-1//12, 0, 0, 0, 1//24, 0, 0, 0],
	[21, 25, 24, 21, 8, 24] => QQFieldElem[0, 0, 0, 0, 0, 0, 0, 0],
	[21, 25, 24, 21, 21, 16] => QQFieldElem[-1//144, 0, 0, 0, 0, 0, 0, 0],
	[21, 25, 24, 21, 21, 20] => QQFieldElem[0, 0, 0, 0, 1//24, 0, 0, 0],
	[21, 25, 24, 21, 2, 20] => QQFieldElem[0, 0, 0, 0, -1//24, 0, 0, 0],
	[21, 25, 24, 21, 2, 24] => QQFieldElem[-1//24, 0, 0, 0, -1//24, 0, 0, 0],
	[21, 25, 24, 21, 6, 25] => QQFieldElem[0, 0, 0, 0, 0, 0, 1//4, 0],
	[21, 25, 24, 21, 4, 16] => QQFieldElem[-1//144, 0, 0, 0, 0, 0, 0, 0],
	[21, 25, 24, 21, 4, 20] => QQFieldElem[0, 0, 0, 0, 1//24, 0, 0, 0],
	[21, 25, 24, 21, 8, 19] => QQFieldElem[1//12, 0, 0, 0, -1//24, 0, 0, 0],
	[21, 25, 24, 21, 21, 24] => QQFieldElem[0, 0, 0, 0, 0, 0, 0, 0],
	[21, 25, 24, 21, 2, 19] => QQFieldElem[-1//12, 0, 0, 0, 1//24, 0, 0, 0],
	[21, 25, 24, 21, 21, 19] => QQFieldElem[-1//12, 0, 0, 0, 1//24, 0, 0, 0],
	[21, 25, 24, 21, 4, 24] => QQFieldElem[1//24, 0, 0, 0, 1//24, 0, 0, 0],
	[21, 25, 24, 21, 7, 25] => QQFieldElem[0, 0, 0, 0, 0, 0, 1//4, 0],
	[21, 25, 24, 21, 6, 15] => QQFieldElem[1//24, 0, 0, 0, 0, 0, 0, 0],
	[21, 25, 24, 21, 4, 19] => QQFieldElem[1//12, 0, 0, 0, -1//24, 0, 0, 0],
	[21, 25, 24, 21, 8, 25] => QQFieldElem[0, 0, 0, 0, 0, 0, 0, 0],
	[21, 25, 24, 21, 2, 25] => QQFieldElem[0, 0, 0, 0, 0, 0, -1//4, 0],
	[21, 25, 24, 21, 7, 15] => QQFieldElem[1//24, 0, 0, 0, 0, 0, 0, 0],
	[21, 25, 24, 21, 21, 25] => QQFieldElem[0, 0, 0, 0, 0, 0, 0, 0],
	[21, 25, 24, 21, 6, 16] => QQFieldElem[-1//144, 0, 0, 0, 0, 0, 0, 0],
	[21, 25, 24, 21, 6, 20] => QQFieldElem[0, 0, 0, 0, 1//24, 0, 0, 0])