Dict(
	[21, 21, 21, 21, 6, 2] => QQFieldElem[27, 0, 0, 0, 0, 0, 0, 0],
	[21, 21, 21, 21, 3, 3] => QQFieldElem[-1//12, 0, 0, 0, 0, 0, 0, 0],
	[21, 21, 21, 21, 1, 21] => QQFieldElem[1//2, 0, 0, 0, 0, 0, 0, 0],
	[21, 21, 21, 21, 4, 3] => QQFieldElem[-1//12, 0, 0, 0, 0, 0, 0, 0],
	[21, 21, 21, 21, 7, 2] => QQFieldElem[27, 0, 0, 0, 0, 0, 0, 0],
	[21, 21, 21, 21, 21, 7] => QQFieldElem[0, 0, 0, 0, 0, 0, 0, 0],
	[21, 21, 21, 21, 8, 21] => QQFieldElem[0, 0, 0, 0, 0, 0, 0, 0],
	[21, 21, 21, 21, 2, 21] => QQFieldElem[1//2, 0, 0, 0, 0, 0, 0, 0],
	[21, 21, 21, 21, 21, 2] => QQFieldElem[1//2, 0, 0, 0, 0, 0, 0, 0],
	[21, 21, 21, 21, 1, 8] => QQFieldElem[0, 0, 0, 0, -1//72, 0, 0, 0],
	[21, 21, 21, 21, 5, 7] => QQFieldElem[-3//2, 0, 0, 0, 3//2, 0, 0, 0],
	[21, 21, 21, 21, 1, 1] => QQFieldElem[1//4, 0, 0, 0, 0, 0, 0, 0],
	[21, 21, 21, 21, 3, 5] => QQFieldElem[0, 0, 0, 0, -1//72, 0, 0, 0],
	[21, 21, 21, 21, 8, 8] => QQFieldElem[0, 0, 0, 0, 0, 0, 0, 0],
	[21, 21, 21, 21, 8, 1] => QQFieldElem[-27, 0, 0, 0, 0, 0, 0, 0],
	[21, 21, 21, 21, 4, 5] => QQFieldElem[0, 0, 0, 0, 1//72, 0, 0, 0],
	[21, 21, 21, 21, 2, 8] => QQFieldElem[0, 0, 0, 0, 1//72, 0, 0, 0],
	[21, 21, 21, 21, 2, 1] => QQFieldElem[1//4, 0, 0, 0, 0, 0, 0, 0],
	[21, 21, 21, 21, 1, 3] => QQFieldElem[-1//12, 0, 0, 0, 0, 0, 0, 0],
	[21, 21, 21, 21, 5, 2] => QQFieldElem[27, 0, 0, 0, 0, 0, 0, 0],
	[21, 21, 21, 21, 3, 6] => QQFieldElem[1//72, 0, 0, 0, -1//72, 0, 0, 0],
	[21, 21, 21, 21, 8, 3] => QQFieldElem[-9, 0, 0, 0, 0, 0, 0, 0],
	[21, 21, 21, 21, 6, 21] => QQFieldElem[0, 0, 0, 0, 0, 0, 0, 0],
	[21, 21, 21, 21, 4, 6] => QQFieldElem[-1//72, 0, 0, 0, 1//72, 0, 0, 0],
	[21, 21, 21, 21, 2, 3] => QQFieldElem[-1//12, 0, 0, 0, 0, 0, 0, 0],
	[21, 21, 21, 21, 7, 21] => QQFieldElem[0, 0, 0, 0, 0, 0, 0, 0],
	[21, 21, 21, 21, 6, 8] => QQFieldElem[0, 0, 0, 0, -3//2, 0, 0, 0],
	[21, 21, 21, 21, 1, 5] => QQFieldElem[0, 0, 0, 0, 1//72, 0, 0, 0],
	[21, 21, 21, 21, 6, 1] => QQFieldElem[-27, 0, 0, 0, 0, 0, 0, 0],
	[21, 21, 21, 21, 21, 21] => QQFieldElem[0, 0, 0, 0, 0, 0, 0, 0],
	[21, 21, 21, 21, 3, 4] => QQFieldElem[-1//12, 0, 0, 0, 0, 0, 0, 0],
	[21, 21, 21, 21, 4, 4] => QQFieldElem[-1//12, 0, 0, 0, 0, 0, 0, 0],
	[21, 21, 21, 21, 8, 5] => QQFieldElem[0, 0, 0, 0, 0, 0, 0, 0],
	[21, 21, 21, 21, 7, 8] => QQFieldElem[0, 0, 0, 0, 3//2, 0, 0, 0],
	[21, 21, 21, 21, 2, 5] => QQFieldElem[0, 0, 0, 0, -1//72, 0, 0, 0],
	[21, 21, 21, 21, 7, 1] => QQFieldElem[-27, 0, 0, 0, 0, 0, 0, 0],
	[21, 21, 21, 21, 6, 3] => QQFieldElem[9, 0, 0, 0, 0, 0, 0, 0],
	[21, 21, 21, 21, 1, 6] => QQFieldElem[1//72, 0, 0, 0, -1//72, 0, 0, 0],
	[21, 21, 21, 21, 8, 6] => QQFieldElem[3//2, 0, 0, 0, -3//2, 0, 0, 0],
	[21, 21, 21, 21, 21, 8] => QQFieldElem[0, 0, 0, 0, 0, 0, 0, 0],
	[21, 21, 21, 21, 5, 21] => QQFieldElem[0, 0, 0, 0, 0, 0, 0, 0],
	[21, 21, 21, 21, 7, 3] => QQFieldElem[9, 0, 0, 0, 0, 0, 0, 0],
	[21, 21, 21, 21, 21, 1] => QQFieldElem[1//2, 0, 0, 0, 0, 0, 0, 0],
	[21, 21, 21, 21, 2, 6] => QQFieldElem[-1//72, 0, 0, 0, 1//72, 0, 0, 0],
	[21, 21, 21, 21, 21, 3] => QQFieldElem[1//6, 0, 0, 0, 0, 0, 0, 0],
	[21, 21, 21, 21, 1, 4] => QQFieldElem[-1//12, 0, 0, 0, 0, 0, 0, 0],
	[21, 21, 21, 21, 6, 5] => QQFieldElem[0, 0, 0, 0, -3//2, 0, 0, 0],
	[21, 21, 21, 21, 5, 8] => QQFieldElem[0, 0, 0, 0, 0, 0, 0, 0],
	[21, 21, 21, 21, 3, 7] => QQFieldElem[-1//72, 0, 0, 0, 1//72, 0, 0, 0],
	[21, 21, 21, 21, 5, 1] => QQFieldElem[-27, 0, 0, 0, 0, 0, 0, 0],
	[21, 21, 21, 21, 4, 7] => QQFieldElem[1//72, 0, 0, 0, -1//72, 0, 0, 0],
	[21, 21, 21, 21, 8, 4] => QQFieldElem[9, 0, 0, 0, 0, 0, 0, 0],
	[21, 21, 21, 21, 2, 4] => QQFieldElem[-1//12, 0, 0, 0, 0, 0, 0, 0],
	[21, 21, 21, 21, 7, 5] => QQFieldElem[0, 0, 0, 0, 3//2, 0, 0, 0],
	[21, 21, 21, 21, 6, 6] => QQFieldElem[0, 0, 0, 0, 0, 0, 0, 0],
	[21, 21, 21, 21, 5, 3] => QQFieldElem[-9, 0, 0, 0, 0, 0, 0, 0],
	[21, 21, 21, 21, 3, 2] => QQFieldElem[1//4, 0, 0, 0, 0, 0, 0, 0],
	[21, 21, 21, 21, 4, 2] => QQFieldElem[1//4, 0, 0, 0, 0, 0, 0, 0],
	[21, 21, 21, 21, 21, 5] => QQFieldElem[0, 0, 0, 0, 0, 0, 0, 0],
	[21, 21, 21, 21, 7, 6] => QQFieldElem[0, 0, 0, 0, 0, 0, 0, 0],
	[21, 21, 21, 21, 21, 6] => QQFieldElem[0, 0, 0, 0, 0, 0, 0, 0],
	[21, 21, 21, 21, 1, 7] => QQFieldElem[-1//72, 0, 0, 0, 1//72, 0, 0, 0],
	[21, 21, 21, 21, 6, 4] => QQFieldElem[-9, 0, 0, 0, 0, 0, 0, 0],
	[21, 21, 21, 21, 5, 5] => QQFieldElem[0, 0, 0, 0, 0, 0, 0, 0],
	[21, 21, 21, 21, 8, 7] => QQFieldElem[3//2, 0, 0, 0, -3//2, 0, 0, 0],
	[21, 21, 21, 21, 2, 7] => QQFieldElem[1//72, 0, 0, 0, -1//72, 0, 0, 0],
	[21, 21, 21, 21, 7, 4] => QQFieldElem[-9, 0, 0, 0, 0, 0, 0, 0],
	[21, 21, 21, 21, 1, 2] => QQFieldElem[1//4, 0, 0, 0, 0, 0, 0, 0],
	[21, 21, 21, 21, 5, 6] => QQFieldElem[-3//2, 0, 0, 0, 3//2, 0, 0, 0],
	[21, 21, 21, 21, 8, 2] => QQFieldElem[27, 0, 0, 0, 0, 0, 0, 0],
	[21, 21, 21, 21, 2, 2] => QQFieldElem[1//4, 0, 0, 0, 0, 0, 0, 0],
	[21, 21, 21, 21, 21, 4] => QQFieldElem[1//6, 0, 0, 0, 0, 0, 0, 0],
	[21, 21, 21, 21, 3, 21] => QQFieldElem[-1//2, 0, 0, 0, 0, 0, 0, 0],
	[21, 21, 21, 21, 4, 21] => QQFieldElem[-1//2, 0, 0, 0, 0, 0, 0, 0],
	[21, 21, 21, 21, 6, 7] => QQFieldElem[0, 0, 0, 0, 0, 0, 0, 0],
	[21, 21, 21, 21, 5, 4] => QQFieldElem[9, 0, 0, 0, 0, 0, 0, 0],
	[21, 21, 21, 21, 3, 8] => QQFieldElem[0, 0, 0, 0, 1//72, 0, 0, 0],
	[21, 21, 21, 21, 3, 1] => QQFieldElem[1//4, 0, 0, 0, 0, 0, 0, 0],
	[21, 21, 21, 21, 4, 8] => QQFieldElem[0, 0, 0, 0, -1//72, 0, 0, 0],
	[21, 21, 21, 21, 7, 7] => QQFieldElem[0, 0, 0, 0, 0, 0, 0, 0],
	[21, 21, 21, 21, 4, 1] => QQFieldElem[1//4, 0, 0, 0, 0, 0, 0, 0])