Dict(
	[21, 21, 12, 11, 12, 7] => QQFieldElem[1, 0, 0, 0, 0, 0, 0, 0],
	[21, 21, 12, 11, 11, 8] => QQFieldElem[0, 0, 6, 0, 0, 0, 6, 0],
	[21, 21, 12, 11, 10, 21] => QQFieldElem[0, 0, 6, 0, 0, 0, -12, 0],
	[21, 21, 12, 11, 10, 2] => QQFieldElem[0, 0, -6, 0, 0, 0, 12, 0],
	[21, 21, 12, 11, 12, 21] => QQFieldElem[-1, 0, 0, 0, 0, 0, 0, 0],
	[21, 21, 12, 11, 12, 2] => QQFieldElem[1, 0, 0, 0, 0, 0, 0, 0],
	[21, 21, 12, 11, 9, 7] => QQFieldElem[2, 0, 0, 0, 0, 0, 0, 0],
	[21, 21, 12, 11, 11, 7] => QQFieldElem[0, 0, 6, 0, 0, 0, 6, 0],
	[21, 21, 12, 11, 10, 8] => QQFieldElem[0, 0, -6, 0, 0, 0, 12, 0],
	[21, 21, 12, 11, 9, 21] => QQFieldElem[2, 0, 0, 0, 0, 0, 0, 0],
	[21, 21, 12, 11, 9, 2] => QQFieldElem[2, 0, 0, 0, 0, 0, 0, 0],
	[21, 21, 12, 11, 12, 8] => QQFieldElem[-1, 0, 0, 0, 0, 0, 0, 0],
	[21, 21, 12, 11, 11, 21] => QQFieldElem[0, 0, -6, 0, 0, 0, -6, 0],
	[21, 21, 12, 11, 11, 2] => QQFieldElem[0, 0, -6, 0, 0, 0, -6, 0],
	[21, 21, 12, 11, 10, 7] => QQFieldElem[0, 0, 6, 0, 0, 0, -12, 0],
	[21, 21, 12, 11, 9, 8] => QQFieldElem[2, 0, 0, 0, 0, 0, 0, 0])