Dict(
	[22, 21, 25, 10, 15, 18] => QQFieldElem[0, 0, 0, 0, 0, 0, 1//3, 0],
	[22, 21, 25, 10, 19, 23] => QQFieldElem[0, 0, 4, 0, 0, 0, 0, 0],
	[22, 21, 25, 10, 25, 23] => QQFieldElem[0, 0, 0, 0, 0, 0, 2, 0],
	[22, 21, 25, 10, 19, 22] => QQFieldElem[0, 0, -4, 0, 0, 0, 0, 0],
	[22, 21, 25, 10, 25, 22] => QQFieldElem[0, 0, 0, 0, 0, 0, 2, 0],
	[22, 21, 25, 10, 24, 23] => QQFieldElem[0, 0, 0, 0, 0, 0, 2, 0],
	[22, 21, 25, 10, 24, 22] => QQFieldElem[0, 0, 0, 0, 0, 0, 2, 0],
	[22, 21, 25, 10, 15, 23] => QQFieldElem[0, 0, -2//3, 0, 0, 0, 0, 0],
	[22, 21, 25, 10, 15, 22] => QQFieldElem[0, 0, 2//3, 0, 0, 0, 0, 0],
	[22, 21, 25, 10, 19, 13] => QQFieldElem[0, 0, -4, 0, 0, 0, 2, 0],
	[22, 21, 25, 10, 25, 13] => QQFieldElem[0, 0, 1, 0, 0, 0, 1, 0],
	[22, 21, 25, 10, 19, 18] => QQFieldElem[0, 0, 0, 0, 0, 0, 2, 0],
	[22, 21, 25, 10, 25, 18] => QQFieldElem[0, 0, -1, 0, 0, 0, 1, 0],
	[22, 21, 25, 10, 24, 13] => QQFieldElem[0, 0, -1, 0, 0, 0, -1, 0],
	[22, 21, 25, 10, 15, 13] => QQFieldElem[0, 0, -2//3, 0, 0, 0, 1//3, 0],
	[22, 21, 25, 10, 24, 18] => QQFieldElem[0, 0, 1, 0, 0, 0, -1, 0])