Dict(
	[22, 21, 21, 22, 6, 18] => QQFieldElem[0, 0, 1//18, 0, 0, 0, 1//18, 0],
	[22, 21, 21, 22, 21, 14] => QQFieldElem[2, 0, 0, 0, 0, 0, 0, 0],
	[22, 21, 21, 22, 1, 13] => QQFieldElem[1//12, 0, 0, 0, 0, 0, 0, 0],
	[22, 21, 21, 22, 4, 14] => QQFieldElem[-1//6, 0, 0, 0, 0, 0, 0, 0],
	[22, 21, 21, 22, 1, 18] => QQFieldElem[0, 0, 1//216, 0, 0, 0, 1//216, 0],
	[22, 21, 21, 22, 5, 17] => QQFieldElem[0, 0, -1//18, 0, 0, 0, 1//9, 0],
	[22, 21, 21, 22, 5, 23] => QQFieldElem[-1, 0, 0, 0, 0, 0, 0, 0],
	[22, 21, 21, 22, 5, 22] => QQFieldElem[0, 0, 1//18, 0, 0, 0, 0, 0],
	[22, 21, 21, 22, 8, 13] => QQFieldElem[1, 0, 0, 0, 0, 0, 0, 0],
	[22, 21, 21, 22, 8, 18] => QQFieldElem[0, 0, 0, 0, 0, 0, 0, 0],
	[22, 21, 21, 22, 6, 17] => QQFieldElem[0, 0, 1//18, 0, 0, 0, -1//9, 0],
	[22, 21, 21, 22, 6, 23] => QQFieldElem[-1, 0, 0, 0, 0, 0, 0, 0],
	[22, 21, 21, 22, 21, 13] => QQFieldElem[1, 0, 0, 0, 0, 0, 0, 0],
	[22, 21, 21, 22, 6, 22] => QQFieldElem[0, 0, -1//18, 0, 0, 0, 0, 0],
	[22, 21, 21, 22, 5, 14] => QQFieldElem[-2, 0, 0, 0, 0, 0, 0, 0],
	[22, 21, 21, 22, 21, 18] => QQFieldElem[0, 0, 0, 0, 0, 0, 0, 0],
	[22, 21, 21, 22, 4, 13] => QQFieldElem[1//12, 0, 0, 0, 0, 0, 0, 0],
	[22, 21, 21, 22, 1, 17] => QQFieldElem[0, 0, -1//216, 0, 0, 0, 1//108, 0],
	[22, 21, 21, 22, 4, 18] => QQFieldElem[0, 0, -1//216, 0, 0, 0, -1//216, 0],
	[22, 21, 21, 22, 1, 23] => QQFieldElem[1//12, 0, 0, 0, 0, 0, 0, 0],
	[22, 21, 21, 22, 6, 14] => QQFieldElem[-2, 0, 0, 0, 0, 0, 0, 0],
	[22, 21, 21, 22, 1, 22] => QQFieldElem[0, 0, 1//216, 0, 0, 0, 0, 0],
	[22, 21, 21, 22, 8, 17] => QQFieldElem[0, 0, 1//18, 0, 0, 0, -1//9, 0],
	[22, 21, 21, 22, 8, 23] => QQFieldElem[0, 0, 0, 0, 0, 0, 0, 0],
	[22, 21, 21, 22, 8, 22] => QQFieldElem[0, 0, 1//18, 0, 0, 0, 0, 0],
	[22, 21, 21, 22, 5, 13] => QQFieldElem[1, 0, 0, 0, 0, 0, 0, 0],
	[22, 21, 21, 22, 1, 14] => QQFieldElem[-1//6, 0, 0, 0, 0, 0, 0, 0],
	[22, 21, 21, 22, 21, 17] => QQFieldElem[0, 0, -1//18, 0, 0, 0, 1//9, 0],
	[22, 21, 21, 22, 21, 23] => QQFieldElem[0, 0, 0, 0, 0, 0, 0, 0],
	[22, 21, 21, 22, 5, 18] => QQFieldElem[0, 0, -1//18, 0, 0, 0, -1//18, 0],
	[22, 21, 21, 22, 21, 22] => QQFieldElem[0, 0, -1//18, 0, 0, 0, 0, 0],
	[22, 21, 21, 22, 4, 17] => QQFieldElem[0, 0, 1//216, 0, 0, 0, -1//108, 0],
	[22, 21, 21, 22, 8, 14] => QQFieldElem[2, 0, 0, 0, 0, 0, 0, 0],
	[22, 21, 21, 22, 4, 23] => QQFieldElem[1//12, 0, 0, 0, 0, 0, 0, 0],
	[22, 21, 21, 22, 6, 13] => QQFieldElem[1, 0, 0, 0, 0, 0, 0, 0],
	[22, 21, 21, 22, 4, 22] => QQFieldElem[0, 0, -1//216, 0, 0, 0, 0, 0])