Dict(
	[22, 22, 12, 9, 16, 6] => QQFieldElem[0, 0, 0, 0, 0, 0, -1, 0],
	[22, 22, 12, 9, 24, 4] => QQFieldElem[-1//2, 0, 0, 0, 1, 0, 0, 0],
	[22, 22, 12, 9, 24, 21] => QQFieldElem[-1//6, 0, 0, 0, 0, 0, 0, 0],
	[22, 22, 12, 9, 25, 8] => QQFieldElem[1//6, 0, 0, 0, 0, 0, 0, 0],
	[22, 22, 12, 9, 25, 6] => QQFieldElem[1//12, 0, 0, 0, 0, 0, 0, 0],
	[22, 22, 12, 9, 20, 4] => QQFieldElem[1//2, 0, 0, 0, -1, 0, 0, 0],
	[22, 22, 12, 9, 20, 21] => QQFieldElem[1//3, 0, 0, 0, 0, 0, 0, 0],
	[22, 22, 12, 9, 16, 4] => QQFieldElem[0, 0, 12, 0, 0, 0, -6, 0],
	[22, 22, 12, 9, 16, 21] => QQFieldElem[0, 0, 0, 0, 0, 0, -4, 0],
	[22, 22, 12, 9, 24, 8] => QQFieldElem[-1//6, 0, 0, 0, 0, 0, 0, 0],
	[22, 22, 12, 9, 24, 6] => QQFieldElem[1//12, 0, 0, 0, 0, 0, 0, 0],
	[22, 22, 12, 9, 20, 8] => QQFieldElem[-1//3, 0, 0, 0, 0, 0, 0, 0],
	[22, 22, 12, 9, 16, 8] => QQFieldElem[0, 0, 0, 0, 0, 0, -4, 0],
	[22, 22, 12, 9, 25, 4] => QQFieldElem[1//2, 0, 0, 0, -1, 0, 0, 0],
	[22, 22, 12, 9, 25, 21] => QQFieldElem[-1//6, 0, 0, 0, 0, 0, 0, 0],
	[22, 22, 12, 9, 20, 6] => QQFieldElem[1//12, 0, 0, 0, 0, 0, 0, 0])