Dict(
	[22, 25, 12, 21, 13, 11] => QQFieldElem[-1//8, 0, 0, 0, 1//4, 0, 0, 0],
	[22, 25, 12, 21, 13, 9] => QQFieldElem[0, 0, 0, 0, -3//8, 0, 0, 0],
	[22, 25, 12, 21, 22, 10] => QQFieldElem[0, 0, 0, 0, -1//16, 0, 0, 0],
	[22, 25, 12, 21, 23, 10] => QQFieldElem[1//8, 0, 0, 0, 1//16, 0, 0, 0],
	[22, 25, 12, 21, 18, 10] => QQFieldElem[0, 0, 0, 0, 1//16, 0, 0, 0],
	[22, 25, 12, 21, 22, 12] => QQFieldElem[1//8, 0, 0, 0, -1//4, 0, 0, 0],
	[22, 25, 12, 21, 23, 12] => QQFieldElem[1//24, 0, 0, 0, 1//6, 0, 0, 0],
	[22, 25, 12, 21, 13, 10] => QQFieldElem[1//8, 0, 0, 0, -1//16, 0, 0, 0],
	[22, 25, 12, 21, 22, 11] => QQFieldElem[1//8, 0, 0, 0, 0, 0, 0, 0],
	[22, 25, 12, 21, 18, 12] => QQFieldElem[1//8, 0, 0, 0, -1//4, 0, 0, 0],
	[22, 25, 12, 21, 22, 9] => QQFieldElem[3//4, 0, 0, 0, -3//8, 0, 0, 0],
	[22, 25, 12, 21, 23, 11] => QQFieldElem[3//8, 0, 0, 0, -1//4, 0, 0, 0],
	[22, 25, 12, 21, 23, 9] => QQFieldElem[1//2, 0, 0, 0, -5//8, 0, 0, 0],
	[22, 25, 12, 21, 18, 11] => QQFieldElem[1//8, 0, 0, 0, 0, 0, 0, 0],
	[22, 25, 12, 21, 13, 12] => QQFieldElem[-1//8, 0, 0, 0, 0, 0, 0, 0],
	[22, 25, 12, 21, 18, 9] => QQFieldElem[-3//4, 0, 0, 0, 3//8, 0, 0, 0])