Dict(
	[22, 21, 25, 9, 25, 14] => QQFieldElem[0, 0, -1, 0, 0, 0, -1, 0],
	[22, 21, 25, 9, 24, 17] => QQFieldElem[0, 0, -1, 0, 0, 0, 1, 0],
	[22, 21, 25, 9, 24, 23] => QQFieldElem[0, 0, 0, 0, 0, 0, 2, 0],
	[22, 21, 25, 9, 24, 22] => QQFieldElem[0, 0, 0, 0, 0, 0, 2, 0],
	[22, 21, 25, 9, 24, 14] => QQFieldElem[0, 0, 1, 0, 0, 0, 1, 0],
	[22, 21, 25, 9, 20, 17] => QQFieldElem[0, 0, 0, 0, 0, 0, 2, 0],
	[22, 21, 25, 9, 20, 23] => QQFieldElem[0, 0, -4, 0, 0, 0, 0, 0],
	[22, 21, 25, 9, 16, 17] => QQFieldElem[0, 0, 0, 0, 0, 0, 1//3, 0],
	[22, 21, 25, 9, 20, 22] => QQFieldElem[0, 0, 4, 0, 0, 0, 0, 0],
	[22, 21, 25, 9, 16, 23] => QQFieldElem[0, 0, 2//3, 0, 0, 0, 0, 0],
	[22, 21, 25, 9, 16, 22] => QQFieldElem[0, 0, -2//3, 0, 0, 0, 0, 0],
	[22, 21, 25, 9, 20, 14] => QQFieldElem[0, 0, -4, 0, 0, 0, 2, 0],
	[22, 21, 25, 9, 16, 14] => QQFieldElem[0, 0, -2//3, 0, 0, 0, 1//3, 0],
	[22, 21, 25, 9, 25, 17] => QQFieldElem[0, 0, 1, 0, 0, 0, -1, 0],
	[22, 21, 25, 9, 25, 23] => QQFieldElem[0, 0, 0, 0, 0, 0, 2, 0],
	[22, 21, 25, 9, 25, 22] => QQFieldElem[0, 0, 0, 0, 0, 0, 2, 0])