Dict(
	[22, 21, 25, 11, 19, 17] => QQFieldElem[0, 0, 0, 0, 0, 0, -2, 0],
	[22, 21, 25, 11, 25, 17] => QQFieldElem[0, 0, -1, 0, 0, 0, 3, 0],
	[22, 21, 25, 11, 19, 23] => QQFieldElem[0, 0, -4//3, 0, 0, 0, 8//3, 0],
	[22, 21, 25, 11, 25, 23] => QQFieldElem[0, 0, -8//3, 0, 0, 0, 10//3, 0],
	[22, 21, 25, 11, 19, 22] => QQFieldElem[0, 0, 4//7, 0, 0, 0, 8//7, 0],
	[22, 21, 25, 11, 25, 22] => QQFieldElem[0, 0, 0, 0, 0, 0, -2, 0],
	[22, 21, 25, 11, 19, 14] => QQFieldElem[0, 0, -4//3, 0, 0, 0, 2//3, 0],
	[22, 21, 25, 11, 25, 14] => QQFieldElem[0, 0, -5//3, 0, 0, 0, 1//3, 0],
	[22, 21, 25, 11, 24, 17] => QQFieldElem[0, 0, 1, 0, 0, 0, 1, 0],
	[22, 21, 25, 11, 24, 23] => QQFieldElem[0, 0, 0, 0, 0, 0, -2, 0],
	[22, 21, 25, 11, 24, 22] => QQFieldElem[0, 0, 8//7, 0, 0, 0, 2//7, 0],
	[22, 21, 25, 11, 15, 17] => QQFieldElem[0, 0, 0, 0, 0, 0, 1, 0],
	[22, 21, 25, 11, 15, 23] => QQFieldElem[0, 0, -2//3, 0, 0, 0, 4//3, 0],
	[22, 21, 25, 11, 15, 22] => QQFieldElem[0, 0, 2//7, 0, 0, 0, 4//7, 0],
	[22, 21, 25, 11, 24, 14] => QQFieldElem[0, 0, -1, 0, 0, 0, 1, 0],
	[22, 21, 25, 11, 15, 14] => QQFieldElem[0, 0, 2//3, 0, 0, 0, -1//3, 0])