Dict(
	[22, 11, 23, 12, 24, 19] => QQFieldElem[0, 0, -2, 0, 0, 0, 3, 0],
	[22, 11, 23, 12, 25, 25] => QQFieldElem[0, 0, -6//7, 0, 0, 0, 2//7, 0],
	[22, 11, 23, 12, 20, 24] => QQFieldElem[0, 0, 0, 0, 0, 0, -8//3, 0],
	[22, 11, 23, 12, 16, 24] => QQFieldElem[0, 0, 0, 0, 0, 0, 4//3, 0],
	[22, 11, 23, 12, 25, 15] => QQFieldElem[0, 0, -2, 0, 0, 0, 1, 0],
	[22, 11, 23, 12, 20, 19] => QQFieldElem[0, 0, 2, 0, 0, 0, 0, 0],
	[22, 11, 23, 12, 16, 19] => QQFieldElem[0, 0, 1//3, 0, 0, 0, 0, 0],
	[22, 11, 23, 12, 24, 25] => QQFieldElem[0, 0, 10//7, 0, 0, 0, 6//7, 0],
	[22, 11, 23, 12, 24, 15] => QQFieldElem[0, 0, -4//3, 0, 0, 0, -1//3, 0],
	[22, 11, 23, 12, 20, 25] => QQFieldElem[0, 0, -16//7, 0, 0, 0, 24//7, 0],
	[22, 11, 23, 12, 25, 24] => QQFieldElem[0, 0, -2, 0, 0, 0, 2, 0],
	[22, 11, 23, 12, 16, 25] => QQFieldElem[0, 0, -8//21, 0, 0, 0, 4//7, 0],
	[22, 11, 23, 12, 25, 19] => QQFieldElem[0, 0, 0, 0, 0, 0, -1, 0],
	[22, 11, 23, 12, 20, 15] => QQFieldElem[0, 0, -2//3, 0, 0, 0, 4//3, 0],
	[22, 11, 23, 12, 16, 15] => QQFieldElem[0, 0, 1//3, 0, 0, 0, -2//3, 0],
	[22, 11, 23, 12, 24, 24] => QQFieldElem[0, 0, -2, 0, 0, 0, 2//3, 0])