Dict(
	[22, 11, 25, 21, 14, 19] => QQFieldElem[0, 0, 0, 0, 0, 0, 1//3, 0],
	[22, 11, 25, 21, 17, 25] => QQFieldElem[0, 0, 4, 0, 0, 0, -4, 0],
	[22, 11, 25, 21, 22, 15] => QQFieldElem[0, 0, -1, 0, 0, 0, 2, 0],
	[22, 11, 25, 21, 23, 15] => QQFieldElem[0, 0, 1, 0, 0, 0, -2, 0],
	[22, 11, 25, 21, 17, 15] => QQFieldElem[0, 0, -4, 0, 0, 0, 2, 0],
	[22, 11, 25, 21, 14, 25] => QQFieldElem[0, 0, -2//3, 0, 0, 0, 2//3, 0],
	[22, 11, 25, 21, 22, 24] => QQFieldElem[0, 0, 0, 0, 0, 0, 2, 0],
	[22, 11, 25, 21, 23, 24] => QQFieldElem[0, 0, 0, 0, 0, 0, 2, 0],
	[22, 11, 25, 21, 22, 19] => QQFieldElem[0, 0, -1, 0, 0, 0, 0, 0],
	[22, 11, 25, 21, 14, 15] => QQFieldElem[0, 0, -2//3, 0, 0, 0, 1//3, 0],
	[22, 11, 25, 21, 23, 19] => QQFieldElem[0, 0, 1, 0, 0, 0, 0, 0],
	[22, 11, 25, 21, 17, 24] => QQFieldElem[0, 0, -4, 0, 0, 0, 4, 0],
	[22, 11, 25, 21, 17, 19] => QQFieldElem[0, 0, 0, 0, 0, 0, 2, 0],
	[22, 11, 25, 21, 22, 25] => QQFieldElem[0, 0, 0, 0, 0, 0, 2, 0],
	[22, 11, 25, 21, 14, 24] => QQFieldElem[0, 0, 2//3, 0, 0, 0, -2//3, 0],
	[22, 11, 25, 21, 23, 25] => QQFieldElem[0, 0, 0, 0, 0, 0, 2, 0])