Dict(
	[23, 11, 25, 21, 23, 16] => QQFieldElem[0, 0, -1, 0, 0, 0, 2, 0],
	[23, 11, 25, 21, 23, 20] => QQFieldElem[0, 0, -1, 0, 0, 0, 0, 0],
	[23, 11, 25, 21, 22, 24] => QQFieldElem[0, 0, 0, 0, 0, 0, 2, 0],
	[23, 11, 25, 21, 17, 16] => QQFieldElem[0, 0, -4, 0, 0, 0, 2, 0],
	[23, 11, 25, 21, 17, 20] => QQFieldElem[0, 0, 0, 0, 0, 0, 2, 0],
	[23, 11, 25, 21, 23, 24] => QQFieldElem[0, 0, 0, 0, 0, 0, 2, 0],
	[23, 11, 25, 21, 17, 24] => QQFieldElem[0, 0, -4, 0, 0, 0, 4, 0],
	[23, 11, 25, 21, 14, 16] => QQFieldElem[0, 0, -2//3, 0, 0, 0, 1//3, 0],
	[23, 11, 25, 21, 14, 20] => QQFieldElem[0, 0, 0, 0, 0, 0, 1//3, 0],
	[23, 11, 25, 21, 22, 25] => QQFieldElem[0, 0, 0, 0, 0, 0, 2, 0],
	[23, 11, 25, 21, 14, 24] => QQFieldElem[0, 0, 2//3, 0, 0, 0, -2//3, 0],
	[23, 11, 25, 21, 23, 25] => QQFieldElem[0, 0, 0, 0, 0, 0, 2, 0],
	[23, 11, 25, 21, 17, 25] => QQFieldElem[0, 0, 4, 0, 0, 0, -4, 0],
	[23, 11, 25, 21, 22, 16] => QQFieldElem[0, 0, 1, 0, 0, 0, -2, 0],
	[23, 11, 25, 21, 14, 25] => QQFieldElem[0, 0, -2//3, 0, 0, 0, 2//3, 0],
	[23, 11, 25, 21, 22, 20] => QQFieldElem[0, 0, 1, 0, 0, 0, 0, 0])