Dict(
	[23, 10, 9, 23, 1, 16] => QQFieldElem[1//6, 0, 0, 0, 0, 0, 0, 0],
	[23, 10, 9, 23, 1, 20] => QQFieldElem[1//3, 0, 0, 0, 0, 0, 0, 0],
	[23, 10, 9, 23, 1, 24] => QQFieldElem[1//6, 0, 0, 0, 0, 0, 0, 0],
	[23, 10, 9, 23, 5, 25] => QQFieldElem[-4//3, 0, 0, 0, 0, 0, 0, 0],
	[23, 10, 9, 23, 21, 16] => QQFieldElem[7//3, 0, 0, 0, 0, 0, 0, 0],
	[23, 10, 9, 23, 21, 20] => QQFieldElem[-7//3, 0, 0, 0, 0, 0, 0, 0],
	[23, 10, 9, 23, 6, 25] => QQFieldElem[-1, 0, 0, 0, 0, 0, 0, 0],
	[23, 10, 9, 23, 21, 24] => QQFieldElem[-7//3, 0, 0, 0, 0, 0, 0, 0],
	[23, 10, 9, 23, 1, 25] => QQFieldElem[1//3, 0, 0, 0, 0, 0, 0, 0],
	[23, 10, 9, 23, 5, 16] => QQFieldElem[2//3, 0, 0, 0, 0, 0, 0, 0],
	[23, 10, 9, 23, 5, 20] => QQFieldElem[4//3, 0, 0, 0, 0, 0, 0, 0],
	[23, 10, 9, 23, 5, 24] => QQFieldElem[-2//3, 0, 0, 0, 0, 0, 0, 0],
	[23, 10, 9, 23, 21, 25] => QQFieldElem[7//3, 0, 0, 0, 0, 0, 0, 0],
	[23, 10, 9, 23, 6, 16] => QQFieldElem[1, 0, 0, 0, 0, 0, 0, 0],
	[23, 10, 9, 23, 6, 20] => QQFieldElem[-1, 0, 0, 0, 0, 0, 0, 0],
	[23, 10, 9, 23, 6, 24] => QQFieldElem[1, 0, 0, 0, 0, 0, 0, 0])