Dict(
	[23, 23, 12, 9, 19, 21] => QQFieldElem[-1//3, 0, 0, 0, 0, 0, 0, 0],
	[23, 23, 12, 9, 25, 21] => QQFieldElem[1//6, 0, 0, 0, 0, 0, 0, 0],
	[23, 23, 12, 9, 24, 4] => QQFieldElem[-1//2, 0, 0, 0, 1, 0, 0, 0],
	[23, 23, 12, 9, 24, 21] => QQFieldElem[-1//6, 0, 0, 0, 0, 0, 0, 0],
	[23, 23, 12, 9, 15, 4] => QQFieldElem[0, 0, 12, 0, 0, 0, -6, 0],
	[23, 23, 12, 9, 15, 21] => QQFieldElem[0, 0, 0, 0, 0, 0, -4, 0],
	[23, 23, 12, 9, 19, 8] => QQFieldElem[1//3, 0, 0, 0, 0, 0, 0, 0],
	[23, 23, 12, 9, 25, 8] => QQFieldElem[-1//6, 0, 0, 0, 0, 0, 0, 0],
	[23, 23, 12, 9, 19, 6] => QQFieldElem[1//12, 0, 0, 0, 0, 0, 0, 0],
	[23, 23, 12, 9, 25, 6] => QQFieldElem[1//12, 0, 0, 0, 0, 0, 0, 0],
	[23, 23, 12, 9, 24, 8] => QQFieldElem[-1//6, 0, 0, 0, 0, 0, 0, 0],
	[23, 23, 12, 9, 15, 8] => QQFieldElem[0, 0, 0, 0, 0, 0, -4, 0],
	[23, 23, 12, 9, 24, 6] => QQFieldElem[1//12, 0, 0, 0, 0, 0, 0, 0],
	[23, 23, 12, 9, 15, 6] => QQFieldElem[0, 0, 0, 0, 0, 0, -1, 0],
	[23, 23, 12, 9, 19, 4] => QQFieldElem[1//2, 0, 0, 0, -1, 0, 0, 0],
	[23, 23, 12, 9, 25, 4] => QQFieldElem[1//2, 0, 0, 0, -1, 0, 0, 0])