Dict(
	[23, 10, 23, 11, 24, 24] => QQFieldElem[0, 0, 2//3, 0, 0, 0, 2//3, 0],
	[23, 10, 23, 11, 25, 25] => QQFieldElem[0, 0, -142//147, 0, 0, 0, -46//147, 0],
	[23, 10, 23, 11, 20, 16] => QQFieldElem[0, 0, -2//3, 0, 0, 0, 0, 0],
	[23, 10, 23, 11, 20, 20] => QQFieldElem[0, 0, -2//3, 0, 0, 0, 4//3, 0],
	[23, 10, 23, 11, 16, 16] => QQFieldElem[0, 0, 1//3, 0, 0, 0, 0, 0],
	[23, 10, 23, 11, 16, 20] => QQFieldElem[0, 0, -1, 0, 0, 0, 2, 0],
	[23, 10, 23, 11, 20, 24] => QQFieldElem[0, 0, 0, 0, 0, 0, -8//3, 0],
	[23, 10, 23, 11, 16, 24] => QQFieldElem[0, 0, 0, 0, 0, 0, 4//3, 0],
	[23, 10, 23, 11, 24, 25] => QQFieldElem[0, 0, 30//49, 0, 0, 0, 18//49, 0],
	[23, 10, 23, 11, 25, 16] => QQFieldElem[0, 0, -8//3, 0, 0, 0, 5//3, 0],
	[23, 10, 23, 11, 25, 20] => QQFieldElem[0, 0, 2//3, 0, 0, 0, 11//3, 0],
	[23, 10, 23, 11, 20, 25] => QQFieldElem[0, 0, 16//147, 0, 0, 0, 88//147, 0],
	[23, 10, 23, 11, 25, 24] => QQFieldElem[0, 0, 10//3, 0, 0, 0, 2, 0],
	[23, 10, 23, 11, 16, 25] => QQFieldElem[0, 0, 8//49, 0, 0, 0, 44//49, 0],
	[23, 10, 23, 11, 24, 16] => QQFieldElem[0, 0, -2//3, 0, 0, 0, 1//3, 0],
	[23, 10, 23, 11, 24, 20] => QQFieldElem[0, 0, 0, 0, 0, 0, -3, 0])