Dict(
	[23, 21, 24, 10, 25, 17] => QQFieldElem[0, 0, 1, 0, 0, 0, -1, 0],
	[23, 21, 24, 10, 25, 23] => QQFieldElem[0, 0, 0, 0, 0, 0, 2, 0],
	[23, 21, 24, 10, 25, 22] => QQFieldElem[0, 0, 0, 0, 0, 0, 2, 0],
	[23, 21, 24, 10, 25, 14] => QQFieldElem[0, 0, -1, 0, 0, 0, -1, 0],
	[23, 21, 24, 10, 24, 17] => QQFieldElem[0, 0, -1, 0, 0, 0, 1, 0],
	[23, 21, 24, 10, 24, 23] => QQFieldElem[0, 0, 0, 0, 0, 0, 2, 0],
	[23, 21, 24, 10, 24, 22] => QQFieldElem[0, 0, 0, 0, 0, 0, 2, 0],
	[23, 21, 24, 10, 24, 14] => QQFieldElem[0, 0, 1, 0, 0, 0, 1, 0],
	[23, 21, 24, 10, 20, 17] => QQFieldElem[0, 0, 0, 0, 0, 0, 2, 0],
	[23, 21, 24, 10, 20, 23] => QQFieldElem[0, 0, -4, 0, 0, 0, 0, 0],
	[23, 21, 24, 10, 16, 17] => QQFieldElem[0, 0, 0, 0, 0, 0, 1//3, 0],
	[23, 21, 24, 10, 20, 22] => QQFieldElem[0, 0, 4, 0, 0, 0, 0, 0],
	[23, 21, 24, 10, 16, 23] => QQFieldElem[0, 0, 2//3, 0, 0, 0, 0, 0],
	[23, 21, 24, 10, 16, 22] => QQFieldElem[0, 0, -2//3, 0, 0, 0, 0, 0],
	[23, 21, 24, 10, 20, 14] => QQFieldElem[0, 0, -4, 0, 0, 0, 2, 0],
	[23, 21, 24, 10, 16, 14] => QQFieldElem[0, 0, -2//3, 0, 0, 0, 1//3, 0])