Dict(
	[23, 21, 24, 9, 24, 23] => QQFieldElem[0, 0, 0, 0, 0, 0, 2, 0],
	[23, 21, 24, 9, 24, 22] => QQFieldElem[0, 0, 0, 0, 0, 0, 2, 0],
	[23, 21, 24, 9, 15, 23] => QQFieldElem[0, 0, -2//3, 0, 0, 0, 0, 0],
	[23, 21, 24, 9, 15, 22] => QQFieldElem[0, 0, 2//3, 0, 0, 0, 0, 0],
	[23, 21, 24, 9, 19, 13] => QQFieldElem[0, 0, -4, 0, 0, 0, 2, 0],
	[23, 21, 24, 9, 25, 13] => QQFieldElem[0, 0, 1, 0, 0, 0, 1, 0],
	[23, 21, 24, 9, 19, 18] => QQFieldElem[0, 0, 0, 0, 0, 0, 2, 0],
	[23, 21, 24, 9, 25, 18] => QQFieldElem[0, 0, -1, 0, 0, 0, 1, 0],
	[23, 21, 24, 9, 24, 13] => QQFieldElem[0, 0, -1, 0, 0, 0, -1, 0],
	[23, 21, 24, 9, 24, 18] => QQFieldElem[0, 0, 1, 0, 0, 0, -1, 0],
	[23, 21, 24, 9, 15, 13] => QQFieldElem[0, 0, -2//3, 0, 0, 0, 1//3, 0],
	[23, 21, 24, 9, 15, 18] => QQFieldElem[0, 0, 0, 0, 0, 0, 1//3, 0],
	[23, 21, 24, 9, 19, 23] => QQFieldElem[0, 0, 4, 0, 0, 0, 0, 0],
	[23, 21, 24, 9, 25, 23] => QQFieldElem[0, 0, 0, 0, 0, 0, 2, 0],
	[23, 21, 24, 9, 19, 22] => QQFieldElem[0, 0, -4, 0, 0, 0, 0, 0],
	[23, 21, 24, 9, 25, 22] => QQFieldElem[0, 0, 0, 0, 0, 0, 2, 0])