Dict(
	[23, 23, 9, 12, 19, 6] => QQFieldElem[1//4, 0, 0, 0, 0, 0, 0, 0],
	[23, 23, 9, 12, 25, 6] => QQFieldElem[1//4, 0, 0, 0, 0, 0, 0, 0],
	[23, 23, 9, 12, 24, 8] => QQFieldElem[1//14, 0, 0, 0, 0, 0, 0, 0],
	[23, 23, 9, 12, 15, 8] => QQFieldElem[0, 0, 0, 0, 0, 0, -12//7, 0],
	[23, 23, 9, 12, 24, 6] => QQFieldElem[-1//4, 0, 0, 0, 0, 0, 0, 0],
	[23, 23, 9, 12, 15, 6] => QQFieldElem[0, 0, 0, 0, 0, 0, -3, 0],
	[23, 23, 9, 12, 19, 4] => QQFieldElem[1//6, 0, 0, 0, -1//3, 0, 0, 0],
	[23, 23, 9, 12, 25, 4] => QQFieldElem[1//6, 0, 0, 0, -1//3, 0, 0, 0],
	[23, 23, 9, 12, 19, 21] => QQFieldElem[-1//3, 0, 0, 0, 0, 0, 0, 0],
	[23, 23, 9, 12, 25, 21] => QQFieldElem[1//6, 0, 0, 0, 0, 0, 0, 0],
	[23, 23, 9, 12, 24, 4] => QQFieldElem[1//6, 0, 0, 0, -1//3, 0, 0, 0],
	[23, 23, 9, 12, 24, 21] => QQFieldElem[1//6, 0, 0, 0, 0, 0, 0, 0],
	[23, 23, 9, 12, 15, 4] => QQFieldElem[0, 0, 4, 0, 0, 0, -2, 0],
	[23, 23, 9, 12, 15, 21] => QQFieldElem[0, 0, 0, 0, 0, 0, -4, 0],
	[23, 23, 9, 12, 19, 8] => QQFieldElem[1//7, 0, 0, 0, 0, 0, 0, 0],
	[23, 23, 9, 12, 25, 8] => QQFieldElem[-1//14, 0, 0, 0, 0, 0, 0, 0])