Dict(
	[23, 21, 11, 24, 11, 22] => QQFieldElem[-1, 0, 0, 0, 2, 0, 0, 0],
	[23, 21, 11, 24, 9, 14] => QQFieldElem[1//21, 0, 0, 0, 1//42, 0, 0, 0],
	[23, 21, 11, 24, 11, 14] => QQFieldElem[-1//7, 0, 0, 0, -4//7, 0, 0, 0],
	[23, 21, 11, 24, 10, 17] => QQFieldElem[0, 0, 0, 0, 2, 0, 0, 0],
	[23, 21, 11, 24, 10, 23] => QQFieldElem[-4, 0, 0, 0, 2, 0, 0, 0],
	[23, 21, 11, 24, 10, 22] => QQFieldElem[0, 0, 0, 0, -2, 0, 0, 0],
	[23, 21, 11, 24, 12, 17] => QQFieldElem[-1, 0, 0, 0, 0, 0, 0, 0],
	[23, 21, 11, 24, 12, 23] => QQFieldElem[1, 0, 0, 0, -2, 0, 0, 0],
	[23, 21, 11, 24, 12, 22] => QQFieldElem[-1, 0, 0, 0, 0, 0, 0, 0],
	[23, 21, 11, 24, 10, 14] => QQFieldElem[-12//7, 0, 0, 0, -6//7, 0, 0, 0],
	[23, 21, 11, 24, 12, 14] => QQFieldElem[-9//7, 0, 0, 0, 6//7, 0, 0, 0],
	[23, 21, 11, 24, 9, 17] => QQFieldElem[0, 0, 0, 0, 1//6, 0, 0, 0],
	[23, 21, 11, 24, 9, 23] => QQFieldElem[1//9, 0, 0, 0, -1//18, 0, 0, 0],
	[23, 21, 11, 24, 9, 22] => QQFieldElem[0, 0, 0, 0, -1//6, 0, 0, 0],
	[23, 21, 11, 24, 11, 17] => QQFieldElem[-1, 0, 0, 0, 2, 0, 0, 0],
	[23, 21, 11, 24, 11, 23] => QQFieldElem[1, 0, 0, 0, 0, 0, 0, 0])