Dict(
	[23, 11, 23, 11, 25, 24] => QQFieldElem[0, 0, -2, 0, 0, 0, 2//3, 0],
	[23, 11, 23, 11, 16, 25] => QQFieldElem[0, 0, -8//21, 0, 0, 0, 4//7, 0],
	[23, 11, 23, 11, 24, 16] => QQFieldElem[0, 0, -2, 0, 0, 0, 1, 0],
	[23, 11, 23, 11, 24, 20] => QQFieldElem[0, 0, 0, 0, 0, 0, -1, 0],
	[23, 11, 23, 11, 24, 24] => QQFieldElem[0, 0, -2, 0, 0, 0, 2, 0],
	[23, 11, 23, 11, 25, 25] => QQFieldElem[0, 0, 10//7, 0, 0, 0, 6//7, 0],
	[23, 11, 23, 11, 20, 16] => QQFieldElem[0, 0, -2//3, 0, 0, 0, 4//3, 0],
	[23, 11, 23, 11, 20, 20] => QQFieldElem[0, 0, 2, 0, 0, 0, 0, 0],
	[23, 11, 23, 11, 16, 16] => QQFieldElem[0, 0, 1//3, 0, 0, 0, -2//3, 0],
	[23, 11, 23, 11, 16, 20] => QQFieldElem[0, 0, 1//3, 0, 0, 0, 0, 0],
	[23, 11, 23, 11, 20, 24] => QQFieldElem[0, 0, 0, 0, 0, 0, -8//3, 0],
	[23, 11, 23, 11, 16, 24] => QQFieldElem[0, 0, 0, 0, 0, 0, 4//3, 0],
	[23, 11, 23, 11, 24, 25] => QQFieldElem[0, 0, -6//7, 0, 0, 0, 2//7, 0],
	[23, 11, 23, 11, 25, 16] => QQFieldElem[0, 0, -4//3, 0, 0, 0, -1//3, 0],
	[23, 11, 23, 11, 25, 20] => QQFieldElem[0, 0, -2, 0, 0, 0, 3, 0],
	[23, 11, 23, 11, 20, 25] => QQFieldElem[0, 0, -16//7, 0, 0, 0, 24//7, 0])