Dict(
	[23, 12, 23, 9, 15, 25] => QQFieldElem[0, 0, 0, 0, 0, 0, -4//9, 0],
	[23, 12, 23, 9, 24, 15] => QQFieldElem[0, 0, 0, 0, 0, 0, 3, 0],
	[23, 12, 23, 9, 19, 24] => QQFieldElem[0, 0, 16//3, 0, 0, 0, -8//3, 0],
	[23, 12, 23, 9, 25, 24] => QQFieldElem[0, 0, -2, 0, 0, 0, 2, 0],
	[23, 12, 23, 9, 15, 15] => QQFieldElem[0, 0, 1//3, 0, 0, 0, 0, 0],
	[23, 12, 23, 9, 19, 19] => QQFieldElem[0, 0, -2//3, 0, 0, 0, 4//3, 0],
	[23, 12, 23, 9, 25, 19] => QQFieldElem[0, 0, 0, 0, 0, 0, 1, 0],
	[23, 12, 23, 9, 24, 24] => QQFieldElem[0, 0, 2//3, 0, 0, 0, 2//3, 0],
	[23, 12, 23, 9, 15, 24] => QQFieldElem[0, 0, 8//9, 0, 0, 0, -4//9, 0],
	[23, 12, 23, 9, 24, 19] => QQFieldElem[0, 0, 2//3, 0, 0, 0, -1//3, 0],
	[23, 12, 23, 9, 19, 25] => QQFieldElem[0, 0, 0, 0, 0, 0, 8, 0],
	[23, 12, 23, 9, 25, 25] => QQFieldElem[0, 0, 2//3, 0, 0, 0, 2//3, 0],
	[23, 12, 23, 9, 15, 19] => QQFieldElem[0, 0, -1//9, 0, 0, 0, 2//9, 0],
	[23, 12, 23, 9, 19, 15] => QQFieldElem[0, 0, -6, 0, 0, 0, 0, 0],
	[23, 12, 23, 9, 25, 15] => QQFieldElem[0, 0, 2, 0, 0, 0, -1, 0],
	[23, 12, 23, 9, 24, 25] => QQFieldElem[0, 0, -2, 0, 0, 0, 2, 0])