Dict(
	[23, 11, 24, 21, 18, 25] => QQFieldElem[0, 0, -4, 0, 0, 0, 4, 0],
	[23, 11, 24, 21, 13, 25] => QQFieldElem[0, 0, 2//3, 0, 0, 0, -2//3, 0],
	[23, 11, 24, 21, 22, 16] => QQFieldElem[0, 0, 1, 0, 0, 0, -2, 0],
	[23, 11, 24, 21, 22, 20] => QQFieldElem[0, 0, 1, 0, 0, 0, 0, 0],
	[23, 11, 24, 21, 23, 16] => QQFieldElem[0, 0, -1, 0, 0, 0, 2, 0],
	[23, 11, 24, 21, 23, 20] => QQFieldElem[0, 0, -1, 0, 0, 0, 0, 0],
	[23, 11, 24, 21, 22, 24] => QQFieldElem[0, 0, 0, 0, 0, 0, 2, 0],
	[23, 11, 24, 21, 23, 24] => QQFieldElem[0, 0, 0, 0, 0, 0, 2, 0],
	[23, 11, 24, 21, 18, 16] => QQFieldElem[0, 0, -4, 0, 0, 0, 2, 0],
	[23, 11, 24, 21, 18, 20] => QQFieldElem[0, 0, 0, 0, 0, 0, 2, 0],
	[23, 11, 24, 21, 18, 24] => QQFieldElem[0, 0, 4, 0, 0, 0, -4, 0],
	[23, 11, 24, 21, 13, 16] => QQFieldElem[0, 0, -2//3, 0, 0, 0, 1//3, 0],
	[23, 11, 24, 21, 13, 20] => QQFieldElem[0, 0, 0, 0, 0, 0, 1//3, 0],
	[23, 11, 24, 21, 22, 25] => QQFieldElem[0, 0, 0, 0, 0, 0, 2, 0],
	[23, 11, 24, 21, 13, 24] => QQFieldElem[0, 0, -2//3, 0, 0, 0, 2//3, 0],
	[23, 11, 24, 21, 23, 25] => QQFieldElem[0, 0, 0, 0, 0, 0, 2, 0])