Dict(
	[23, 12, 12, 22, 2, 24] => QQFieldElem[-1//9, 0, 0, 0, 0, 0, 0, 0],
	[23, 12, 12, 22, 8, 19] => QQFieldElem[-1, 0, 0, 0, 0, 0, 0, 0],
	[23, 12, 12, 22, 21, 24] => QQFieldElem[1, 0, 0, 0, 0, 0, 0, 0],
	[23, 12, 12, 22, 2, 19] => QQFieldElem[1//18, 0, 0, 0, 0, 0, 0, 0],
	[23, 12, 12, 22, 21, 19] => QQFieldElem[1, 0, 0, 0, 0, 0, 0, 0],
	[23, 12, 12, 22, 7, 25] => QQFieldElem[-4, 0, 0, 0, 0, 0, 0, 0],
	[23, 12, 12, 22, 8, 25] => QQFieldElem[1, 0, 0, 0, 0, 0, 0, 0],
	[23, 12, 12, 22, 2, 25] => QQFieldElem[1//9, 0, 0, 0, 0, 0, 0, 0],
	[23, 12, 12, 22, 7, 15] => QQFieldElem[2, 0, 0, 0, 0, 0, 0, 0],
	[23, 12, 12, 22, 21, 25] => QQFieldElem[-1, 0, 0, 0, 0, 0, 0, 0],
	[23, 12, 12, 22, 8, 15] => QQFieldElem[1, 0, 0, 0, 0, 0, 0, 0],
	[23, 12, 12, 22, 2, 15] => QQFieldElem[1//18, 0, 0, 0, 0, 0, 0, 0],
	[23, 12, 12, 22, 21, 15] => QQFieldElem[1, 0, 0, 0, 0, 0, 0, 0],
	[23, 12, 12, 22, 7, 24] => QQFieldElem[-4, 0, 0, 0, 0, 0, 0, 0],
	[23, 12, 12, 22, 7, 19] => QQFieldElem[-2, 0, 0, 0, 0, 0, 0, 0],
	[23, 12, 12, 22, 8, 24] => QQFieldElem[1, 0, 0, 0, 0, 0, 0, 0])