Dict(
	[24, 9, 11, 25, 4, 22] => QQFieldElem[-1//18, 0, 0, 0, 1//9, 0, 0, 0],
	[24, 9, 11, 25, 6, 18] => QQFieldElem[-4//3, 0, 0, 0, 0, 0, 0, 0],
	[24, 9, 11, 25, 8, 13] => QQFieldElem[-2//3, 0, 0, 0, -8//3, 0, 0, 0],
	[24, 9, 11, 25, 8, 18] => QQFieldElem[-1, 0, 0, 0, 2//3, 0, 0, 0],
	[24, 9, 11, 25, 6, 23] => QQFieldElem[4//3, 0, 0, 0, -8//3, 0, 0, 0],
	[24, 9, 11, 25, 21, 13] => QQFieldElem[2, 0, 0, 0, 0, 0, 0, 0],
	[24, 9, 11, 25, 6, 22] => QQFieldElem[-2//3, 0, 0, 0, 4//3, 0, 0, 0],
	[24, 9, 11, 25, 21, 18] => QQFieldElem[1//3, 0, 0, 0, -2//3, 0, 0, 0],
	[24, 9, 11, 25, 4, 13] => QQFieldElem[1//9, 0, 0, 0, -2//9, 0, 0, 0],
	[24, 9, 11, 25, 4, 18] => QQFieldElem[1//9, 0, 0, 0, 0, 0, 0, 0],
	[24, 9, 11, 25, 8, 23] => QQFieldElem[-1//3, 0, 0, 0, -4//3, 0, 0, 0],
	[24, 9, 11, 25, 8, 22] => QQFieldElem[-1//3, 0, 0, 0, -4//3, 0, 0, 0],
	[24, 9, 11, 25, 21, 23] => QQFieldElem[-1, 0, 0, 0, 0, 0, 0, 0],
	[24, 9, 11, 25, 21, 22] => QQFieldElem[-1, 0, 0, 0, 0, 0, 0, 0],
	[24, 9, 11, 25, 6, 13] => QQFieldElem[-4//3, 0, 0, 0, 8//3, 0, 0, 0],
	[24, 9, 11, 25, 4, 23] => QQFieldElem[1//9, 0, 0, 0, -2//9, 0, 0, 0])