Dict(
	[24, 12, 11, 24, 1, 14] => QQFieldElem[1//18, 0, 0, 0, 0, 0, 0, 0],
	[24, 12, 11, 24, 21, 17] => QQFieldElem[-1, 0, 0, 0, 0, 0, 0, 0],
	[24, 12, 11, 24, 21, 23] => QQFieldElem[1, 0, 0, 0, 0, 0, 0, 0],
	[24, 12, 11, 24, 21, 22] => QQFieldElem[1, 0, 0, 0, 0, 0, 0, 0],
	[24, 12, 11, 24, 21, 14] => QQFieldElem[1, 0, 0, 0, 0, 0, 0, 0],
	[24, 12, 11, 24, 5, 17] => QQFieldElem[-2, 0, 0, 0, 0, 0, 0, 0],
	[24, 12, 11, 24, 5, 23] => QQFieldElem[-4, 0, 0, 0, 0, 0, 0, 0],
	[24, 12, 11, 24, 5, 22] => QQFieldElem[-4, 0, 0, 0, 0, 0, 0, 0],
	[24, 12, 11, 24, 6, 17] => QQFieldElem[1, 0, 0, 0, 0, 0, 0, 0],
	[24, 12, 11, 24, 6, 23] => QQFieldElem[-1, 0, 0, 0, 0, 0, 0, 0],
	[24, 12, 11, 24, 6, 22] => QQFieldElem[1, 0, 0, 0, 0, 0, 0, 0],
	[24, 12, 11, 24, 5, 14] => QQFieldElem[2, 0, 0, 0, 0, 0, 0, 0],
	[24, 12, 11, 24, 1, 17] => QQFieldElem[1//18, 0, 0, 0, 0, 0, 0, 0],
	[24, 12, 11, 24, 1, 23] => QQFieldElem[1//9, 0, 0, 0, 0, 0, 0, 0],
	[24, 12, 11, 24, 6, 14] => QQFieldElem[1, 0, 0, 0, 0, 0, 0, 0],
	[24, 12, 11, 24, 1, 22] => QQFieldElem[-1//9, 0, 0, 0, 0, 0, 0, 0])