Dict(
	[24, 12, 24, 12, 22, 17] => QQFieldElem[0, 0, 0, 0, 0, 0, -1, 0],
	[24, 12, 24, 12, 22, 23] => QQFieldElem[0, 0, 6//7, 0, 0, 0, -4//7, 0],
	[24, 12, 24, 12, 22, 22] => QQFieldElem[0, 0, 2, 0, 0, 0, 0, 0],
	[24, 12, 24, 12, 23, 17] => QQFieldElem[0, 0, 2, 0, 0, 0, 1, 0],
	[24, 12, 24, 12, 23, 23] => QQFieldElem[0, 0, -10//7, 0, 0, 0, 16//7, 0],
	[24, 12, 24, 12, 23, 22] => QQFieldElem[0, 0, 2, 0, 0, 0, -4//3, 0],
	[24, 12, 24, 12, 17, 17] => QQFieldElem[0, 0, -2, 0, 0, 0, 2, 0],
	[24, 12, 24, 12, 17, 23] => QQFieldElem[0, 0, 16//7, 0, 0, 0, 8//7, 0],
	[24, 12, 24, 12, 22, 14] => QQFieldElem[0, 0, -2, 0, 0, 0, 1, 0],
	[24, 12, 24, 12, 17, 22] => QQFieldElem[0, 0, 0, 0, 0, 0, -8//3, 0],
	[24, 12, 24, 12, 23, 14] => QQFieldElem[0, 0, -4//3, 0, 0, 0, 5//3, 0],
	[24, 12, 24, 12, 17, 14] => QQFieldElem[0, 0, -2//3, 0, 0, 0, -2//3, 0],
	[24, 12, 24, 12, 14, 17] => QQFieldElem[0, 0, -1//3, 0, 0, 0, 1//3, 0],
	[24, 12, 24, 12, 14, 23] => QQFieldElem[0, 0, 8//21, 0, 0, 0, 4//21, 0],
	[24, 12, 24, 12, 14, 22] => QQFieldElem[0, 0, 0, 0, 0, 0, 4//3, 0],
	[24, 12, 24, 12, 14, 14] => QQFieldElem[0, 0, 1//3, 0, 0, 0, 1//3, 0])