Dict(
	[24, 12, 25, 11, 13, 22] => QQFieldElem[0, 0, 8//21, 0, 0, 0, 4//21, 0],
	[24, 12, 25, 11, 13, 14] => QQFieldElem[0, 0, 1//3, 0, 0, 0, 1//3, 0],
	[24, 12, 25, 11, 22, 17] => QQFieldElem[0, 0, 0, 0, 0, 0, -1, 0],
	[24, 12, 25, 11, 22, 23] => QQFieldElem[0, 0, 2, 0, 0, 0, 0, 0],
	[24, 12, 25, 11, 22, 22] => QQFieldElem[0, 0, 6//7, 0, 0, 0, -4//7, 0],
	[24, 12, 25, 11, 23, 17] => QQFieldElem[0, 0, 2, 0, 0, 0, 1, 0],
	[24, 12, 25, 11, 23, 23] => QQFieldElem[0, 0, 2, 0, 0, 0, -4//3, 0],
	[24, 12, 25, 11, 23, 22] => QQFieldElem[0, 0, -10//7, 0, 0, 0, 16//7, 0],
	[24, 12, 25, 11, 18, 17] => QQFieldElem[0, 0, -2, 0, 0, 0, 2, 0],
	[24, 12, 25, 11, 22, 14] => QQFieldElem[0, 0, -2, 0, 0, 0, 1, 0],
	[24, 12, 25, 11, 18, 23] => QQFieldElem[0, 0, 0, 0, 0, 0, -8//3, 0],
	[24, 12, 25, 11, 18, 22] => QQFieldElem[0, 0, 16//7, 0, 0, 0, 8//7, 0],
	[24, 12, 25, 11, 23, 14] => QQFieldElem[0, 0, -4//3, 0, 0, 0, 5//3, 0],
	[24, 12, 25, 11, 18, 14] => QQFieldElem[0, 0, -2//3, 0, 0, 0, -2//3, 0],
	[24, 12, 25, 11, 13, 17] => QQFieldElem[0, 0, -1//3, 0, 0, 0, 1//3, 0],
	[24, 12, 25, 11, 13, 23] => QQFieldElem[0, 0, 0, 0, 0, 0, 4//3, 0])