Dict(
	[24, 21, 23, 10, 14, 16] => QQFieldElem[0, 0, -2//3, 0, 0, 0, 1//3, 0],
	[24, 21, 23, 10, 14, 20] => QQFieldElem[0, 0, 0, 0, 0, 0, 1//3, 0],
	[24, 21, 23, 10, 22, 25] => QQFieldElem[0, 0, 0, 0, 0, 0, 2, 0],
	[24, 21, 23, 10, 14, 24] => QQFieldElem[0, 0, 2//3, 0, 0, 0, -2//3, 0],
	[24, 21, 23, 10, 23, 25] => QQFieldElem[0, 0, 0, 0, 0, 0, 2, 0],
	[24, 21, 23, 10, 17, 25] => QQFieldElem[0, 0, 4, 0, 0, 0, -4, 0],
	[24, 21, 23, 10, 22, 16] => QQFieldElem[0, 0, 1, 0, 0, 0, -2, 0],
	[24, 21, 23, 10, 14, 25] => QQFieldElem[0, 0, -2//3, 0, 0, 0, 2//3, 0],
	[24, 21, 23, 10, 22, 20] => QQFieldElem[0, 0, 1, 0, 0, 0, 0, 0],
	[24, 21, 23, 10, 23, 16] => QQFieldElem[0, 0, -1, 0, 0, 0, 2, 0],
	[24, 21, 23, 10, 23, 20] => QQFieldElem[0, 0, -1, 0, 0, 0, 0, 0],
	[24, 21, 23, 10, 22, 24] => QQFieldElem[0, 0, 0, 0, 0, 0, 2, 0],
	[24, 21, 23, 10, 17, 16] => QQFieldElem[0, 0, -4, 0, 0, 0, 2, 0],
	[24, 21, 23, 10, 23, 24] => QQFieldElem[0, 0, 0, 0, 0, 0, 2, 0],
	[24, 21, 23, 10, 17, 20] => QQFieldElem[0, 0, 0, 0, 0, 0, 2, 0],
	[24, 21, 23, 10, 17, 24] => QQFieldElem[0, 0, -4, 0, 0, 0, 4, 0])