Dict(
	[24, 9, 10, 24, 5, 13] => QQFieldElem[2//3, 0, 0, 0, 0, 0, 0, 0],
	[24, 9, 10, 24, 21, 23] => QQFieldElem[-1, 0, 0, 0, 0, 0, 0, 0],
	[24, 9, 10, 24, 5, 18] => QQFieldElem[-2//3, 0, 0, 0, 0, 0, 0, 0],
	[24, 9, 10, 24, 21, 22] => QQFieldElem[-1, 0, 0, 0, 0, 0, 0, 0],
	[24, 9, 10, 24, 6, 13] => QQFieldElem[7//3, 0, 0, 0, 0, 0, 0, 0],
	[24, 9, 10, 24, 6, 18] => QQFieldElem[-7//3, 0, 0, 0, 0, 0, 0, 0],
	[24, 9, 10, 24, 1, 13] => QQFieldElem[1//6, 0, 0, 0, 0, 0, 0, 0],
	[24, 9, 10, 24, 1, 18] => QQFieldElem[1//6, 0, 0, 0, 0, 0, 0, 0],
	[24, 9, 10, 24, 5, 23] => QQFieldElem[-4//3, 0, 0, 0, 0, 0, 0, 0],
	[24, 9, 10, 24, 5, 22] => QQFieldElem[4//3, 0, 0, 0, 0, 0, 0, 0],
	[24, 9, 10, 24, 6, 23] => QQFieldElem[7//3, 0, 0, 0, 0, 0, 0, 0],
	[24, 9, 10, 24, 21, 13] => QQFieldElem[1, 0, 0, 0, 0, 0, 0, 0],
	[24, 9, 10, 24, 6, 22] => QQFieldElem[-7//3, 0, 0, 0, 0, 0, 0, 0],
	[24, 9, 10, 24, 21, 18] => QQFieldElem[1, 0, 0, 0, 0, 0, 0, 0],
	[24, 9, 10, 24, 1, 23] => QQFieldElem[1//3, 0, 0, 0, 0, 0, 0, 0],
	[24, 9, 10, 24, 1, 22] => QQFieldElem[1//3, 0, 0, 0, 0, 0, 0, 0])