Dict(
	[24, 21, 11, 23, 11, 25] => QQFieldElem[-1, 0, 0, 0, 2, 0, 0, 0],
	[24, 21, 11, 23, 10, 24] => QQFieldElem[-2, 0, 0, 0, 2, 0, 0, 0],
	[24, 21, 11, 23, 9, 15] => QQFieldElem[1//6, 0, 0, 0, -1//6, 0, 0, 0],
	[24, 21, 11, 23, 10, 19] => QQFieldElem[-18//7, 0, 0, 0, 6//7, 0, 0, 0],
	[24, 21, 11, 23, 12, 24] => QQFieldElem[1, 0, 0, 0, -2, 0, 0, 0],
	[24, 21, 11, 23, 11, 15] => QQFieldElem[-1, 0, 0, 0, 0, 0, 0, 0],
	[24, 21, 11, 23, 12, 19] => QQFieldElem[-5//7, 0, 0, 0, 4//7, 0, 0, 0],
	[24, 21, 11, 23, 9, 24] => QQFieldElem[-1//6, 0, 0, 0, 1//6, 0, 0, 0],
	[24, 21, 11, 23, 10, 25] => QQFieldElem[-2, 0, 0, 0, -2, 0, 0, 0],
	[24, 21, 11, 23, 9, 19] => QQFieldElem[1//14, 0, 0, 0, -1//42, 0, 0, 0],
	[24, 21, 11, 23, 12, 25] => QQFieldElem[1, 0, 0, 0, 0, 0, 0, 0],
	[24, 21, 11, 23, 11, 24] => QQFieldElem[-1, 0, 0, 0, 0, 0, 0, 0],
	[24, 21, 11, 23, 10, 15] => QQFieldElem[2, 0, 0, 0, -2, 0, 0, 0],
	[24, 21, 11, 23, 11, 19] => QQFieldElem[-3//7, 0, 0, 0, -6//7, 0, 0, 0],
	[24, 21, 11, 23, 12, 15] => QQFieldElem[1, 0, 0, 0, -2, 0, 0, 0],
	[24, 21, 11, 23, 9, 25] => QQFieldElem[1//18, 0, 0, 0, 1//18, 0, 0, 0])