Dict(
	[24, 11, 21, 22, 9, 13] => QQFieldElem[1//14, 0, 0, 0, -1//42, 0, 0, 0],
	[24, 11, 21, 22, 10, 23] => QQFieldElem[-2, 0, 0, 0, -2, 0, 0, 0],
	[24, 11, 21, 22, 9, 18] => QQFieldElem[1//6, 0, 0, 0, -1//6, 0, 0, 0],
	[24, 11, 21, 22, 10, 22] => QQFieldElem[-2, 0, 0, 0, 2, 0, 0, 0],
	[24, 11, 21, 22, 11, 13] => QQFieldElem[-3//7, 0, 0, 0, -6//7, 0, 0, 0],
	[24, 11, 21, 22, 12, 23] => QQFieldElem[1, 0, 0, 0, 0, 0, 0, 0],
	[24, 11, 21, 22, 12, 22] => QQFieldElem[1, 0, 0, 0, -2, 0, 0, 0],
	[24, 11, 21, 22, 11, 18] => QQFieldElem[-1, 0, 0, 0, 0, 0, 0, 0],
	[24, 11, 21, 22, 9, 23] => QQFieldElem[1//18, 0, 0, 0, 1//18, 0, 0, 0],
	[24, 11, 21, 22, 9, 22] => QQFieldElem[-1//6, 0, 0, 0, 1//6, 0, 0, 0],
	[24, 11, 21, 22, 11, 23] => QQFieldElem[-1, 0, 0, 0, 2, 0, 0, 0],
	[24, 11, 21, 22, 10, 13] => QQFieldElem[-18//7, 0, 0, 0, 6//7, 0, 0, 0],
	[24, 11, 21, 22, 11, 22] => QQFieldElem[-1, 0, 0, 0, 0, 0, 0, 0],
	[24, 11, 21, 22, 10, 18] => QQFieldElem[2, 0, 0, 0, -2, 0, 0, 0],
	[24, 11, 21, 22, 12, 13] => QQFieldElem[-5//7, 0, 0, 0, 4//7, 0, 0, 0],
	[24, 11, 21, 22, 12, 18] => QQFieldElem[1, 0, 0, 0, -2, 0, 0, 0])