Dict(
	[24, 21, 21, 25, 2, 16] => QQFieldElem[1//6, 0, 0, 0, 0, 0, 0, 0],
	[24, 21, 21, 25, 7, 19] => QQFieldElem[0, 0, 1//18, 0, 0, 0, -1//18, 0],
	[24, 21, 21, 25, 8, 24] => QQFieldElem[0, 0, 0, 0, 0, 0, 0, 0],
	[24, 21, 21, 25, 21, 16] => QQFieldElem[-2, 0, 0, 0, 0, 0, 0, 0],
	[24, 21, 21, 25, 21, 20] => QQFieldElem[0, 0, -1//18, 0, 0, 0, -1//18, 0],
	[24, 21, 21, 25, 2, 20] => QQFieldElem[0, 0, -1//216, 0, 0, 0, -1//216, 0],
	[24, 21, 21, 25, 2, 24] => QQFieldElem[0, 0, 1//216, 0, 0, 0, -1//108, 0],
	[24, 21, 21, 25, 6, 25] => QQFieldElem[-1, 0, 0, 0, 0, 0, 0, 0],
	[24, 21, 21, 25, 4, 16] => QQFieldElem[1//6, 0, 0, 0, 0, 0, 0, 0],
	[24, 21, 21, 25, 4, 20] => QQFieldElem[0, 0, 1//216, 0, 0, 0, 1//216, 0],
	[24, 21, 21, 25, 8, 19] => QQFieldElem[0, 0, 1//18, 0, 0, 0, -1//18, 0],
	[24, 21, 21, 25, 21, 24] => QQFieldElem[0, 0, 0, 0, 0, 0, 0, 0],
	[24, 21, 21, 25, 2, 19] => QQFieldElem[0, 0, 1//216, 0, 0, 0, -1//216, 0],
	[24, 21, 21, 25, 21, 19] => QQFieldElem[0, 0, -1//18, 0, 0, 0, 1//18, 0],
	[24, 21, 21, 25, 4, 24] => QQFieldElem[0, 0, -1//216, 0, 0, 0, 1//108, 0],
	[24, 21, 21, 25, 7, 25] => QQFieldElem[-1, 0, 0, 0, 0, 0, 0, 0],
	[24, 21, 21, 25, 6, 15] => QQFieldElem[1, 0, 0, 0, 0, 0, 0, 0],
	[24, 21, 21, 25, 4, 19] => QQFieldElem[0, 0, -1//216, 0, 0, 0, 1//216, 0],
	[24, 21, 21, 25, 8, 25] => QQFieldElem[0, 0, 0, 0, 0, 0, 0, 0],
	[24, 21, 21, 25, 2, 25] => QQFieldElem[1//12, 0, 0, 0, 0, 0, 0, 0],
	[24, 21, 21, 25, 7, 15] => QQFieldElem[1, 0, 0, 0, 0, 0, 0, 0],
	[24, 21, 21, 25, 21, 25] => QQFieldElem[0, 0, 0, 0, 0, 0, 0, 0],
	[24, 21, 21, 25, 6, 16] => QQFieldElem[2, 0, 0, 0, 0, 0, 0, 0],
	[24, 21, 21, 25, 6, 20] => QQFieldElem[0, 0, 1//18, 0, 0, 0, 1//18, 0],
	[24, 21, 21, 25, 8, 15] => QQFieldElem[1, 0, 0, 0, 0, 0, 0, 0],
	[24, 21, 21, 25, 4, 25] => QQFieldElem[1//12, 0, 0, 0, 0, 0, 0, 0],
	[24, 21, 21, 25, 6, 24] => QQFieldElem[0, 0, 1//18, 0, 0, 0, -1//9, 0],
	[24, 21, 21, 25, 2, 15] => QQFieldElem[1//12, 0, 0, 0, 0, 0, 0, 0],
	[24, 21, 21, 25, 6, 19] => QQFieldElem[0, 0, -1//18, 0, 0, 0, 1//18, 0],
	[24, 21, 21, 25, 21, 15] => QQFieldElem[1, 0, 0, 0, 0, 0, 0, 0],
	[24, 21, 21, 25, 7, 16] => QQFieldElem[2, 0, 0, 0, 0, 0, 0, 0],
	[24, 21, 21, 25, 7, 20] => QQFieldElem[0, 0, -1//18, 0, 0, 0, -1//18, 0],
	[24, 21, 21, 25, 4, 15] => QQFieldElem[1//12, 0, 0, 0, 0, 0, 0, 0],
	[24, 21, 21, 25, 7, 24] => QQFieldElem[0, 0, -1//18, 0, 0, 0, 1//9, 0],
	[24, 21, 21, 25, 8, 16] => QQFieldElem[-2, 0, 0, 0, 0, 0, 0, 0],
	[24, 21, 21, 25, 8, 20] => QQFieldElem[0, 0, 1//18, 0, 0, 0, 1//18, 0])