Dict(
	[24, 21, 9, 23, 9, 16] => QQFieldElem[-1//6, 0, 0, 0, 1//6, 0, 0, 0],
	[24, 21, 9, 23, 9, 20] => QQFieldElem[3//14, 0, 0, 0, -1//14, 0, 0, 0],
	[24, 21, 9, 23, 9, 24] => QQFieldElem[1//6, 0, 0, 0, -1//6, 0, 0, 0],
	[24, 21, 9, 23, 10, 25] => QQFieldElem[-2//3, 0, 0, 0, -2//3, 0, 0, 0],
	[24, 21, 9, 23, 11, 16] => QQFieldElem[-1, 0, 0, 0, 0, 0, 0, 0],
	[24, 21, 9, 23, 11, 20] => QQFieldElem[-3//7, 0, 0, 0, -6//7, 0, 0, 0],
	[24, 21, 9, 23, 12, 25] => QQFieldElem[-1//3, 0, 0, 0, -4//3, 0, 0, 0],
	[24, 21, 9, 23, 11, 24] => QQFieldElem[-1, 0, 0, 0, 0, 0, 0, 0],
	[24, 21, 9, 23, 9, 25] => QQFieldElem[1//6, 0, 0, 0, 1//6, 0, 0, 0],
	[24, 21, 9, 23, 10, 16] => QQFieldElem[-2, 0, 0, 0, 2, 0, 0, 0],
	[24, 21, 9, 23, 10, 20] => QQFieldElem[-6//7, 0, 0, 0, 2//7, 0, 0, 0],
	[24, 21, 9, 23, 11, 25] => QQFieldElem[-1, 0, 0, 0, 2, 0, 0, 0],
	[24, 21, 9, 23, 12, 16] => QQFieldElem[-3, 0, 0, 0, 2, 0, 0, 0],
	[24, 21, 9, 23, 12, 20] => QQFieldElem[1, 0, 0, 0, 0, 0, 0, 0],
	[24, 21, 9, 23, 10, 24] => QQFieldElem[2, 0, 0, 0, -2, 0, 0, 0],
	[24, 21, 9, 23, 12, 24] => QQFieldElem[-3, 0, 0, 0, 2, 0, 0, 0])