Dict(
	[24, 11, 11, 25, 2, 23] => QQFieldElem[1//9, 0, 0, 0, 0, 0, 0, 0],
	[24, 11, 11, 25, 2, 22] => QQFieldElem[1//18, 0, 0, 0, 0, 0, 0, 0],
	[24, 11, 11, 25, 21, 23] => QQFieldElem[-1, 0, 0, 0, 0, 0, 0, 0],
	[24, 11, 11, 25, 21, 22] => QQFieldElem[1, 0, 0, 0, 0, 0, 0, 0],
	[24, 11, 11, 25, 7, 13] => QQFieldElem[2, 0, 0, 0, 0, 0, 0, 0],
	[24, 11, 11, 25, 7, 18] => QQFieldElem[-4, 0, 0, 0, 0, 0, 0, 0],
	[24, 11, 11, 25, 8, 13] => QQFieldElem[1, 0, 0, 0, 0, 0, 0, 0],
	[24, 11, 11, 25, 8, 18] => QQFieldElem[1, 0, 0, 0, 0, 0, 0, 0],
	[24, 11, 11, 25, 2, 13] => QQFieldElem[1//18, 0, 0, 0, 0, 0, 0, 0],
	[24, 11, 11, 25, 21, 13] => QQFieldElem[1, 0, 0, 0, 0, 0, 0, 0],
	[24, 11, 11, 25, 2, 18] => QQFieldElem[-1//9, 0, 0, 0, 0, 0, 0, 0],
	[24, 11, 11, 25, 21, 18] => QQFieldElem[1, 0, 0, 0, 0, 0, 0, 0],
	[24, 11, 11, 25, 7, 23] => QQFieldElem[-4, 0, 0, 0, 0, 0, 0, 0],
	[24, 11, 11, 25, 7, 22] => QQFieldElem[-2, 0, 0, 0, 0, 0, 0, 0],
	[24, 11, 11, 25, 8, 23] => QQFieldElem[1, 0, 0, 0, 0, 0, 0, 0],
	[24, 11, 11, 25, 8, 22] => QQFieldElem[-1, 0, 0, 0, 0, 0, 0, 0])