Dict(
	[24, 9, 22, 21, 25, 18] => QQFieldElem[0, 0, 1, 0, 0, 0, 1, 0],
	[24, 9, 22, 21, 16, 22] => QQFieldElem[0, 0, -2//3, 0, 0, 0, 4//3, 0],
	[24, 9, 22, 21, 24, 13] => QQFieldElem[0, 0, -5//3, 0, 0, 0, 1//3, 0],
	[24, 9, 22, 21, 24, 18] => QQFieldElem[0, 0, -1, 0, 0, 0, 3, 0],
	[24, 9, 22, 21, 25, 23] => QQFieldElem[0, 0, 8//7, 0, 0, 0, 2//7, 0],
	[24, 9, 22, 21, 25, 22] => QQFieldElem[0, 0, 0, 0, 0, 0, -2, 0],
	[24, 9, 22, 21, 20, 13] => QQFieldElem[0, 0, -4//3, 0, 0, 0, 2//3, 0],
	[24, 9, 22, 21, 16, 13] => QQFieldElem[0, 0, 2//3, 0, 0, 0, -1//3, 0],
	[24, 9, 22, 21, 20, 18] => QQFieldElem[0, 0, 0, 0, 0, 0, -2, 0],
	[24, 9, 22, 21, 16, 18] => QQFieldElem[0, 0, 0, 0, 0, 0, 1, 0],
	[24, 9, 22, 21, 24, 23] => QQFieldElem[0, 0, 0, 0, 0, 0, -2, 0],
	[24, 9, 22, 21, 24, 22] => QQFieldElem[0, 0, -8//3, 0, 0, 0, 10//3, 0],
	[24, 9, 22, 21, 25, 13] => QQFieldElem[0, 0, -1, 0, 0, 0, 1, 0],
	[24, 9, 22, 21, 20, 23] => QQFieldElem[0, 0, 4//7, 0, 0, 0, 8//7, 0],
	[24, 9, 22, 21, 20, 22] => QQFieldElem[0, 0, -4//3, 0, 0, 0, 8//3, 0],
	[24, 9, 22, 21, 16, 23] => QQFieldElem[0, 0, 2//7, 0, 0, 0, 4//7, 0])