Dict(
	[24, 25, 9, 10, 22, 8] => QQFieldElem[1//3, 0, 0, 0, 0, 0, 0, 0],
	[24, 25, 9, 10, 23, 8] => QQFieldElem[1//6, 0, 0, 0, 0, 0, 0, 0],
	[24, 25, 9, 10, 14, 21] => QQFieldElem[0, 0, 8//7, 0, 0, 0, 2//7, 0],
	[24, 25, 9, 10, 14, 2] => QQFieldElem[0, 0, 0, 0, 0, 0, 3, 0],
	[24, 25, 9, 10, 17, 8] => QQFieldElem[1//6, 0, 0, 0, -1//3, 0, 0, 0],
	[24, 25, 9, 10, 22, 7] => QQFieldElem[-1//12, 0, 0, 0, 1//6, 0, 0, 0],
	[24, 25, 9, 10, 23, 7] => QQFieldElem[1//12, 0, 0, 0, -1//6, 0, 0, 0],
	[24, 25, 9, 10, 14, 8] => QQFieldElem[0, 0, 0, 0, 0, 0, -2, 0],
	[24, 25, 9, 10, 17, 7] => QQFieldElem[1//4, 0, 0, 0, 0, 0, 0, 0],
	[24, 25, 9, 10, 22, 21] => QQFieldElem[5//21, 0, 0, 0, -4//21, 0, 0, 0],
	[24, 25, 9, 10, 22, 2] => QQFieldElem[-1//2, 0, 0, 0, 0, 0, 0, 0],
	[24, 25, 9, 10, 23, 21] => QQFieldElem[5//42, 0, 0, 0, -2//21, 0, 0, 0],
	[24, 25, 9, 10, 23, 2] => QQFieldElem[1//2, 0, 0, 0, 0, 0, 0, 0],
	[24, 25, 9, 10, 17, 21] => QQFieldElem[1//14, 0, 0, 0, 1//7, 0, 0, 0],
	[24, 25, 9, 10, 17, 2] => QQFieldElem[1//2, 0, 0, 0, -1, 0, 0, 0],
	[24, 25, 9, 10, 14, 7] => QQFieldElem[0, 0, -1, 0, 0, 0, 1//2, 0])