Dict(
	[24, 12, 24, 10, 14, 17] => QQFieldElem[0, 0, 1//9, 0, 0, 0, 1//9, 0],
	[24, 12, 24, 10, 14, 23] => QQFieldElem[0, 0, -8//9, 0, 0, 0, 4//9, 0],
	[24, 12, 24, 10, 14, 22] => QQFieldElem[0, 0, 0, 0, 0, 0, -4//9, 0],
	[24, 12, 24, 10, 14, 14] => QQFieldElem[0, 0, 1//3, 0, 0, 0, -1//3, 0],
	[24, 12, 24, 10, 22, 17] => QQFieldElem[0, 0, 0, 0, 0, 0, 1, 0],
	[24, 12, 24, 10, 22, 23] => QQFieldElem[0, 0, 2, 0, 0, 0, 0, 0],
	[24, 12, 24, 10, 22, 22] => QQFieldElem[0, 0, -2//3, 0, 0, 0, 4//3, 0],
	[24, 12, 24, 10, 23, 17] => QQFieldElem[0, 0, -2//3, 0, 0, 0, 1//3, 0],
	[24, 12, 24, 10, 23, 23] => QQFieldElem[0, 0, -2//3, 0, 0, 0, 4//3, 0],
	[24, 12, 24, 10, 23, 22] => QQFieldElem[0, 0, 2, 0, 0, 0, 0, 0],
	[24, 12, 24, 10, 17, 17] => QQFieldElem[0, 0, 2//3, 0, 0, 0, 2//3, 0],
	[24, 12, 24, 10, 17, 23] => QQFieldElem[0, 0, -16//3, 0, 0, 0, 8//3, 0],
	[24, 12, 24, 10, 22, 14] => QQFieldElem[0, 0, 2, 0, 0, 0, -1, 0],
	[24, 12, 24, 10, 17, 22] => QQFieldElem[0, 0, 0, 0, 0, 0, 8, 0],
	[24, 12, 24, 10, 23, 14] => QQFieldElem[0, 0, 0, 0, 0, 0, -3, 0],
	[24, 12, 24, 10, 17, 14] => QQFieldElem[0, 0, -6, 0, 0, 0, 6, 0])