Dict(
	[24, 24, 11, 11, 13, 1] => QQFieldElem[0, 0, 0, 0, 0, 0, -3, 0],
	[24, 24, 11, 11, 13, 6] => QQFieldElem[0, 0, -8//7, 0, 0, 0, 10//7, 0],
	[24, 24, 11, 11, 22, 21] => QQFieldElem[-1//6, 0, 0, 0, 1//3, 0, 0, 0],
	[24, 24, 11, 11, 23, 21] => QQFieldElem[1//6, 0, 0, 0, 0, 0, 0, 0],
	[24, 24, 11, 11, 22, 5] => QQFieldElem[1//4, 0, 0, 0, 0, 0, 0, 0],
	[24, 24, 11, 11, 18, 21] => QQFieldElem[1//3, 0, 0, 0, 0, 0, 0, 0],
	[24, 24, 11, 11, 23, 5] => QQFieldElem[-1//12, 0, 0, 0, 1//6, 0, 0, 0],
	[24, 24, 11, 11, 22, 1] => QQFieldElem[1//2, 0, 0, 0, -1, 0, 0, 0],
	[24, 24, 11, 11, 18, 5] => QQFieldElem[1//12, 0, 0, 0, -1//6, 0, 0, 0],
	[24, 24, 11, 11, 13, 21] => QQFieldElem[0, 0, 0, 0, 0, 0, -2, 0],
	[24, 24, 11, 11, 22, 6] => QQFieldElem[3//14, 0, 0, 0, -1//7, 0, 0, 0],
	[24, 24, 11, 11, 23, 1] => QQFieldElem[-1//2, 0, 0, 0, 0, 0, 0, 0],
	[24, 24, 11, 11, 23, 6] => QQFieldElem[1//42, 0, 0, 0, 2//21, 0, 0, 0],
	[24, 24, 11, 11, 18, 1] => QQFieldElem[1//2, 0, 0, 0, 0, 0, 0, 0],
	[24, 24, 11, 11, 13, 5] => QQFieldElem[0, 0, 1, 0, 0, 0, -1//2, 0],
	[24, 24, 11, 11, 18, 6] => QQFieldElem[1//21, 0, 0, 0, 4//21, 0, 0, 0])