Dict(
	[24, 12, 23, 21, 19, 17] => QQFieldElem[0, 0, 0, 0, 0, 0, 2, 0],
	[24, 12, 23, 21, 25, 17] => QQFieldElem[0, 0, 1, 0, 0, 0, -1, 0],
	[24, 12, 23, 21, 19, 23] => QQFieldElem[0, 0, 4, 0, 0, 0, 0, 0],
	[24, 12, 23, 21, 25, 23] => QQFieldElem[0, 0, 0, 0, 0, 0, 2, 0],
	[24, 12, 23, 21, 19, 22] => QQFieldElem[0, 0, -4, 0, 0, 0, 0, 0],
	[24, 12, 23, 21, 25, 22] => QQFieldElem[0, 0, 0, 0, 0, 0, 2, 0],
	[24, 12, 23, 21, 19, 14] => QQFieldElem[0, 0, -4, 0, 0, 0, 2, 0],
	[24, 12, 23, 21, 25, 14] => QQFieldElem[0, 0, -1, 0, 0, 0, -1, 0],
	[24, 12, 23, 21, 24, 17] => QQFieldElem[0, 0, -1, 0, 0, 0, 1, 0],
	[24, 12, 23, 21, 24, 23] => QQFieldElem[0, 0, 0, 0, 0, 0, 2, 0],
	[24, 12, 23, 21, 24, 22] => QQFieldElem[0, 0, 0, 0, 0, 0, 2, 0],
	[24, 12, 23, 21, 15, 17] => QQFieldElem[0, 0, 0, 0, 0, 0, 1//3, 0],
	[24, 12, 23, 21, 15, 23] => QQFieldElem[0, 0, -2//3, 0, 0, 0, 0, 0],
	[24, 12, 23, 21, 15, 22] => QQFieldElem[0, 0, 2//3, 0, 0, 0, 0, 0],
	[24, 12, 23, 21, 24, 14] => QQFieldElem[0, 0, 1, 0, 0, 0, 1, 0],
	[24, 12, 23, 21, 15, 14] => QQFieldElem[0, 0, -2//3, 0, 0, 0, 1//3, 0])