Dict(
	[24, 24, 23, 22, 10, 3] => QQFieldElem[5//28, 0, 0, 0, -1//7, 0, 0, 0],
	[24, 24, 23, 22, 11, 5] => QQFieldElem[-1//12, 0, 0, 0, 1//6, 0, 0, 0],
	[24, 24, 23, 22, 10, 7] => QQFieldElem[1//4, 0, 0, 0, 0, 0, 0, 0],
	[24, 24, 23, 22, 12, 3] => QQFieldElem[1//28, 0, 0, 0, 1//14, 0, 0, 0],
	[24, 24, 23, 22, 12, 7] => QQFieldElem[-1//12, 0, 0, 0, 1//6, 0, 0, 0],
	[24, 24, 23, 22, 10, 21] => QQFieldElem[1//28, 0, 0, 0, 1//7, 0, 0, 0],
	[24, 24, 23, 22, 9, 3] => QQFieldElem[3//7, 0, 0, 0, 6//7, 0, 0, 0],
	[24, 24, 23, 22, 12, 21] => QQFieldElem[3//28, 0, 0, 0, -1//14, 0, 0, 0],
	[24, 24, 23, 22, 9, 7] => QQFieldElem[1, 0, 0, 0, -2, 0, 0, 0],
	[24, 24, 23, 22, 10, 5] => QQFieldElem[1//4, 0, 0, 0, 0, 0, 0, 0],
	[24, 24, 23, 22, 11, 3] => QQFieldElem[1//28, 0, 0, 0, 1//14, 0, 0, 0],
	[24, 24, 23, 22, 11, 7] => QQFieldElem[1//12, 0, 0, 0, -1//6, 0, 0, 0],
	[24, 24, 23, 22, 12, 5] => QQFieldElem[1//12, 0, 0, 0, -1//6, 0, 0, 0],
	[24, 24, 23, 22, 9, 21] => QQFieldElem[-9//7, 0, 0, 0, 6//7, 0, 0, 0],
	[24, 24, 23, 22, 11, 21] => QQFieldElem[3//28, 0, 0, 0, -1//14, 0, 0, 0],
	[24, 24, 23, 22, 9, 5] => QQFieldElem[1, 0, 0, 0, -2, 0, 0, 0])