Dict(
	[25, 24, 11, 12, 23, 21] => QQFieldElem[1//6, 0, 0, 0, 0, 0, 0, 0],
	[25, 24, 11, 12, 23, 2] => QQFieldElem[-1//2, 0, 0, 0, 0, 0, 0, 0],
	[25, 24, 11, 12, 13, 7] => QQFieldElem[0, 0, 1, 0, 0, 0, -1//2, 0],
	[25, 24, 11, 12, 18, 21] => QQFieldElem[-1//6, 0, 0, 0, 1//3, 0, 0, 0],
	[25, 24, 11, 12, 18, 2] => QQFieldElem[1//2, 0, 0, 0, -1, 0, 0, 0],
	[25, 24, 11, 12, 22, 8] => QQFieldElem[1//21, 0, 0, 0, 4//21, 0, 0, 0],
	[25, 24, 11, 12, 13, 21] => QQFieldElem[0, 0, 0, 0, 0, 0, -2, 0],
	[25, 24, 11, 12, 23, 8] => QQFieldElem[1//42, 0, 0, 0, 2//21, 0, 0, 0],
	[25, 24, 11, 12, 13, 2] => QQFieldElem[0, 0, 0, 0, 0, 0, -3, 0],
	[25, 24, 11, 12, 18, 8] => QQFieldElem[3//14, 0, 0, 0, -1//7, 0, 0, 0],
	[25, 24, 11, 12, 22, 7] => QQFieldElem[1//12, 0, 0, 0, -1//6, 0, 0, 0],
	[25, 24, 11, 12, 13, 8] => QQFieldElem[0, 0, -8//7, 0, 0, 0, 10//7, 0],
	[25, 24, 11, 12, 23, 7] => QQFieldElem[-1//12, 0, 0, 0, 1//6, 0, 0, 0],
	[25, 24, 11, 12, 18, 7] => QQFieldElem[1//4, 0, 0, 0, 0, 0, 0, 0],
	[25, 24, 11, 12, 22, 21] => QQFieldElem[1//3, 0, 0, 0, 0, 0, 0, 0],
	[25, 24, 11, 12, 22, 2] => QQFieldElem[1//2, 0, 0, 0, 0, 0, 0, 0])