Dict(
	[25, 24, 10, 11, 22, 8] => QQFieldElem[-1//3, 0, 0, 0, 0, 0, 0, 0],
	[25, 24, 10, 11, 14, 4] => QQFieldElem[0, 0, 4, 0, 0, 0, -2, 0],
	[25, 24, 10, 11, 23, 8] => QQFieldElem[1//6, 0, 0, 0, 0, 0, 0, 0],
	[25, 24, 10, 11, 22, 6] => QQFieldElem[1//4, 0, 0, 0, 0, 0, 0, 0],
	[25, 24, 10, 11, 14, 21] => QQFieldElem[0, 0, 0, 0, 0, 0, -12//7, 0],
	[25, 24, 10, 11, 17, 8] => QQFieldElem[1//6, 0, 0, 0, 0, 0, 0, 0],
	[25, 24, 10, 11, 23, 6] => QQFieldElem[1//4, 0, 0, 0, 0, 0, 0, 0],
	[25, 24, 10, 11, 17, 6] => QQFieldElem[-1//4, 0, 0, 0, 0, 0, 0, 0],
	[25, 24, 10, 11, 14, 8] => QQFieldElem[0, 0, 0, 0, 0, 0, -4, 0],
	[25, 24, 10, 11, 22, 4] => QQFieldElem[1//6, 0, 0, 0, -1//3, 0, 0, 0],
	[25, 24, 10, 11, 14, 6] => QQFieldElem[0, 0, 0, 0, 0, 0, -3, 0],
	[25, 24, 10, 11, 22, 21] => QQFieldElem[1//7, 0, 0, 0, 0, 0, 0, 0],
	[25, 24, 10, 11, 23, 4] => QQFieldElem[1//6, 0, 0, 0, -1//3, 0, 0, 0],
	[25, 24, 10, 11, 23, 21] => QQFieldElem[-1//14, 0, 0, 0, 0, 0, 0, 0],
	[25, 24, 10, 11, 17, 4] => QQFieldElem[1//6, 0, 0, 0, -1//3, 0, 0, 0],
	[25, 24, 10, 11, 17, 21] => QQFieldElem[1//14, 0, 0, 0, 0, 0, 0, 0])