Dict(
	[25, 23, 21, 9, 17, 9] => QQFieldElem[3//8, 0, 0, 0, -3//8, 0, 0, 0],
	[25, 23, 21, 9, 14, 12] => QQFieldElem[1//8, 0, 0, 0, 0, 0, 0, 0],
	[25, 23, 21, 9, 14, 11] => QQFieldElem[-1//8, 0, 0, 0, 1//4, 0, 0, 0],
	[25, 23, 21, 9, 22, 10] => QQFieldElem[3//16, 0, 0, 0, -1//16, 0, 0, 0],
	[25, 23, 21, 9, 14, 9] => QQFieldElem[3//8, 0, 0, 0, 3//8, 0, 0, 0],
	[25, 23, 21, 9, 23, 10] => QQFieldElem[-1//16, 0, 0, 0, 1//16, 0, 0, 0],
	[25, 23, 21, 9, 17, 10] => QQFieldElem[1//16, 0, 0, 0, 1//16, 0, 0, 0],
	[25, 23, 21, 9, 22, 12] => QQFieldElem[1//8, 0, 0, 0, 1//4, 0, 0, 0],
	[25, 23, 21, 9, 23, 12] => QQFieldElem[1//8, 0, 0, 0, 0, 0, 0, 0],
	[25, 23, 21, 9, 14, 10] => QQFieldElem[1//16, 0, 0, 0, -1//16, 0, 0, 0],
	[25, 23, 21, 9, 22, 11] => QQFieldElem[5//24, 0, 0, 0, -1//6, 0, 0, 0],
	[25, 23, 21, 9, 17, 12] => QQFieldElem[1//8, 0, 0, 0, -1//4, 0, 0, 0],
	[25, 23, 21, 9, 22, 9] => QQFieldElem[1//8, 0, 0, 0, -5//8, 0, 0, 0],
	[25, 23, 21, 9, 23, 11] => QQFieldElem[-1//8, 0, 0, 0, 1//4, 0, 0, 0],
	[25, 23, 21, 9, 23, 9] => QQFieldElem[-3//8, 0, 0, 0, -3//8, 0, 0, 0],
	[25, 23, 21, 9, 17, 11] => QQFieldElem[-1//8, 0, 0, 0, 0, 0, 0, 0])