Dict(
	[25, 21, 12, 23, 9, 24] => QQFieldElem[1//18, 0, 0, 0, 1//18, 0, 0, 0],
	[25, 21, 12, 23, 10, 25] => QQFieldElem[-2, 0, 0, 0, 2, 0, 0, 0],
	[25, 21, 12, 23, 11, 16] => QQFieldElem[-5//7, 0, 0, 0, 4//7, 0, 0, 0],
	[25, 21, 12, 23, 11, 20] => QQFieldElem[1, 0, 0, 0, -2, 0, 0, 0],
	[25, 21, 12, 23, 12, 25] => QQFieldElem[-1, 0, 0, 0, 0, 0, 0, 0],
	[25, 21, 12, 23, 11, 24] => QQFieldElem[1, 0, 0, 0, 0, 0, 0, 0],
	[25, 21, 12, 23, 9, 25] => QQFieldElem[-1//6, 0, 0, 0, 1//6, 0, 0, 0],
	[25, 21, 12, 23, 10, 16] => QQFieldElem[-18//7, 0, 0, 0, 6//7, 0, 0, 0],
	[25, 21, 12, 23, 10, 20] => QQFieldElem[2, 0, 0, 0, -2, 0, 0, 0],
	[25, 21, 12, 23, 11, 25] => QQFieldElem[1, 0, 0, 0, -2, 0, 0, 0],
	[25, 21, 12, 23, 12, 16] => QQFieldElem[-3//7, 0, 0, 0, -6//7, 0, 0, 0],
	[25, 21, 12, 23, 12, 20] => QQFieldElem[-1, 0, 0, 0, 0, 0, 0, 0],
	[25, 21, 12, 23, 10, 24] => QQFieldElem[-2, 0, 0, 0, -2, 0, 0, 0],
	[25, 21, 12, 23, 12, 24] => QQFieldElem[-1, 0, 0, 0, 2, 0, 0, 0],
	[25, 21, 12, 23, 9, 16] => QQFieldElem[1//14, 0, 0, 0, -1//42, 0, 0, 0],
	[25, 21, 12, 23, 9, 20] => QQFieldElem[1//6, 0, 0, 0, -1//6, 0, 0, 0])