Dict(
	[25, 9, 25, 11, 22, 23] => QQFieldElem[0, 0, -30//49, 0, 0, 0, 48//49, 0],
	[25, 9, 25, 11, 22, 22] => QQFieldElem[0, 0, -2//3, 0, 0, 0, 4//3, 0],
	[25, 9, 25, 11, 23, 17] => QQFieldElem[0, 0, -2//3, 0, 0, 0, 13//3, 0],
	[25, 9, 25, 11, 23, 23] => QQFieldElem[0, 0, 142//147, 0, 0, 0, -188//147, 0],
	[25, 9, 25, 11, 23, 22] => QQFieldElem[0, 0, -10//3, 0, 0, 0, 16//3, 0],
	[25, 9, 25, 11, 17, 17] => QQFieldElem[0, 0, 2//3, 0, 0, 0, 2//3, 0],
	[25, 9, 25, 11, 17, 23] => QQFieldElem[0, 0, -16//147, 0, 0, 0, 104//147, 0],
	[25, 9, 25, 11, 22, 14] => QQFieldElem[0, 0, -2//3, 0, 0, 0, 1//3, 0],
	[25, 9, 25, 11, 17, 22] => QQFieldElem[0, 0, 0, 0, 0, 0, -8//3, 0],
	[25, 9, 25, 11, 23, 14] => QQFieldElem[0, 0, -8//3, 0, 0, 0, 1, 0],
	[25, 9, 25, 11, 17, 14] => QQFieldElem[0, 0, -2//3, 0, 0, 0, 2//3, 0],
	[25, 9, 25, 11, 14, 17] => QQFieldElem[0, 0, 1, 0, 0, 0, 1, 0],
	[25, 9, 25, 11, 14, 23] => QQFieldElem[0, 0, -8//49, 0, 0, 0, 52//49, 0],
	[25, 9, 25, 11, 14, 22] => QQFieldElem[0, 0, 0, 0, 0, 0, 4//3, 0],
	[25, 9, 25, 11, 14, 14] => QQFieldElem[0, 0, 1//3, 0, 0, 0, -1//3, 0],
	[25, 9, 25, 11, 22, 17] => QQFieldElem[0, 0, 0, 0, 0, 0, -3, 0])