Dict(
	[25, 21, 22, 9, 22, 16] => QQFieldElem[0, 0, 1, 0, 0, 0, -2, 0],
	[25, 21, 22, 9, 22, 20] => QQFieldElem[0, 0, 1, 0, 0, 0, 0, 0],
	[25, 21, 22, 9, 14, 25] => QQFieldElem[0, 0, -2//3, 0, 0, 0, 2//3, 0],
	[25, 21, 22, 9, 23, 16] => QQFieldElem[0, 0, -1, 0, 0, 0, 2, 0],
	[25, 21, 22, 9, 23, 20] => QQFieldElem[0, 0, -1, 0, 0, 0, 0, 0],
	[25, 21, 22, 9, 22, 24] => QQFieldElem[0, 0, 0, 0, 0, 0, 2, 0],
	[25, 21, 22, 9, 17, 16] => QQFieldElem[0, 0, -4, 0, 0, 0, 2, 0],
	[25, 21, 22, 9, 23, 24] => QQFieldElem[0, 0, 0, 0, 0, 0, 2, 0],
	[25, 21, 22, 9, 17, 20] => QQFieldElem[0, 0, 0, 0, 0, 0, 2, 0],
	[25, 21, 22, 9, 17, 24] => QQFieldElem[0, 0, -4, 0, 0, 0, 4, 0],
	[25, 21, 22, 9, 14, 16] => QQFieldElem[0, 0, -2//3, 0, 0, 0, 1//3, 0],
	[25, 21, 22, 9, 14, 20] => QQFieldElem[0, 0, 0, 0, 0, 0, 1//3, 0],
	[25, 21, 22, 9, 22, 25] => QQFieldElem[0, 0, 0, 0, 0, 0, 2, 0],
	[25, 21, 22, 9, 14, 24] => QQFieldElem[0, 0, 2//3, 0, 0, 0, -2//3, 0],
	[25, 21, 22, 9, 23, 25] => QQFieldElem[0, 0, 0, 0, 0, 0, 2, 0],
	[25, 21, 22, 9, 17, 25] => QQFieldElem[0, 0, 4, 0, 0, 0, -4, 0])