Dict(
	[25, 22, 11, 21, 24, 10] => QQFieldElem[-1//16, 0, 0, 0, 1//16, 0, 0, 0],
	[25, 22, 11, 21, 19, 12] => QQFieldElem[-1//8, 0, 0, 0, 0, 0, 0, 0],
	[25, 22, 11, 21, 25, 12] => QQFieldElem[5//24, 0, 0, 0, -1//6, 0, 0, 0],
	[25, 22, 11, 21, 15, 10] => QQFieldElem[1//16, 0, 0, 0, -1//16, 0, 0, 0],
	[25, 22, 11, 21, 19, 11] => QQFieldElem[1//8, 0, 0, 0, -1//4, 0, 0, 0],
	[25, 22, 11, 21, 25, 11] => QQFieldElem[1//8, 0, 0, 0, 1//4, 0, 0, 0],
	[25, 22, 11, 21, 19, 9] => QQFieldElem[3//8, 0, 0, 0, -3//8, 0, 0, 0],
	[25, 22, 11, 21, 25, 9] => QQFieldElem[1//8, 0, 0, 0, -5//8, 0, 0, 0],
	[25, 22, 11, 21, 24, 12] => QQFieldElem[-1//8, 0, 0, 0, 1//4, 0, 0, 0],
	[25, 22, 11, 21, 15, 12] => QQFieldElem[-1//8, 0, 0, 0, 1//4, 0, 0, 0],
	[25, 22, 11, 21, 24, 11] => QQFieldElem[1//8, 0, 0, 0, 0, 0, 0, 0],
	[25, 22, 11, 21, 24, 9] => QQFieldElem[-3//8, 0, 0, 0, -3//8, 0, 0, 0],
	[25, 22, 11, 21, 15, 11] => QQFieldElem[1//8, 0, 0, 0, 0, 0, 0, 0],
	[25, 22, 11, 21, 15, 9] => QQFieldElem[3//8, 0, 0, 0, 3//8, 0, 0, 0],
	[25, 22, 11, 21, 19, 10] => QQFieldElem[1//16, 0, 0, 0, 1//16, 0, 0, 0],
	[25, 22, 11, 21, 25, 10] => QQFieldElem[3//16, 0, 0, 0, -1//16, 0, 0, 0])