Dict(
	[25, 25, 21, 21, 24, 3] => QQFieldElem[0, 0, 9//2, 0, 0, 0, -9//2, 0],
	[25, 25, 21, 21, 20, 1] => QQFieldElem[0, 0, -9//2, 0, 0, 0, -9//2, 0],
	[25, 25, 21, 21, 19, 21] => QQFieldElem[0, 0, 0, 0, 0, 0, 0, 0],
	[25, 25, 21, 21, 15, 3] => QQFieldElem[0, 0, 3, 0, 0, 0, -3//2, 0],
	[25, 25, 21, 21, 16, 1] => QQFieldElem[0, 0, 6, 0, 0, 0, -3, 0],
	[25, 25, 21, 21, 25, 21] => QQFieldElem[0, 0, 0, 0, 0, 0, 0, 0],
	[25, 25, 21, 21, 20, 6] => QQFieldElem[0, 0, -9//4, 0, 0, 0, 9//4, 0],
	[25, 25, 21, 21, 24, 7] => QQFieldElem[0, 0, -3//2, 0, 0, 0, -3//2, 0],
	[25, 25, 21, 21, 16, 6] => QQFieldElem[0, 0, 0, 0, 0, 0, -3//2, 0],
	[25, 25, 21, 21, 15, 7] => QQFieldElem[0, 0, 0, 0, 0, 0, 3//2, 0],
	[25, 25, 21, 21, 19, 5] => QQFieldElem[0, 0, -3//2, 0, 0, 0, 3, 0],
	[25, 25, 21, 21, 20, 3] => QQFieldElem[0, 0, 9//2, 0, 0, 0, 9//2, 0],
	[25, 25, 21, 21, 25, 5] => QQFieldElem[1//4, 0, 0, 0, 0, 0, 0, 0],
	[25, 25, 21, 21, 16, 3] => QQFieldElem[0, 0, 6, 0, 0, 0, -3, 0],
	[25, 25, 21, 21, 24, 21] => QQFieldElem[0, 0, 3//2, 0, 0, 0, 3//2, 0],
	[25, 25, 21, 21, 20, 7] => QQFieldElem[0, 0, -9//2, 0, 0, 0, 9//2, 0],
	[25, 25, 21, 21, 15, 21] => QQFieldElem[0, 0, 0, 0, 0, 0, 3//2, 0],
	[25, 25, 21, 21, 16, 7] => QQFieldElem[0, 0, 0, 0, 0, 0, -3, 0],
	[25, 25, 21, 21, 19, 1] => QQFieldElem[0, 0, -9, 0, 0, 0, 0, 0],
	[25, 25, 21, 21, 25, 1] => QQFieldElem[1//2, 0, 0, 0, -1, 0, 0, 0],
	[25, 25, 21, 21, 24, 5] => QQFieldElem[0, 0, -3//4, 0, 0, 0, -3//4, 0],
	[25, 25, 21, 21, 25, 6] => QQFieldElem[1//4, 0, 0, 0, 0, 0, 0, 0],
	[25, 25, 21, 21, 19, 6] => QQFieldElem[0, 0, 3//2, 0, 0, 0, -3, 0],
	[25, 25, 21, 21, 15, 5] => QQFieldElem[0, 0, 0, 0, 0, 0, -3//4, 0],
	[25, 25, 21, 21, 20, 21] => QQFieldElem[0, 0, 9//2, 0, 0, 0, -9//2, 0],
	[25, 25, 21, 21, 16, 21] => QQFieldElem[0, 0, 0, 0, 0, 0, -3, 0],
	[25, 25, 21, 21, 19, 3] => QQFieldElem[0, 0, 9, 0, 0, 0, 0, 0],
	[25, 25, 21, 21, 25, 3] => QQFieldElem[1//2, 0, 0, 0, -1, 0, 0, 0],
	[25, 25, 21, 21, 24, 1] => QQFieldElem[0, 0, -9//2, 0, 0, 0, 9//2, 0],
	[25, 25, 21, 21, 19, 7] => QQFieldElem[0, 0, 0, 0, 0, 0, 0, 0],
	[25, 25, 21, 21, 24, 6] => QQFieldElem[0, 0, 3//4, 0, 0, 0, 3//4, 0],
	[25, 25, 21, 21, 15, 1] => QQFieldElem[0, 0, 3, 0, 0, 0, -3//2, 0],
	[25, 25, 21, 21, 25, 7] => QQFieldElem[0, 0, 0, 0, 0, 0, 0, 0],
	[25, 25, 21, 21, 16, 5] => QQFieldElem[0, 0, 0, 0, 0, 0, -3//2, 0],
	[25, 25, 21, 21, 20, 5] => QQFieldElem[0, 0, 9//4, 0, 0, 0, -9//4, 0],
	[25, 25, 21, 21, 15, 6] => QQFieldElem[0, 0, 0, 0, 0, 0, -3//4, 0])