Dict(
	[25, 24, 11, 10, 13, 8] => QQFieldElem[0, 0, 0, 0, 0, 0, -4, 0],
	[25, 24, 11, 10, 13, 6] => QQFieldElem[0, 0, 0, 0, 0, 0, -1, 0],
	[25, 24, 11, 10, 22, 4] => QQFieldElem[1//2, 0, 0, 0, -1, 0, 0, 0],
	[25, 24, 11, 10, 22, 21] => QQFieldElem[-1//3, 0, 0, 0, 0, 0, 0, 0],
	[25, 24, 11, 10, 23, 4] => QQFieldElem[1//2, 0, 0, 0, -1, 0, 0, 0],
	[25, 24, 11, 10, 23, 21] => QQFieldElem[1//6, 0, 0, 0, 0, 0, 0, 0],
	[25, 24, 11, 10, 18, 4] => QQFieldElem[-1//2, 0, 0, 0, 1, 0, 0, 0],
	[25, 24, 11, 10, 18, 21] => QQFieldElem[-1//6, 0, 0, 0, 0, 0, 0, 0],
	[25, 24, 11, 10, 22, 8] => QQFieldElem[1//3, 0, 0, 0, 0, 0, 0, 0],
	[25, 24, 11, 10, 13, 4] => QQFieldElem[0, 0, 12, 0, 0, 0, -6, 0],
	[25, 24, 11, 10, 13, 21] => QQFieldElem[0, 0, 0, 0, 0, 0, -4, 0],
	[25, 24, 11, 10, 23, 8] => QQFieldElem[-1//6, 0, 0, 0, 0, 0, 0, 0],
	[25, 24, 11, 10, 22, 6] => QQFieldElem[1//12, 0, 0, 0, 0, 0, 0, 0],
	[25, 24, 11, 10, 23, 6] => QQFieldElem[1//12, 0, 0, 0, 0, 0, 0, 0],
	[25, 24, 11, 10, 18, 8] => QQFieldElem[-1//6, 0, 0, 0, 0, 0, 0, 0],
	[25, 24, 11, 10, 18, 6] => QQFieldElem[1//12, 0, 0, 0, 0, 0, 0, 0])