Dict(
	[25, 24, 12, 9, 22, 4] => QQFieldElem[1//2, 0, 0, 0, -1, 0, 0, 0],
	[25, 24, 12, 9, 14, 6] => QQFieldElem[0, 0, 0, 0, 0, 0, -1, 0],
	[25, 24, 12, 9, 22, 21] => QQFieldElem[1//3, 0, 0, 0, 0, 0, 0, 0],
	[25, 24, 12, 9, 23, 4] => QQFieldElem[1//2, 0, 0, 0, -1, 0, 0, 0],
	[25, 24, 12, 9, 23, 21] => QQFieldElem[-1//6, 0, 0, 0, 0, 0, 0, 0],
	[25, 24, 12, 9, 17, 4] => QQFieldElem[-1//2, 0, 0, 0, 1, 0, 0, 0],
	[25, 24, 12, 9, 17, 21] => QQFieldElem[-1//6, 0, 0, 0, 0, 0, 0, 0],
	[25, 24, 12, 9, 22, 8] => QQFieldElem[-1//3, 0, 0, 0, 0, 0, 0, 0],
	[25, 24, 12, 9, 14, 4] => QQFieldElem[0, 0, 12, 0, 0, 0, -6, 0],
	[25, 24, 12, 9, 23, 8] => QQFieldElem[1//6, 0, 0, 0, 0, 0, 0, 0],
	[25, 24, 12, 9, 14, 21] => QQFieldElem[0, 0, 0, 0, 0, 0, -4, 0],
	[25, 24, 12, 9, 22, 6] => QQFieldElem[1//12, 0, 0, 0, 0, 0, 0, 0],
	[25, 24, 12, 9, 17, 8] => QQFieldElem[-1//6, 0, 0, 0, 0, 0, 0, 0],
	[25, 24, 12, 9, 23, 6] => QQFieldElem[1//12, 0, 0, 0, 0, 0, 0, 0],
	[25, 24, 12, 9, 17, 6] => QQFieldElem[1//12, 0, 0, 0, 0, 0, 0, 0],
	[25, 24, 12, 9, 14, 8] => QQFieldElem[0, 0, 0, 0, 0, 0, -4, 0])