Dict(
	[25, 23, 11, 21, 24, 11] => QQFieldElem[5//24, 0, 0, 0, -1//6, 0, 0, 0],
	[25, 23, 11, 21, 24, 9] => QQFieldElem[1//8, 0, 0, 0, -5//8, 0, 0, 0],
	[25, 23, 11, 21, 20, 12] => QQFieldElem[1//8, 0, 0, 0, 0, 0, 0, 0],
	[25, 23, 11, 21, 16, 12] => QQFieldElem[1//8, 0, 0, 0, -1//4, 0, 0, 0],
	[25, 23, 11, 21, 25, 10] => QQFieldElem[-1//16, 0, 0, 0, 1//16, 0, 0, 0],
	[25, 23, 11, 21, 20, 11] => QQFieldElem[-1//8, 0, 0, 0, 1//4, 0, 0, 0],
	[25, 23, 11, 21, 20, 9] => QQFieldElem[3//8, 0, 0, 0, 3//8, 0, 0, 0],
	[25, 23, 11, 21, 16, 11] => QQFieldElem[-1//8, 0, 0, 0, 0, 0, 0, 0],
	[25, 23, 11, 21, 16, 9] => QQFieldElem[3//8, 0, 0, 0, -3//8, 0, 0, 0],
	[25, 23, 11, 21, 24, 10] => QQFieldElem[3//16, 0, 0, 0, -1//16, 0, 0, 0],
	[25, 23, 11, 21, 25, 12] => QQFieldElem[1//8, 0, 0, 0, 0, 0, 0, 0],
	[25, 23, 11, 21, 25, 11] => QQFieldElem[-1//8, 0, 0, 0, 1//4, 0, 0, 0],
	[25, 23, 11, 21, 25, 9] => QQFieldElem[-3//8, 0, 0, 0, -3//8, 0, 0, 0],
	[25, 23, 11, 21, 20, 10] => QQFieldElem[1//16, 0, 0, 0, -1//16, 0, 0, 0],
	[25, 23, 11, 21, 24, 12] => QQFieldElem[1//8, 0, 0, 0, 1//4, 0, 0, 0],
	[25, 23, 11, 21, 16, 10] => QQFieldElem[1//16, 0, 0, 0, 1//16, 0, 0, 0])