Dict(
	[25, 21, 22, 10, 18, 25] => QQFieldElem[0, 0, -4, 0, 0, 0, 4, 0],
	[25, 21, 22, 10, 22, 15] => QQFieldElem[0, 0, -1, 0, 0, 0, 2, 0],
	[25, 21, 22, 10, 23, 15] => QQFieldElem[0, 0, 1, 0, 0, 0, -2, 0],
	[25, 21, 22, 10, 18, 15] => QQFieldElem[0, 0, -4, 0, 0, 0, 2, 0],
	[25, 21, 22, 10, 13, 25] => QQFieldElem[0, 0, 2//3, 0, 0, 0, -2//3, 0],
	[25, 21, 22, 10, 22, 24] => QQFieldElem[0, 0, 0, 0, 0, 0, 2, 0],
	[25, 21, 22, 10, 22, 19] => QQFieldElem[0, 0, -1, 0, 0, 0, 0, 0],
	[25, 21, 22, 10, 13, 15] => QQFieldElem[0, 0, -2//3, 0, 0, 0, 1//3, 0],
	[25, 21, 22, 10, 23, 24] => QQFieldElem[0, 0, 0, 0, 0, 0, 2, 0],
	[25, 21, 22, 10, 23, 19] => QQFieldElem[0, 0, 1, 0, 0, 0, 0, 0],
	[25, 21, 22, 10, 18, 24] => QQFieldElem[0, 0, 4, 0, 0, 0, -4, 0],
	[25, 21, 22, 10, 18, 19] => QQFieldElem[0, 0, 0, 0, 0, 0, 2, 0],
	[25, 21, 22, 10, 22, 25] => QQFieldElem[0, 0, 0, 0, 0, 0, 2, 0],
	[25, 21, 22, 10, 13, 24] => QQFieldElem[0, 0, -2//3, 0, 0, 0, 2//3, 0],
	[25, 21, 22, 10, 23, 25] => QQFieldElem[0, 0, 0, 0, 0, 0, 2, 0],
	[25, 21, 22, 10, 13, 19] => QQFieldElem[0, 0, 0, 0, 0, 0, 1//3, 0])