Dict(
	[9, 11, 11, 10, 7, 8] => QQFieldElem[-2//3, 0, 0, 0, 0, 0, 0, 0],
	[9, 11, 11, 10, 7, 6] => QQFieldElem[1//3, 0, 0, 0, 0, 0, 0, 0],
	[9, 11, 11, 10, 8, 8] => QQFieldElem[1//3, 0, 0, 0, 0, 0, 0, 0],
	[9, 11, 11, 10, 2, 8] => QQFieldElem[-4//3, 0, 0, 0, 0, 0, 0, 0],
	[9, 11, 11, 10, 8, 6] => QQFieldElem[-2//3, 0, 0, 0, 0, 0, 0, 0],
	[9, 11, 11, 10, 21, 8] => QQFieldElem[1//3, 0, 0, 0, 0, 0, 0, 0],
	[9, 11, 11, 10, 2, 6] => QQFieldElem[-4//3, 0, 0, 0, 0, 0, 0, 0],
	[9, 11, 11, 10, 21, 6] => QQFieldElem[1//3, 0, 0, 0, 0, 0, 0, 0],
	[9, 11, 11, 10, 7, 4] => QQFieldElem[1//6, 0, 0, 0, 0, 0, 0, 0],
	[9, 11, 11, 10, 7, 21] => QQFieldElem[2//3, 0, 0, 0, 0, 0, 0, 0],
	[9, 11, 11, 10, 8, 4] => QQFieldElem[1//6, 0, 0, 0, 0, 0, 0, 0],
	[9, 11, 11, 10, 8, 21] => QQFieldElem[2//3, 0, 0, 0, 0, 0, 0, 0],
	[9, 11, 11, 10, 2, 4] => QQFieldElem[1//3, 0, 0, 0, 0, 0, 0, 0],
	[9, 11, 11, 10, 2, 21] => QQFieldElem[-8//3, 0, 0, 0, 0, 0, 0, 0],
	[9, 11, 11, 10, 21, 4] => QQFieldElem[1//6, 0, 0, 0, 0, 0, 0, 0],
	[9, 11, 11, 10, 21, 21] => QQFieldElem[-1//3, 0, 0, 0, 0, 0, 0, 0])