Dict(
	[9, 23, 11, 23, 20, 15] => QQFieldElem[0, 0, 0, 0, 3, 0, 0, 0],
	[9, 23, 11, 23, 16, 15] => QQFieldElem[0, 0, 0, 0, -3//2, 0, 0, 0],
	[9, 23, 11, 23, 24, 24] => QQFieldElem[-1//6, 0, 0, 0, 1//2, 0, 0, 0],
	[9, 23, 11, 23, 24, 19] => QQFieldElem[-3//4, 0, 0, 0, 1//2, 0, 0, 0],
	[9, 23, 11, 23, 25, 25] => QQFieldElem[-1//14, 0, 0, 0, 3//14, 0, 0, 0],
	[9, 23, 11, 23, 20, 24] => QQFieldElem[2//3, 0, 0, 0, 0, 0, 0, 0],
	[9, 23, 11, 23, 16, 24] => QQFieldElem[-1//3, 0, 0, 0, 0, 0, 0, 0],
	[9, 23, 11, 23, 25, 15] => QQFieldElem[9//2, 0, 0, 0, 0, 0, 0, 0],
	[9, 23, 11, 23, 20, 19] => QQFieldElem[0, 0, 0, 0, -1//2, 0, 0, 0],
	[9, 23, 11, 23, 16, 19] => QQFieldElem[0, 0, 0, 0, -1//12, 0, 0, 0],
	[9, 23, 11, 23, 24, 25] => QQFieldElem[-3//14, 0, 0, 0, -5//14, 0, 0, 0],
	[9, 23, 11, 23, 24, 15] => QQFieldElem[9//2, 0, 0, 0, -3, 0, 0, 0],
	[9, 23, 11, 23, 20, 25] => QQFieldElem[-6//7, 0, 0, 0, 4//7, 0, 0, 0],
	[9, 23, 11, 23, 25, 24] => QQFieldElem[-1//2, 0, 0, 0, 1//2, 0, 0, 0],
	[9, 23, 11, 23, 16, 25] => QQFieldElem[-1//7, 0, 0, 0, 2//21, 0, 0, 0],
	[9, 23, 11, 23, 25, 19] => QQFieldElem[1//4, 0, 0, 0, 0, 0, 0, 0])