Dict(
	[9, 22, 9, 23, 25, 16] => QQFieldElem[11//2, 0, 0, 0, 1, 0, 0, 0],
	[9, 22, 9, 23, 25, 20] => QQFieldElem[-11//12, 0, 0, 0, -1//6, 0, 0, 0],
	[9, 22, 9, 23, 20, 25] => QQFieldElem[-22//147, 0, 0, 0, -4//147, 0, 0, 0],
	[9, 22, 9, 23, 25, 24] => QQFieldElem[-1//2, 0, 0, 0, -5//6, 0, 0, 0],
	[9, 22, 9, 23, 16, 25] => QQFieldElem[-11//49, 0, 0, 0, -2//49, 0, 0, 0],
	[9, 22, 9, 23, 24, 16] => QQFieldElem[3//2, 0, 0, 0, 0, 0, 0, 0],
	[9, 22, 9, 23, 24, 20] => QQFieldElem[3//4, 0, 0, 0, 0, 0, 0, 0],
	[9, 22, 9, 23, 24, 24] => QQFieldElem[-1//6, 0, 0, 0, -1//6, 0, 0, 0],
	[9, 22, 9, 23, 25, 25] => QQFieldElem[23//294, 0, 0, 0, 71//294, 0, 0, 0],
	[9, 22, 9, 23, 20, 16] => QQFieldElem[2, 0, 0, 0, -1, 0, 0, 0],
	[9, 22, 9, 23, 20, 20] => QQFieldElem[-1//3, 0, 0, 0, 1//6, 0, 0, 0],
	[9, 22, 9, 23, 16, 16] => QQFieldElem[-1, 0, 0, 0, 1//2, 0, 0, 0],
	[9, 22, 9, 23, 16, 20] => QQFieldElem[-1//2, 0, 0, 0, 1//4, 0, 0, 0],
	[9, 22, 9, 23, 20, 24] => QQFieldElem[2//3, 0, 0, 0, 0, 0, 0, 0],
	[9, 22, 9, 23, 16, 24] => QQFieldElem[-1//3, 0, 0, 0, 0, 0, 0, 0],
	[9, 22, 9, 23, 24, 25] => QQFieldElem[-9//98, 0, 0, 0, -15//98, 0, 0, 0])