Dict(
	[9, 22, 23, 11, 3, 20] => QQFieldElem[0, 0, 0, 0, 0, 0, -1, 0],
	[9, 22, 23, 11, 21, 24] => QQFieldElem[0, 0, 0, 0, 0, 0, 7//12, 0],
	[9, 22, 23, 11, 3, 24] => QQFieldElem[0, 0, 0, 0, 0, 0, -1//2, 0],
	[9, 22, 23, 11, 7, 25] => QQFieldElem[0, 0, 0, 0, 0, 0, 1//4, 0],
	[9, 22, 23, 11, 5, 16] => QQFieldElem[-1//216, 0, 0, 0, 0, 0, 0, 0],
	[9, 22, 23, 11, 5, 20] => QQFieldElem[0, 0, 0, 0, 0, 0, -1//3, 0],
	[9, 22, 23, 11, 5, 24] => QQFieldElem[0, 0, 0, 0, 0, 0, 1//6, 0],
	[9, 22, 23, 11, 21, 25] => QQFieldElem[0, 0, 0, 0, 0, 0, -7//12, 0],
	[9, 22, 23, 11, 3, 25] => QQFieldElem[0, 0, 0, 0, 0, 0, -1, 0],
	[9, 22, 23, 11, 7, 16] => QQFieldElem[-1//144, 0, 0, 0, 0, 0, 0, 0],
	[9, 22, 23, 11, 7, 20] => QQFieldElem[0, 0, 0, 0, 0, 0, 1//4, 0],
	[9, 22, 23, 11, 7, 24] => QQFieldElem[0, 0, 0, 0, 0, 0, -1//4, 0],
	[9, 22, 23, 11, 5, 25] => QQFieldElem[0, 0, 0, 0, 0, 0, 1//3, 0],
	[9, 22, 23, 11, 21, 16] => QQFieldElem[-7//432, 0, 0, 0, 0, 0, 0, 0],
	[9, 22, 23, 11, 21, 20] => QQFieldElem[0, 0, 0, 0, 0, 0, 7//12, 0],
	[9, 22, 23, 11, 3, 16] => QQFieldElem[-1//72, 0, 0, 0, 0, 0, 0, 0])