Dict(
	[9, 10, 23, 23, 16, 21] => QQFieldElem[-16//7, 0, 0, 0, 0, 0, 0, 0],
	[9, 10, 23, 23, 24, 1] => QQFieldElem[0, 0, 0, 0, 0, 0, 1, 0],
	[9, 10, 23, 23, 24, 6] => QQFieldElem[0, 0, 0, 0, 0, 0, -4//3, 0],
	[9, 10, 23, 23, 20, 5] => QQFieldElem[0, 0, 0, 0, 0, 0, -1, 0],
	[9, 10, 23, 23, 16, 5] => QQFieldElem[-4, 0, 0, 0, 0, 0, 0, 0],
	[9, 10, 23, 23, 20, 1] => QQFieldElem[0, 0, 0, 0, 0, 0, 1, 0],
	[9, 10, 23, 23, 25, 21] => QQFieldElem[0, 0, 0, 0, 0, 0, -2//7, 0],
	[9, 10, 23, 23, 16, 1] => QQFieldElem[4, 0, 0, 0, 0, 0, 0, 0],
	[9, 10, 23, 23, 20, 6] => QQFieldElem[0, 0, 0, 0, 0, 0, 2//3, 0],
	[9, 10, 23, 23, 16, 6] => QQFieldElem[-16//3, 0, 0, 0, 0, 0, 0, 0],
	[9, 10, 23, 23, 25, 5] => QQFieldElem[0, 0, 0, 0, 0, 0, 1, 0],
	[9, 10, 23, 23, 24, 21] => QQFieldElem[0, 0, 0, 0, 0, 0, 4//7, 0],
	[9, 10, 23, 23, 25, 1] => QQFieldElem[0, 0, 0, 0, 0, 0, 1, 0],
	[9, 10, 23, 23, 24, 5] => QQFieldElem[0, 0, 0, 0, 0, 0, 1, 0],
	[9, 10, 23, 23, 25, 6] => QQFieldElem[0, 0, 0, 0, 0, 0, 2//3, 0],
	[9, 10, 23, 23, 20, 21] => QQFieldElem[0, 0, 0, 0, 0, 0, 2//7, 0])