Dict(
	[9, 23, 22, 10, 7, 24] => QQFieldElem[0, 0, 0, 0, 0, 0, 1//3, 0],
	[9, 23, 22, 10, 7, 19] => QQFieldElem[0, 0, 1//3, 0, 0, 0, -1//6, 0],
	[9, 23, 22, 10, 8, 24] => QQFieldElem[0, 0, 1//6, 0, 0, 0, 1//12, 0],
	[9, 23, 22, 10, 2, 24] => QQFieldElem[0, 0, 0, 0, 0, 0, -1//3, 0],
	[9, 23, 22, 10, 8, 19] => QQFieldElem[0, 0, -1//3, 0, 0, 0, 5//12, 0],
	[9, 23, 22, 10, 21, 24] => QQFieldElem[0, 0, -1//6, 0, 0, 0, 1//12, 0],
	[9, 23, 22, 10, 2, 19] => QQFieldElem[0, 0, 1//3, 0, 0, 0, -1//6, 0],
	[9, 23, 22, 10, 21, 19] => QQFieldElem[0, 0, 0, 0, 0, 0, 1//4, 0],
	[9, 23, 22, 10, 7, 25] => QQFieldElem[0, 0, -2//3, 0, 0, 0, 1//3, 0],
	[9, 23, 22, 10, 8, 25] => QQFieldElem[0, 0, -1//3, 0, 0, 0, 5//12, 0],
	[9, 23, 22, 10, 2, 25] => QQFieldElem[0, 0, -2//3, 0, 0, 0, 1//3, 0],
	[9, 23, 22, 10, 7, 15] => QQFieldElem[1//36, 0, 0, 0, -1//18, 0, 0, 0],
	[9, 23, 22, 10, 21, 25] => QQFieldElem[0, 0, 0, 0, 0, 0, 1//4, 0],
	[9, 23, 22, 10, 8, 15] => QQFieldElem[1//72, 0, 0, 0, 1//18, 0, 0, 0],
	[9, 23, 22, 10, 2, 15] => QQFieldElem[-1//36, 0, 0, 0, 1//18, 0, 0, 0],
	[9, 23, 22, 10, 21, 15] => QQFieldElem[-1//24, 0, 0, 0, 0, 0, 0, 0])