Dict(
	[9, 23, 21, 25, 23, 19] => QQFieldElem[-1//2, 0, 0, 0, 1//4, 0, 0, 0],
	[9, 23, 21, 25, 18, 24] => QQFieldElem[-3//7, 0, 0, 0, 1//7, 0, 0, 0],
	[9, 23, 21, 25, 18, 19] => QQFieldElem[1//2, 0, 0, 0, 0, 0, 0, 0],
	[9, 23, 21, 25, 22, 25] => QQFieldElem[-1//6, 0, 0, 0, -2//3, 0, 0, 0],
	[9, 23, 21, 25, 13, 24] => QQFieldElem[-3//14, 0, 0, 0, 1//14, 0, 0, 0],
	[9, 23, 21, 25, 23, 25] => QQFieldElem[1//2, 0, 0, 0, 0, 0, 0, 0],
	[9, 23, 21, 25, 13, 19] => QQFieldElem[-1//4, 0, 0, 0, 0, 0, 0, 0],
	[9, 23, 21, 25, 18, 25] => QQFieldElem[-1//3, 0, 0, 0, -1//3, 0, 0, 0],
	[9, 23, 21, 25, 22, 15] => QQFieldElem[3, 0, 0, 0, 3//2, 0, 0, 0],
	[9, 23, 21, 25, 23, 15] => QQFieldElem[3, 0, 0, 0, -3//2, 0, 0, 0],
	[9, 23, 21, 25, 18, 15] => QQFieldElem[3, 0, 0, 0, 0, 0, 0, 0],
	[9, 23, 21, 25, 13, 25] => QQFieldElem[-1//6, 0, 0, 0, -1//6, 0, 0, 0],
	[9, 23, 21, 25, 22, 24] => QQFieldElem[1//2, 0, 0, 0, 0, 0, 0, 0],
	[9, 23, 21, 25, 22, 19] => QQFieldElem[-1//2, 0, 0, 0, -1//4, 0, 0, 0],
	[9, 23, 21, 25, 13, 15] => QQFieldElem[-3//2, 0, 0, 0, 0, 0, 0, 0],
	[9, 23, 21, 25, 23, 24] => QQFieldElem[-5//14, 0, 0, 0, 2//7, 0, 0, 0])