Dict(
	[9, 23, 23, 9, 21, 19] => QQFieldElem[0, 0, -1//6, 0, 0, 0, 1//12, 0],
	[9, 23, 23, 9, 1, 25] => QQFieldElem[0, 0, -2//3, 0, 0, 0, 1//3, 0],
	[9, 23, 23, 9, 6, 15] => QQFieldElem[1//72, 0, 0, 0, 1//18, 0, 0, 0],
	[9, 23, 23, 9, 1, 15] => QQFieldElem[-1//36, 0, 0, 0, 1//18, 0, 0, 0],
	[9, 23, 23, 9, 5, 24] => QQFieldElem[0, 0, 1//3, 0, 0, 0, -1//6, 0],
	[9, 23, 23, 9, 21, 25] => QQFieldElem[0, 0, 0, 0, 0, 0, 1//4, 0],
	[9, 23, 23, 9, 5, 19] => QQFieldElem[0, 0, 0, 0, 0, 0, 1//3, 0],
	[9, 23, 23, 9, 6, 24] => QQFieldElem[0, 0, -1//3, 0, 0, 0, 5//12, 0],
	[9, 23, 23, 9, 6, 19] => QQFieldElem[0, 0, 1//6, 0, 0, 0, 1//12, 0],
	[9, 23, 23, 9, 21, 15] => QQFieldElem[-1//24, 0, 0, 0, 0, 0, 0, 0],
	[9, 23, 23, 9, 1, 24] => QQFieldElem[0, 0, 1//3, 0, 0, 0, -1//6, 0],
	[9, 23, 23, 9, 5, 25] => QQFieldElem[0, 0, -2//3, 0, 0, 0, 1//3, 0],
	[9, 23, 23, 9, 1, 19] => QQFieldElem[0, 0, 0, 0, 0, 0, -1//3, 0],
	[9, 23, 23, 9, 6, 25] => QQFieldElem[0, 0, -1//3, 0, 0, 0, 5//12, 0],
	[9, 23, 23, 9, 21, 24] => QQFieldElem[0, 0, 0, 0, 0, 0, 1//4, 0],
	[9, 23, 23, 9, 5, 15] => QQFieldElem[1//36, 0, 0, 0, -1//18, 0, 0, 0])