Dict(
	[9, 22, 21, 24, 14, 24] => QQFieldElem[-1//6, 0, 0, 0, -1//6, 0, 0, 0],
	[9, 22, 21, 24, 23, 25] => QQFieldElem[1//2, 0, 0, 0, 0, 0, 0, 0],
	[9, 22, 21, 24, 17, 25] => QQFieldElem[-3//7, 0, 0, 0, 1//7, 0, 0, 0],
	[9, 22, 21, 24, 22, 16] => QQFieldElem[3, 0, 0, 0, -3//2, 0, 0, 0],
	[9, 22, 21, 24, 14, 25] => QQFieldElem[-3//14, 0, 0, 0, 1//14, 0, 0, 0],
	[9, 22, 21, 24, 22, 20] => QQFieldElem[-1//2, 0, 0, 0, 1//4, 0, 0, 0],
	[9, 22, 21, 24, 23, 16] => QQFieldElem[3, 0, 0, 0, 3//2, 0, 0, 0],
	[9, 22, 21, 24, 23, 20] => QQFieldElem[-1//2, 0, 0, 0, -1//4, 0, 0, 0],
	[9, 22, 21, 24, 22, 24] => QQFieldElem[1//2, 0, 0, 0, 0, 0, 0, 0],
	[9, 22, 21, 24, 17, 16] => QQFieldElem[3, 0, 0, 0, 0, 0, 0, 0],
	[9, 22, 21, 24, 23, 24] => QQFieldElem[-1//6, 0, 0, 0, -2//3, 0, 0, 0],
	[9, 22, 21, 24, 17, 20] => QQFieldElem[1//2, 0, 0, 0, 0, 0, 0, 0],
	[9, 22, 21, 24, 17, 24] => QQFieldElem[-1//3, 0, 0, 0, -1//3, 0, 0, 0],
	[9, 22, 21, 24, 14, 16] => QQFieldElem[-3//2, 0, 0, 0, 0, 0, 0, 0],
	[9, 22, 21, 24, 14, 20] => QQFieldElem[-1//4, 0, 0, 0, 0, 0, 0, 0],
	[9, 22, 21, 24, 22, 25] => QQFieldElem[-5//14, 0, 0, 0, 2//7, 0, 0, 0])