Dict(
	[9, 22, 22, 12, 4, 25] => QQFieldElem[0, 0, 0, 0, 0, 0, -1, 0],
	[9, 22, 22, 12, 6, 24] => QQFieldElem[0, 0, 0, 0, 0, 0, -1//3, 0],
	[9, 22, 22, 12, 8, 16] => QQFieldElem[-1//144, 0, 0, 0, 0, 0, 0, 0],
	[9, 22, 22, 12, 8, 20] => QQFieldElem[0, 0, 0, 0, 0, 0, -1//4, 0],
	[9, 22, 22, 12, 8, 24] => QQFieldElem[0, 0, 0, 0, 0, 0, 1//4, 0],
	[9, 22, 22, 12, 21, 16] => QQFieldElem[-7//432, 0, 0, 0, 0, 0, 0, 0],
	[9, 22, 22, 12, 21, 20] => QQFieldElem[0, 0, 0, 0, 0, 0, 7//12, 0],
	[9, 22, 22, 12, 6, 25] => QQFieldElem[0, 0, 0, 0, 0, 0, 1//3, 0],
	[9, 22, 22, 12, 4, 16] => QQFieldElem[-1//72, 0, 0, 0, 0, 0, 0, 0],
	[9, 22, 22, 12, 4, 20] => QQFieldElem[0, 0, 0, 0, 0, 0, -1//2, 0],
	[9, 22, 22, 12, 21, 24] => QQFieldElem[0, 0, 0, 0, 0, 0, 7//12, 0],
	[9, 22, 22, 12, 4, 24] => QQFieldElem[0, 0, 0, 0, 0, 0, -1, 0],
	[9, 22, 22, 12, 8, 25] => QQFieldElem[0, 0, 0, 0, 0, 0, 1//4, 0],
	[9, 22, 22, 12, 21, 25] => QQFieldElem[0, 0, 0, 0, 0, 0, -7//12, 0],
	[9, 22, 22, 12, 6, 16] => QQFieldElem[-1//216, 0, 0, 0, 0, 0, 0, 0],
	[9, 22, 22, 12, 6, 20] => QQFieldElem[0, 0, 0, 0, 0, 0, 1//6, 0])