Dict(
	[9, 9, 24, 25, 13, 21] => QQFieldElem[-16//3, 0, 0, 0, 0, 0, 0, 0],
	[9, 9, 24, 25, 23, 8] => QQFieldElem[0, 0, 0, 0, 0, 0, -2//7, 0],
	[9, 9, 24, 25, 13, 2] => QQFieldElem[4, 0, 0, 0, 0, 0, 0, 0],
	[9, 9, 24, 25, 18, 8] => QQFieldElem[0, 0, 0, 0, 0, 0, 2//7, 0],
	[9, 9, 24, 25, 22, 7] => QQFieldElem[0, 0, 0, 0, 0, 0, 1, 0],
	[9, 9, 24, 25, 13, 8] => QQFieldElem[-16//7, 0, 0, 0, 0, 0, 0, 0],
	[9, 9, 24, 25, 23, 7] => QQFieldElem[0, 0, 0, 0, 0, 0, 1, 0],
	[9, 9, 24, 25, 18, 7] => QQFieldElem[0, 0, 0, 0, 0, 0, -1, 0],
	[9, 9, 24, 25, 22, 21] => QQFieldElem[0, 0, 0, 0, 0, 0, -4//3, 0],
	[9, 9, 24, 25, 22, 2] => QQFieldElem[0, 0, 0, 0, 0, 0, 1, 0],
	[9, 9, 24, 25, 23, 21] => QQFieldElem[0, 0, 0, 0, 0, 0, 2//3, 0],
	[9, 9, 24, 25, 23, 2] => QQFieldElem[0, 0, 0, 0, 0, 0, 1, 0],
	[9, 9, 24, 25, 13, 7] => QQFieldElem[-4, 0, 0, 0, 0, 0, 0, 0],
	[9, 9, 24, 25, 18, 21] => QQFieldElem[0, 0, 0, 0, 0, 0, 2//3, 0],
	[9, 9, 24, 25, 18, 2] => QQFieldElem[0, 0, 0, 0, 0, 0, 1, 0],
	[9, 9, 24, 25, 22, 8] => QQFieldElem[0, 0, 0, 0, 0, 0, 4//7, 0])