Dict(
	[9, 10, 10, 10, 8, 1] => QQFieldElem[1//6, 0, 0, 0, 0, 0, 0, 0],
	[9, 10, 10, 10, 8, 6] => QQFieldElem[2//3, 0, 0, 0, 0, 0, 0, 0],
	[9, 10, 10, 10, 2, 1] => QQFieldElem[1//3, 0, 0, 0, 0, 0, 0, 0],
	[9, 10, 10, 10, 21, 1] => QQFieldElem[1//6, 0, 0, 0, 0, 0, 0, 0],
	[9, 10, 10, 10, 2, 6] => QQFieldElem[4//3, 0, 0, 0, 0, 0, 0, 0],
	[9, 10, 10, 10, 21, 6] => QQFieldElem[-1//3, 0, 0, 0, 0, 0, 0, 0],
	[9, 10, 10, 10, 7, 21] => QQFieldElem[-2//3, 0, 0, 0, 0, 0, 0, 0],
	[9, 10, 10, 10, 8, 21] => QQFieldElem[-2//3, 0, 0, 0, 0, 0, 0, 0],
	[9, 10, 10, 10, 2, 21] => QQFieldElem[8//3, 0, 0, 0, 0, 0, 0, 0],
	[9, 10, 10, 10, 7, 5] => QQFieldElem[2//3, 0, 0, 0, 0, 0, 0, 0],
	[9, 10, 10, 10, 21, 21] => QQFieldElem[1//3, 0, 0, 0, 0, 0, 0, 0],
	[9, 10, 10, 10, 8, 5] => QQFieldElem[-1//3, 0, 0, 0, 0, 0, 0, 0],
	[9, 10, 10, 10, 2, 5] => QQFieldElem[4//3, 0, 0, 0, 0, 0, 0, 0],
	[9, 10, 10, 10, 7, 1] => QQFieldElem[1//6, 0, 0, 0, 0, 0, 0, 0],
	[9, 10, 10, 10, 21, 5] => QQFieldElem[-1//3, 0, 0, 0, 0, 0, 0, 0],
	[9, 10, 10, 10, 7, 6] => QQFieldElem[-1//3, 0, 0, 0, 0, 0, 0, 0])